1.00000000000000e-02	4.75609638728148e+17
2.00000000000000e-02	2.97279880897115e+16
3.00000000000000e-02	5.87300441323763e+15
4.00000000000000e-02	1.85861204572010e+15
5.00000000000000e-02	7.61479486666974e+14
6.00000000000000e-02	3.67335774096085e+14
7.00000000000000e-02	1.98351124659634e+14
8.00000000000000e-02	1.16317028455284e+14
9.00000000000000e-02	7.26500934613516e+13
1.00000000000000e-01	4.76911427321478e+13
1.10000000000000e-01	3.25923960386492e+13
1.20000000000000e-01	2.30270535710154e+13
1.30000000000000e-01	1.67297332032382e+13
1.40000000000000e-01	1.24473730869141e+13
1.50000000000000e-01	9.45309844723493e+12
1.60000000000000e-01	7.30859912754438e+12
1.70000000000000e-01	5.74006046307961e+12
1.80000000000000e-01	4.57134500813432e+12
1.90000000000000e-01	3.68612692300296e+12
2.00000000000000e-01	3.00564765251908e+12
2.10000000000000e-01	2.47559043315006e+12
2.20000000000000e-01	2.05774832624942e+12
2.30000000000000e-01	1.72472564966820e+12
2.40000000000000e-01	1.45666170316176e+12
2.50000000000000e-01	1.23892316764712e+12
2.60000000000000e-01	1.06056764019726e+12
2.70000000000000e-01	9.13328956673931e+11
2.80000000000000e-01	7.90926892862831e+11
2.90000000000000e-01	6.88451705261756e+11
3.00000000000000e-01	6.02166994312678e+11
3.10000000000000e-01	5.29075445175627e+11
3.20000000000000e-01	4.66811063753222e+11
3.30000000000000e-01	4.13525938259600e+11
3.40000000000000e-01	3.67691230490189e+11
3.50000000000000e-01	3.28093341962750e+11
3.60000000000000e-01	2.93735199816765e+11
3.70000000000000e-01	2.63804164510668e+11
3.80000000000000e-01	2.37632570113742e+11
3.90000000000000e-01	2.14665817575725e+11
4.00000000000000e-01	1.94441347327412e+11
4.10000000000000e-01	1.76575234608589e+11
4.20000000000000e-01	1.60743838268518e+11
4.30000000000000e-01	1.46674871513594e+11
4.40000000000000e-01	1.34139894249634e+11
4.50000000000000e-01	1.22934473038320e+11
4.60000000000000e-01	1.12896420572834e+11
4.70000000000000e-01	1.03881236187698e+11
4.80000000000000e-01	9.57687718114873e+10
4.90000000000000e-01	8.84473132643169e+10
5.00000000000000e-01	8.18281299156472e+10
5.10000000000000e-01	7.58306648848012e+10
5.20000000000000e-01	7.03888301058118e+10
5.30000000000000e-01	6.54374721340728e+10
5.40000000000000e-01	6.09256320103944e+10
5.50000000000000e-01	5.68087907245956e+10
5.60000000000000e-01	5.30430866916069e+10
5.70000000000000e-01	4.95941945664368e+10
5.80000000000000e-01	4.64318963971380e+10
5.90000000000000e-01	4.35254162034978e+10
6.00000000000000e-01	4.08512191009996e+10
6.10000000000000e-01	3.83871382409432e+10
6.20000000000000e-01	3.61138482931170e+10
6.30000000000000e-01	3.40134981209506e+10
6.40000000000000e-01	3.20715380384880e+10
6.50000000000000e-01	3.02718432745698e+10
6.60000000000000e-01	2.86029720770783e+10
6.70000000000000e-01	2.70527611615560e+10
6.80000000000000e-01	2.56123638900508e+10
6.90000000000000e-01	2.42722333578006e+10
7.00000000000000e-01	2.30238136878156e+10
7.10000000000000e-01	2.18597132317998e+10
7.20000000000000e-01	2.07724814640309e+10
7.30000000000000e-01	1.97571523698832e+10
7.40000000000000e-01	1.88070740690034e+10
7.50000000000000e-01	1.79183013879283e+10
7.60000000000000e-01	1.70850066470911e+10
7.70000000000000e-01	1.63036534245763e+10
7.80000000000000e-01	1.55703530043871e+10
7.90000000000000e-01	1.48814971970714e+10
8.00000000000000e-01	1.42340599998466e+10
8.10000000000000e-01	1.36244805584555e+10
8.20000000000000e-01	1.30510021775924e+10
8.30000000000000e-01	1.25103037203881e+10
8.40000000000000e-01	1.20009028691524e+10
8.50000000000000e-01	1.15200141659943e+10
8.60000000000000e-01	1.10659651542873e+10
8.70000000000000e-01	1.06370267807127e+10
8.80000000000000e-01	1.02312466065421e+10
8.90000000000000e-01	9.84775508958865e+09
9.00000000000000e-01	9.48459526244334e+09
9.10000000000000e-01	9.14067910588616e+09
9.20000000000000e-01	8.81486835091613e+09
9.30000000000000e-01	8.50598336024973e+09
9.40000000000000e-01	8.21307031692616e+09
9.50000000000000e-01	7.93491162913412e+09
9.60000000000000e-01	7.67081143996731e+09
9.70000000000000e-01	7.42003955848163e+09
9.80000000000000e-01	7.18176127057907e+09
9.90000000000000e-01	6.95508562677543e+09
1.00000000000000e+00	6.73975606027071e+09
1.01000000000000e+00	6.53473284555639e+09
1.02000000000000e+00	6.33951573524050e+09
1.03000000000000e+00	6.15388167711873e+09
1.04000000000000e+00	5.97700908993072e+09
1.05000000000000e+00	5.80856809409569e+09
1.06000000000000e+00	5.64799215400877e+09
1.07000000000000e+00	5.49516720520856e+09
1.08000000000000e+00	5.34945001112247e+09
1.09000000000000e+00	5.21039077065437e+09
1.10000000000000e+00	5.07800530094894e+09
1.11000000000000e+00	4.95167524092726e+09
1.12000000000000e+00	4.83104899290168e+09
1.13000000000000e+00	4.71596605699441e+09
1.14000000000000e+00	4.60613001021559e+09
1.15000000000000e+00	4.50128249709741e+09
1.16000000000000e+00	4.40106261149038e+09
1.17000000000000e+00	4.30537002016617e+09
1.18000000000000e+00	4.21393529263205e+09
1.19000000000000e+00	4.12672313762890e+09
1.20000000000000e+00	4.04367331575455e+09
1.21000000000000e+00	3.96466082520970e+09
1.22000000000000e+00	3.88966496811797e+09
1.23000000000000e+00	3.81893994345055e+09
1.24000000000000e+00	3.75217157596789e+09
1.25000000000000e+00	3.68966336610334e+09
1.26000000000000e+00	3.63101142857480e+09
1.27000000000000e+00	3.57633438565047e+09
1.28000000000000e+00	3.52503595426683e+09
1.29000000000000e+00	3.47689671530397e+09
1.30000000000000e+00	3.43105858481112e+09
1.31000000000000e+00	3.38692753297973e+09
1.32000000000000e+00	3.34362666858917e+09
1.33000000000000e+00	3.30019421113905e+09
1.34000000000000e+00	3.25570674297063e+09
1.35000000000000e+00	3.20949977716571e+09
1.36000000000000e+00	3.16091664810988e+09
1.37000000000000e+00	3.10977714759132e+09
1.38000000000000e+00	3.05613157963615e+09
1.39000000000000e+00	3.00062549637855e+09
1.40000000000000e+00	2.94446500639635e+09
1.41000000000000e+00	2.88932404768184e+09
1.42000000000000e+00	2.83746832119512e+09
1.43000000000000e+00	2.79176881281632e+09
1.44000000000000e+00	2.75558613916130e+09
1.45000000000000e+00	2.73254504534808e+09
1.46000000000000e+00	2.72665790045054e+09
1.47000000000000e+00	2.74185909028110e+09
1.48000000000000e+00	2.78237641653126e+09
1.49000000000000e+00	2.85191068862434e+09
1.50000000000000e+00	2.95417253150315e+09
1.51000000000000e+00	3.09233458397092e+09
1.52000000000000e+00	3.26884414832925e+09
1.53000000000000e+00	3.48573691982142e+09
1.54000000000000e+00	3.74373753091529e+09
1.55000000000000e+00	4.04275108538176e+09
1.56000000000000e+00	4.38152006163832e+09
1.57000000000000e+00	4.75688693301568e+09
1.58000000000000e+00	5.16426541675837e+09
1.59000000000000e+00	5.59721114645518e+09
1.60000000000000e+00	6.04689084473775e+09
1.61000000000000e+00	6.50351242721458e+09
1.62000000000000e+00	6.95479425835360e+09
1.63000000000000e+00	7.38817700225529e+09
1.64000000000000e+00	7.79076559222011e+09
1.65000000000000e+00	8.15144675076432e+09
1.66000000000000e+00	8.46097625972365e+09
1.67000000000000e+00	8.71430233283874e+09
1.68000000000000e+00	8.90946855441248e+09
1.69000000000000e+00	9.04987311683698e+09
1.70000000000000e+00	9.14187081675385e+09
1.71000000000000e+00	9.19697434151680e+09
1.72000000000000e+00	9.22797537002463e+09
1.73000000000000e+00	9.24984327078825e+09
1.74000000000000e+00	9.27645005124752e+09
1.75000000000000e+00	9.31703570793297e+09
1.76000000000000e+00	9.37639221882407e+09
1.77000000000000e+00	9.45313707120312e+09
1.78000000000000e+00	9.54124903241656e+09
1.79000000000000e+00	9.63134069098917e+09
1.80000000000000e+00	9.71386059750194e+09
1.81000000000000e+00	9.78287683662234e+09
1.82000000000000e+00	9.83796917427234e+09
1.83000000000000e+00	9.88265983345500e+09
1.84000000000000e+00	9.91942696453351e+09
1.85000000000000e+00	9.94783768543704e+09
1.86000000000000e+00	9.95972214646958e+09
1.87000000000000e+00	9.94338602265664e+09
1.88000000000000e+00	9.88406585151474e+09
1.89000000000000e+00	9.76774567099923e+09
1.90000000000000e+00	9.58253201239480e+09
1.91000000000000e+00	9.31908099088512e+09
1.92000000000000e+00	8.97320924558761e+09
1.93000000000000e+00	8.54400700081958e+09
1.94000000000000e+00	8.03591285197452e+09
1.95000000000000e+00	7.45835400993891e+09
1.96000000000000e+00	6.82531194915841e+09
1.97000000000000e+00	6.15491089085559e+09
1.98000000000000e+00	5.46769960582607e+09
1.99000000000000e+00	4.78504432869147e+09
2.00000000000000e+00	4.12697492805137e+09
2.01000000000000e+00	3.51047104985361e+09
2.02000000000000e+00	2.94860804139926e+09
2.03000000000000e+00	2.44993467296100e+09
2.04000000000000e+00	2.01864421779794e+09
2.05000000000000e+00	1.65578771737389e+09
2.06000000000000e+00	1.35996458615027e+09
2.07000000000000e+00	1.12829502690686e+09
2.08000000000000e+00	9.56960959272689e+08
2.09000000000000e+00	8.41247066452468e+08
2.10000000000000e+00	7.75296531929325e+08
2.11000000000000e+00	7.51822860897877e+08
2.12000000000000e+00	7.62105270539730e+08
2.13000000000000e+00	7.96601251063198e+08
2.14000000000000e+00	8.46095983091156e+08
2.15000000000000e+00	9.02951443830224e+08
2.16000000000000e+00	9.62011194159206e+08
2.17000000000000e+00	1.02061342616689e+09
2.18000000000000e+00	1.07801569322214e+09
2.19000000000000e+00	1.13437853668770e+09
2.20000000000000e+00	1.19011525889731e+09
2.21000000000000e+00	1.24546285727927e+09
2.22000000000000e+00	1.30054648502944e+09
2.23000000000000e+00	1.35586047915019e+09
2.24000000000000e+00	1.41256361728791e+09
2.25000000000000e+00	1.47280388356102e+09
2.26000000000000e+00	1.53933317378747e+09
2.27000000000000e+00	1.61491428719707e+09
2.28000000000000e+00	1.70160149295767e+09
2.29000000000000e+00	1.80004479266366e+09
2.30000000000000e+00	1.90878787676883e+09
2.31000000000000e+00	2.02354029572445e+09
2.32000000000000e+00	2.13686310852206e+09
2.33000000000000e+00	2.23815628992934e+09
2.34000000000000e+00	2.31471647473479e+09
2.35000000000000e+00	2.35401217391384e+09
2.36000000000000e+00	2.34596342389010e+09
2.37000000000000e+00	2.28546938684666e+09
2.38000000000000e+00	2.17330633583658e+09
2.39000000000000e+00	2.01547637452242e+09
2.40000000000000e+00	1.82205222788139e+09
2.41000000000000e+00	1.60532123930366e+09
2.42000000000000e+00	1.37828099326625e+09
2.43000000000000e+00	1.15326612600946e+09
2.44000000000000e+00	9.40965809226405e+08
2.45000000000000e+00	7.50193529085283e+08
2.46000000000000e+00	5.87673687217042e+08
2.47000000000000e+00	4.58514574849023e+08
2.48000000000000e+00	3.66365814114572e+08
2.49000000000000e+00	3.13714171817053e+08
2.50000000000000e+00	3.01875320547881e+08
2.51000000000000e+00	3.30938987677710e+08
2.52000000000000e+00	3.99603519458482e+08
2.53000000000000e+00	5.05043402953369e+08
2.54000000000000e+00	6.42890754383536e+08
2.55000000000000e+00	8.07371263249545e+08
2.56000000000000e+00	9.91539741150242e+08
2.57000000000000e+00	1.18763046101412e+09
2.58000000000000e+00	1.38726954171940e+09
2.59000000000000e+00	1.58181039144203e+09
2.60000000000000e+00	1.76230822933154e+09
2.61000000000000e+00	1.91999084047272e+09
2.62000000000000e+00	2.04673310604941e+09
2.63000000000000e+00	2.13629751061864e+09
2.64000000000000e+00	2.18616674118012e+09
2.65000000000000e+00	2.19852115409135e+09
2.66000000000000e+00	2.18021532871434e+09
2.67000000000000e+00	2.14044608069622e+09
2.68000000000000e+00	2.08799245963823e+09
2.69000000000000e+00	2.02883900151134e+09
2.70000000000000e+00	1.96518577462156e+09
2.71000000000000e+00	1.89576932069859e+09
2.72000000000000e+00	1.81692177570252e+09
2.73000000000000e+00	1.72420219436854e+09
2.74000000000000e+00	1.61384219439465e+09
2.75000000000000e+00	1.48414167993781e+09
2.76000000000000e+00	1.33608013820914e+09
2.77000000000000e+00	1.17329887004751e+09
2.78000000000000e+00	1.00144351037722e+09
2.79000000000000e+00	8.27324052422460e+08
2.80000000000000e+00	6.58032103191167e+08
2.81000000000000e+00	5.00304390040938e+08
2.82000000000000e+00	3.59908206926391e+08
2.83000000000000e+00	2.41281961331894e+08
2.84000000000000e+00	1.47251142906320e+08
2.85000000000000e+00	7.89552027834567e+07
2.86000000000000e+00	3.59405850601396e+07
2.87000000000000e+00	1.64193977660714e+07
2.88000000000000e+00	1.76386844673567e+07
2.89000000000000e+00	3.63031436650484e+07
2.90000000000000e+00	6.89496406774016e+07
2.91000000000000e+00	1.12233040422177e+08
2.92000000000000e+00	1.63076578819670e+08
2.93000000000000e+00	2.18724447362123e+08
2.94000000000000e+00	2.76716523454838e+08
2.95000000000000e+00	3.34855919859616e+08
2.96000000000000e+00	3.91223404695309e+08
2.97000000000000e+00	4.44182116260261e+08
2.98000000000000e+00	4.92457600916976e+08
2.99000000000000e+00	5.35129371056915e+08
3.00000000000000e+00	5.71596329894615e+08
3.01000000000000e+00	6.01488946064926e+08
3.02000000000000e+00	6.24585666982957e+08
3.03000000000000e+00	6.40794845683005e+08
3.04000000000000e+00	6.50163094236095e+08
3.05000000000000e+00	6.52916253240526e+08
3.06000000000000e+00	6.49467069762037e+08
3.07000000000000e+00	6.40436301889445e+08
3.08000000000000e+00	6.26556095991861e+08
3.09000000000000e+00	6.08576398047560e+08
3.10000000000000e+00	5.87186849547910e+08
3.11000000000000e+00	5.62941256233543e+08
3.12000000000000e+00	5.36202202344983e+08
3.13000000000000e+00	5.07164835872958e+08
3.14000000000000e+00	4.75912550108498e+08
3.15000000000000e+00	4.42502629305743e+08
3.16000000000000e+00	4.07131948861037e+08
3.17000000000000e+00	3.70200745442656e+08
3.18000000000000e+00	3.32345049837772e+08
3.19000000000000e+00	2.94400170070976e+08
3.20000000000000e+00	2.57259842752457e+08
3.21000000000000e+00	2.21742670705899e+08
3.22000000000000e+00	1.88486271888404e+08
3.23000000000000e+00	1.57919985873628e+08
3.24000000000000e+00	1.30282976905624e+08
3.25000000000000e+00	1.05674630294465e+08
3.26000000000000e+00	8.40975516763846e+07
3.27000000000000e+00	6.54857414495564e+07
3.28000000000000e+00	4.97165638336667e+07
3.29000000000000e+00	3.66204805373851e+07
3.30000000000000e+00	2.59875897655205e+07
3.31000000000000e+00	1.75797549947920e+07
3.32000000000000e+00	1.11457895456593e+07
3.33000000000000e+00	6.43637928911927e+06
3.34000000000000e+00	3.21998644147382e+06
3.35000000000000e+00	1.29458608692313e+06
3.36000000000000e+00	4.94224445834424e+05
3.37000000000000e+00	6.89162712390009e+05
3.38000000000000e+00	1.77962561012776e+06
3.39000000000000e+00	3.68502381159249e+06
3.40000000000000e+00	6.33151482034020e+06
3.41000000000000e+00	9.63948054086193e+06
3.42000000000000e+00	1.35147930265644e+07
3.43000000000000e+00	1.78433991884355e+07
3.44000000000000e+00	2.24908006554265e+07
3.45000000000000e+00	2.73058441368858e+07
3.46000000000000e+00	3.21293620630505e+07
3.47000000000000e+00	3.68051831783959e+07
3.48000000000000e+00	4.11928650244359e+07
3.49000000000000e+00	4.51781451978836e+07
3.50000000000000e+00	4.86839523222119e+07
3.51000000000000e+00	5.16705110946751e+07
3.52000000000000e+00	5.41355335785464e+07
3.53000000000000e+00	5.61047536733501e+07
3.54000000000000e+00	5.76189021822765e+07
3.55000000000000e+00	5.87222131672383e+07
3.56000000000000e+00	5.94495921030085e+07
3.57000000000000e+00	5.98194003892668e+07
3.58000000000000e+00	5.98306375431286e+07
3.59000000000000e+00	5.94630304383879e+07
3.60000000000000e+00	5.86779201972206e+07
3.61000000000000e+00	5.74254849777930e+07
3.62000000000000e+00	5.56495823554952e+07
3.63000000000000e+00	5.33051763135212e+07
3.64000000000000e+00	5.03754143956517e+07
3.65000000000000e+00	4.68928343458570e+07
3.66000000000000e+00	4.29571912023103e+07
3.67000000000000e+00	3.87505224305089e+07
3.68000000000000e+00	3.45405801722642e+07
3.69000000000000e+00	3.06811668683464e+07
3.70000000000000e+00	2.76036882826637e+07
3.71000000000000e+00	2.58135972242563e+07
3.72000000000000e+00	2.58796540848167e+07
3.73000000000000e+00	2.84178929010593e+07
3.74000000000000e+00	3.40626919745928e+07
3.75000000000000e+00	4.34100003018410e+07
3.76000000000000e+00	5.69417901296314e+07
3.77000000000000e+00	7.49307746077124e+07
3.78000000000000e+00	9.73419901418021e+07
3.79000000000000e+00	1.23745850563889e+08
3.80000000000000e+00	1.53282775876284e+08
3.81000000000000e+00	1.84691067315063e+08
3.82000000000000e+00	2.16425503410965e+08
3.83000000000000e+00	2.46845365939646e+08
3.84000000000000e+00	2.74437815394968e+08
3.85000000000000e+00	2.98051670407841e+08
3.86000000000000e+00	3.17042224356095e+08
3.87000000000000e+00	3.31313519085531e+08
3.88000000000000e+00	3.41284830785747e+08
3.89000000000000e+00	3.47749940492893e+08
3.90000000000000e+00	3.51717209538823e+08
3.91000000000000e+00	3.54253015617957e+08
3.92000000000000e+00	3.56332476621280e+08
3.93000000000000e+00	3.58779246534194e+08
3.94000000000000e+00	3.62176216367572e+08
3.95000000000000e+00	3.66864553002303e+08
3.96000000000000e+00	3.72920981468146e+08
3.97000000000000e+00	3.80190120580479e+08
3.98000000000000e+00	3.88307618712940e+08
3.99000000000000e+00	3.96768896702205e+08
4.00000000000000e+00	4.04971118665736e+08
4.01000000000000e+00	4.12250656171975e+08
4.02000000000000e+00	4.17901706496548e+08
4.03000000000000e+00	4.21170969076911e+08
4.04000000000000e+00	4.21285070078634e+08
4.05000000000000e+00	4.17505610332120e+08
4.06000000000000e+00	4.09193167278145e+08
4.07000000000000e+00	3.95911951823209e+08
4.08000000000000e+00	3.77508037002901e+08
4.09000000000000e+00	3.54183336103430e+08
4.10000000000000e+00	3.26505120730969e+08
4.11000000000000e+00	2.95373088699793e+08
4.12000000000000e+00	2.61936525861910e+08
4.13000000000000e+00	2.27486742720382e+08
4.14000000000000e+00	1.93327527848352e+08
4.15000000000000e+00	1.60655405929531e+08
4.16000000000000e+00	1.30454669363894e+08
4.17000000000000e+00	1.03425224790263e+08
4.18000000000000e+00	7.99704515649484e+07
4.19000000000000e+00	6.02070880495866e+07
4.20000000000000e+00	4.40204936308386e+07
4.21000000000000e+00	3.11323879634499e+07
4.22000000000000e+00	2.11694674537992e+07
4.23000000000000e+00	1.37182912674647e+07
4.24000000000000e+00	8.36516135392346e+06
4.25000000000000e+00	4.71944556198445e+06
4.26000000000000e+00	2.42438651152949e+06
4.27000000000000e+00	1.16131574097163e+06
4.28000000000000e+00	6.50515032635062e+05
4.29000000000000e+00	6.51257055179694e+05
4.30000000000000e+00	9.61714491738976e+05
4.31000000000000e+00	1.41799047623020e+06
4.32000000000000e+00	1.89200906459510e+06
4.33000000000000e+00	2.28866546954578e+06
4.34000000000000e+00	2.54310146490479e+06
4.35000000000000e+00	2.61886592646548e+06
4.36000000000000e+00	2.50696765657165e+06
4.37000000000000e+00	2.22498097654640e+06
4.38000000000000e+00	1.81461178187838e+06
4.39000000000000e+00	1.33668939319031e+06
4.40000000000000e+00	8.63015779935429e+05
4.41000000000000e+00	4.65952053473536e+05
4.42000000000000e+00	2.07927313141647e+05
4.43000000000000e+00	1.32661281633999e+05
4.44000000000000e+00	2.60276251042144e+05
4.45000000000000e+00	5.87135501050208e+05
4.46000000000000e+00	1.08999198033783e+06
4.47000000000000e+00	1.73312689298091e+06
4.48000000000000e+00	2.47648082590469e+06
4.49000000000000e+00	3.28294284249706e+06
4.50000000000000e+00	4.12375078630747e+06
4.51000000000000e+00	4.98158418059274e+06
4.52000000000000e+00	5.85161992287784e+06
4.53000000000000e+00	6.74091845475286e+06
4.54000000000000e+00	7.66650111042727e+06
4.55000000000000e+00	8.65249742878591e+06
4.56000000000000e+00	9.72696112492942e+06
4.57000000000000e+00	1.09185109076688e+07
4.58000000000000e+00	1.22532185192789e+07
4.59000000000000e+00	1.37522693253422e+07
4.60000000000000e+00	1.54301581261844e+07
4.61000000000000e+00	1.72940140094364e+07
4.62000000000000e+00	1.93428331751273e+07
4.63000000000000e+00	2.15686970402149e+07
4.64000000000000e+00	2.39576450700893e+07
4.65000000000000e+00	2.64921945210736e+07
4.66000000000000e+00	2.91547115439261e+07
4.67000000000000e+00	3.19305219388965e+07
4.68000000000000e+00	3.48108706812459e+07
4.69000000000000e+00	3.77939997462569e+07
4.70000000000000e+00	4.08855937250640e+07
4.71000000000000e+00	4.40962413547782e+07
4.72000000000000e+00	4.74389215971275e+07
4.73000000000000e+00	5.09261334758187e+07
4.74000000000000e+00	5.45693555659198e+07
4.75000000000000e+00	5.83734743380321e+07
4.76000000000000e+00	6.23368968886226e+07
4.77000000000000e+00	6.64468786717977e+07
4.78000000000000e+00	7.06741738488967e+07
4.79000000000000e+00	7.49700281761806e+07
4.80000000000000e+00	7.92610820233904e+07
4.81000000000000e+00	8.34471254385220e+07
4.82000000000000e+00	8.74069425422471e+07
4.83000000000000e+00	9.09987889117093e+07
4.84000000000000e+00	9.40798350905391e+07
4.85000000000000e+00	9.65105367421275e+07
4.86000000000000e+00	9.81795624248936e+07
4.87000000000000e+00	9.90118257315242e+07
4.88000000000000e+00	9.89751802534248e+07
4.89000000000000e+00	9.80835655540115e+07
4.90000000000000e+00	9.64038755009192e+07
4.91000000000000e+00	9.40362955654834e+07
4.92000000000000e+00	9.11126421797023e+07
4.93000000000000e+00	8.77817698215209e+07
4.94000000000000e+00	8.41950226232579e+07
4.95000000000000e+00	8.04979949409051e+07
4.96000000000000e+00	7.68171019162370e+07
4.97000000000000e+00	7.32617723832127e+07
4.98000000000000e+00	6.99183705280111e+07
4.99000000000000e+00	6.68534014621683e+07
5.00000000000000e+00	6.41175320716507e+07
5.01000000000000e+00	6.17430813271926e+07
5.02000000000000e+00	5.97472702204212e+07
5.03000000000000e+00	5.81242418825246e+07
5.04000000000000e+00	5.68424574890301e+07
5.05000000000000e+00	5.58373616243055e+07
5.06000000000000e+00	5.50104258232437e+07
5.07000000000000e+00	5.42301223728698e+07
5.08000000000000e+00	5.33398984163885e+07
5.09000000000000e+00	5.21707196219319e+07
5.10000000000000e+00	5.05607026280755e+07
5.11000000000000e+00	4.83742024106367e+07
5.12000000000000e+00	4.55233744439693e+07
5.13000000000000e+00	4.19867401413445e+07
5.14000000000000e+00	3.78192304624327e+07
5.15000000000000e+00	3.31560556673106e+07
5.16000000000000e+00	2.82092842750482e+07
5.17000000000000e+00	2.32575600856463e+07
5.18000000000000e+00	1.86300035586498e+07
5.19000000000000e+00	1.46873944934074e+07
5.20000000000000e+00	1.18011537448609e+07
5.21000000000000e+00	1.03288995845334e+07
5.22000000000000e+00	1.05913712647158e+07
5.23000000000000e+00	1.28473267219614e+07
5.24000000000000e+00	1.72688633532765e+07
5.25000000000000e+00	2.39173585446619e+07
5.26000000000000e+00	3.27239055782668e+07
5.27000000000000e+00	4.34733713226169e+07
5.28000000000000e+00	5.58036989439051e+07
5.29000000000000e+00	6.92161489000331e+07
5.30000000000000e+00	8.31130352878505e+07
5.31000000000000e+00	9.68426905479483e+07
5.32000000000000e+00	1.09761307256206e+08
5.33000000000000e+00	1.21298506284589e+08
5.34000000000000e+00	1.30992445178153e+08
5.35000000000000e+00	1.38539395424386e+08
5.36000000000000e+00	1.43785150185100e+08
5.37000000000000e+00	1.46727586404512e+08
5.38000000000000e+00	1.47479947221608e+08
5.39000000000000e+00	1.46242471131698e+08
5.40000000000000e+00	1.43267747383655e+08
5.41000000000000e+00	1.38813126853214e+08
5.42000000000000e+00	1.33136709301129e+08
5.43000000000000e+00	1.26471466597012e+08
5.44000000000000e+00	1.19025838173106e+08
5.45000000000000e+00	1.10982509663547e+08
5.46000000000000e+00	1.02506945773818e+08
5.47000000000000e+00	9.37490792899068e+07
5.48000000000000e+00	8.48540557909039e+07
5.49000000000000e+00	7.59657365259129e+07
5.50000000000000e+00	6.72272050517565e+07
5.51000000000000e+00	5.87854471290076e+07
5.52000000000000e+00	5.07855520640336e+07
5.53000000000000e+00	4.33672128437722e+07
5.54000000000000e+00	3.66572805115109e+07
5.55000000000000e+00	3.07643684922427e+07
5.56000000000000e+00	2.57726757474002e+07
5.57000000000000e+00	2.17366098488323e+07
5.58000000000000e+00	1.86766049043716e+07
5.59000000000000e+00	1.65764550252621e+07
5.60000000000000e+00	1.53821078441829e+07
5.61000000000000e+00	1.50061250575844e+07
5.62000000000000e+00	1.53330003288661e+07
5.63000000000000e+00	1.62308142268965e+07
5.64000000000000e+00	1.75633102358769e+07
5.65000000000000e+00	1.92024320608521e+07
5.66000000000000e+00	2.10387197195779e+07
5.67000000000000e+00	2.29882964429061e+07
5.68000000000000e+00	2.49940874519806e+07
5.69000000000000e+00	2.70236046030467e+07
5.70000000000000e+00	2.90644034125968e+07
5.71000000000000e+00	3.11155797546742e+07
5.72000000000000e+00	3.31802229149495e+07
5.73000000000000e+00	3.52592131210839e+07
5.74000000000000e+00	3.73449186519771e+07
5.75000000000000e+00	3.94216261353110e+07
5.76000000000000e+00	4.14659303852644e+07
5.77000000000000e+00	4.34518118640534e+07
5.78000000000000e+00	4.53542662064821e+07
5.79000000000000e+00	4.71558239032887e+07
5.80000000000000e+00	4.88511782328264e+07
5.81000000000000e+00	5.04477598123798e+07
5.82000000000000e+00	5.19663512826696e+07
5.83000000000000e+00	5.34400891201952e+07
5.84000000000000e+00	5.49104020338114e+07
5.85000000000000e+00	5.64254376998654e+07
5.86000000000000e+00	5.80335594685694e+07
5.87000000000000e+00	5.97794092500201e+07
5.88000000000000e+00	6.16972907421101e+07
5.89000000000000e+00	6.38020244012257e+07
5.90000000000000e+00	6.60879725111040e+07
5.91000000000000e+00	6.85179997046397e+07
5.92000000000000e+00	7.10245117748916e+07
5.93000000000000e+00	7.35081842948466e+07
5.94000000000000e+00	7.58487032999257e+07
5.95000000000000e+00	7.79094052243360e+07
5.96000000000000e+00	7.95541371332228e+07
5.97000000000000e+00	8.06611053874935e+07
5.98000000000000e+00	8.11344045327664e+07
5.99000000000000e+00	8.09128620318559e+07
6.00000000000000e+00	7.99770106238440e+07
6.01000000000000e+00	7.83468961781245e+07
6.02000000000000e+00	7.60819123129348e+07
6.03000000000000e+00	7.32706931454851e+07
6.04000000000000e+00	7.00246598783562e+07
6.05000000000000e+00	6.64668817147630e+07
6.06000000000000e+00	6.27216352423999e+07
6.07000000000000e+00	5.89077716975701e+07
6.08000000000000e+00	5.51295381620224e+07
6.09000000000000e+00	5.14749588094918e+07
6.10000000000000e+00	4.80124882307808e+07
6.11000000000000e+00	4.47905401044902e+07
6.12000000000000e+00	4.18389791801522e+07
6.13000000000000e+00	3.91701639212250e+07
6.14000000000000e+00	3.67815099128688e+07
6.15000000000000e+00	3.46590799915314e+07
6.16000000000000e+00	3.27797024174637e+07
6.17000000000000e+00	3.11140399427957e+07
6.18000000000000e+00	2.96302685879714e+07
6.19000000000000e+00	2.82943715285745e+07
6.20000000000000e+00	2.70723921821619e+07
6.21000000000000e+00	2.59317889734189e+07
6.22000000000000e+00	2.48419363763152e+07
6.23000000000000e+00	2.37762137620071e+07
6.24000000000000e+00	2.27140104952983e+07
6.25000000000000e+00	2.16413522059134e+07
6.26000000000000e+00	2.05511554471932e+07
6.27000000000000e+00	1.94437207805073e+07
6.28000000000000e+00	1.83247574000469e+07
6.29000000000000e+00	1.72037710275018e+07
6.30000000000000e+00	1.60929853491579e+07
6.31000000000000e+00	1.50044272801354e+07
6.32000000000000e+00	1.39487876848875e+07
6.33000000000000e+00	1.29347477577217e+07
6.34000000000000e+00	1.19666043827330e+07
6.35000000000000e+00	1.10464254600199e+07
6.36000000000000e+00	1.01724190845582e+07
6.37000000000000e+00	9.34162489558239e+06
6.38000000000000e+00	8.55070336259937e+06
6.39000000000000e+00	7.79772626058854e+06
6.40000000000000e+00	7.08363630960788e+06
6.41000000000000e+00	6.41409640125536e+06
6.42000000000000e+00	5.79923782548006e+06
6.43000000000000e+00	5.25436639956463e+06
6.44000000000000e+00	4.79874255347401e+06
6.45000000000000e+00	4.45386166773826e+06
6.46000000000000e+00	4.24139018491763e+06
6.47000000000000e+00	4.18044994348048e+06
6.48000000000000e+00	4.28496073511683e+06
6.49000000000000e+00	4.56132026407970e+06
6.50000000000000e+00	5.00663408677242e+06
6.51000000000000e+00	5.60824351880184e+06
6.52000000000000e+00	6.34394637403780e+06
6.53000000000000e+00	7.18353682398593e+06
6.54000000000000e+00	8.09083087821464e+06
6.55000000000000e+00	9.02651466780514e+06
6.56000000000000e+00	9.95104910804831e+06
6.57000000000000e+00	1.08269444904539e+07
6.58000000000000e+00	1.16215664937908e+07
6.59000000000000e+00	1.23079354846199e+07
6.60000000000000e+00	1.28661706377908e+07
6.61000000000000e+00	1.32830131417231e+07
6.62000000000000e+00	1.35518433417762e+07
6.63000000000000e+00	1.36713198279481e+07
6.64000000000000e+00	1.36462302546121e+07
6.65000000000000e+00	1.34859882917027e+07
6.66000000000000e+00	1.32051133782117e+07
6.67000000000000e+00	1.28228653819262e+07
6.68000000000000e+00	1.23625415459450e+07
6.69000000000000e+00	1.18512187172897e+07
6.70000000000000e+00	1.13191245776398e+07
6.71000000000000e+00	1.07980453940965e+07
6.72000000000000e+00	1.03202930034340e+07
6.73000000000000e+00	9.91636503413995e+06
6.74000000000000e+00	9.61264627486124e+06
6.75000000000000e+00	9.42872190236168e+06
6.76000000000000e+00	9.37547008395948e+06
6.77000000000000e+00	9.45370157954738e+06
6.78000000000000e+00	9.65401766505658e+06
6.79000000000000e+00	9.95800954919704e+06
6.80000000000000e+00	1.03406177092211e+07
6.81000000000000e+00	1.07738471323415e+07
6.82000000000000e+00	1.12296115321554e+07
6.83000000000000e+00	1.16829311949740e+07
6.84000000000000e+00	1.21143321296383e+07
6.85000000000000e+00	1.25106823051859e+07
6.86000000000000e+00	1.28651146916646e+07
6.87000000000000e+00	1.31763952029222e+07
6.88000000000000e+00	1.34466020094582e+07
6.89000000000000e+00	1.36792582835403e+07
6.90000000000000e+00	1.38781341414501e+07
6.91000000000000e+00	1.40455049065026e+07
6.92000000000000e+00	1.41819950591591e+07
6.93000000000000e+00	1.42861108256400e+07
6.94000000000000e+00	1.43555286346459e+07
6.95000000000000e+00	1.43867807454135e+07
6.96000000000000e+00	1.43772438233025e+07
6.97000000000000e+00	1.43245892986880e+07
6.98000000000000e+00	1.42280753881254e+07
6.99000000000000e+00	1.40878255596947e+07
7.00000000000000e+00	1.39056458350497e+07
7.01000000000000e+00	1.36833041878170e+07
7.02000000000000e+00	1.34233982689653e+07
7.03000000000000e+00	1.31274876745502e+07
7.04000000000000e+00	1.27962612916641e+07
7.05000000000000e+00	1.24288534630398e+07
7.06000000000000e+00	1.20235466920442e+07
7.07000000000000e+00	1.15775416803949e+07
7.08000000000000e+00	1.10878678344802e+07
7.09000000000000e+00	1.05528097465072e+07
7.10000000000000e+00	9.97242415017565e+06
7.11000000000000e+00	9.34976670813292e+06
7.12000000000000e+00	8.69107921843116e+06
7.13000000000000e+00	8.00613956284017e+06
7.14000000000000e+00	7.30770304142119e+06
7.15000000000000e+00	6.61045849689333e+06
7.16000000000000e+00	5.93050266478849e+06
7.17000000000000e+00	5.28353078919069e+06
7.18000000000000e+00	4.68411754989663e+06
7.19000000000000e+00	4.14439060760699e+06
7.20000000000000e+00	3.67352764569660e+06
7.21000000000000e+00	3.27706945824178e+06
7.22000000000000e+00	2.95710457945617e+06
7.23000000000000e+00	2.71241504930326e+06
7.24000000000000e+00	2.53907127608631e+06
7.25000000000000e+00	2.43093949975367e+06
7.26000000000000e+00	2.38041959522492e+06
7.27000000000000e+00	2.37899239806713e+06
7.28000000000000e+00	2.41786525076413e+06
7.29000000000000e+00	2.48855297599517e+06
7.30000000000000e+00	2.58339953940859e+06
7.31000000000000e+00	2.69597129194943e+06
7.32000000000000e+00	2.82140174592142e+06
7.33000000000000e+00	2.95651445159023e+06
7.34000000000000e+00	3.09971887242780e+06
7.35000000000000e+00	3.25082524482629e+06
7.36000000000000e+00	3.41060253765339e+06
7.37000000000000e+00	3.58028709881418e+06
7.38000000000000e+00	3.76098016937414e+06
7.39000000000000e+00	3.95324796153671e+06
7.40000000000000e+00	4.15663600054245e+06
7.41000000000000e+00	4.36950010920796e+06
7.42000000000000e+00	4.58892746631968e+06
7.43000000000000e+00	4.81085814660661e+06
7.44000000000000e+00	5.03039526588173e+06
7.45000000000000e+00	5.24213795510168e+06
7.46000000000000e+00	5.44074794471747e+06
7.47000000000000e+00	5.62123628543076e+06
7.48000000000000e+00	5.77946406338141e+06
7.49000000000000e+00	5.91237799006497e+06
7.50000000000000e+00	6.01823400214169e+06
7.51000000000000e+00	6.09646903257387e+06
7.52000000000000e+00	6.14768605243109e+06
7.53000000000000e+00	6.17333272948610e+06
7.54000000000000e+00	6.17537500607298e+06
7.55000000000000e+00	6.15597638186953e+06
7.56000000000000e+00	6.11710361409592e+06
7.57000000000000e+00	6.06017256072706e+06
7.58000000000000e+00	5.98595372795622e+06
7.59000000000000e+00	5.89439047735705e+06
7.60000000000000e+00	5.78459441741376e+06
7.61000000000000e+00	5.65511759356993e+06
7.62000000000000e+00	5.50409382199168e+06
7.63000000000000e+00	5.32955633974994e+06
7.64000000000000e+00	5.12986149736475e+06
7.65000000000000e+00	4.90392236043315e+06
7.66000000000000e+00	4.65160580694871e+06
7.67000000000000e+00	4.37393714546395e+06
7.68000000000000e+00	4.07311354897883e+06
7.69000000000000e+00	3.75253372413581e+06
7.70000000000000e+00	3.41674106520678e+06
7.71000000000000e+00	3.07106821209247e+06
7.72000000000000e+00	2.72142449304307e+06
7.73000000000000e+00	2.37394604559898e+06
7.74000000000000e+00	2.03471064242096e+06
7.75000000000000e+00	1.70941275874689e+06
7.76000000000000e+00	1.40316260539429e+06
7.77000000000000e+00	1.12037704817411e+06
7.78000000000000e+00	8.64695360411669e+05
7.79000000000000e+00	6.39056246758044e+05
7.80000000000000e+00	4.45714275332979e+05
7.81000000000000e+00	2.86362408823881e+05
7.82000000000000e+00	1.62197434306017e+05
7.83000000000000e+00	7.40533809898628e+04
7.84000000000000e+00	2.25221748827645e+04
7.85000000000000e+00	8.06247005019762e+03
7.86000000000000e+00	3.11093016678287e+04
7.87000000000000e+00	9.21076191284484e+04
7.88000000000000e+00	1.91488146352783e+05
7.89000000000000e+00	3.29551286333233e+05
7.90000000000000e+00	5.06288294335175e+05
7.91000000000000e+00	7.21120988016894e+05
7.92000000000000e+00	9.72625228811465e+05
7.93000000000000e+00	1.25824785562384e+06
7.94000000000000e+00	1.57405189216045e+06
7.95000000000000e+00	1.91462390688387e+06
7.96000000000000e+00	2.27303463059242e+06
7.97000000000000e+00	2.64110687567645e+06
7.98000000000000e+00	3.00972204655875e+06
7.99000000000000e+00	3.36953384433092e+06
8.00000000000000e+00	3.71145146177403e+06
8.01000000000000e+00	4.02739605685370e+06
8.02000000000000e+00	4.31076476762950e+06
8.03000000000000e+00	4.55679341479974e+06
8.04000000000000e+00	4.76261849324117e+06
8.05000000000000e+00	4.92742245643433e+06
8.06000000000000e+00	5.05197344526323e+06
8.07000000000000e+00	5.13861002569129e+06
8.08000000000000e+00	5.19060667513138e+06
8.09000000000000e+00	5.21189277956068e+06
8.10000000000000e+00	5.20657923607266e+06
8.11000000000000e+00	5.17861083981736e+06
8.12000000000000e+00	5.13135074774739e+06
8.13000000000000e+00	5.06750097519340e+06
8.14000000000000e+00	4.98886435689771e+06
8.15000000000000e+00	4.89658819253315e+06
8.16000000000000e+00	4.79108254873030e+06
8.17000000000000e+00	4.67251180750064e+06
8.18000000000000e+00	4.54088865037174e+06
8.19000000000000e+00	4.39632599618788e+06
8.20000000000000e+00	4.23922768609788e+06
8.21000000000000e+00	4.07058006862976e+06
8.22000000000000e+00	3.89186500427282e+06
8.23000000000000e+00	3.70522568534201e+06
8.24000000000000e+00	3.51337522743416e+06
8.25000000000000e+00	3.31960729591649e+06
8.26000000000000e+00	3.12755627063291e+06
8.27000000000000e+00	2.94130509164991e+06
8.28000000000000e+00	2.76506445368388e+06
8.29000000000000e+00	2.60315553256439e+06
8.30000000000000e+00	2.45977659368482e+06
8.31000000000000e+00	2.33873861633388e+06
8.32000000000000e+00	2.24325756976716e+06
8.33000000000000e+00	2.17568031993153e+06
8.34000000000000e+00	2.13727970785776e+06
8.35000000000000e+00	2.12807801568306e+06
8.36000000000000e+00	2.14683312305559e+06
8.37000000000000e+00	2.19106504187162e+06
8.38000000000000e+00	2.25717839473759e+06
8.39000000000000e+00	2.34069125463648e+06
8.40000000000000e+00	2.43650660215470e+06
8.41000000000000e+00	2.53912745958199e+06
8.42000000000000e+00	2.64297820403420e+06
8.43000000000000e+00	2.74258570391683e+06
8.44000000000000e+00	2.83279638793016e+06
8.45000000000000e+00	2.90893045281392e+06
8.46000000000000e+00	2.96696980927563e+06
8.47000000000000e+00	3.00370585312012e+06
8.48000000000000e+00	3.01689050257633e+06
8.49000000000000e+00	3.00544796470507e+06
8.50000000000000e+00	2.96948022250717e+06
8.51000000000000e+00	2.91040609447828e+06
8.52000000000000e+00	2.83073466321041e+06
8.53000000000000e+00	2.73405496914542e+06
8.54000000000000e+00	2.62472771620713e+06
8.55000000000000e+00	2.50750253914546e+06
8.56000000000000e+00	2.38720281803242e+06
8.57000000000000e+00	2.26818812222085e+06
8.58000000000000e+00	2.15395282998880e+06
8.59000000000000e+00	2.04666983080895e+06
8.60000000000000e+00	1.94702995690346e+06
8.61000000000000e+00	1.85412171133278e+06
8.62000000000000e+00	1.76559813037103e+06
8.63000000000000e+00	1.67810214034300e+06
8.64000000000000e+00	1.58780162450252e+06
8.65000000000000e+00	1.49101089536527e+06
8.66000000000000e+00	1.38493730027025e+06
8.67000000000000e+00	1.26826045073345e+06
8.68000000000000e+00	1.14173801690458e+06
8.69000000000000e+00	1.00851623144097e+06
8.70000000000000e+00	8.74296368613793e+05
8.71000000000000e+00	7.47140507081166e+05
8.72000000000000e+00	6.36943990772283e+05
8.73000000000000e+00	5.54515139486376e+05
8.74000000000000e+00	5.10324276655391e+05
8.75000000000000e+00	5.13032242762502e+05
8.76000000000000e+00	5.68077135506683e+05
8.77000000000000e+00	6.76505304173282e+05
8.78000000000000e+00	8.34494242346574e+05
8.79000000000000e+00	1.03351639259197e+06
8.80000000000000e+00	1.26132116588704e+06
8.81000000000000e+00	1.50346996036071e+06
8.82000000000000e+00	1.74511317211278e+06
8.83000000000000e+00	1.97271826151622e+06
8.84000000000000e+00	2.17535593386357e+06
8.85000000000000e+00	2.34557249725676e+06
8.86000000000000e+00	2.47957698277128e+06
8.87000000000000e+00	2.57708420237295e+06
8.88000000000000e+00	2.64082527690151e+06
8.89000000000000e+00	2.67581251239359e+06
8.90000000000000e+00	2.68856355412691e+06
8.91000000000000e+00	2.68642034078669e+06
8.92000000000000e+00	2.67667488917946e+06
8.93000000000000e+00	2.66618569668967e+06
8.94000000000000e+00	2.66069293345348e+06
8.95000000000000e+00	2.66473280143241e+06
8.96000000000000e+00	2.68129928656994e+06
8.97000000000000e+00	2.71195598384851e+06
8.98000000000000e+00	2.75694720317704e+06
8.99000000000000e+00	2.81543722492594e+06
9.00000000000000e+00	2.88575962247884e+06
9.01000000000000e+00	2.96576419281265e+06
9.02000000000000e+00	3.05304548600157e+06
9.03000000000000e+00	3.14515105582183e+06
9.04000000000000e+00	3.23980932425407e+06
9.05000000000000e+00	3.33489360579199e+06
9.06000000000000e+00	3.42857961319926e+06
9.07000000000000e+00	3.51917856162191e+06
9.08000000000000e+00	3.60516729200600e+06
9.09000000000000e+00	3.68505013675486e+06
9.10000000000000e+00	3.75717691439330e+06
9.11000000000000e+00	3.81957824177762e+06
9.12000000000000e+00	3.86997105682885e+06
9.13000000000000e+00	3.90562151097013e+06
9.14000000000000e+00	3.92356497071922e+06
9.15000000000000e+00	3.92058772359703e+06
9.16000000000000e+00	3.89353508488040e+06
9.17000000000000e+00	3.83959455100927e+06
9.18000000000000e+00	3.75650446533748e+06
9.19000000000000e+00	3.64288754518800e+06
9.20000000000000e+00	3.49843978960914e+06
9.21000000000000e+00	3.32416543767610e+06
9.22000000000000e+00	3.12240936700203e+06
9.23000000000000e+00	2.89694589812263e+06
9.24000000000000e+00	2.65279807570627e+06
9.25000000000000e+00	2.39610515719442e+06
9.26000000000000e+00	2.13367346664268e+06
9.27000000000000e+00	1.87265627242784e+06
9.28000000000000e+00	1.62001565457770e+06
9.29000000000000e+00	1.38210506219174e+06
9.30000000000000e+00	1.16422671929755e+06
9.31000000000000e+00	9.70406397025733e+05
9.32000000000000e+00	8.03222343102182e+05
9.33000000000000e+00	6.63789416392258e+05
9.34000000000000e+00	5.51900851738068e+05
9.35000000000000e+00	4.66205924069442e+05
9.36000000000000e+00	4.04494912576888e+05
9.37000000000000e+00	3.63960745126727e+05
9.38000000000000e+00	3.41465671591144e+05
9.39000000000000e+00	3.33789862860808e+05
9.40000000000000e+00	3.37792556620600e+05
9.41000000000000e+00	3.50589218986721e+05
9.42000000000000e+00	3.69615205984893e+05
9.43000000000000e+00	3.92686310089984e+05
9.44000000000000e+00	4.18019769013484e+05
9.45000000000000e+00	4.44206449055197e+05
9.46000000000000e+00	4.70197773152846e+05
9.47000000000000e+00	4.95240870175436e+05
9.48000000000000e+00	5.18852929039163e+05
9.49000000000000e+00	5.40741893665253e+05
9.50000000000000e+00	5.60798792474530e+05
9.51000000000000e+00	5.78987600337598e+05
9.52000000000000e+00	5.95385224568038e+05
9.53000000000000e+00	6.10087386081741e+05
9.54000000000000e+00	6.23220065150001e+05
9.55000000000000e+00	6.34926046883193e+05
9.56000000000000e+00	6.45355493211251e+05
9.57000000000000e+00	6.54677702722276e+05
9.58000000000000e+00	6.63055600613932e+05
9.59000000000000e+00	6.70627065411006e+05
9.60000000000000e+00	6.77511293581548e+05
9.61000000000000e+00	6.83787481233737e+05
9.62000000000000e+00	6.89476081417313e+05
9.63000000000000e+00	6.94605202477616e+05
9.64000000000000e+00	6.99172958000619e+05
9.65000000000000e+00	7.03188773074875e+05
9.66000000000000e+00	7.06669047565219e+05
9.67000000000000e+00	7.09635765573433e+05
9.68000000000000e+00	7.12129636508916e+05
9.69000000000000e+00	7.14171878554691e+05
9.70000000000000e+00	7.15803307547815e+05
9.71000000000000e+00	7.17058823523996e+05
9.72000000000000e+00	7.17959482626630e+05
9.73000000000000e+00	7.18532941904151e+05
9.74000000000000e+00	7.18807032462331e+05
9.75000000000000e+00	7.18802438618709e+05
9.76000000000000e+00	7.18543518023203e+05
9.77000000000000e+00	7.18037788992853e+05
9.78000000000000e+00	7.17316830579799e+05
9.79000000000000e+00	7.16392843577613e+05
9.80000000000000e+00	7.15280323974407e+05
9.81000000000000e+00	7.14004663142448e+05
9.82000000000000e+00	7.12577586360288e+05
9.83000000000000e+00	7.11013951677972e+05
9.84000000000000e+00	7.09320269856236e+05
9.85000000000000e+00	7.07512730605638e+05
9.86000000000000e+00	7.05602994441486e+05
9.87000000000000e+00	7.03605187219318e+05
9.88000000000000e+00	7.01553819788705e+05
9.89000000000000e+00	6.99501537359383e+05
9.90000000000000e+00	6.97591239585339e+05
9.91000000000000e+00	6.96093250573971e+05
9.92000000000000e+00	6.95529755955760e+05
9.93000000000000e+00	6.96762622678538e+05
9.94000000000000e+00	7.01020990505860e+05
9.95000000000000e+00	7.09815465963245e+05
9.96000000000000e+00	7.24637959245153e+05
9.97000000000000e+00	7.46515737695766e+05
9.98000000000000e+00	7.75370787252606e+05
9.99000000000000e+00	8.09456343677419e+05
1.00000000000000e+01	8.45148118017166e+05
1.00100000000000e+01	8.77096000746369e+05
1.00200000000000e+01	8.98092986048949e+05
1.00300000000000e+01	9.00082391270648e+05
1.00400000000000e+01	8.76919093975484e+05
1.00500000000000e+01	8.27676224185305e+05
1.00600000000000e+01	7.57662674731960e+05
1.00700000000000e+01	6.75768452336421e+05
1.00800000000000e+01	5.90708895527200e+05
1.00900000000000e+01	5.08927049295250e+05
1.01000000000000e+01	4.34259027871474e+05
1.01100000000000e+01	3.68439618680520e+05
1.01200000000000e+01	3.11789159212364e+05
1.01300000000000e+01	2.63803021734345e+05
1.01400000000000e+01	2.23560705458712e+05
1.01500000000000e+01	1.90002057455111e+05
1.01600000000000e+01	1.62081638320671e+05
1.01700000000000e+01	1.38853825568169e+05
1.01800000000000e+01	1.19497699688724e+05
1.01900000000000e+01	1.03322039916251e+05
1.02000000000000e+01	8.97567715796755e+04
1.02100000000000e+01	7.83322251597071e+04
1.02200000000000e+01	6.86706851865787e+04
1.02300000000000e+01	6.04619090891867e+04
1.02400000000000e+01	5.34557630289852e+04
1.02500000000000e+01	4.74502284885625e+04
1.02600000000000e+01	4.22791433083964e+04
1.02700000000000e+01	3.78079358154616e+04
1.02800000000000e+01	3.39256012370992e+04
1.02900000000000e+01	3.05417098573905e+04
1.03000000000000e+01	2.75806565270001e+04
1.03100000000000e+01	2.49801548793095e+04
1.03200000000000e+01	2.26882175680229e+04
1.03300000000000e+01	2.06617109334061e+04
1.03400000000000e+01	1.88637054421316e+04
1.03500000000000e+01	1.72636610857726e+04
1.03600000000000e+01	1.58352475873662e+04
1.03700000000000e+01	1.45564253918075e+04
1.03800000000000e+01	1.34083777707400e+04
1.03900000000000e+01	1.23749375124437e+04
1.04000000000000e+01	1.14422117524894e+04
1.04100000000000e+01	1.05984361914674e+04
1.04200000000000e+01	9.83340399484642e+03
1.04300000000000e+01	9.13810678810733e+03
1.04400000000000e+01	8.50492938335260e+03
1.04500000000000e+01	7.92725885735655e+03
1.04600000000000e+01	7.39915747881327e+03
1.04700000000000e+01	6.91559305322311e+03
1.04800000000000e+01	6.47205272407999e+03
1.04900000000000e+01	6.06450004162199e+03
1.05000000000000e+01	5.68955339773908e+03
1.05100000000000e+01	5.34402207204963e+03
1.05200000000000e+01	5.02513873306145e+03
1.05300000000000e+01	4.73044164901529e+03
1.05400000000000e+01	4.45772192373520e+03
1.05500000000000e+01	4.20503276202966e+03
1.05600000000000e+01	3.97059875029879e+03
1.05700000000000e+01	3.75276402027683e+03
1.05800000000000e+01	3.55011111962186e+03
1.05900000000000e+01	3.36141167411967e+03
1.06000000000000e+01	3.18540562239967e+03
1.06100000000000e+01	3.02110881991665e+03
1.06200000000000e+01	2.86756982724466e+03
1.06300000000000e+01	2.72389358908084e+03
1.06400000000000e+01	2.58933010627360e+03
1.06500000000000e+01	2.46314113577241e+03
1.06600000000000e+01	2.34471500268329e+03
1.06700000000000e+01	2.23343912995483e+03
1.06800000000000e+01	2.12880287230327e+03
1.06900000000000e+01	2.03030656740224e+03
1.07000000000000e+01	1.93751834544296e+03
1.07100000000000e+01	1.85002421665448e+03
1.07200000000000e+01	1.76748205472693e+03
1.07300000000000e+01	1.68953513845525e+03
1.07400000000000e+01	1.61589722808569e+03
1.07500000000000e+01	1.54628068987910e+03
1.07600000000000e+01	1.48041668262893e+03
1.07700000000000e+01	1.41809632297663e+03
1.07800000000000e+01	1.35907069547384e+03
1.07900000000000e+01	1.30317059091723e+03
1.08000000000000e+01	1.25016911938940e+03
1.08100000000000e+01	1.19992059059759e+03
1.08200000000000e+01	1.15222468173174e+03
1.08300000000000e+01	1.10694740646025e+03
1.08400000000000e+01	1.06393668323474e+03
1.08500000000000e+01	1.02303907326154e+03
1.08600000000000e+01	9.84128375417058e+02
1.08700000000000e+01	9.47092699242849e+02
1.08800000000000e+01	9.11814614901181e+02
1.08900000000000e+01	8.78175863793425e+02
1.09000000000000e+01	8.46081106388495e+02
1.09100000000000e+01	8.15438445348350e+02
1.09200000000000e+01	7.86170766374245e+02
1.09300000000000e+01	7.58196076312232e+02
1.09400000000000e+01	7.31429821050460e+02
1.09500000000000e+01	7.05812655492473e+02
1.09600000000000e+01	6.81281463875360e+02
1.09700000000000e+01	6.57778125109768e+02
1.09800000000000e+01	6.35243149531674e+02
1.09900000000000e+01	6.13638513172846e+02
1.10000000000000e+01	5.92915019280391e+02
1.10100000000000e+01	5.73038261704660e+02
1.10200000000000e+01	5.53967728189816e+02
1.10300000000000e+01	5.35672452495243e+02
1.10400000000000e+01	5.18121676179420e+02
1.10500000000000e+01	5.01293971623393e+02
1.10600000000000e+01	4.85167544103522e+02
1.10700000000000e+01	4.69700366752652e+02
1.10800000000000e+01	4.54880143093044e+02
1.10900000000000e+01	4.40682573119740e+02
1.11000000000000e+01	4.27070128222508e+02
1.11100000000000e+01	4.14028235636198e+02
1.11200000000000e+01	4.01520113593135e+02
1.11300000000000e+01	3.89527335840659e+02
1.11400000000000e+01	3.78017578594431e+02
1.11500000000000e+01	3.66963014333087e+02
1.11600000000000e+01	3.56337691274152e+02
1.11700000000000e+01	3.46123451863655e+02
1.11800000000000e+01	3.36290464051401e+02
1.11900000000000e+01	3.26817936217350e+02
1.12000000000000e+01	3.17684238231106e+02
1.12100000000000e+01	3.08877130981230e+02
1.12200000000000e+01	3.00375432127361e+02
1.12300000000000e+01	2.92163049303249e+02
1.12400000000000e+01	2.84228574274739e+02
1.12500000000000e+01	2.76556001718761e+02
1.12600000000000e+01	2.69137597440124e+02
1.12700000000000e+01	2.61960703134838e+02
1.12800000000000e+01	2.55019197793689e+02
1.12900000000000e+01	2.48296353586880e+02
1.13000000000000e+01	2.41790933763786e+02
1.13100000000000e+01	2.35490684697065e+02
1.13200000000000e+01	2.29387214355290e+02
1.13300000000000e+01	2.23474960252355e+02
1.13400000000000e+01	2.17746532761855e+02
1.13500000000000e+01	2.12191970920732e+02
1.13600000000000e+01	2.06807956682543e+02
1.13700000000000e+01	2.01584940192782e+02
1.13800000000000e+01	1.96521777146463e+02
1.13900000000000e+01	1.91605608808484e+02
1.14000000000000e+01	1.86834739681426e+02
1.14100000000000e+01	1.82206784703974e+02
1.14200000000000e+01	1.77713139003008e+02
1.14300000000000e+01	1.73351248838563e+02
1.14400000000000e+01	1.69116198870839e+02
1.14500000000000e+01	1.65004454242276e+02
1.14600000000000e+01	1.61011464406046e+02
1.14700000000000e+01	1.57134857965908e+02
1.14800000000000e+01	1.53367224997160e+02
1.14900000000000e+01	1.49708627363176e+02
1.15000000000000e+01	1.46154436139534e+02
1.15100000000000e+01	1.42698288167780e+02
1.15200000000000e+01	1.39340956045449e+02
1.15300000000000e+01	1.36078543920605e+02
1.15400000000000e+01	1.32907461427691e+02
1.15500000000000e+01	1.29828789726908e+02
1.15600000000000e+01	1.26836617368093e+02
1.15700000000000e+01	1.23930928779651e+02
1.15800000000000e+01	1.21111074245602e+02
1.15900000000000e+01	1.18375898303140e+02
1.16000000000000e+01	1.15720884453002e+02
1.16100000000000e+01	1.13147947149874e+02
1.16200000000000e+01	1.10650903645368e+02
1.16300000000000e+01	1.08230611079832e+02
1.16400000000000e+01	1.05880528949499e+02
1.16500000000000e+01	1.03600760861676e+02
1.16600000000000e+01	1.01386139686653e+02
1.16700000000000e+01	9.92319779043860e+01
1.16800000000000e+01	9.71365321698142e+01
1.16900000000000e+01	9.50951314023070e+01
1.17000000000000e+01	9.31043502464106e+01
1.17100000000000e+01	9.11601251514941e+01
1.17200000000000e+01	8.92617731276562e+01
1.17300000000000e+01	8.74056910101381e+01
1.17400000000000e+01	8.55893564150027e+01
1.17500000000000e+01	8.38135926060040e+01
1.17600000000000e+01	8.20764277475954e+01
1.17700000000000e+01	8.03760596380757e+01
1.17800000000000e+01	7.87155432000408e+01
1.17900000000000e+01	7.70920222045733e+01
1.18000000000000e+01	7.55081976015097e+01
1.18100000000000e+01	7.39621967346127e+01
1.18200000000000e+01	7.24561158885404e+01
1.18300000000000e+01	7.09880752604421e+01
1.18400000000000e+01	6.95585897913328e+01
1.18500000000000e+01	6.81680585247275e+01
1.18600000000000e+01	6.68138597064651e+01
1.18700000000000e+01	6.54961668951226e+01
1.18800000000000e+01	6.42132933195675e+01
1.18900000000000e+01	6.29642898679730e+01
1.19000000000000e+01	6.17476051018843e+01
1.19100000000000e+01	6.05610062973445e+01
1.19200000000000e+01	5.94045837064312e+01
1.19300000000000e+01	5.82763461588325e+01
1.19400000000000e+01	5.71737625116327e+01
1.19500000000000e+01	5.60972734922703e+01
1.19600000000000e+01	5.50442501883913e+01
1.19700000000000e+01	5.40143530734635e+01
1.19800000000000e+01	5.30063871561691e+01
1.19900000000000e+01	5.20195765654347e+01
1.20000000000000e+01	5.10529412538527e+01
1.20100000000000e+01	5.01062167067036e+01
1.20200000000000e+01	4.91782664938104e+01
1.20300000000000e+01	4.82700112756636e+01
1.20400000000000e+01	4.73800485265653e+01
1.20500000000000e+01	4.65087032372557e+01
1.20600000000000e+01	4.56563902564387e+01
1.20700000000000e+01	4.48227143879872e+01
1.20800000000000e+01	4.40079744025068e+01
1.20900000000000e+01	4.32115125583196e+01
1.21000000000000e+01	4.24345626484756e+01
1.21100000000000e+01	4.16759205259540e+01
1.21200000000000e+01	4.09357914572816e+01
1.21300000000000e+01	4.02136651876813e+01
1.21400000000000e+01	3.95089113017626e+01
1.21500000000000e+01	3.88219770673437e+01
1.21600000000000e+01	3.81507415027727e+01
1.21700000000000e+01	3.74958391200439e+01
1.21800000000000e+01	3.68551987838011e+01
1.21900000000000e+01	3.62283012602346e+01
1.22000000000000e+01	3.56150625918214e+01
1.22100000000000e+01	3.50138640647234e+01
1.22200000000000e+01	3.44247834104865e+01
1.22300000000000e+01	3.38462107483649e+01
1.22400000000000e+01	3.32774384797697e+01
1.22500000000000e+01	3.27188712185256e+01
1.22600000000000e+01	3.21691948892716e+01
1.22700000000000e+01	3.16283306661607e+01
1.22800000000000e+01	3.10956201403389e+01
1.22900000000000e+01	3.05711237768158e+01
1.23000000000000e+01	3.00541584119680e+01
1.23100000000000e+01	2.95443371833253e+01
1.23200000000000e+01	2.90417840784741e+01
1.23300000000000e+01	2.85463196849540e+01
1.23400000000000e+01	2.80576887868059e+01
1.23500000000000e+01	2.75763272138831e+01
1.23600000000000e+01	2.71022710444411e+01
1.23700000000000e+01	2.66357336360092e+01
1.23800000000000e+01	2.61767444337661e+01
1.23900000000000e+01	2.57255027703087e+01
1.24000000000000e+01	2.52822233758067e+01
1.24100000000000e+01	2.48474939536750e+01
1.24200000000000e+01	2.44208099752659e+01
1.24300000000000e+01	2.40027042520115e+01
1.24400000000000e+01	2.35934097841332e+01
1.24500000000000e+01	2.31926117809663e+01
1.24600000000000e+01	2.28000099744568e+01
1.24700000000000e+01	2.24158173550274e+01
1.24800000000000e+01	2.20399379684974e+01
1.24900000000000e+01	2.16720023031801e+01
1.25000000000000e+01	2.13118462323592e+01
1.25100000000000e+01	2.09594587520196e+01
1.25200000000000e+01	2.06146568716515e+01
1.25300000000000e+01	2.02770649115011e+01
1.25400000000000e+01	1.99470407689487e+01
1.25500000000000e+01	1.96241534916134e+01
1.25600000000000e+01	1.93082444624271e+01
1.25700000000000e+01	1.89992860469233e+01
1.25800000000000e+01	1.86972556610381e+01
1.25900000000000e+01	1.84018986507440e+01
1.26000000000000e+01	1.81127239650091e+01
1.26100000000000e+01	1.78297588353659e+01
1.26200000000000e+01	1.75526288169372e+01
1.26300000000000e+01	1.72812957101554e+01
1.26400000000000e+01	1.70154883869713e+01
1.26500000000000e+01	1.67551577694632e+01
1.26600000000000e+01	1.64999266721103e+01
1.26700000000000e+01	1.62497426043900e+01
1.26800000000000e+01	1.60043976528780e+01
1.26900000000000e+01	1.57642647669062e+01
1.27000000000000e+01	1.55285900537648e+01
1.27100000000000e+01	1.52980549954605e+01
1.27200000000000e+01	1.50721324418610e+01
1.27300000000000e+01	1.48509078465810e+01
1.27400000000000e+01	1.46342374874287e+01
1.27500000000000e+01	1.44221831739795e+01
1.27600000000000e+01	1.42146775725511e+01
1.27700000000000e+01	1.40113381111648e+01
1.27800000000000e+01	1.38123026738818e+01
1.27900000000000e+01	1.36173343506306e+01
1.28000000000000e+01	1.34261396254553e+01
1.28100000000000e+01	1.32387109125177e+01
1.28200000000000e+01	1.30550118300034e+01
1.28300000000000e+01	1.28745583517698e+01
1.28400000000000e+01	1.26973564406027e+01
1.28500000000000e+01	1.25236960886560e+01
1.28600000000000e+01	1.23529669520482e+01
1.28700000000000e+01	1.21852414067973e+01
1.28800000000000e+01	1.20206864760313e+01
1.28900000000000e+01	1.18587442488653e+01
1.29000000000000e+01	1.16998316148135e+01
1.29100000000000e+01	1.15435705118755e+01
1.29200000000000e+01	1.13898371667127e+01
1.29300000000000e+01	1.12389777620058e+01
1.29400000000000e+01	1.10902708650020e+01
1.29500000000000e+01	1.09443079397558e+01
1.29600000000000e+01	1.08005068392195e+01
1.29700000000000e+01	1.06590019439856e+01
1.29800000000000e+01	1.05197342753414e+01
1.29900000000000e+01	1.03827996734527e+01
1.30000000000000e+01	1.02478615859125e+01
1.30100000000000e+01	1.01151583049548e+01
1.30200000000000e+01	9.98460128937142e+00
1.30300000000000e+01	9.85601547104032e+00
1.30400000000000e+01	9.72944660179142e+00
1.30500000000000e+01	9.60472662465335e+00
1.30600000000000e+01	9.48172997094450e+00
1.30700000000000e+01	9.36067788868214e+00
1.30800000000000e+01	9.24114790355981e+00
1.30900000000000e+01	9.12309141334320e+00
1.31000000000000e+01	9.00649747424452e+00
1.31100000000000e+01	8.89139032694874e+00
1.31200000000000e+01	8.77741396041772e+00
1.31300000000000e+01	8.66477721511899e+00
1.31400000000000e+01	8.55325958959951e+00
1.31500000000000e+01	8.44304643729407e+00
1.31600000000000e+01	8.33403403805419e+00
1.31700000000000e+01	8.22635806765117e+00
1.31800000000000e+01	8.11991310041652e+00
1.31900000000000e+01	8.01495925043034e+00
1.32000000000000e+01	7.91143737025598e+00
1.32100000000000e+01	7.80926695227126e+00
1.32200000000000e+01	7.70846534737878e+00
1.32300000000000e+01	7.60913790236589e+00
1.32400000000000e+01	7.51128341774190e+00
1.32500000000000e+01	7.41469044394191e+00
1.32600000000000e+01	7.31941870719243e+00
1.32700000000000e+01	7.22539831089659e+00
1.32800000000000e+01	7.13265181378773e+00
1.32900000000000e+01	7.04105359123916e+00
1.33000000000000e+01	6.95072707660947e+00
1.33100000000000e+01	6.86152283172772e+00
1.33200000000000e+01	6.77361438233920e+00
1.33300000000000e+01	6.68685575328613e+00
1.33400000000000e+01	6.60145293863072e+00
1.33500000000000e+01	6.51729601676489e+00
1.33600000000000e+01	6.43448482760036e+00
1.33700000000000e+01	6.35304240202318e+00
1.33800000000000e+01	6.27280605234082e+00
1.33900000000000e+01	6.19405540466754e+00
1.34000000000000e+01	6.11653937558049e+00
1.34100000000000e+01	6.04024820419599e+00
1.34200000000000e+01	5.96527594683278e+00
1.34300000000000e+01	5.89143109967371e+00
1.34400000000000e+01	5.81880759164722e+00
1.34500000000000e+01	5.74726015047520e+00
1.34600000000000e+01	5.67681525770769e+00
1.34700000000000e+01	5.60742888874345e+00
1.34800000000000e+01	5.53891997093604e+00
1.34900000000000e+01	5.47146485294939e+00
1.35000000000000e+01	5.40480453983793e+00
1.35100000000000e+01	5.33911181285897e+00
1.35200000000000e+01	5.27413187823567e+00
1.35300000000000e+01	5.21008222496993e+00
1.35400000000000e+01	5.14667777517742e+00
1.35500000000000e+01	5.08410398122319e+00
1.35600000000000e+01	5.02212896927002e+00
1.35700000000000e+01	4.96085543686560e+00
1.35800000000000e+01	4.90031869309738e+00
1.35900000000000e+01	4.84034254658789e+00
1.36000000000000e+01	4.78099847764229e+00
1.36100000000000e+01	4.72232418466043e+00
1.36200000000000e+01	4.66433429193208e+00
1.36300000000000e+01	4.60693217250838e+00
1.36400000000000e+01	4.55016782775738e+00
1.36500000000000e+01	4.49413895380930e+00
1.36600000000000e+01	4.43875554447063e+00
1.36700000000000e+01	4.38413957617317e+00
1.36800000000000e+01	4.33025865194449e+00
1.36900000000000e+01	4.27720127329946e+00
1.37000000000000e+01	4.22489845292495e+00
1.37100000000000e+01	4.17340899481745e+00
1.37200000000000e+01	4.12279999107196e+00
1.37300000000000e+01	4.07314256946631e+00
1.37400000000000e+01	4.02424795658195e+00
1.37500000000000e+01	3.97638380417408e+00
1.37600000000000e+01	3.92930003717118e+00
1.37700000000000e+01	3.88319375186491e+00
1.37800000000000e+01	3.83784568647384e+00
1.37900000000000e+01	3.79334627938585e+00
1.38000000000000e+01	3.74970105308308e+00
1.38100000000000e+01	3.70675073090106e+00
1.38200000000000e+01	3.66447885409834e+00
1.38300000000000e+01	3.62289588151375e+00
1.38400000000000e+01	3.58190721888383e+00
1.38500000000000e+01	3.54154993465724e+00
1.38600000000000e+01	3.50169964308642e+00
1.38700000000000e+01	3.46233552061204e+00
1.38800000000000e+01	3.42353216089313e+00
1.38900000000000e+01	3.38515438337377e+00
1.39000000000000e+01	3.34725531020658e+00
1.39100000000000e+01	3.30978883370865e+00
1.39200000000000e+01	3.27277128265844e+00
1.39300000000000e+01	3.23614116076871e+00
1.39400000000000e+01	3.19989833695379e+00
1.39500000000000e+01	3.16409944461199e+00
1.39600000000000e+01	3.12864979629470e+00
1.39700000000000e+01	3.09362840656603e+00
1.39800000000000e+01	3.05898081847218e+00
1.39900000000000e+01	3.02469266492163e+00
1.40000000000000e+01	2.99084527453169e+00
1.40100000000000e+01	2.95741826918664e+00
1.40200000000000e+01	2.92431214487169e+00
1.40300000000000e+01	2.89165385055557e+00
1.40400000000000e+01	2.85946468468923e+00
1.40500000000000e+01	2.82767107904964e+00
1.40600000000000e+01	2.79628484390228e+00
1.40700000000000e+01	2.76532058906014e+00
1.40800000000000e+01	2.73486878526418e+00
1.40900000000000e+01	2.70476234729727e+00
1.41000000000000e+01	2.67510393760879e+00
1.41100000000000e+01	2.64582804053566e+00
1.41200000000000e+01	2.61696214426290e+00
1.41300000000000e+01	2.58844602448537e+00
1.41400000000000e+01	2.56025855296061e+00
1.41500000000000e+01	2.53240320952455e+00
1.41600000000000e+01	2.50484148990499e+00
1.41700000000000e+01	2.47753321598958e+00
1.41800000000000e+01	2.45052574979229e+00
1.41900000000000e+01	2.42380828433058e+00
1.42000000000000e+01	2.39727813956743e+00
1.42100000000000e+01	2.37103617179813e+00
1.42200000000000e+01	2.34510844172847e+00
1.42300000000000e+01	2.31942973146192e+00
1.42400000000000e+01	2.29402881953080e+00
1.42500000000000e+01	2.26892352755165e+00
1.42600000000000e+01	2.24414951798625e+00
1.42700000000000e+01	2.21973703128308e+00
1.42800000000000e+01	2.19561232252571e+00
1.42900000000000e+01	2.17183926619167e+00
1.43000000000000e+01	2.14843731021846e+00
1.43100000000000e+01	2.12531604631429e+00
1.43200000000000e+01	2.10253052017397e+00
1.43300000000000e+01	2.08009925345506e+00
1.43400000000000e+01	2.05795833306117e+00
1.43500000000000e+01	2.03611152995951e+00
1.43600000000000e+01	2.01457988266829e+00
1.43700000000000e+01	1.99330547149550e+00
1.43800000000000e+01	1.97230941905362e+00
1.43900000000000e+01	1.95157810779386e+00
1.44000000000000e+01	1.93115791123102e+00
1.44100000000000e+01	1.91102067107098e+00
1.44200000000000e+01	1.89111254307761e+00
1.44300000000000e+01	1.87149184048786e+00
1.44400000000000e+01	1.85217817981732e+00
1.44500000000000e+01	1.83310307098305e+00
1.44600000000000e+01	1.81428420157410e+00
1.44700000000000e+01	1.79570550999345e+00
1.44800000000000e+01	1.77739085122972e+00
1.44900000000000e+01	1.75931431227247e+00
1.45000000000000e+01	1.74149101681041e+00
1.45100000000000e+01	1.72385454698904e+00
1.45200000000000e+01	1.70647621154183e+00
1.45300000000000e+01	1.68929708023020e+00
1.45400000000000e+01	1.67233453047074e+00
1.45500000000000e+01	1.65556496069170e+00
1.45600000000000e+01	1.63899116176979e+00
1.45700000000000e+01	1.62261457864151e+00
1.45800000000000e+01	1.60640186554113e+00
1.45900000000000e+01	1.59038989846634e+00
1.46000000000000e+01	1.57454520413703e+00
1.46100000000000e+01	1.55886183657812e+00
1.46200000000000e+01	1.54336177059362e+00
1.46300000000000e+01	1.52801209675808e+00
1.46400000000000e+01	1.51283925027538e+00
1.46500000000000e+01	1.49783779953916e+00
1.46600000000000e+01	1.48298942350474e+00
1.46700000000000e+01	1.46831454732311e+00
1.46800000000000e+01	1.45381399117509e+00
1.46900000000000e+01	1.43948448947604e+00
1.47000000000000e+01	1.42532356372485e+00
1.47100000000000e+01	1.41132998389016e+00
1.47200000000000e+01	1.39749859986711e+00
1.47300000000000e+01	1.38383724612328e+00
1.47400000000000e+01	1.37033969274916e+00
1.47500000000000e+01	1.35699963732589e+00
1.47600000000000e+01	1.34381247982176e+00
1.47700000000000e+01	1.33077487340207e+00
1.47800000000000e+01	1.31786734292336e+00
1.47900000000000e+01	1.30510195087751e+00
1.48000000000000e+01	1.29245886288192e+00
1.48100000000000e+01	1.27993273452702e+00
1.48200000000000e+01	1.26753696678543e+00
1.48300000000000e+01	1.25524388454242e+00
1.48400000000000e+01	1.24306074890903e+00
1.48500000000000e+01	1.23098988712327e+00
1.48600000000000e+01	1.21902567352606e+00
1.48700000000000e+01	1.20716469177353e+00
1.48800000000000e+01	1.19540956117868e+00
1.48900000000000e+01	1.18375807517167e+00
1.49000000000000e+01	1.17222324660030e+00
1.49100000000000e+01	1.16079370131704e+00
1.49200000000000e+01	1.14947568448678e+00
1.49300000000000e+01	1.13827245838965e+00
1.49400000000000e+01	1.12718660970459e+00
1.49500000000000e+01	1.11621454080382e+00
1.49600000000000e+01	1.10536604644289e+00
1.49700000000000e+01	1.09464221483635e+00
1.49800000000000e+01	1.08403832201700e+00
1.49900000000000e+01	1.07356145391742e+00
1.50000000000000e+01	1.06320262703902e+00
1.50100000000000e+01	1.05297379044941e+00
1.50200000000000e+01	1.04285478735094e+00
1.50300000000000e+01	1.03286001769615e+00
1.50400000000000e+01	1.02298273635403e+00
1.50500000000000e+01	1.01321301255228e+00
1.50600000000000e+01	1.00355129156250e+00
1.50700000000000e+01	9.93992132804008e-01
1.50800000000000e+01	9.84525971472612e-01
1.50900000000000e+01	9.75161687058858e-01
1.51000000000000e+01	9.65880802194439e-01
1.51100000000000e+01	9.56689882009789e-01
1.51200000000000e+01	9.47584962837902e-01
1.51300000000000e+01	9.38556141966689e-01
1.51400000000000e+01	9.29613252101932e-01
1.51500000000000e+01	9.20744851811493e-01
1.51600000000000e+01	9.11951986779940e-01
1.51700000000000e+01	9.03238747868007e-01
1.51800000000000e+01	8.94611467752054e-01
1.51900000000000e+01	8.86058110493787e-01
1.52000000000000e+01	8.77587932309570e-01
1.52100000000000e+01	8.69198599543738e-01
1.52200000000000e+01	8.60892715244560e-01
1.52300000000000e+01	8.52663591560439e-01
1.52400000000000e+01	8.44507158553239e-01
1.52500000000000e+01	8.36424283837618e-01
1.52600000000000e+01	8.28404159694815e-01
1.52700000000000e+01	8.20443819302166e-01
1.52800000000000e+01	8.12538362852441e-01
1.52900000000000e+01	8.04671956167717e-01
1.53000000000000e+01	7.96842862005815e-01
1.53100000000000e+01	7.89039094555704e-01
1.53200000000000e+01	7.81260270520339e-01
1.53300000000000e+01	7.73503529175196e-01
1.53400000000000e+01	7.65756835344612e-01
1.53500000000000e+01	7.58024047336011e-01
1.53600000000000e+01	7.50313279351988e-01
1.53700000000000e+01	7.42617409404244e-01
1.53800000000000e+01	7.34943724293222e-01
1.53900000000000e+01	7.27304554735739e-01
1.54000000000000e+01	7.19703882822249e-01
1.54100000000000e+01	7.12159055049339e-01
1.54200000000000e+01	7.04676791266379e-01
1.54300000000000e+01	6.97275858678932e-01
1.54400000000000e+01	6.89967965014682e-01
1.54500000000000e+01	6.82769905177121e-01
1.54600000000000e+01	6.75694786547726e-01
1.54700000000000e+01	6.68766020101211e-01
1.54800000000000e+01	6.61986753269004e-01
1.54900000000000e+01	6.55375988683335e-01
1.55000000000000e+01	6.48937417503997e-01
1.55100000000000e+01	6.42682862927457e-01
1.55200000000000e+01	6.36613530331707e-01
1.55300000000000e+01	6.30729973839292e-01
1.55400000000000e+01	6.25016456067666e-01
1.55500000000000e+01	6.19474471149057e-01
1.55600000000000e+01	6.14084365362089e-01
1.55700000000000e+01	6.08833102467781e-01
1.55800000000000e+01	6.03708884481957e-01
1.55900000000000e+01	5.98687610368922e-01
1.56000000000000e+01	5.93750011965380e-01
1.56100000000000e+01	5.88888593558575e-01
1.56200000000000e+01	5.84079976787580e-01
1.56300000000000e+01	5.79316539887395e-01
1.56400000000000e+01	5.74583170066522e-01
1.56500000000000e+01	5.69870315621245e-01
1.56600000000000e+01	5.65169743025610e-01
1.56700000000000e+01	5.60478148934154e-01
1.56800000000000e+01	5.55789544357495e-01
1.56900000000000e+01	5.51103828005420e-01
1.57000000000000e+01	5.46418547832732e-01
1.57100000000000e+01	5.41735034516205e-01
1.57200000000000e+01	5.37056245737214e-01
1.57300000000000e+01	5.32386704590213e-01
1.57400000000000e+01	5.27728796860079e-01
1.57500000000000e+01	5.23089701408954e-01
1.57600000000000e+01	5.18475591440687e-01
1.57700000000000e+01	5.13888677772856e-01
1.57800000000000e+01	5.09339676959882e-01
1.57900000000000e+01	5.04839915242750e-01
1.58000000000000e+01	5.00388824913880e-01
1.58100000000000e+01	4.95997399837860e-01
1.58200000000000e+01	4.91669234752635e-01
1.58300000000000e+01	4.87412087675063e-01
1.58400000000000e+01	4.83230139207286e-01
1.58500000000000e+01	4.79122148753176e-01
1.58600000000000e+01	4.75093049067167e-01
1.58700000000000e+01	4.71137290441351e-01
1.58800000000000e+01	4.67255153146015e-01
1.58900000000000e+01	4.63446536838664e-01
1.59000000000000e+01	4.59702279855538e-01
1.59100000000000e+01	4.56019489503595e-01
1.59200000000000e+01	4.52390793308049e-01
1.59300000000000e+01	4.48810563226484e-01
1.59400000000000e+01	4.45274270280880e-01
1.59500000000000e+01	4.41772432594805e-01
1.59600000000000e+01	4.38300500375190e-01
1.59700000000000e+01	4.34859634367398e-01
1.59800000000000e+01	4.31440925383239e-01
1.59900000000000e+01	4.28041977147554e-01
1.60000000000000e+01	4.24666311860965e-01
1.60100000000000e+01	4.21306431588675e-01
1.60200000000000e+01	4.17968240601115e-01
1.60300000000000e+01	4.14647712591937e-01
1.60400000000000e+01	4.11347309262150e-01
1.60500000000000e+01	4.08067055912714e-01
1.60600000000000e+01	4.04808870254599e-01
1.60700000000000e+01	4.01571554314238e-01
1.60800000000000e+01	3.98353204225466e-01
1.60900000000000e+01	3.95160716059269e-01
1.61000000000000e+01	3.91992996394991e-01
1.61100000000000e+01	3.88847013798042e-01
1.61200000000000e+01	3.85727686444921e-01
1.61300000000000e+01	3.82630966756567e-01
1.61400000000000e+01	3.79564872969505e-01
1.61500000000000e+01	3.76524768821945e-01
1.61600000000000e+01	3.73509435108837e-01
1.61700000000000e+01	3.70525373687534e-01
1.61800000000000e+01	3.67569389478507e-01
1.61900000000000e+01	3.64646546325312e-01
1.62000000000000e+01	3.61752867512613e-01
1.62100000000000e+01	3.58895645213530e-01
1.62200000000000e+01	3.56068858017690e-01
1.62300000000000e+01	3.53276231406894e-01
1.62400000000000e+01	3.50517505130249e-01
1.62500000000000e+01	3.47792688663600e-01
1.62600000000000e+01	3.45097139512668e-01
1.62700000000000e+01	3.42431410808018e-01
1.62800000000000e+01	3.39793407331149e-01
1.62900000000000e+01	3.37181628997355e-01
1.63000000000000e+01	3.34591619552670e-01
1.63100000000000e+01	3.32017053336088e-01
1.63200000000000e+01	3.29461544686466e-01
1.63300000000000e+01	3.26915494071137e-01
1.63400000000000e+01	3.24377828070144e-01
1.63500000000000e+01	3.21848672048635e-01
1.63600000000000e+01	3.19320943212730e-01
1.63700000000000e+01	3.16793079863588e-01
1.63800000000000e+01	3.14266068463466e-01
1.63900000000000e+01	3.11733759460237e-01
1.64000000000000e+01	3.09200559183443e-01
1.64100000000000e+01	3.06664137515675e-01
1.64200000000000e+01	3.04127660861863e-01
1.64300000000000e+01	3.01591776135843e-01
1.64400000000000e+01	2.99060139812517e-01
1.64500000000000e+01	2.96534775041303e-01
1.64600000000000e+01	2.94021493578253e-01
1.64700000000000e+01	2.91524856586612e-01
1.64800000000000e+01	2.89046989323111e-01
1.64900000000000e+01	2.86595196599640e-01
1.65000000000000e+01	2.84174570949718e-01
1.65100000000000e+01	2.81783995799110e-01
1.65200000000000e+01	2.79428805831345e-01
1.65300000000000e+01	2.77111658520277e-01
1.65400000000000e+01	2.74833388104668e-01
1.65500000000000e+01	2.72594169558179e-01
1.65600000000000e+01	2.70395936072265e-01
1.65700000000000e+01	2.68234497799130e-01
1.65800000000000e+01	2.66112156891750e-01
1.65900000000000e+01	2.64026913549985e-01
1.66000000000000e+01	2.61979654645145e-01
1.66100000000000e+01	2.59964088114130e-01
1.66200000000000e+01	2.57982614446894e-01
1.66300000000000e+01	2.56030245596845e-01
1.66400000000000e+01	2.54108970794216e-01
1.66500000000000e+01	2.52213907841613e-01
1.66600000000000e+01	2.50345983268232e-01
1.66700000000000e+01	2.48501972783858e-01
1.66800000000000e+01	2.46682418576312e-01
1.66900000000000e+01	2.44881602049115e-01
1.67000000000000e+01	2.43101318769909e-01
1.67100000000000e+01	2.41337570850116e-01
1.67200000000000e+01	2.39591713009158e-01
1.67300000000000e+01	2.37858722276300e-01
1.67400000000000e+01	2.36137506730418e-01
1.67500000000000e+01	2.34428170006457e-01
1.67600000000000e+01	2.32728797556041e-01
1.67700000000000e+01	2.31035461088644e-01
1.67800000000000e+01	2.29350264828134e-01
1.67900000000000e+01	2.27672934118581e-01
1.68000000000000e+01	2.25999577934203e-01
1.68100000000000e+01	2.24331645741511e-01
1.68200000000000e+01	2.22671152571216e-01
1.68300000000000e+01	2.21016808816426e-01
1.68400000000000e+01	2.19368207268639e-01
1.68500000000000e+01	2.17728402432317e-01
1.68600000000000e+01	2.16096303383554e-01
1.68700000000000e+01	2.14473650738806e-01
1.68800000000000e+01	2.12861566342752e-01
1.68900000000000e+01	2.11259280473569e-01
1.69000000000000e+01	2.09669941089094e-01
1.69100000000000e+01	2.08090977945767e-01
1.69200000000000e+01	2.06524253815476e-01
1.69300000000000e+01	2.04969993623745e-01
1.69400000000000e+01	2.03429480824270e-01
1.69500000000000e+01	2.01900781560240e-01
1.69600000000000e+01	2.00387312926107e-01
1.69700000000000e+01	1.98887139894762e-01
1.69800000000000e+01	1.97403442438760e-01
1.69900000000000e+01	1.95936437249415e-01
1.70000000000000e+01	1.94486408435700e-01
1.70100000000000e+01	1.93055904750550e-01
1.70200000000000e+01	1.91644950711267e-01
1.70300000000000e+01	1.90254240440439e-01
1.70400000000000e+01	1.88883267060932e-01
1.70500000000000e+01	1.87533447489898e-01
1.70600000000000e+01	1.86203124501228e-01
1.70700000000000e+01	1.84892959891215e-01
1.70800000000000e+01	1.83600170660319e-01
1.70900000000000e+01	1.82324338587170e-01
1.71000000000000e+01	1.81065025872752e-01
1.71100000000000e+01	1.79820311109659e-01
1.71200000000000e+01	1.78586816479285e-01
1.71300000000000e+01	1.77365664605094e-01
1.71400000000000e+01	1.76155512381848e-01
1.71500000000000e+01	1.74955238638728e-01
1.71600000000000e+01	1.73763098905677e-01
1.71700000000000e+01	1.72580161622633e-01
1.71800000000000e+01	1.71403856570881e-01
1.71900000000000e+01	1.70236879769745e-01
1.72000000000000e+01	1.69076697210327e-01
1.72100000000000e+01	1.67925147650929e-01
1.72200000000000e+01	1.66781494191560e-01
1.72300000000000e+01	1.65643009474305e-01
1.72400000000000e+01	1.64514838154314e-01
1.72500000000000e+01	1.63391391387071e-01
1.72600000000000e+01	1.62276664267016e-01
1.72700000000000e+01	1.61168416234063e-01
1.72800000000000e+01	1.60066325111522e-01
1.72900000000000e+01	1.58971037342713e-01
1.73000000000000e+01	1.57882240264912e-01
1.73100000000000e+01	1.56799558488218e-01
1.73200000000000e+01	1.55723558143281e-01
1.73300000000000e+01	1.54652221939179e-01
1.73400000000000e+01	1.53586354623634e-01
1.73500000000000e+01	1.52526658058233e-01
1.73600000000000e+01	1.51472484340281e-01
1.73700000000000e+01	1.50423402427104e-01
1.73800000000000e+01	1.49379958051893e-01
1.73900000000000e+01	1.48341915300772e-01
1.74000000000000e+01	1.47311008557840e-01
1.74100000000000e+01	1.46284365829699e-01
1.74200000000000e+01	1.45263691083160e-01
1.74300000000000e+01	1.44248686974169e-01
1.74400000000000e+01	1.43240940027122e-01
1.74500000000000e+01	1.42237899728029e-01
1.74600000000000e+01	1.41241275890825e-01
1.74700000000000e+01	1.40250871625971e-01
1.74800000000000e+01	1.39265332780749e-01
1.74900000000000e+01	1.38284760019469e-01
1.75000000000000e+01	1.37309960079681e-01
1.75100000000000e+01	1.36340630342113e-01
1.75200000000000e+01	1.35375452631545e-01
1.75300000000000e+01	1.34414210959553e-01
1.75400000000000e+01	1.33457274342726e-01
1.75500000000000e+01	1.32505682435061e-01
1.75600000000000e+01	1.31557373115196e-01
1.75700000000000e+01	1.30614243528386e-01
1.75800000000000e+01	1.29675502592073e-01
1.75900000000000e+01	1.28742065180078e-01
1.76000000000000e+01	1.27814135694893e-01
1.76100000000000e+01	1.26893295653951e-01
1.76200000000000e+01	1.25978297012155e-01
1.76300000000000e+01	1.25071586045035e-01
1.76400000000000e+01	1.24171663527556e-01
1.76500000000000e+01	1.23279710434758e-01
1.76600000000000e+01	1.22396964959839e-01
1.76700000000000e+01	1.21521769810352e-01
1.76800000000000e+01	1.20655279958046e-01
1.76900000000000e+01	1.19797537214209e-01
1.77000000000000e+01	1.18947197161840e-01
1.77100000000000e+01	1.18105150968645e-01
1.77200000000000e+01	1.17269992083454e-01
1.77300000000000e+01	1.16441570721071e-01
1.77400000000000e+01	1.15620884113754e-01
1.77500000000000e+01	1.14805617212138e-01
1.77600000000000e+01	1.13996833329745e-01
1.77700000000000e+01	1.13193156687674e-01
1.77800000000000e+01	1.12395436046658e-01
1.77900000000000e+01	1.11603248434658e-01
1.78000000000000e+01	1.10814626235515e-01
1.78100000000000e+01	1.10031464175108e-01
1.78200000000000e+01	1.09253396004031e-01
1.78300000000000e+01	1.08479360381952e-01
1.78400000000000e+01	1.07709773588479e-01
1.78500000000000e+01	1.06945484980459e-01
1.78600000000000e+01	1.06186149475542e-01
1.78700000000000e+01	1.05431326588311e-01
1.78800000000000e+01	1.04680590538131e-01
1.78900000000000e+01	1.03934870494943e-01
1.79000000000000e+01	1.03194545339600e-01
1.79100000000000e+01	1.02458294345979e-01
1.79200000000000e+01	1.01726120138280e-01
1.79300000000000e+01	1.00999226764277e-01
1.79400000000000e+01	1.00275601651702e-01
1.79500000000000e+01	9.95564490762708e-02
1.79600000000000e+01	9.88413068407537e-02
1.79700000000000e+01	9.81313054157787e-02
1.79800000000000e+01	9.74250589071562e-02
1.79900000000000e+01	9.67249234528965e-02
1.80000000000000e+01	9.60308456689317e-02
1.80100000000000e+01	9.53448102358598e-02
1.80200000000000e+01	9.46657912906100e-02
1.80300000000000e+01	9.39963215581925e-02
1.80400000000000e+01	9.33364757099459e-02
1.80500000000000e+01	9.26869815313339e-02
1.80600000000000e+01	9.20474509873063e-02
1.80700000000000e+01	9.14201482907293e-02
1.80800000000000e+01	9.08031379612676e-02
1.80900000000000e+01	9.01967434236583e-02
1.81000000000000e+01	8.95993530741964e-02
1.81100000000000e+01	8.90115431811026e-02
1.81200000000000e+01	8.84320078119551e-02
1.81300000000000e+01	8.78595157480893e-02
1.81400000000000e+01	8.72922347501673e-02
1.81500000000000e+01	8.67304924670588e-02
1.81600000000000e+01	8.61722857523764e-02
1.81700000000000e+01	8.56180791527874e-02
1.81800000000000e+01	8.50658241155438e-02
1.81900000000000e+01	8.45166162893771e-02
1.82000000000000e+01	8.39691058688832e-02
1.82100000000000e+01	8.34228511764671e-02
1.82200000000000e+01	8.28782842610973e-02
1.82300000000000e+01	8.23353679333211e-02
1.82400000000000e+01	8.17934506175708e-02
1.82500000000000e+01	8.12529620441372e-02
1.82600000000000e+01	8.07137524598152e-02
1.82700000000000e+01	8.01766758538810e-02
1.82800000000000e+01	7.96410562320009e-02
1.82900000000000e+01	7.91073196302302e-02
1.83000000000000e+01	7.85774314337093e-02
1.83100000000000e+01	7.80490805741740e-02
1.83200000000000e+01	7.75251296771559e-02
1.83300000000000e+01	7.70046645082997e-02
1.83400000000000e+01	7.64885098700194e-02
1.83500000000000e+01	7.59774155890004e-02
1.83600000000000e+01	7.54714675625215e-02
1.83700000000000e+01	7.49709622021884e-02
1.83800000000000e+01	7.44768298866160e-02
1.83900000000000e+01	7.39893526138791e-02
1.84000000000000e+01	7.35083016148607e-02
1.84100000000000e+01	7.30344523739332e-02
1.84200000000000e+01	7.25673513739414e-02
1.84300000000000e+01	7.21075740047706e-02
1.84400000000000e+01	7.16545384827397e-02
1.84500000000000e+01	7.12083940000600e-02
1.84600000000000e+01	7.07680791521541e-02
1.84700000000000e+01	7.03337115567530e-02
1.84800000000000e+01	6.99042239724393e-02
1.84900000000000e+01	6.94793644016119e-02
1.85000000000000e+01	6.90583470540953e-02
1.85100000000000e+01	6.86407167170232e-02
1.85200000000000e+01	6.82253600059868e-02
1.85300000000000e+01	6.78120893515421e-02
1.85400000000000e+01	6.74005568273875e-02
1.85500000000000e+01	6.69901400722001e-02
1.85600000000000e+01	6.65804717458576e-02
1.85700000000000e+01	6.61714991387727e-02
1.85800000000000e+01	6.57630189275360e-02
1.85900000000000e+01	6.53550974696184e-02
1.86000000000000e+01	6.49474230635032e-02
1.86100000000000e+01	6.45405108099236e-02
1.86200000000000e+01	6.41340809440670e-02
1.86300000000000e+01	6.37286981095865e-02
1.86400000000000e+01	6.33243711157122e-02
1.86500000000000e+01	6.29213274038251e-02
1.86600000000000e+01	6.25200355224293e-02
1.86700000000000e+01	6.21201937231293e-02
1.86800000000000e+01	6.17221920517996e-02
1.86900000000000e+01	6.13263270751606e-02
1.87000000000000e+01	6.09324332084674e-02
1.87100000000000e+01	6.05408981659782e-02
1.87200000000000e+01	6.01514910041257e-02
1.87300000000000e+01	5.97642896843452e-02
1.87400000000000e+01	5.93791971616256e-02
1.87500000000000e+01	5.89962350909680e-02
1.87600000000000e+01	5.86152601295691e-02
1.87700000000000e+01	5.82364636522954e-02
1.87800000000000e+01	5.78593474188704e-02
1.87900000000000e+01	5.74839876727745e-02
1.88000000000000e+01	5.71105921852237e-02
1.88100000000000e+01	5.67386542643078e-02
1.88200000000000e+01	5.63684264589507e-02
1.88300000000000e+01	5.59997016318011e-02
1.88400000000000e+01	5.56323549237971e-02
1.88500000000000e+01	5.52664090746484e-02
1.88600000000000e+01	5.49017589082703e-02
1.88700000000000e+01	5.45382980229547e-02
1.88800000000000e+01	5.41761194355117e-02
1.88900000000000e+01	5.38151998901345e-02
1.89000000000000e+01	5.34555233967089e-02
1.89100000000000e+01	5.30971384572799e-02
1.89200000000000e+01	5.27402321478920e-02
1.89300000000000e+01	5.23850777583792e-02
1.89400000000000e+01	5.20315117744483e-02
1.89500000000000e+01	5.16799241872671e-02
1.89600000000000e+01	5.13307330221817e-02
1.89700000000000e+01	5.09837352944944e-02
1.89800000000000e+01	5.06395815632962e-02
1.89900000000000e+01	5.02983502878530e-02
1.90000000000000e+01	4.99598855145713e-02
1.90100000000000e+01	4.96246922208021e-02
1.90200000000000e+01	4.92923928062649e-02
1.90300000000000e+01	4.89631864294046e-02
1.90400000000000e+01	4.86367760568989e-02
1.90500000000000e+01	4.83126717144749e-02
1.90600000000000e+01	4.79909530934714e-02
1.90700000000000e+01	4.76711379553829e-02
1.90800000000000e+01	4.73530971774315e-02
1.90900000000000e+01	4.70364401599974e-02
1.91000000000000e+01	4.67215872133627e-02
1.91100000000000e+01	4.64086419480753e-02
1.91200000000000e+01	4.60979679020682e-02
1.91300000000000e+01	4.57900793521088e-02
1.91400000000000e+01	4.54860000711526e-02
1.91500000000000e+01	4.51863507403126e-02
1.91600000000000e+01	4.48920148367570e-02
1.91700000000000e+01	4.46036202790960e-02
1.91800000000000e+01	4.43214923087498e-02
1.91900000000000e+01	4.40463872808415e-02
1.92000000000000e+01	4.37781125140353e-02
1.92100000000000e+01	4.35162043950007e-02
1.92200000000000e+01	4.32606250449473e-02
1.92300000000000e+01	4.30104433843388e-02
1.92400000000000e+01	4.27647680328993e-02
1.92500000000000e+01	4.25229205018328e-02
1.92600000000000e+01	4.22839767395496e-02
1.92700000000000e+01	4.20469079138470e-02
1.92800000000000e+01	4.18113575055975e-02
1.92900000000000e+01	4.15764004504646e-02
1.93000000000000e+01	4.13419504768868e-02
1.93100000000000e+01	4.11073931719124e-02
1.93200000000000e+01	4.08727426725679e-02
1.93300000000000e+01	4.06381043584003e-02
1.93400000000000e+01	4.04031601503567e-02
1.93500000000000e+01	4.01681495400853e-02
1.93600000000000e+01	3.99330979804899e-02
1.93700000000000e+01	3.96982484716924e-02
1.93800000000000e+01	3.94634768650908e-02
1.93900000000000e+01	3.92289790850039e-02
1.94000000000000e+01	3.89947967385132e-02
1.94100000000000e+01	3.87609623631469e-02
1.94200000000000e+01	3.85277431881635e-02
1.94300000000000e+01	3.82950961865611e-02
1.94400000000000e+01	3.80630424930074e-02
1.94500000000000e+01	3.78315274773693e-02
1.94600000000000e+01	3.76008259665556e-02
1.94700000000000e+01	3.73709203462061e-02
1.94800000000000e+01	3.71416290066148e-02
1.94900000000000e+01	3.69131253253922e-02
1.95000000000000e+01	3.66856381675622e-02
1.95100000000000e+01	3.64588764392854e-02
1.95200000000000e+01	3.62330660989534e-02
1.95300000000000e+01	3.60081665037108e-02
1.95400000000000e+01	3.57842196603501e-02
1.95500000000000e+01	3.55613016650317e-02
1.95600000000000e+01	3.53395214219027e-02
1.95700000000000e+01	3.51186801070745e-02
1.95800000000000e+01	3.48992869355205e-02
1.95900000000000e+01	3.46809793062313e-02
1.96000000000000e+01	3.44641608526620e-02
1.96100000000000e+01	3.42486773269784e-02
1.96200000000000e+01	3.40346621128782e-02
1.96300000000000e+01	3.38222164911301e-02
1.96400000000000e+01	3.36112658535545e-02
1.96500000000000e+01	3.34019145686948e-02
1.96600000000000e+01	3.31940933487907e-02
1.96700000000000e+01	3.29878117864801e-02
1.96800000000000e+01	3.27829116923405e-02
1.96900000000000e+01	3.25795753068701e-02
1.97000000000000e+01	3.23770059774876e-02
1.97100000000000e+01	3.21756627336163e-02
1.97200000000000e+01	3.19751589441464e-02
1.97300000000000e+01	3.17746474103399e-02
1.97400000000000e+01	3.15734706393444e-02
1.97500000000000e+01	3.13700611231217e-02
1.97600000000000e+01	3.11617972572758e-02
1.97700000000000e+01	3.09451578324864e-02
1.97800000000000e+01	3.07138665495749e-02
1.97900000000000e+01	3.04592617684632e-02
1.98000000000000e+01	3.01681920156757e-02
1.98100000000000e+01	2.98229314016623e-02
1.98200000000000e+01	2.93991348944525e-02
1.98300000000000e+01	2.88659687654770e-02
1.98400000000000e+01	2.81852156732345e-02
1.98500000000000e+01	2.73133293069639e-02
1.98600000000000e+01	2.62030299380657e-02
1.98700000000000e+01	2.48083724035200e-02
1.98800000000000e+01	2.30910610264635e-02
1.98900000000000e+01	2.10293884211647e-02
1.99000000000000e+01	1.86274208056483e-02
1.99100000000000e+01	1.59250303496697e-02
1.99200000000000e+01	1.30057228629011e-02
1.99300000000000e+01	9.99971677431058e-03
1.99400000000000e+01	7.08013360681001e-03
1.99500000000000e+01	4.44801417589167e-03
1.99600000000000e+01	2.30629284777072e-03
1.99700000000000e+01	8.22482304267919e-04
1.99800000000000e+01	8.76910979549284e-05
1.99900000000000e+01	8.26208876079428e-05
2.00000000000000e+01	6.65531103974856e-04
