   9.99999978E-03  0.194766983      -1.69773225E-03
   1.99999996E-02  0.194765404      -1.69782166E-03
   2.99999993E-02  0.194762692      -1.69794832E-03
   3.99999991E-02  0.194757447      -1.69806427E-03
   5.00000007E-02  0.194751948      -1.69827603E-03
   5.99999987E-02  0.194746301      -1.69858115E-03
   7.00000003E-02  0.194737405      -1.69883843E-03
   7.99999982E-02  0.194727197      -1.69913447E-03
   9.00000036E-02  0.194716513      -1.69952039E-03
  0.100000001      0.194705650      -1.69999304E-03
  0.109999999      0.194692522      -1.70047244E-03
  0.119999997      0.194678664      -1.70101237E-03
  0.129999995      0.194662049      -1.70153391E-03
  0.140000001      0.194646686      -1.70221459E-03
  0.150000006      0.194629937      -1.70293124E-03
  0.159999996      0.194609866      -1.70360366E-03
  0.170000002      0.194588378      -1.70430471E-03
  0.180000007      0.194566354      -1.70509366E-03
  0.189999998      0.194543228      -1.70593162E-03
  0.200000003      0.194519952      -1.70686736E-03
  0.209999993      0.194494501      -1.70781661E-03
  0.219999999      0.194467410      -1.70878880E-03
  0.230000004      0.194438562      -1.70977938E-03
  0.239999995      0.194408834      -1.71083608E-03
  0.250000000      0.194379687      -1.71202119E-03
  0.259999990      0.194348782      -1.71323086E-03
  0.270000011      0.194316447      -1.71448418E-03
  0.280000001      0.194281563      -1.71572284E-03
  0.289999992      0.194246277      -1.71704567E-03
  0.300000012      0.194209039      -1.71839166E-03
  0.310000002      0.194171146      -1.71980774E-03
  0.319999993      0.194132239      -1.72128412E-03
  0.330000013      0.194091573      -1.72278297E-03
  0.340000004      0.194050476      -1.72436947E-03
  0.349999994      0.194007695      -1.72599149E-03
  0.360000014      0.193964079      -1.72768254E-03
  0.370000005      0.193917707      -1.72935065E-03
  0.379999995      0.193870798      -1.73109048E-03
  0.389999986      0.193821579      -1.73284102E-03
  0.400000006      0.193772182      -1.73469004E-03
  0.409999996      0.193722963      -1.73665257E-03
  0.419999987      0.193669796      -1.73855084E-03
  0.430000007      0.193616971      -1.74056611E-03
  0.439999998      0.193562508      -1.74262084E-03
  0.449999988      0.193506986      -1.74473564E-03
  0.460000008      0.193448842      -1.74683868E-03
  0.469999999      0.193390742      -1.74904964E-03
  0.479999989      0.193331107      -1.75130041E-03
  0.490000010      0.193270326      -1.75361312E-03
  0.500000000      0.193208411      -1.75598811E-03
  0.509999990      0.193144992      -1.75840326E-03
  0.519999981      0.193079457      -1.76082843E-03
  0.529999971      0.193013296      -1.76333974E-03
  0.540000021      0.192946032      -1.76591740E-03
  0.550000012      0.192878067      -1.76857319E-03
  0.560000002      0.192807645      -1.77123304E-03
  0.569999993      0.192735940      -1.77394168E-03
  0.579999983      0.192662567      -1.77669257E-03
  0.589999974      0.192588523      -1.77952601E-03
  0.600000024      0.192512468      -1.78237911E-03
  0.610000014      0.192436144      -1.78534153E-03
  0.620000005      0.192358360      -1.78835483E-03
  0.629999995      0.192278877      -1.79141329E-03
  0.639999986      0.192198753      -1.79455127E-03
  0.649999976      0.192116022      -1.79768342E-03
  0.660000026      0.192031160      -1.80084014E-03
  0.670000017      0.191946507      -1.80411525E-03
  0.680000007      0.191860184      -1.80744904E-03
  0.689999998      0.191772342      -1.81082799E-03
  0.699999988      0.191684291      -1.81432243E-03
  0.709999979      0.191593915      -1.81783212E-03
  0.720000029      0.191502571      -1.82141177E-03
  0.730000019      0.191408470      -1.82498072E-03
  0.740000010      0.191314131      -1.82867248E-03
  0.750000000      0.191217899      -1.83239987E-03
  0.759999990      0.191121221      -1.83623133E-03
  0.769999981      0.191022247      -1.84008398E-03
  0.779999971      0.190923050      -1.84406235E-03
  0.790000021      0.190821379      -1.84804900E-03
  0.800000012      0.190718085      -1.85207464E-03
  0.810000002      0.190613866      -1.85619667E-03
  0.819999993      0.190507069      -1.86032651E-03
  0.829999983      0.190400437      -1.86458940E-03
  0.839999974      0.190292433      -1.86892669E-03
  0.850000024      0.190182775      -1.87332404E-03
  0.860000014      0.190071449      -1.87777949E-03
  0.870000005      0.189958662      -1.88229280E-03
  0.879999995      0.189843670      -1.88682950E-03
  0.889999986      0.189727440      -1.89145538E-03
  0.899999976      0.189610407      -1.89618289E-03
  0.910000026      0.189491957      -1.90097559E-03
  0.920000017      0.189371154      -1.90579880E-03
  0.930000007      0.189249426      -1.91073143E-03
  0.939999998      0.189127743      -1.91579841E-03
  0.949999988      0.189003035      -1.92085456E-03
  0.959999979      0.188877344      -1.92601525E-03
  0.970000029      0.188749135      -1.93120923E-03
  0.980000019      0.188619792      -1.93649461E-03
  0.990000010      0.188488275      -1.94181176E-03
   1.00000000      0.188355342      -1.94721902E-03
   1.00999999      0.188222930      -1.95280288E-03
   1.01999998      0.188087508      -1.95839722E-03
   1.02999997      0.187951475      -1.96411391E-03
   1.03999996      0.187811822      -1.96979637E-03
   1.04999995      0.187671065      -1.97558734E-03
   1.05999994      0.187528521      -1.98146189E-03
   1.07000005      0.187387213      -1.98754389E-03
   1.08000004      0.187242970      -1.99364894E-03
   1.09000003      0.187097266      -1.99983781E-03
   1.10000002      0.186949566      -2.00609746E-03
   1.11000001      0.186800167      -2.01244024E-03
   1.12000000      0.186647058      -2.01876136E-03
   1.13000000      0.186494291      -2.02527014E-03
   1.13999999      0.186340526      -2.03190069E-03
   1.14999998      0.186185211      -2.03863648E-03
   1.15999997      0.186028332      -2.04545981E-03
   1.16999996      0.185868576      -2.05231458E-03
   1.17999995      0.185706809      -2.05924734E-03
   1.19000006      0.185543031      -2.06625019E-03
   1.20000005      0.185378388      -2.07340089E-03
   1.21000004      0.185212523      -2.08067033E-03
   1.22000003      0.185044825      -2.08803941E-03
   1.23000002      0.184875801      -2.09552818E-03
   1.24000001      0.184703797      -2.10304628E-03
   1.25000000      0.184529901      -2.11066869E-03
   1.25999999      0.184354559      -2.11840868E-03
   1.26999998      0.184177473      -2.12626765E-03
   1.27999997      0.183999181      -2.13425630E-03
   1.28999996      0.183819488      -2.14237580E-03
   1.29999995      0.183636978      -2.15055235E-03
   1.30999994      0.183452293      -2.15881434E-03
   1.32000005      0.183267117      -2.16726004E-03
   1.33000004      0.183079600      -2.17581447E-03
   1.34000003      0.182890072      -2.18446529E-03
   1.35000002      0.182697758      -2.19320529E-03
   1.36000001      0.182505012      -2.20214156E-03
   1.37000000      0.182309911      -2.21116166E-03
   1.38000000      0.182112589      -2.22029537E-03
   1.38999999      0.181913361      -2.22955900E-03
   1.39999998      0.181713775      -2.23904662E-03
   1.40999997      0.181510910      -2.24858103E-03
   1.41999996      0.181304917      -2.25820206E-03
   1.42999995      0.181098953      -2.26806779E-03
   1.44000006      0.180889755      -2.27799732E-03
   1.45000005      0.180679440      -2.28811428E-03
   1.46000004      0.180466726      -2.29835650E-03
   1.47000003      0.180251196      -2.30872328E-03
   1.48000002      0.180034325      -2.31926935E-03
   1.49000001      0.179814339      -2.32990948E-03
   1.50000000      0.179593921      -2.34080083E-03
   1.50999999      0.179370791      -2.35182000E-03
   1.51999998      0.179145277      -2.36298726E-03
   1.52999997      0.178916737      -2.37427116E-03
   1.53999996      0.178687617      -2.38580583E-03
   1.54999995      0.178454831      -2.39742873E-03
   1.55999994      0.178219631      -2.40921509E-03
   1.57000005      0.177983314      -2.42124824E-03
   1.58000004      0.177744329      -2.43343925E-03
   1.59000003      0.177502453      -2.44578999E-03
   1.60000002      0.177259758      -2.45841942E-03
   1.61000001      0.177014351      -2.47120322E-03
   1.62000000      0.176766261      -2.48417631E-03
   1.63000000      0.176515669      -2.49734498E-03
   1.63999999      0.176261663      -2.51065567E-03
   1.64999998      0.176006079      -2.52423226E-03
   1.65999997      0.175747767      -2.53801676E-03
   1.66999996      0.175488487      -2.55210372E-03
   1.67999995      0.175224841      -2.56629847E-03
   1.69000006      0.174960643      -2.58084852E-03
   1.70000005      0.174692139      -2.59554805E-03
   1.71000004      0.174421519      -2.61051347E-03
   1.72000003      0.174148276      -2.62572640E-03
   1.73000002      0.173872203      -2.64117960E-03
   1.74000001      0.173593476      -2.65689916E-03
   1.75000000      0.173311651      -2.67286552E-03
   1.75999999      0.173027560      -2.68912781E-03
   1.76999998      0.172740728      -2.70568533E-03
   1.77999997      0.172450796      -2.72253412E-03
   1.78999996      0.172158554      -2.73969886E-03
   1.79999995      0.171862811      -2.75712856E-03
   1.80999994      0.171563908      -2.77485419E-03
   1.82000005      0.171262592      -2.79295980E-03
   1.83000004      0.170958817      -2.81143351E-03
   1.84000003      0.170651302      -2.83019571E-03
   1.85000002      0.170340881      -2.84933439E-03
   1.86000001      0.170026973      -2.86881276E-03
   1.87000000      0.169709474      -2.88864714E-03
   1.88000000      0.169388980      -2.90886173E-03
   1.88999999      0.169064760      -2.92946422E-03
   1.89999998      0.168738395      -2.95055960E-03
   1.90999997      0.168407381      -2.97199003E-03
   1.91999996      0.168073460      -2.99390918E-03
   1.92999995      0.167736232      -3.01629002E-03
   1.94000006      0.167395368      -3.03913234E-03
   1.95000005      0.167050049      -3.06240143E-03
   1.96000004      0.166702285      -3.08626308E-03
   1.97000003      0.166350946      -3.11065814E-03
   1.98000002      0.165995166      -3.13555123E-03
   1.99000001      0.165634602      -3.16093070E-03
   2.00000000      0.165270567      -3.18692648E-03
   2.00999999      0.164902478      -3.21352994E-03
   2.01999998      0.164530456      -3.24076694E-03
   2.02999997      0.164155126      -3.26872058E-03
   2.03999996      0.163775086      -3.29732825E-03
   2.04999995      0.163390562      -3.32663371E-03
   2.05999994      0.163000554      -3.35659529E-03
   2.06999993      0.162606955      -3.38739809E-03
   2.07999992      0.162207931      -3.41892289E-03
   2.08999991      0.161805123      -3.45136551E-03
   2.09999990      0.161397263      -3.48467496E-03
   2.10999990      0.160985097      -3.51895508E-03
   2.11999989      0.160566047      -3.55403661E-03
   2.13000011      0.160142586      -3.59018613E-03
   2.14000010      0.159713238      -3.62735218E-03
   2.15000010      0.159279510      -3.66570754E-03
   2.16000009      0.158839807      -3.70520935E-03
   2.17000008      0.158395305      -3.74601572E-03
   2.18000007      0.157943428      -3.78798693E-03
   2.19000006      0.157485694      -3.83133069E-03
   2.20000005      0.157021478      -3.87610449E-03
   2.21000004      0.156551391      -3.92243965E-03
   2.22000003      0.156074911      -3.97043535E-03
   2.23000002      0.155591637      -4.02013864E-03
   2.24000001      0.155100867      -4.07163426E-03
   2.25000000      0.154603109      -4.12508892E-03
   2.25999999      0.154097140      -4.18055477E-03
   2.26999998      0.153583914      -4.23826464E-03
   2.27999997      0.153062493      -4.29834751E-03
   2.28999996      0.152533144      -4.36101528E-03
   2.29999995      0.151994750      -4.42637689E-03
   2.30999994      0.151447132      -4.49465541E-03
   2.31999993      0.150891230      -4.56621498E-03
   2.32999992      0.150325596      -4.64122882E-03
   2.33999991      0.149749666      -4.71995631E-03
   2.34999990      0.149163380      -4.80278861E-03
   2.35999990      0.148567230      -4.89019789E-03
   2.36999989      0.147958905      -4.98239649E-03
   2.38000011      0.147339225      -5.08004474E-03
   2.39000010      0.146706834      -5.18358545E-03
   2.40000010      0.146061763      -5.29374415E-03
   2.41000009      0.145403668      -5.41129056E-03
   2.42000008      0.144731641      -5.53705357E-03
   2.43000007      0.144044831      -5.67198871E-03
   2.44000006      0.143342435      -5.81724569E-03
   2.45000005      0.142624184      -5.97422384E-03
   2.46000004      0.141890645      -6.14465680E-03
   2.47000003      0.141140342      -6.33026846E-03
   2.48000002      0.140373603      -6.53329166E-03
   2.49000001      0.139589757      -6.75603515E-03
   2.50000000      0.138789654      -7.00125517E-03
   2.50999999      0.137975127      -7.27200788E-03
   2.51999998      0.137147635      -7.57105136E-03
   2.52999997      0.136309803      -7.90090486E-03
   2.53999996      0.135466501      -8.26359261E-03
   2.54999995      0.134621203      -8.65954068E-03
   2.55999994      0.133777618      -9.08770971E-03
   2.56999993      0.132940263      -9.54609644E-03
   2.57999992      0.132109627      -1.00312661E-02
   2.58999991      0.131286502      -1.05402535E-02
   2.59999990      0.130468965      -1.10706342E-02
   2.60999990      0.129654646      -1.16215674E-02
   2.61999989      0.128839940      -1.21938661E-02
   2.63000011      0.128021061      -1.27901966E-02
   2.64000010      0.127196714      -1.34156402E-02
   2.65000010      0.126365632      -1.40766744E-02
   2.66000009      0.125529096      -1.47813903E-02
   2.67000008      0.124691688      -1.55390557E-02
   2.68000007      0.123861000      -1.63590387E-02
   2.69000006      0.123049535      -1.72497146E-02
   2.70000005      0.122274205      -1.82159711E-02
   2.71000004      0.121556714      -1.92573797E-02
   2.72000003      0.120919377      -2.03646589E-02
   2.73000002      0.120382428      -2.15197820E-02
   2.74000001      0.119957589      -2.26964466E-02
   2.75000000      0.119646721      -2.38652229E-02
   2.75999999      0.119440623      -2.49987151E-02
   2.76999998      0.119320922      -2.60758065E-02
   2.77999997      0.119266480      -2.70855725E-02
   2.78999996      0.119255558      -2.80249175E-02
   2.79999995      0.119270183      -2.88971066E-02
   2.80999994      0.119297743      -2.97093727E-02
   2.81999993      0.119330056      -3.04698478E-02
   2.82999992      0.119361512      -3.11856121E-02
   2.83999991      0.119390085      -3.18637975E-02
   2.84999990      0.119413167      -3.25084440E-02
   2.85999990      0.119431019      -3.31245735E-02
   2.86999989      0.119442604      -3.37146632E-02
   2.88000011      0.119448416      -3.42821591E-02
   2.89000010      0.119447976      -3.48289274E-02
   2.90000010      0.119440779      -3.53570692E-02
   2.91000009      0.119426623      -3.58683616E-02
   2.92000008      0.119406007      -3.63650136E-02
   2.93000007      0.119379506      -3.68488133E-02
   2.94000006      0.119347900      -3.73207517E-02
   2.95000005      0.119312197      -3.77818383E-02
   2.96000004      0.119272783      -3.82322147E-02
   2.97000003      0.119230315      -3.86724621E-02
   2.98000002      0.119184777      -3.91027257E-02
   2.99000001      0.119135961      -3.95229571E-02
   3.00000000      0.119084388      -3.99340242E-02
   3.00999999      0.119030580      -4.03365530E-02
   3.01999998      0.118975647      -4.07311134E-02
   3.02999997      0.118920393      -4.11170758E-02
   3.03999996      0.118865654      -4.14934233E-02
   3.04999995      0.118812606      -4.18600067E-02
   3.05999994      0.118760481      -4.22137417E-02
   3.06999993      0.118708946      -4.25538085E-02
   3.07999992      0.118656889      -4.28789556E-02
   3.08999991      0.118602425      -4.31875847E-02
   3.09999990      0.118543960      -4.34796102E-02
   3.10999990      0.118479833      -4.37552258E-02
   3.11999989      0.118408464      -4.40146178E-02
   3.13000011      0.118328340      -4.42581922E-02
   3.14000010      0.118237987      -4.44860496E-02
   3.15000010      0.118137039      -4.47004586E-02
   3.16000009      0.118023701      -4.49009947E-02
   3.17000008      0.117897406      -4.50891480E-02
   3.18000007      0.117757492      -4.52656224E-02
   3.19000006      0.117604077      -4.54317182E-02
   3.20000005      0.117437415      -4.55881245E-02
   3.21000004      0.117257304      -4.57346328E-02
   3.22000003      0.117063500      -4.58706282E-02
   3.23000002      0.116855554      -4.59966958E-02
   3.24000001      0.116631843      -4.61116880E-02
   3.25000000      0.116391279      -4.62168567E-02
   3.25999999      0.116131924      -4.63119932E-02
   3.26999998      0.115852743      -4.63982895E-02
   3.27999997      0.115552895      -4.64773774E-02
   3.28999996      0.115231462      -4.65500057E-02
   3.29999995      0.114887781      -4.66171019E-02
   3.30999994      0.114521347      -4.66805734E-02
   3.31999993      0.114131056      -4.67402227E-02
   3.32999992      0.113717109      -4.67989780E-02
   3.33999991      0.113278598      -4.68563512E-02
   3.34999990      0.112815365      -4.69135419E-02
   3.35999990      0.112326980      -4.69714329E-02
   3.36999989      0.111812264      -4.70300242E-02
   3.38000011      0.111269750      -4.70904410E-02
   3.39000010      0.110697642      -4.71536331E-02
   3.40000010      0.110094026      -4.72215079E-02
   3.41000009      0.109457143      -4.72966246E-02
   3.42000008      0.108784936      -4.73817289E-02
   3.43000007      0.108075500      -4.74802181E-02
   3.44000006      0.107327409      -4.75970283E-02
   3.45000005      0.106540196      -4.77379598E-02
   3.46000004      0.105714820      -4.79093343E-02
   3.47000003      0.104854338      -4.81185243E-02
   3.48000002      0.103963897      -4.83716615E-02
   3.49000001      0.103050873      -4.86733764E-02
   3.50000000      0.102123909      -4.90264408E-02
   3.50999999      0.101192072      -4.94302399E-02
   3.51999998      0.100263245      -4.98812124E-02
   3.52999997       9.93437991E-02  -5.03741615E-02
   3.53999996       9.84373614E-02  -5.09029292E-02
   3.54999995       9.75452438E-02  -5.14607243E-02
   3.55999994       9.66666415E-02  -5.20410724E-02
   3.56999993       9.57994834E-02  -5.26393205E-02
   3.57999992       9.49406922E-02  -5.32521904E-02
   3.58999991       9.40863714E-02  -5.38772643E-02
   3.59999990       9.32323337E-02  -5.45127243E-02
   3.60999990       9.23741907E-02  -5.51590845E-02
   3.61999989       9.15073007E-02  -5.58170900E-02
   3.63000011       9.06273648E-02  -5.64894527E-02
   3.64000010       8.97306427E-02  -5.71799949E-02
   3.65000010       8.88143703E-02  -5.78932539E-02
   3.66000009       8.78766626E-02  -5.86354733E-02
   3.67000008       8.69167075E-02  -5.94129525E-02
   3.68000007       8.59349966E-02  -6.02322556E-02
   3.69000006       8.49328563E-02  -6.11014590E-02
   3.70000005       8.39135423E-02  -6.20277300E-02
   3.71000004       8.28818232E-02  -6.30202517E-02
   3.72000003       8.18454921E-02  -6.40874207E-02
   3.73000002       8.08154568E-02  -6.52365014E-02
   3.74000001       7.98055902E-02  -6.64723143E-02
   3.75000000       7.88313672E-02  -6.77957758E-02
   3.75999999       7.79088214E-02  -6.92025423E-02
   3.76999998       7.70513490E-02  -7.06852004E-02
   3.77999997       7.62699693E-02  -7.22334981E-02
   3.78999996       7.55725875E-02  -7.38358572E-02
   3.79999995       7.49649405E-02  -7.54808411E-02
   3.80999994       7.44509771E-02  -7.71567300E-02
   3.81999993       7.40338117E-02  -7.88507685E-02
   3.82999992       7.37139583E-02  -8.05498660E-02
   3.83999991       7.34893754E-02  -8.22403505E-02
   3.84999990       7.33541548E-02  -8.39096904E-02
   3.85999990       7.33005330E-02  -8.55469480E-02
   3.86999989       7.33190849E-02  -8.71445835E-02
   3.88000011       7.33995810E-02  -8.86982977E-02
   3.89000010       7.35327825E-02  -9.02058855E-02
   3.90000010       7.37109333E-02  -9.16668847E-02
   3.91000009       7.39277974E-02  -9.30813178E-02
   3.92000008       7.41771236E-02  -9.44497064E-02
   3.93000007       7.44529441E-02  -9.57729816E-02
   3.94000006       7.47505352E-02  -9.70524549E-02
   3.95000005       7.50656202E-02  -9.82899964E-02
   3.96000004       7.53932223E-02  -9.94886085E-02
   3.97000003       7.57307559E-02 -0.100651368    
   3.98000002       7.60753304E-02 -0.101781897    
   3.99000001       7.64268860E-02 -0.102882847    
   4.00000000       7.67841265E-02 -0.103957005    
   4.01000023       7.71477222E-02 -0.105006292    
   4.01999998       7.75178447E-02 -0.106031917    
   4.03000021       7.78940842E-02 -0.107034899    
   4.03999996       7.82767609E-02 -0.108015724    
   4.05000019       7.86646605E-02 -0.108975351    
   4.05999994       7.90576935E-02 -0.109914660    
   4.07000017       7.94557706E-02 -0.110835202    
   4.07999992       7.98598006E-02 -0.111738026    
   4.09000015       8.02714229E-02 -0.112623885    
   4.09999990       8.06913227E-02 -0.113492720    
   4.11000013       8.11214298E-02 -0.114343993    
   4.11999989       8.15628394E-02 -0.115175828    
   4.13000011       8.20163712E-02 -0.115985781    
   4.13999987       8.24810341E-02 -0.116771504    
   4.15000010       8.29545632E-02 -0.117530562    
   4.15999985       8.34347531E-02 -0.118261255    
   4.17000008       8.39193687E-02 -0.118962340    
   4.17999983       8.44053254E-02 -0.119633622    
   4.19000006       8.48896056E-02 -0.120275654    
   4.19999981       8.53692591E-02 -0.120890021    
   4.21000004       8.58396813E-02 -0.121479847    
   4.21999979       8.63032341E-02 -0.122047842    
   4.23000002       8.67605656E-02 -0.122597069    
   4.23999977       8.72126147E-02 -0.123129316    
   4.25000000       8.76626074E-02 -0.123644605    
   4.26000023       8.81121382E-02 -0.124141499    
   4.26999998       8.85627493E-02 -0.124617703    
   4.28000021       8.90142620E-02 -0.125070661    
   4.28999996       8.94649625E-02 -0.125498191    
   4.30000019       8.99138227E-02 -0.125898734    
   4.30999994       9.03580189E-02 -0.126270443    
   4.32000017       9.07965079E-02 -0.126612350    
   4.32999992       9.12266225E-02 -0.126923695    
   4.34000015       9.16459486E-02 -0.127204299    
   4.34999990       9.20541212E-02 -0.127453372    
   4.36000013       9.24487785E-02 -0.127670631    
   4.36999989       9.28258151E-02 -0.127855331    
   4.38000011       9.31877121E-02 -0.128004268    
   4.38999987       9.35291201E-02 -0.128115058    
   4.40000010       9.38438028E-02 -0.128185228    
   4.40999985       9.41270217E-02 -0.128212273    
   4.42000008       9.43688303E-02 -0.128196135    
   4.42999983       9.45624709E-02 -0.128137574    
   4.44000006       9.46951509E-02 -0.128040358    
   4.44999981       9.47597697E-02 -0.127908900    
   4.46000004       9.47438627E-02 -0.127750784    
   4.46999979       9.46378410E-02 -0.127575755    
   4.48000002       9.44327563E-02 -0.127397612    
   4.48999977       9.41185355E-02 -0.127235770    
   4.50000000       9.36906487E-02 -0.127113953    
   4.51000023       9.31542963E-02 -0.127059519    
   4.51999998       9.25218090E-02 -0.127100617    
   4.53000021       9.18170288E-02 -0.127261728    
   4.53999996       9.10736471E-02 -0.127557442    
   4.55000019       9.03270915E-02 -0.127990261    
   4.55999994       8.96093026E-02 -0.128550366    
   4.57000017       8.89472291E-02 -0.129217789    
   4.57999992       8.83546919E-02 -0.129968718    
   4.59000015       8.78389254E-02 -0.130779371    
   4.59999990       8.73997286E-02 -0.131628558    
   4.61000013       8.70314837E-02 -0.132500380    
   4.61999989       8.67272019E-02 -0.133382976    
   4.63000011       8.64801705E-02 -0.134268090    
   4.63999987       8.62822011E-02 -0.135150358    
   4.65000010       8.61285627E-02 -0.136025086    
   4.65999985       8.60139802E-02 -0.136888906    
   4.67000008       8.59333947E-02 -0.137739360    
   4.67999983       8.58829543E-02 -0.138574541    
   4.69000006       8.58555585E-02 -0.139394671    
   4.69999981       8.58476236E-02 -0.140200123    
   4.71000004       8.58555958E-02 -0.140992686    
   4.71999979       8.58792812E-02 -0.141773537    
   4.73000002       8.59191492E-02 -0.142543823    
   4.73999977       8.59735757E-02 -0.143303141    
   4.75000000       8.60419646E-02 -0.144050643    
   4.76000023       8.61233100E-02 -0.144784853    
   4.76999998       8.62159878E-02 -0.145504624    
   4.78000021       8.63179266E-02 -0.146209762    
   4.78999996       8.64282325E-02 -0.146900713    
   4.80000019       8.65428746E-02 -0.147578269    
   4.80999994       8.66600871E-02 -0.148242638    
   4.82000017       8.67804587E-02 -0.148894772    
   4.82999992       8.69005919E-02 -0.149535298    
   4.84000015       8.70221183E-02 -0.150165871    
   4.84999990       8.71412903E-02 -0.150788084    
   4.86000013       8.72598588E-02 -0.151404127    
   4.86999989       8.73783976E-02 -0.152015567    
   4.88000011       8.74969661E-02 -0.152622908    
   4.88999987       8.76199007E-02 -0.153226212    
   4.90000010       8.77480134E-02 -0.153824404    
   4.90999985       8.78801122E-02 -0.154415950    
   4.92000008       8.80157277E-02 -0.154999986    
   4.92999983       8.81530493E-02 -0.155575603    
   4.94000006       8.82943049E-02 -0.156142488    
   4.94999981       8.84374231E-02 -0.156700432    
   4.96000004       8.85842517E-02 -0.157249257    
   4.96999979       8.87283310E-02 -0.157788396    
   4.98000002       8.88705552E-02 -0.158318117    
   4.98999977       8.90122801E-02 -0.158839136    
   5.00000000       8.91526639E-02 -0.159351602    
   5.01000023       8.92917886E-02 -0.159855843    
   5.01999998       8.94291699E-02 -0.160351604    
   5.03000021       8.95645618E-02 -0.160838202    
   5.03999996       8.96981880E-02 -0.161314890    
   5.05000019       8.98286328E-02 -0.161780611    
   5.05999994       8.99536014E-02 -0.162234083    
   5.07000017       9.00721997E-02 -0.162675217    
   5.07999992       9.01842490E-02 -0.163104072    
   5.09000015       9.02849212E-02 -0.163520902    
   5.09999990       9.03698057E-02 -0.163926721    
   5.11000013       9.04385820E-02 -0.164323643    
   5.11999989       9.04893652E-02 -0.164714083    
   5.13000011       9.05191451E-02 -0.165100262    
   5.13999987       9.05304104E-02 -0.165485650    
   5.15000010       9.05208290E-02 -0.165873393    
   5.15999985       9.04866755E-02 -0.166266933    
   5.17000008       9.04309377E-02 -0.166671157    
   5.17999983       9.03549641E-02 -0.167091131    
   5.19000006       9.02625471E-02 -0.167531148    
   5.19999981       9.01582986E-02 -0.167994291    
   5.21000004       9.00472999E-02 -0.168482006    
   5.21999979       8.99363980E-02 -0.168994263    
   5.23000002       8.98282155E-02 -0.169528946    
   5.23999977       8.97271782E-02 -0.170083478    
   5.25000000       8.96382704E-02 -0.170655563    
   5.26000023       8.95575956E-02 -0.171241030    
   5.26999998       8.94873962E-02 -0.171838239    
   5.28000021       8.94286856E-02 -0.172445461    
   5.28999996       8.93796161E-02 -0.173060760    
   5.30000019       8.93456042E-02 -0.173684210    
   5.30999994       8.93241987E-02 -0.174313217    
   5.32000017       8.93148333E-02 -0.174946085    
   5.32999992       8.93210247E-02 -0.175581977    
   5.34000015       8.93373638E-02 -0.176217824    
   5.34999990       8.93649161E-02 -0.176852673    
   5.36000013       8.94057527E-02 -0.177485853    
   5.36999989       8.94536898E-02 -0.178115144    
   5.38000011       8.95147026E-02 -0.178741857    
   5.38999987       8.95795375E-02 -0.179363668    
   5.40000010       8.96478817E-02 -0.179981843    
   5.40999985       8.97230506E-02 -0.180598110    
   5.42000008       8.98037851E-02 -0.181213081    
   5.42999983       8.98912847E-02 -0.181827784    
   5.44000006       8.99858028E-02 -0.182442024    
   5.44999981       9.00903419E-02 -0.183056042    
   5.46000004       9.02052745E-02 -0.183668151    
   5.46999979       9.03307870E-02 -0.184275970    
   5.48000002       9.04731229E-02 -0.184877649    
   5.48999977       9.06298682E-02 -0.185468674    
   5.50000000       9.07998756E-02 -0.186044171    
   5.51000023       9.09823030E-02 -0.186600521    
   5.51999998       9.11678597E-02 -0.187132597    
   5.53000021       9.13506076E-02 -0.187639266    
   5.53999996       9.15252715E-02 -0.188122004    
   5.55000019       9.16882679E-02 -0.188584894    
   5.55999994       9.18330997E-02 -0.189032167    
   5.57000017       9.19563025E-02 -0.189468935    
   5.57999992       9.20586288E-02 -0.189901248    
   5.59000015       9.21410918E-02 -0.190334186    
   5.59999990       9.22081620E-02 -0.190773025    
   5.61000013       9.22591388E-02 -0.191220030    
   5.61999989       9.23010111E-02 -0.191678032    
   5.63000011       9.23373401E-02 -0.192147404    
   5.63999987       9.23686028E-02 -0.192626417    
   5.65000010       9.23990607E-02 -0.193114191    
   5.65999985       9.24293101E-02 -0.193608493    
   5.67000008       9.24605429E-02 -0.194107756    
   5.67999983       9.24959332E-02 -0.194611326    
   5.69000006       9.25330073E-02 -0.195117071    
   5.69999981       9.25708339E-02 -0.195623875    
   5.71000004       9.26084816E-02 -0.196131229    
   5.71999979       9.26435292E-02 -0.196638525    
   5.73000002       9.26759988E-02 -0.197146833    
   5.73999977       9.27098766E-02 -0.197658762    
   5.75000000       9.27403942E-02 -0.198173821    
   5.76000023       9.27630365E-02 -0.198691443    
   5.76999998       9.27886218E-02 -0.199216545    
   5.78000021       9.28092822E-02 -0.199746683    
   5.78999996       9.28355530E-02 -0.200285822    
   5.80000019       9.28635895E-02 -0.200831488    
   5.80999994       9.28987339E-02 -0.201383814    
   5.82000017       9.29387212E-02 -0.201939151    
   5.82999992       9.29871798E-02 -0.202496171    
   5.84000015       9.30390954E-02 -0.203050494    
   5.84999990       9.30987969E-02 -0.203602582    
   5.86000013       9.31611359E-02 -0.204150364    
   5.86999989       9.32280645E-02 -0.204695597    
   5.88000011       9.32918638E-02 -0.205237061    
   5.88999987       9.33471546E-02 -0.205775350    
   5.90000010       9.34001356E-02 -0.206315979    
   5.90999985       9.34495702E-02 -0.206860825    
   5.92000008       9.34970006E-02 -0.207411706    
   5.92999983       9.35441181E-02 -0.207969502    
   5.94000006       9.35952067E-02 -0.208535239    
   5.94999981       9.36503485E-02 -0.209107146    
   5.96000004       9.37147960E-02 -0.209685430    
   5.96999979       9.37797874E-02 -0.210263446    
   5.98000002       9.38634723E-02 -0.210846782    
   5.98999977       9.39509347E-02 -0.211426035    
   6.00000000       9.40487757E-02 -0.212002367    
