1.00000000000000e-02	1.80543144207021e+27
2.00000000000000e-02	7.22185679881714e+27
3.00000000000000e-02	1.62495293112998e+28
4.00000000000000e-02	2.88894994738566e+28
5.00000000000000e-02	4.51422778655712e+28
6.00000000000000e-02	6.50086211316744e+28
7.00000000000000e-02	8.84915869410817e+28
8.00000000000000e-02	1.15591216811616e+29
9.00000000000000e-02	1.46310321183086e+29
1.00000000000000e-01	1.80649663478025e+29
1.10000000000000e-01	2.18613326752636e+29
1.20000000000000e-01	2.60204313277922e+29
1.30000000000000e-01	3.05425916095954e+29
1.40000000000000e-01	3.54278929014471e+29
1.50000000000000e-01	4.06772191449879e+29
1.60000000000000e-01	4.62901942331420e+29
1.70000000000000e-01	5.22674360372060e+29
1.80000000000000e-01	5.86102072453115e+29
1.90000000000000e-01	6.53176736899370e+29
2.00000000000000e-01	7.23909774812939e+29
2.10000000000000e-01	7.98306484961766e+29
2.20000000000000e-01	8.76380856272626e+29
2.30000000000000e-01	9.58121748324798e+29
2.40000000000000e-01	1.04355257864098e+30
2.50000000000000e-01	1.13264906558422e+30
2.60000000000000e-01	1.22546299073953e+30
2.70000000000000e-01	1.32194803210700e+30
2.80000000000000e-01	1.42217900919909e+30
2.90000000000000e-01	1.52609111139757e+30
3.00000000000000e-01	1.63374586988250e+30
3.10000000000000e-01	1.74513108295551e+30
3.20000000000000e-01	1.86022820857574e+30
3.30000000000000e-01	1.97909652739495e+30
3.40000000000000e-01	2.10170042081210e+30
3.50000000000000e-01	2.22808656202738e+30
3.60000000000000e-01	2.35825249132227e+30
3.70000000000000e-01	2.49220089514960e+30
3.80000000000000e-01	2.62994221899118e+30
3.90000000000000e-01	2.77145960191680e+30
4.00000000000000e-01	2.91682226497593e+30
4.10000000000000e-01	3.06597980686864e+30
4.20000000000000e-01	3.21896881004761e+30
4.30000000000000e-01	3.37580891814521e+30
4.40000000000000e-01	3.53655307839975e+30
4.50000000000000e-01	3.70112556611997e+30
4.60000000000000e-01	3.86958614199777e+30
4.70000000000000e-01	4.04193732964229e+30
4.80000000000000e-01	4.21821167316586e+30
4.90000000000000e-01	4.39840622208953e+30
5.00000000000000e-01	4.58254248235936e+30
5.10000000000000e-01	4.77059257361028e+30
5.20000000000000e-01	4.96265279238391e+30
5.30000000000000e-01	5.15865559582742e+30
5.40000000000000e-01	5.35864126398793e+30
5.50000000000000e-01	5.56271858515984e+30
5.60000000000000e-01	5.77071357573027e+30
5.70000000000000e-01	5.98267993744030e+30
5.80000000000000e-01	6.19891608145075e+30
5.90000000000000e-01	6.41903299261345e+30
6.00000000000000e-01	6.64331592449093e+30
6.10000000000000e-01	6.87166903809313e+30
6.20000000000000e-01	7.10414796703838e+30
6.30000000000000e-01	7.34070559477319e+30
6.40000000000000e-01	7.58161528490228e+30
6.50000000000000e-01	7.82655874156072e+30
6.60000000000000e-01	8.07572214814121e+30
6.70000000000000e-01	8.32896170848926e+30
6.80000000000000e-01	8.58645114535648e+30
6.90000000000000e-01	8.84831842643293e+30
7.00000000000000e-01	9.11451506521939e+30
7.10000000000000e-01	9.38484958083338e+30
7.20000000000000e-01	9.65944539725285e+30
7.30000000000000e-01	9.93850919409293e+30
7.40000000000000e-01	1.02217890889745e+31
7.50000000000000e-01	1.05094987639966e+31
7.60000000000000e-01	1.08015792354677e+31
7.70000000000000e-01	1.10981084255923e+31
7.80000000000000e-01	1.13989534512319e+31
7.90000000000000e-01	1.17043245125098e+31
8.00000000000000e-01	1.20140463647197e+31
8.10000000000000e-01	1.23283434211368e+31
8.20000000000000e-01	1.26471708321963e+31
8.30000000000000e-01	1.29705200980638e+31
8.40000000000000e-01	1.32985571296790e+31
8.50000000000000e-01	1.36309439128125e+31
8.60000000000000e-01	1.39680694330086e+31
8.70000000000000e-01	1.43098926856570e+31
8.80000000000000e-01	1.46560762791901e+31
8.90000000000000e-01	1.50071666953638e+31
9.00000000000000e-01	1.53628231080970e+31
9.10000000000000e-01	1.57231537663417e+31
9.20000000000000e-01	1.60883101481371e+31
9.30000000000000e-01	1.64583258254798e+31
9.40000000000000e-01	1.68330975626378e+31
9.50000000000000e-01	1.72124637343034e+31
9.60000000000000e-01	1.75966801191672e+31
9.70000000000000e-01	1.79859193445787e+31
9.80000000000000e-01	1.83798771003294e+31
9.90000000000000e-01	1.87787699692466e+31
1.00000000000000e+00	1.91828434113658e+31
1.01000000000000e+00	1.95914082993600e+31
1.02000000000000e+00	2.00048376148202e+31
1.03000000000000e+00	2.04236006961855e+31
1.04000000000000e+00	2.08471330959195e+31
1.05000000000000e+00	2.12757454022597e+31
1.06000000000000e+00	2.17091732310008e+31
1.07000000000000e+00	2.21477539121090e+31
1.08000000000000e+00	2.25913314000006e+31
1.09000000000000e+00	2.30399327966520e+31
1.10000000000000e+00	2.34936857792218e+31
1.11000000000000e+00	2.39523486542460e+31
1.12000000000000e+00	2.44159483895921e+31
1.13000000000000e+00	2.48845956749669e+31
1.14000000000000e+00	2.53583954689589e+31
1.15000000000000e+00	2.58374594918219e+31
1.16000000000000e+00	2.63212827201605e+31
1.17000000000000e+00	2.68101714913637e+31
1.18000000000000e+00	2.73042142318747e+31
1.19000000000000e+00	2.78030859944109e+31
1.20000000000000e+00	2.83070913436499e+31
1.21000000000000e+00	2.88157631090883e+31
1.22000000000000e+00	2.93294025623412e+31
1.23000000000000e+00	2.98482856163659e+31
1.24000000000000e+00	3.03714820082695e+31
1.25000000000000e+00	3.08998800901382e+31
1.26000000000000e+00	3.14326155503335e+31
1.27000000000000e+00	3.19704314361098e+31
1.28000000000000e+00	3.25120082306260e+31
1.29000000000000e+00	3.30588141808794e+31
1.30000000000000e+00	3.36092198845922e+31
1.31000000000000e+00	3.41644747601203e+31
1.32000000000000e+00	3.47236608645525e+31
1.33000000000000e+00	3.52867683491901e+31
1.34000000000000e+00	3.58534936986102e+31
1.35000000000000e+00	3.64238139049528e+31
1.36000000000000e+00	3.69971648431321e+31
1.37000000000000e+00	3.75743100800880e+31
1.38000000000000e+00	3.81537874466368e+31
1.39000000000000e+00	3.87357486854129e+31
1.40000000000000e+00	3.93204322559725e+31
1.41000000000000e+00	3.99063558638651e+31
1.42000000000000e+00	4.04938068906854e+31
1.43000000000000e+00	4.10819379768506e+31
1.44000000000000e+00	4.16708188465133e+31
1.45000000000000e+00	4.22588247514644e+31
1.46000000000000e+00	4.28466598039802e+31
1.47000000000000e+00	4.34319146712460e+31
1.48000000000000e+00	4.40152009021243e+31
1.49000000000000e+00	4.45943612246087e+31
1.50000000000000e+00	4.51687006876240e+31
1.51000000000000e+00	4.57369476608466e+31
1.52000000000000e+00	4.62971896751281e+31
1.53000000000000e+00	4.68486680865594e+31
1.54000000000000e+00	4.73880656529840e+31
1.55000000000000e+00	4.79134196889719e+31
1.56000000000000e+00	4.84218148783324e+31
1.57000000000000e+00	4.89104726181290e+31
1.58000000000000e+00	4.93739830477153e+31
1.59000000000000e+00	4.98079190349375e+31
1.60000000000000e+00	5.02044342131027e+31
1.61000000000000e+00	5.05559468809419e+31
1.62000000000000e+00	5.08509879306173e+31
1.63000000000000e+00	5.10767466111397e+31
1.64000000000000e+00	5.12185629699677e+31
1.65000000000000e+00	5.12646419209169e+31
1.66000000000000e+00	5.12048814378433e+31
1.67000000000000e+00	5.10402830078622e+31
1.68000000000000e+00	5.07772332746703e+31
1.69000000000000e+00	5.04333954769574e+31
1.70000000000000e+00	5.00316404717109e+31
1.71000000000000e+00	4.96051477878180e+31
1.72000000000000e+00	4.91979389195901e+31
1.73000000000000e+00	4.88729321216859e+31
1.74000000000000e+00	4.87131378866249e+31
1.75000000000000e+00	4.88126288844863e+31
1.76000000000000e+00	4.92653431729160e+31
1.77000000000000e+00	5.01504746931598e+31
1.78000000000000e+00	5.15197155085598e+31
1.79000000000000e+00	5.33829466690825e+31
1.80000000000000e+00	5.57021753188282e+31
1.81000000000000e+00	5.83945642131032e+31
1.82000000000000e+00	6.13470132232446e+31
1.83000000000000e+00	6.44450486563199e+31
1.84000000000000e+00	6.76025393327603e+31
1.85000000000000e+00	7.07796662696206e+31
1.86000000000000e+00	7.39762127892713e+31
1.87000000000000e+00	7.72220665369631e+31
1.88000000000000e+00	8.05620433553083e+31
1.89000000000000e+00	8.40432280004108e+31
1.90000000000000e+00	8.77182859110611e+31
1.91000000000000e+00	9.16356837377781e+31
1.92000000000000e+00	9.58463043546982e+31
1.93000000000000e+00	1.00397373628340e+32
1.94000000000000e+00	1.05335463655564e+32
1.95000000000000e+00	1.10707067111978e+32
1.96000000000000e+00	1.16560353832432e+32
1.97000000000000e+00	1.22950593607202e+32
1.98000000000000e+00	1.29941115284604e+32
1.99000000000000e+00	1.37601992208895e+32
2.00000000000000e+00	1.46008879063407e+32
2.01000000000000e+00	1.55232159347843e+32
2.02000000000000e+00	1.65333219625732e+32
2.03000000000000e+00	1.76355055803252e+32
2.04000000000000e+00	1.88307548553924e+32
2.05000000000000e+00	2.01166176471650e+32
2.06000000000000e+00	2.14858421658583e+32
2.07000000000000e+00	2.29247729921595e+32
2.08000000000000e+00	2.44127174863243e+32
2.09000000000000e+00	2.59190589366439e+32
2.10000000000000e+00	2.74033619193638e+32
2.11000000000000e+00	2.88170358182126e+32
2.12000000000000e+00	3.01076842494712e+32
2.13000000000000e+00	3.12284927367322e+32
2.14000000000000e+00	3.21489986138712e+32
2.15000000000000e+00	3.28606564045414e+32
2.16000000000000e+00	3.33784071728198e+32
2.17000000000000e+00	3.37301925269827e+32
2.18000000000000e+00	3.39475440330472e+32
2.19000000000000e+00	3.40517397458060e+32
2.20000000000000e+00	3.40514663925196e+32
2.21000000000000e+00	3.39431105837738e+32
2.22000000000000e+00	3.37197848349795e+32
2.23000000000000e+00	3.33866387865234e+32
2.24000000000000e+00	3.29716126086985e+32
2.25000000000000e+00	3.25353407250352e+32
2.26000000000000e+00	3.21654006624430e+32
2.27000000000000e+00	3.19649971114321e+32
2.28000000000000e+00	3.20381521928301e+32
2.29000000000000e+00	3.24767783065084e+32
2.30000000000000e+00	3.33516191017271e+32
2.31000000000000e+00	3.47064830470477e+32
2.32000000000000e+00	3.65536512554433e+32
2.33000000000000e+00	3.88689684017872e+32
2.34000000000000e+00	4.15881681106634e+32
2.35000000000000e+00	4.46119815399364e+32
2.36000000000000e+00	4.78112212651323e+32
2.37000000000000e+00	5.10425127171939e+32
2.38000000000000e+00	5.41620897670302e+32
2.39000000000000e+00	5.70332524029979e+32
2.40000000000000e+00	5.95355569129158e+32
2.41000000000000e+00	6.15710586527003e+32
2.42000000000000e+00	6.30749139120421e+32
2.43000000000000e+00	6.40219153245702e+32
2.44000000000000e+00	6.44255979237815e+32
2.45000000000000e+00	6.43386481156493e+32
2.46000000000000e+00	6.38366410514946e+32
2.47000000000000e+00	6.30185803755918e+32
2.48000000000000e+00	6.19938606292480e+32
2.49000000000000e+00	6.08841287231319e+32
2.50000000000000e+00	5.98143034617982e+32
2.51000000000000e+00	5.89116823659333e+32
2.52000000000000e+00	5.82977194676937e+32
2.53000000000000e+00	5.80827619856038e+32
2.54000000000000e+00	5.83586020062159e+32
2.55000000000000e+00	5.91950001172752e+32
2.56000000000000e+00	6.06325521122150e+32
2.57000000000000e+00	6.26767246577317e+32
2.58000000000000e+00	6.52929430045301e+32
2.59000000000000e+00	6.84021435693200e+32
2.60000000000000e+00	7.18693655073305e+32
2.61000000000000e+00	7.55040854951519e+32
2.62000000000000e+00	7.90603203965191e+32
2.63000000000000e+00	8.22602171467425e+32
2.64000000000000e+00	8.48510831659790e+32
2.65000000000000e+00	8.66743531615706e+32
2.66000000000000e+00	8.77272472105822e+32
2.67000000000000e+00	8.81589861505957e+32
2.68000000000000e+00	8.82110643753601e+32
2.69000000000000e+00	8.81279657997880e+32
2.70000000000000e+00	8.80853523232604e+32
2.71000000000000e+00	8.81585697154679e+32
2.72000000000000e+00	8.83227112965969e+32
2.73000000000000e+00	8.84816572466206e+32
2.74000000000000e+00	8.84990643517269e+32
2.75000000000000e+00	8.82379582083336e+32
2.76000000000000e+00	8.75867118288510e+32
2.77000000000000e+00	8.64787022578576e+32
2.78000000000000e+00	8.48910520179252e+32
2.79000000000000e+00	8.28430084343509e+32
2.80000000000000e+00	8.03834119317769e+32
2.81000000000000e+00	7.75860281134759e+32
2.82000000000000e+00	7.45423986353458e+32
2.83000000000000e+00	7.13574329658278e+32
2.84000000000000e+00	6.81460369451513e+32
2.85000000000000e+00	6.50264030130717e+32
2.86000000000000e+00	6.21141281660328e+32
2.87000000000000e+00	5.95176887302259e+32
2.88000000000000e+00	5.73292810502539e+32
2.89000000000000e+00	5.56193280764637e+32
2.90000000000000e+00	5.44304988568401e+32
2.91000000000000e+00	5.37750524969222e+32
2.92000000000000e+00	5.36307183003481e+32
2.93000000000000e+00	5.39449505667685e+32
2.94000000000000e+00	5.46370137863103e+32
2.95000000000000e+00	5.56051622184334e+32
2.96000000000000e+00	5.67397223100018e+32
2.97000000000000e+00	5.79290642372516e+32
2.98000000000000e+00	5.90757821312668e+32
2.99000000000000e+00	6.00964358995794e+32
3.00000000000000e+00	6.09270126498692e+32
3.01000000000000e+00	6.15146909159809e+32
3.02000000000000e+00	6.18158092508769e+32
3.03000000000000e+00	6.17949872904855e+32
3.04000000000000e+00	6.14267657343270e+32
3.05000000000000e+00	6.06995409306964e+32
3.06000000000000e+00	5.96191212951684e+32
3.07000000000000e+00	5.82123242096261e+32
3.08000000000000e+00	5.65244452165117e+32
3.09000000000000e+00	5.46130027943323e+32
3.10000000000000e+00	5.25445409755505e+32
3.11000000000000e+00	5.03854093124145e+32
3.12000000000000e+00	4.81951850534125e+32
3.13000000000000e+00	4.60219422117392e+32
3.14000000000000e+00	4.38990358086525e+32
3.15000000000000e+00	4.18436626936127e+32
3.16000000000000e+00	3.98631157267933e+32
3.17000000000000e+00	3.79569044825525e+32
3.18000000000000e+00	3.61227086925512e+32
3.19000000000000e+00	3.43629746928880e+32
3.20000000000000e+00	3.26835102857749e+32
3.21000000000000e+00	3.10945333282459e+32
3.22000000000000e+00	2.96067307874699e+32
3.23000000000000e+00	2.82289855362741e+32
3.24000000000000e+00	2.69675009982767e+32
3.25000000000000e+00	2.58253635013162e+32
3.26000000000000e+00	2.48044312651434e+32
3.27000000000000e+00	2.39056503757698e+32
3.28000000000000e+00	2.31279709032034e+32
3.29000000000000e+00	2.24692572287716e+32
3.30000000000000e+00	2.19242478369663e+32
3.31000000000000e+00	2.14838996242859e+32
3.32000000000000e+00	2.11367380296586e+32
3.33000000000000e+00	2.08670059881253e+32
3.34000000000000e+00	2.06569098503812e+32
3.35000000000000e+00	2.04856750701610e+32
3.36000000000000e+00	2.03310704707404e+32
3.37000000000000e+00	2.01705503987195e+32
3.38000000000000e+00	1.99831241227712e+32
3.39000000000000e+00	1.97521051132874e+32
3.40000000000000e+00	1.94662652922889e+32
3.41000000000000e+00	1.91204815976617e+32
3.42000000000000e+00	1.87158692058635e+32
3.43000000000000e+00	1.82581733616472e+32
3.44000000000000e+00	1.77565215208236e+32
3.45000000000000e+00	1.72218656092509e+32
3.46000000000000e+00	1.66655820429190e+32
3.47000000000000e+00	1.60987745313444e+32
3.48000000000000e+00	1.55323253093763e+32
3.49000000000000e+00	1.49758693311413e+32
3.50000000000000e+00	1.44384721444927e+32
3.51000000000000e+00	1.39283044508323e+32
3.52000000000000e+00	1.34528506902332e+32
3.53000000000000e+00	1.30184072192742e+32
3.54000000000000e+00	1.26303729026777e+32
3.55000000000000e+00	1.22925610044104e+32
3.56000000000000e+00	1.20075407026035e+32
3.57000000000000e+00	1.17766921788394e+32
3.58000000000000e+00	1.16000689493631e+32
3.59000000000000e+00	1.14774518045224e+32
3.60000000000000e+00	1.14074687943684e+32
3.61000000000000e+00	1.13880602360367e+32
3.62000000000000e+00	1.14153806116259e+32
3.63000000000000e+00	1.14841555239508e+32
3.64000000000000e+00	1.15869502658843e+32
3.65000000000000e+00	1.17144522462110e+32
3.66000000000000e+00	1.18562375857300e+32
3.67000000000000e+00	1.20011428316115e+32
3.68000000000000e+00	1.21385887132902e+32
3.69000000000000e+00	1.22589209739958e+32
3.70000000000000e+00	1.23541598046991e+32
3.71000000000000e+00	1.24183815449908e+32
3.72000000000000e+00	1.24478157957220e+32
3.73000000000000e+00	1.24414725238415e+32
3.74000000000000e+00	1.24007327005710e+32
3.75000000000000e+00	1.23296851084599e+32
3.76000000000000e+00	1.22344684526774e+32
3.77000000000000e+00	1.21221963705429e+32
3.78000000000000e+00	1.20001423380309e+32
3.79000000000000e+00	1.18744582206901e+32
3.80000000000000e+00	1.17493985167735e+32
3.81000000000000e+00	1.16269637908563e+32
3.82000000000000e+00	1.15076136829045e+32
3.83000000000000e+00	1.13901173071359e+32
3.84000000000000e+00	1.12724171752137e+32
3.85000000000000e+00	1.11522867121778e+32
3.86000000000000e+00	1.10282679906226e+32
3.87000000000000e+00	1.08991540050381e+32
3.88000000000000e+00	1.07654157543190e+32
3.89000000000000e+00	1.06284733419938e+32
3.90000000000000e+00	1.04911324264518e+32
3.91000000000000e+00	1.03566649778343e+32
3.92000000000000e+00	1.02288497124529e+32
3.93000000000000e+00	1.01107739905737e+32
3.94000000000000e+00	1.00055832398175e+32
3.95000000000000e+00	9.91480038372952e+31
3.96000000000000e+00	9.83914373905427e+31
3.97000000000000e+00	9.77847557171335e+31
3.98000000000000e+00	9.73174191001964e+31
3.99000000000000e+00	9.69736423504636e+31
4.00000000000000e+00	9.67352598165059e+31
4.01000000000000e+00	9.65787934636438e+31
4.02000000000000e+00	9.64701385129732e+31
4.03000000000000e+00	9.63669503153048e+31
4.04000000000000e+00	9.62181309034722e+31
4.05000000000000e+00	9.59677299707118e+31
4.06000000000000e+00	9.55578576038991e+31
4.07000000000000e+00	9.49408926525951e+31
4.08000000000000e+00	9.40836192581785e+31
4.09000000000000e+00	9.29678590467368e+31
4.10000000000000e+00	9.15955442784528e+31
4.11000000000000e+00	8.99780629807306e+31
4.12000000000000e+00	8.81429597072975e+31
4.13000000000000e+00	8.61174084279106e+31
4.14000000000000e+00	8.39346898631442e+31
4.15000000000000e+00	8.16283444482597e+31
4.16000000000000e+00	7.92290106174989e+31
4.17000000000000e+00	7.67629338290565e+31
4.18000000000000e+00	7.42560665552393e+31
4.19000000000000e+00	7.17280507266958e+31
4.20000000000000e+00	6.91953141871366e+31
4.21000000000000e+00	6.66691222280979e+31
4.22000000000000e+00	6.41595553636920e+31
4.23000000000000e+00	6.16761757542045e+31
4.24000000000000e+00	5.92300888258304e+31
4.25000000000000e+00	5.68367544998326e+31
4.26000000000000e+00	5.45178037681385e+31
4.27000000000000e+00	5.22983884584751e+31
4.28000000000000e+00	5.02070305721936e+31
4.29000000000000e+00	4.82711376918687e+31
4.30000000000000e+00	4.65127407236106e+31
4.31000000000000e+00	4.49445609366413e+31
4.32000000000000e+00	4.35679006376077e+31
4.33000000000000e+00	4.23714298042260e+31
4.34000000000000e+00	4.13329076118950e+31
4.35000000000000e+00	4.04221572619183e+31
4.36000000000000e+00	3.96036719844999e+31
4.37000000000000e+00	3.88406681467301e+31
4.38000000000000e+00	3.80981699763690e+31
4.39000000000000e+00	3.73442386402712e+31
4.40000000000000e+00	3.65519002986722e+31
4.41000000000000e+00	3.56991086646723e+31
4.42000000000000e+00	3.47695626331654e+31
4.43000000000000e+00	3.37531916502641e+31
4.44000000000000e+00	3.26464483263344e+31
4.45000000000000e+00	3.14537029968796e+31
4.46000000000000e+00	3.01870860243844e+31
4.47000000000000e+00	2.88660502632600e+31
4.48000000000000e+00	2.75167985134339e+31
4.49000000000000e+00	2.61704970029983e+31
4.50000000000000e+00	2.48612927506359e+31
4.51000000000000e+00	2.36245652550118e+31
4.52000000000000e+00	2.24946860316144e+31
4.53000000000000e+00	2.15034675844155e+31
4.54000000000000e+00	2.06789079633962e+31
4.55000000000000e+00	2.00440411212868e+31
4.56000000000000e+00	1.96164420814853e+31
4.57000000000000e+00	1.94083154981880e+31
4.58000000000000e+00	1.94261610183756e+31
4.59000000000000e+00	1.96713437184470e+31
4.60000000000000e+00	2.01401378519212e+31
4.61000000000000e+00	2.08244636055624e+31
4.62000000000000e+00	2.17122163111766e+31
4.63000000000000e+00	2.27881254877446e+31
4.64000000000000e+00	2.40338584802956e+31
4.65000000000000e+00	2.54300554594450e+31
4.66000000000000e+00	2.69569803420553e+31
4.67000000000000e+00	2.85963712704071e+31
4.68000000000000e+00	3.03335257589142e+31
4.69000000000000e+00	3.21584407387356e+31
4.70000000000000e+00	3.40682034381833e+31
4.71000000000000e+00	3.60680506083503e+31
4.72000000000000e+00	3.81723033960126e+31
4.73000000000000e+00	4.04049130978273e+31
4.74000000000000e+00	4.27997173618899e+31
4.75000000000000e+00	4.53963971161954e+31
4.76000000000000e+00	4.82347716558153e+31
4.77000000000000e+00	5.13471456009979e+31
4.78000000000000e+00	5.47457745134524e+31
4.79000000000000e+00	5.84127705076717e+31
4.80000000000000e+00	6.22919131375423e+31
4.81000000000000e+00	6.62874058694434e+31
4.82000000000000e+00	7.02691021598618e+31
4.83000000000000e+00	7.40869231878506e+31
4.84000000000000e+00	7.75894751084607e+31
4.85000000000000e+00	8.06487384558115e+31
4.86000000000000e+00	8.31808801448387e+31
4.87000000000000e+00	8.51627126902052e+31
4.88000000000000e+00	8.66405453816740e+31
4.89000000000000e+00	8.77308930717886e+31
4.90000000000000e+00	8.86152575205822e+31
4.91000000000000e+00	8.95186188937071e+31
4.92000000000000e+00	9.06906044355499e+31
4.93000000000000e+00	9.23732158750151e+31
4.94000000000000e+00	9.47674858851096e+31
4.95000000000000e+00	9.80034535485259e+31
4.96000000000000e+00	1.02106227821569e+32
4.97000000000000e+00	1.06985063144654e+32
4.98000000000000e+00	1.12424327561906e+32
4.99000000000000e+00	1.18096421160870e+32
5.00000000000000e+00	1.23594724522613e+32
5.01000000000000e+00	1.28470583862380e+32
5.02000000000000e+00	1.32283428777478e+32
5.03000000000000e+00	1.34663606447379e+32
5.04000000000000e+00	1.35340463052973e+32
5.05000000000000e+00	1.34185474626921e+32
5.06000000000000e+00	1.31229842136178e+32
5.07000000000000e+00	1.26652705435623e+32
5.08000000000000e+00	1.20772185933453e+32
5.09000000000000e+00	1.14007782642136e+32
5.10000000000000e+00	1.06843420212880e+32
5.11000000000000e+00	9.97831168344526e+31
5.12000000000000e+00	9.33049696547337e+31
5.13000000000000e+00	8.78241340896470e+31
5.14000000000000e+00	8.36619681991431e+31
5.15000000000000e+00	8.10172854040649e+31
5.16000000000000e+00	7.99506198728774e+31
5.17000000000000e+00	8.03758059299452e+31
5.18000000000000e+00	8.20567798697009e+31
5.19000000000000e+00	8.46217807272674e+31
5.20000000000000e+00	8.76047572557469e+31
5.21000000000000e+00	9.04804234167810e+31
5.22000000000000e+00	9.27484572301587e+31
5.23000000000000e+00	9.40052612876264e+31
5.24000000000000e+00	9.40118279066835e+31
5.25000000000000e+00	9.27556850663552e+31
5.26000000000000e+00	9.04731694551496e+31
5.27000000000000e+00	8.76323228822162e+31
5.28000000000000e+00	8.48817758923982e+31
5.29000000000000e+00	8.29577160593204e+31
5.30000000000000e+00	8.25647659640498e+31
5.31000000000000e+00	8.42441696841619e+31
5.32000000000000e+00	8.82720063738719e+31
5.33000000000000e+00	9.45962963425096e+31
5.34000000000000e+00	1.02820771639583e+32
5.35000000000000e+00	1.12274534801579e+32
5.36000000000000e+00	1.22099740811637e+32
5.37000000000000e+00	1.31395478740712e+32
5.38000000000000e+00	1.39311993040155e+32
5.39000000000000e+00	1.45152100240937e+32
5.40000000000000e+00	1.48403764333796e+32
5.41000000000000e+00	1.48768203396339e+32
5.42000000000000e+00	1.46140503999310e+32
5.43000000000000e+00	1.40586395114989e+32
5.44000000000000e+00	1.32351589899940e+32
5.45000000000000e+00	1.21822113818377e+32
5.46000000000000e+00	1.09508615480494e+32
5.47000000000000e+00	9.60270363898929e+31
5.48000000000000e+00	8.20161062839768e+31
5.49000000000000e+00	6.81067109131050e+31
5.50000000000000e+00	5.48249094172022e+31
5.51000000000000e+00	4.25780446514477e+31
5.52000000000000e+00	3.16263015870547e+31
5.53000000000000e+00	2.21293519285821e+31
5.54000000000000e+00	1.42149002872492e+31
5.55000000000000e+00	8.07652800438132e+30
5.56000000000000e+00	4.08062750293967e+30
5.57000000000000e+00	2.85214797576593e+30
5.58000000000000e+00	5.34432979378156e+30
5.59000000000000e+00	1.28710013053286e+31
5.60000000000000e+00	2.71144258936812e+31
5.61000000000000e+00	5.00687484526533e+31
5.62000000000000e+00	8.39675592301793e+31
5.63000000000000e+00	1.31162429915000e+32
5.64000000000000e+00	1.93941593830646e+32
5.65000000000000e+00	2.74332045164667e+32
5.66000000000000e+00	3.73861149545148e+32
5.67000000000000e+00	4.93306926902795e+32
5.68000000000000e+00	6.32471158428344e+32
5.69000000000000e+00	7.89883495016005e+32
5.70000000000000e+00	9.62702801096973e+32
5.71000000000000e+00	1.14662218198413e+33
5.72000000000000e+00	1.33589636569247e+33
5.73000000000000e+00	1.52367156491328e+33
5.74000000000000e+00	1.70235272654141e+33
5.75000000000000e+00	1.86428188261629e+33
5.76000000000000e+00	2.00236582735216e+33
5.77000000000000e+00	2.11083071806705e+33
5.78000000000000e+00	2.18565954310680e+33
5.79000000000000e+00	2.22501073771905e+33
5.80000000000000e+00	2.22908379017976e+33
5.81000000000000e+00	2.19986885967042e+33
5.82000000000000e+00	2.14065267563840e+33
5.83000000000000e+00	2.05562358242853e+33
5.84000000000000e+00	1.94939118848279e+33
5.85000000000000e+00	1.82678954289061e+33
5.86000000000000e+00	1.69257595607478e+33
5.87000000000000e+00	1.55131439200466e+33
5.88000000000000e+00	1.40733524897228e+33
5.89000000000000e+00	1.26436710795291e+33
5.90000000000000e+00	1.12562629093604e+33
5.91000000000000e+00	9.93612334874432e+32
5.92000000000000e+00	8.70232432380702e+32
5.93000000000000e+00	7.56918642354189e+32
5.94000000000000e+00	6.54910709776572e+32
5.95000000000000e+00	5.65404668762818e+32
5.96000000000000e+00	4.89733889912125e+32
5.97000000000000e+00	4.29385095738576e+32
5.98000000000000e+00	3.85826348806591e+32
5.99000000000000e+00	3.60262866637209e+32
6.00000000000000e+00	3.53298266776524e+32
6.01000000000000e+00	3.64603180131728e+32
6.02000000000000e+00	3.92704104839540e+32
6.03000000000000e+00	4.34931690046542e+32
6.04000000000000e+00	4.87556054773131e+32
6.05000000000000e+00	5.46122128405218e+32
6.06000000000000e+00	6.05854257519521e+32
6.07000000000000e+00	6.62099821624421e+32
6.08000000000000e+00	7.10715951919857e+32
6.09000000000000e+00	7.48364839319716e+32
6.10000000000000e+00	7.72686588991301e+32
6.11000000000000e+00	7.82376272035918e+32
6.12000000000000e+00	7.77187761969552e+32
6.13000000000000e+00	7.57886599966657e+32
6.14000000000000e+00	7.26119435155817e+32
6.15000000000000e+00	6.84319606000009e+32
6.16000000000000e+00	6.35473471935457e+32
6.17000000000000e+00	5.82931618486693e+32
6.18000000000000e+00	5.30163954034812e+32
6.19000000000000e+00	4.80463322110228e+32
6.20000000000000e+00	4.36727138186423e+32
6.21000000000000e+00	4.01232486574330e+32
6.22000000000000e+00	3.75543222181544e+32
6.23000000000000e+00	3.60457141360058e+32
6.24000000000000e+00	3.56079696929213e+32
6.25000000000000e+00	3.61951701021012e+32
6.26000000000000e+00	3.77210245929970e+32
6.27000000000000e+00	4.00757682244293e+32
6.28000000000000e+00	4.31403463912482e+32
6.29000000000000e+00	4.67986240990169e+32
6.30000000000000e+00	5.09410625349168e+32
6.31000000000000e+00	5.54674466150060e+32
6.32000000000000e+00	6.02846518681509e+32
6.33000000000000e+00	6.53047934095063e+32
6.34000000000000e+00	7.04402492146276e+32
6.35000000000000e+00	7.56065021313070e+32
6.36000000000000e+00	8.07202866408375e+32
6.37000000000000e+00	8.57017776219681e+32
6.38000000000000e+00	9.04812178699719e+32
6.39000000000000e+00	9.50022689293293e+32
6.40000000000000e+00	9.92235112747530e+32
6.41000000000000e+00	1.03124139361692e+33
6.42000000000000e+00	1.06702277116944e+33
6.43000000000000e+00	1.09973329080064e+33
6.44000000000000e+00	1.12963514183827e+33
6.45000000000000e+00	1.15704929244485e+33
6.46000000000000e+00	1.18227004418092e+33
6.47000000000000e+00	1.20551505918948e+33
6.48000000000000e+00	1.22685887737437e+33
6.49000000000000e+00	1.24622951461328e+33
6.50000000000000e+00	1.26341167182179e+33
6.51000000000000e+00	1.27812942870077e+33
6.52000000000000e+00	1.29004202298535e+33
6.53000000000000e+00	1.29887012666087e+33
6.54000000000000e+00	1.30440068535379e+33
6.55000000000000e+00	1.30656481267104e+33
6.56000000000000e+00	1.30545825025992e+33
6.57000000000000e+00	1.30129730847304e+33
6.58000000000000e+00	1.29441228333850e+33
6.59000000000000e+00	1.28512390808013e+33
6.60000000000000e+00	1.27365803988195e+33
6.61000000000000e+00	1.26000127208718e+33
6.62000000000000e+00	1.24384002224840e+33
6.63000000000000e+00	1.22447796855978e+33
6.64000000000000e+00	1.20090287260513e+33
6.65000000000000e+00	1.17181293237474e+33
6.66000000000000e+00	1.13579566111643e+33
6.67000000000000e+00	1.09150406481545e+33
6.68000000000000e+00	1.03786866680305e+33
6.69000000000000e+00	9.74369877784681e+32
6.70000000000000e+00	9.01285585347391e+32
6.71000000000000e+00	8.19956383876105e+32
6.72000000000000e+00	7.33000547975903e+32
6.73000000000000e+00	6.44421279219464e+32
6.74000000000000e+00	5.59512333895622e+32
6.75000000000000e+00	4.84601447937614e+32
6.76000000000000e+00	4.26490115872724e+32
6.77000000000000e+00	3.91714066813310e+32
6.78000000000000e+00	3.85684205656393e+32
6.79000000000000e+00	4.11865289572035e+32
6.80000000000000e+00	4.71162684076731e+32
6.81000000000000e+00	5.61689035679986e+32
6.82000000000000e+00	6.78875520884520e+32
6.83000000000000e+00	8.16020284673040e+32
6.84000000000000e+00	9.65039061568774e+32
6.85000000000000e+00	1.11724590212081e+33
6.86000000000000e+00	1.26409982382415e+33
6.87000000000000e+00	1.39775383022421e+33
6.88000000000000e+00	1.51138946339394e+33
6.89000000000000e+00	1.59938416862425e+33
6.90000000000000e+00	1.65756061148056e+33
6.91000000000000e+00	1.68318261395274e+33
6.92000000000000e+00	1.67508700784535e+33
6.93000000000000e+00	1.63387696251840e+33
6.94000000000000e+00	1.56164164171057e+33
6.95000000000000e+00	1.46207980832569e+33
6.96000000000000e+00	1.34007869494097e+33
6.97000000000000e+00	1.20144596782887e+33
6.98000000000000e+00	1.05254229974396e+33
6.99000000000000e+00	8.99840948255370e+32
7.00000000000000e+00	7.49535351145263e+32
7.01000000000000e+00	6.07182409555968e+32
7.02000000000000e+00	4.77436834279926e+32
7.03000000000000e+00	3.63806640229943e+32
7.04000000000000e+00	2.68579257673165e+32
7.05000000000000e+00	1.92804902905757e+32
7.06000000000000e+00	1.36391845641290e+32
7.07000000000000e+00	9.82979626549734e+31
7.08000000000000e+00	7.67472928822911e+31
7.09000000000000e+00	6.94878640571507e+31
7.10000000000000e+00	7.40315351946179e+31
7.11000000000000e+00	8.78609437492401e+31
7.12000000000000e+00	1.08602654916441e+32
7.13000000000000e+00	1.34145893710977e+32
7.14000000000000e+00	1.62723672977119e+32
7.15000000000000e+00	1.92934623823389e+32
7.16000000000000e+00	2.23760153269871e+32
7.17000000000000e+00	2.54503651793138e+32
7.18000000000000e+00	2.84750746118531e+32
7.19000000000000e+00	3.14302130976677e+32
7.20000000000000e+00	3.43087727110510e+32
7.21000000000000e+00	3.71074188535371e+32
7.22000000000000e+00	3.98207544971923e+32
7.23000000000000e+00	4.24338009482114e+32
7.24000000000000e+00	4.49201155537964e+32
7.25000000000000e+00	4.72403636665467e+32
7.26000000000000e+00	4.93457492428079e+32
7.27000000000000e+00	5.11820212133273e+32
7.28000000000000e+00	5.26979339214765e+32
7.29000000000000e+00	5.38513790144048e+32
7.30000000000000e+00	5.46171023529594e+32
7.31000000000000e+00	5.49903950832912e+32
7.32000000000000e+00	5.49915228178086e+32
7.33000000000000e+00	5.46665915151851e+32
7.34000000000000e+00	5.40840729101699e+32
7.35000000000000e+00	5.33307576685779e+32
7.36000000000000e+00	5.25059102727348e+32
7.37000000000000e+00	5.17122531208455e+32
7.38000000000000e+00	5.10492050195273e+32
7.39000000000000e+00	5.06062013444954e+32
7.40000000000000e+00	5.04558793381772e+32
7.41000000000000e+00	5.06498148415231e+32
7.42000000000000e+00	5.12192599539946e+32
7.43000000000000e+00	5.21733149942452e+32
7.44000000000000e+00	5.35029464736221e+32
7.45000000000000e+00	5.51835808305060e+32
7.46000000000000e+00	5.71788378258725e+32
7.47000000000000e+00	5.94451475393177e+32
7.48000000000000e+00	6.19333861178714e+32
7.49000000000000e+00	6.45908468572296e+32
7.50000000000000e+00	6.73615334731137e+32
7.51000000000000e+00	7.01843364136148e+32
7.52000000000000e+00	7.29935346600499e+32
7.53000000000000e+00	7.57159479626104e+32
7.54000000000000e+00	7.82721864880384e+32
7.55000000000000e+00	8.05791635515158e+32
7.56000000000000e+00	8.25526767617993e+32
7.57000000000000e+00	8.41101018459502e+32
7.58000000000000e+00	8.51808590388731e+32
7.59000000000000e+00	8.57086752456489e+32
7.60000000000000e+00	8.56559271242350e+32
7.61000000000000e+00	8.50114823658247e+32
7.62000000000000e+00	8.37861784207839e+32
7.63000000000000e+00	8.20152770440770e+32
7.64000000000000e+00	7.97533434415819e+32
7.65000000000000e+00	7.70696033106418e+32
7.66000000000000e+00	7.40433218395301e+32
7.67000000000000e+00	7.07578388814731e+32
7.68000000000000e+00	6.72940712826777e+32
7.69000000000000e+00	6.37273706578791e+32
7.70000000000000e+00	6.01265419845694e+32
7.71000000000000e+00	5.65517230785114e+32
7.72000000000000e+00	5.30564369582481e+32
7.73000000000000e+00	4.96861134742892e+32
7.74000000000000e+00	4.64827244007394e+32
7.75000000000000e+00	4.34813844415416e+32
7.76000000000000e+00	4.07130304400102e+32
7.77000000000000e+00	3.82010078835961e+32
7.78000000000000e+00	3.59633733863892e+32
7.79000000000000e+00	3.40099820630348e+32
7.80000000000000e+00	3.23461120475775e+32
7.81000000000000e+00	3.09717041642206e+32
7.82000000000000e+00	2.98856139153894e+32
7.83000000000000e+00	2.90856618945577e+32
7.84000000000000e+00	2.85704800020400e+32
7.85000000000000e+00	2.83420110838099e+32
7.86000000000000e+00	2.84019534253571e+32
7.87000000000000e+00	2.87514915233584e+32
7.88000000000000e+00	2.93877338344748e+32
7.89000000000000e+00	3.03009891416267e+32
7.90000000000000e+00	3.14717541817866e+32
7.91000000000000e+00	3.28671200638155e+32
7.92000000000000e+00	3.44414472987718e+32
7.93000000000000e+00	3.61375049087021e+32
7.94000000000000e+00	3.78880624548892e+32
7.95000000000000e+00	3.96223222318890e+32
7.96000000000000e+00	4.12668544787703e+32
7.97000000000000e+00	4.27539075448616e+32
7.98000000000000e+00	4.40255023816373e+32
7.99000000000000e+00	4.50365573002126e+32
8.00000000000000e+00	4.57597094764192e+32
8.01000000000000e+00	4.61839418592167e+32
8.02000000000000e+00	4.63184404145032e+32
8.03000000000000e+00	4.61868954366458e+32
8.04000000000000e+00	4.58294571699966e+32
8.05000000000000e+00	4.52961684241240e+32
8.06000000000000e+00	4.46441529734082e+32
8.07000000000000e+00	4.39341422277276e+32
8.08000000000000e+00	4.32258564132028e+32
8.09000000000000e+00	4.25730476169387e+32
8.10000000000000e+00	4.20227486282229e+32
8.11000000000000e+00	4.16102913439509e+32
8.12000000000000e+00	4.13610601171523e+32
8.13000000000000e+00	4.12896913593022e+32
8.14000000000000e+00	4.14003569287400e+32
8.15000000000000e+00	4.16910344643966e+32
8.16000000000000e+00	4.21547864342670e+32
8.17000000000000e+00	4.27815678587954e+32
8.18000000000000e+00	4.35602252839074e+32
8.19000000000000e+00	4.44781925447092e+32
8.20000000000000e+00	4.55182879765066e+32
8.21000000000000e+00	4.66617841559175e+32
8.22000000000000e+00	4.78797598287660e+32
8.23000000000000e+00	4.91358198682521e+32
8.24000000000000e+00	5.03811780188194e+32
8.25000000000000e+00	5.15571462517940e+32
8.26000000000000e+00	5.25942323413667e+32
8.27000000000000e+00	5.34193635814741e+32
8.28000000000000e+00	5.39583909741909e+32
8.29000000000000e+00	5.41470097545119e+32
8.30000000000000e+00	5.39371512649992e+32
8.31000000000000e+00	5.33056411591761e+32
8.32000000000000e+00	5.22604250335646e+32
8.33000000000000e+00	5.08424360016488e+32
8.34000000000000e+00	4.91274976231756e+32
8.35000000000000e+00	4.72206077605747e+32
8.36000000000000e+00	4.52468807690019e+32
8.37000000000000e+00	4.33439057882758e+32
8.38000000000000e+00	4.16443470074150e+32
8.39000000000000e+00	4.02629412559549e+32
8.40000000000000e+00	3.92885710073159e+32
8.41000000000000e+00	3.87706726336665e+32
8.42000000000000e+00	3.87188033686484e+32
8.43000000000000e+00	3.91040142421403e+32
8.44000000000000e+00	3.98637726236529e+32
8.45000000000000e+00	4.09131550411693e+32
8.46000000000000e+00	4.21535059196188e+32
8.47000000000000e+00	4.34872527719456e+32
8.48000000000000e+00	4.48232300632939e+32
8.49000000000000e+00	4.60881451925833e+32
8.50000000000000e+00	4.72289265843650e+32
8.51000000000000e+00	4.82120962577752e+32
8.52000000000000e+00	4.90234594826959e+32
8.53000000000000e+00	4.96650472166592e+32
8.54000000000000e+00	5.01469603852040e+32
8.55000000000000e+00	5.04845450422770e+32
8.56000000000000e+00	5.06914248611074e+32
8.57000000000000e+00	5.07775686413561e+32
8.58000000000000e+00	5.07445712348578e+32
8.59000000000000e+00	5.05872876372871e+32
8.60000000000000e+00	5.02928180376473e+32
8.61000000000000e+00	4.98425534636210e+32
8.62000000000000e+00	4.92171522020561e+32
8.63000000000000e+00	4.83992988389120e+32
8.64000000000000e+00	4.73812309721825e+32
8.65000000000000e+00	4.61683298077734e+32
8.66000000000000e+00	4.47876397400466e+32
8.67000000000000e+00	4.32904713789359e+32
8.68000000000000e+00	4.17585268622531e+32
8.69000000000000e+00	4.03026204709207e+32
8.70000000000000e+00	3.90623291573680e+32
8.71000000000000e+00	3.81993546727395e+32
8.72000000000000e+00	3.78880614343927e+32
8.73000000000000e+00	3.82978710508236e+32
8.74000000000000e+00	3.95805437196957e+32
8.75000000000000e+00	4.18467451081183e+32
8.76000000000000e+00	4.51527464905059e+32
8.77000000000000e+00	4.94833079002171e+32
8.78000000000000e+00	5.47503114910576e+32
8.79000000000000e+00	6.07907154913306e+32
8.80000000000000e+00	6.73819178781497e+32
8.81000000000000e+00	7.42580435008716e+32
8.82000000000000e+00	8.11344084438925e+32
8.83000000000000e+00	8.77326342960422e+32
8.84000000000000e+00	9.38017230180784e+32
8.85000000000000e+00	9.91392713051086e+32
8.86000000000000e+00	1.03597216134201e+33
8.87000000000000e+00	1.07093072280650e+33
8.88000000000000e+00	1.09606366166574e+33
8.89000000000000e+00	1.11171407969543e+33
8.90000000000000e+00	1.11869851166282e+33
8.91000000000000e+00	1.11817396452564e+33
8.92000000000000e+00	1.11145559921714e+33
8.93000000000000e+00	1.09997239528691e+33
8.94000000000000e+00	1.08500825384089e+33
8.95000000000000e+00	1.06776532168421e+33
8.96000000000000e+00	1.04917502403983e+33
8.97000000000000e+00	1.02994294437223e+33
8.98000000000000e+00	1.01055324463689e+33
8.99000000000000e+00	9.91323933952201e+32
9.00000000000000e+00	9.72425416707178e+32
9.01000000000000e+00	9.54015586773466e+32
9.02000000000000e+00	9.36213281741442e+32
9.03000000000000e+00	9.19194914446880e+32
9.04000000000000e+00	9.03147677596626e+32
9.05000000000000e+00	8.88301484568493e+32
9.06000000000000e+00	8.74897144789993e+32
9.07000000000000e+00	8.63149598378128e+32
9.08000000000000e+00	8.53247873624593e+32
9.09000000000000e+00	8.45310676364950e+32
9.10000000000000e+00	8.39374541279625e+32
9.11000000000000e+00	8.35363822912014e+32
9.12000000000000e+00	8.33129785020470e+32
9.13000000000000e+00	8.32423200765023e+32
9.14000000000000e+00	8.32937238351902e+32
9.15000000000000e+00	8.34324485281284e+32
9.16000000000000e+00	8.36256789192485e+32
9.17000000000000e+00	8.38393367222761e+32
9.18000000000000e+00	8.40469985027519e+32
9.19000000000000e+00	8.42255726427274e+32
9.20000000000000e+00	8.43601443606589e+32
9.21000000000000e+00	8.44415789769978e+32
9.22000000000000e+00	8.44640975982621e+32
9.23000000000000e+00	8.44293416813374e+32
9.24000000000000e+00	8.43384204573632e+32
9.25000000000000e+00	8.41963927787329e+32
9.26000000000000e+00	8.40083840507904e+32
9.27000000000000e+00	8.37816182273465e+32
9.28000000000000e+00	8.35246363391384e+32
9.29000000000000e+00	8.32468309377544e+32
9.30000000000000e+00	8.29584259566541e+32
9.31000000000000e+00	8.26703057600723e+32
9.32000000000000e+00	8.23967814434202e+32
9.33000000000000e+00	8.21494585372026e+32
9.34000000000000e+00	8.19407742559377e+32
9.35000000000000e+00	8.17847222211595e+32
9.36000000000000e+00	8.16901564462824e+32
9.37000000000000e+00	8.16642535043461e+32
9.38000000000000e+00	8.17119435906959e+32
9.39000000000000e+00	8.18365601994293e+32
9.40000000000000e+00	8.20338719522933e+32
9.41000000000000e+00	8.23026912666521e+32
9.42000000000000e+00	8.26339288162148e+32
9.43000000000000e+00	8.30210036906143e+32
9.44000000000000e+00	8.34566354795189e+32
9.45000000000000e+00	8.39295604769483e+32
9.46000000000000e+00	8.44338425860714e+32
9.47000000000000e+00	8.49637005517821e+32
9.48000000000000e+00	8.55133692094054e+32
9.49000000000000e+00	8.60790703373760e+32
9.50000000000000e+00	8.66615874874855e+32
9.51000000000000e+00	8.72558389606382e+32
9.52000000000000e+00	8.78598892009534e+32
9.53000000000000e+00	8.84684024280030e+32
9.54000000000000e+00	8.90747083273129e+32
9.55000000000000e+00	8.96713899245815e+32
9.56000000000000e+00	9.02498814757982e+32
9.57000000000000e+00	9.08044060900656e+32
9.58000000000000e+00	9.13335489667216e+32
9.59000000000000e+00	9.18349338479530e+32
9.60000000000000e+00	9.23096689841841e+32
9.61000000000000e+00	9.27546799940082e+32
9.62000000000000e+00	9.31672037078444e+32
9.63000000000000e+00	9.35425595800361e+32
9.64000000000000e+00	9.38703357231116e+32
9.65000000000000e+00	9.41491051178381e+32
9.66000000000000e+00	9.43716081862557e+32
9.67000000000000e+00	9.45408168226671e+32
9.68000000000000e+00	9.46566872866954e+32
9.69000000000000e+00	9.47247125127678e+32
9.70000000000000e+00	9.47492155113065e+32
9.71000000000000e+00	9.47380927197015e+32
9.72000000000000e+00	9.47005713658249e+32
9.73000000000000e+00	9.46431887326998e+32
9.74000000000000e+00	9.45746608598547e+32
9.75000000000000e+00	9.45020513530375e+32
9.76000000000000e+00	9.44321649924259e+32
9.77000000000000e+00	9.43699158215491e+32
9.78000000000000e+00	9.43183543512385e+32
9.79000000000000e+00	9.42793612496130e+32
9.80000000000000e+00	9.42527397065887e+32
9.81000000000000e+00	9.42379817077941e+32
9.82000000000000e+00	9.42325604520384e+32
9.83000000000000e+00	9.42363477497897e+32
9.84000000000000e+00	9.42453831972480e+32
9.85000000000000e+00	9.42570526546021e+32
9.86000000000000e+00	9.42713068349804e+32
9.87000000000000e+00	9.42869093809009e+32
9.88000000000000e+00	9.43109381344840e+32
9.89000000000000e+00	9.43567340962852e+32
9.90000000000000e+00	9.44588023335903e+32
9.91000000000000e+00	9.46896033089188e+32
9.92000000000000e+00	9.51904056693903e+32
9.93000000000000e+00	9.61953058008245e+32
9.94000000000000e+00	9.80598023808322e+32
9.95000000000000e+00	1.01258940324649e+33
9.96000000000000e+00	1.06355933580038e+33
9.97000000000000e+00	1.13932559424107e+33
9.98000000000000e+00	1.24426612328496e+33
9.99000000000000e+00	1.37852559519878e+33
1.00000000000000e+01	1.53407080492731e+33
1.00100000000000e+01	1.68998314648162e+33
1.00200000000000e+01	1.80678119816668e+33
1.00300000000000e+01	1.83298610525398e+33
1.00400000000000e+01	1.73482441285147e+33
1.00500000000000e+01	1.52797989312139e+33
1.00600000000000e+01	1.26906056318289e+33
1.00700000000000e+01	1.01487269766156e+33
1.00800000000000e+01	7.96892690959398e+32
1.00900000000000e+01	6.23051593915147e+32
1.01000000000000e+01	4.89184855583835e+32
1.01100000000000e+01	3.87435379342854e+32
1.01200000000000e+01	3.10150534323011e+32
1.01300000000000e+01	2.51109628331282e+32
1.01400000000000e+01	2.05584746373998e+32
1.01500000000000e+01	1.70105565615499e+32
1.01600000000000e+01	1.42146564017673e+32
1.01700000000000e+01	1.19871679901476e+32
1.01800000000000e+01	1.01936954991587e+32
1.01900000000000e+01	8.73516178822189e+31
1.02000000000000e+01	7.53810120632975e+31
1.02100000000000e+01	6.54720638505234e+31
1.02200000000000e+01	5.72059402911005e+31
1.02300000000000e+01	5.02629317904101e+31
1.02400000000000e+01	4.43969942749505e+31
1.02500000000000e+01	3.94149084708112e+31
1.02600000000000e+01	3.51662210146061e+31
1.02700000000000e+01	3.15293647055005e+31
1.02800000000000e+01	2.84060623828296e+31
1.02900000000000e+01	2.57153656300009e+31
1.03000000000000e+01	2.33903184387941e+31
1.03100000000000e+01	2.13721163531415e+31
1.03200000000000e+01	1.96114871648816e+31
1.03300000000000e+01	1.80658381362929e+31
1.03400000000000e+01	1.66977534836754e+31
1.03500000000000e+01	1.54758150018138e+31
1.03600000000000e+01	1.43739993648209e+31
1.03700000000000e+01	1.33709076908527e+31
1.03800000000000e+01	1.24498845833680e+31
1.03900000000000e+01	1.15980283050265e+31
1.04000000000000e+01	1.08064428696181e+31
1.04100000000000e+01	1.00688120561866e+31
1.04200000000000e+01	9.38088456687454e+30
1.04300000000000e+01	8.74020669648129e+30
1.04400000000000e+01	8.14491379163637e+30
1.04500000000000e+01	7.59362444732717e+30
1.04600000000000e+01	7.08475064924409e+30
1.04700000000000e+01	6.61678495308894e+30
1.04800000000000e+01	6.18749096551575e+30
1.04900000000000e+01	5.79474367059624e+30
1.05000000000000e+01	5.43590948408333e+30
1.05100000000000e+01	5.10801189450067e+30
1.05200000000000e+01	4.80834194270085e+30
1.05300000000000e+01	4.53404762787387e+30
1.05400000000000e+01	4.28245842721287e+30
1.05500000000000e+01	4.05108331714220e+30
1.05600000000000e+01	3.83780011707491e+30
1.05700000000000e+01	3.64055436020606e+30
1.05800000000000e+01	3.45773739720166e+30
1.05900000000000e+01	3.28788171345299e+30
1.06000000000000e+01	3.12970403221425e+30
1.06100000000000e+01	2.98218958141652e+30
1.06200000000000e+01	2.84435568184796e+30
1.06300000000000e+01	2.71537276989293e+30
1.06400000000000e+01	2.59444701614131e+30
1.06500000000000e+01	2.48095160044276e+30
1.06600000000000e+01	2.37422475002159e+30
1.06700000000000e+01	2.27367933022287e+30
1.06800000000000e+01	2.17872462363941e+30
1.06900000000000e+01	2.08887566871742e+30
1.07000000000000e+01	2.00373959687265e+30
1.07100000000000e+01	1.92287693438969e+30
1.07200000000000e+01	1.84601711681118e+30
1.07300000000000e+01	1.77288637825215e+30
1.07400000000000e+01	1.70323938047819e+30
1.07500000000000e+01	1.63692847972249e+30
1.07600000000000e+01	1.57379433241442e+30
1.07700000000000e+01	1.51369771142243e+30
1.07800000000000e+01	1.45653504031844e+30
1.07900000000000e+01	1.40219272611393e+30
1.08000000000000e+01	1.35056196439584e+30
1.08100000000000e+01	1.30149766526191e+30
1.08200000000000e+01	1.25491468507354e+30
1.08300000000000e+01	1.21065671921006e+30
1.08400000000000e+01	1.16859522310258e+30
1.08500000000000e+01	1.12858779270069e+30
1.08600000000000e+01	1.09048655442997e+30
1.08700000000000e+01	1.05414038253759e+30
1.08800000000000e+01	1.01944067555012e+30
1.08900000000000e+01	9.86254787402972e+29
1.09000000000000e+01	9.54469095494558e+29
1.09100000000000e+01	9.24006575489805e+29
1.09200000000000e+01	8.94752318915235e+29
1.09300000000000e+01	8.66647834963806e+29
1.09400000000000e+01	8.39634736553445e+29
1.09500000000000e+01	8.13652229489525e+29
1.09600000000000e+01	7.88634644473014e+29
1.09700000000000e+01	7.64559177167409e+29
1.09800000000000e+01	7.41395973308176e+29
1.09900000000000e+01	7.19080685952883e+29
1.10000000000000e+01	6.97622187629687e+29
1.10100000000000e+01	6.76970670830547e+29
1.10200000000000e+01	6.57101302432378e+29
1.10300000000000e+01	6.38010033846704e+29
1.10400000000000e+01	6.19647152878810e+29
1.10500000000000e+01	6.02021715403068e+29
1.10600000000000e+01	5.85089530736901e+29
1.10700000000000e+01	5.68821738528551e+29
1.10800000000000e+01	5.53213396397361e+29
1.10900000000000e+01	5.38229876341579e+29
1.11000000000000e+01	5.23839238530252e+29
1.11100000000000e+01	5.10014794733110e+29
1.11200000000000e+01	4.96733058591834e+29
1.11300000000000e+01	4.83946640911365e+29
1.11400000000000e+01	4.71644502819328e+29
1.11500000000000e+01	4.59779920519425e+29
1.11600000000000e+01	4.48342952826032e+29
1.11700000000000e+01	4.37301074185707e+29
1.11800000000000e+01	4.26629659467441e+29
1.11900000000000e+01	4.16308349253308e+29
1.12000000000000e+01	4.06316862430812e+29
1.12100000000000e+01	3.96639675038193e+29
1.12200000000000e+01	3.87260653699240e+29
1.12300000000000e+01	3.78165263189074e+29
1.12400000000000e+01	3.69340658590062e+29
1.12500000000000e+01	3.60769995989473e+29
1.12600000000000e+01	3.52455628062210e+29
1.12700000000000e+01	3.44374974369638e+29
1.12800000000000e+01	3.36526771292683e+29
1.12900000000000e+01	3.28902490378755e+29
1.13000000000000e+01	3.21489509791057e+29
1.13100000000000e+01	3.14287327159549e+29
1.13200000000000e+01	3.07289522450357e+29
1.13300000000000e+01	3.00491533307240e+29
1.13400000000000e+01	2.93880840022710e+29
1.13500000000000e+01	2.87465051319748e+29
1.13600000000000e+01	2.81221252006380e+29
1.13700000000000e+01	2.75160920660236e+29
1.13800000000000e+01	2.69269596261565e+29
1.13900000000000e+01	2.63546082167511e+29
1.14000000000000e+01	2.57980827866392e+29
1.14100000000000e+01	2.52578837333586e+29
1.14200000000000e+01	2.47323555737088e+29
1.14300000000000e+01	2.42210589380262e+29
1.14400000000000e+01	2.37238923667424e+29
1.14500000000000e+01	2.32402978787777e+29
1.14600000000000e+01	2.27696847555672e+29
1.14700000000000e+01	2.23110406406990e+29
1.14800000000000e+01	2.18643370157396e+29
1.14900000000000e+01	2.14291057340510e+29
1.15000000000000e+01	2.10045664208574e+29
1.15100000000000e+01	2.05907305766089e+29
1.15200000000000e+01	2.01869303118510e+29
1.15300000000000e+01	1.97933993453805e+29
1.15400000000000e+01	1.94098942026834e+29
1.15500000000000e+01	1.90363776004493e+29
1.15600000000000e+01	1.86723038740301e+29
1.15700000000000e+01	1.83175767241818e+29
1.15800000000000e+01	1.79725176983179e+29
1.15900000000000e+01	1.76368963580929e+29
1.16000000000000e+01	1.73105112308780e+29
1.16100000000000e+01	1.69928301531101e+29
1.16200000000000e+01	1.66838175590063e+29
1.16300000000000e+01	1.63828316264397e+29
1.16400000000000e+01	1.60897586050528e+29
1.16500000000000e+01	1.58038848985811e+29
1.16600000000000e+01	1.55250792862096e+29
1.16700000000000e+01	1.52529060970383e+29
1.16800000000000e+01	1.49866057636281e+29
1.16900000000000e+01	1.47261157963314e+29
1.17000000000000e+01	1.44710813071121e+29
1.17100000000000e+01	1.42209478399005e+29
1.17200000000000e+01	1.39754739077673e+29
1.17300000000000e+01	1.37350741532442e+29
1.17400000000000e+01	1.34988146928469e+29
1.17500000000000e+01	1.32674993105513e+29
1.17600000000000e+01	1.30405673129051e+29
1.17700000000000e+01	1.28180324945159e+29
1.17800000000000e+01	1.26002884920460e+29
1.17900000000000e+01	1.23873216549501e+29
1.18000000000000e+01	1.21789438666384e+29
1.18100000000000e+01	1.19754266726312e+29
1.18200000000000e+01	1.17765129562598e+29
1.18300000000000e+01	1.15824197548729e+29
1.18400000000000e+01	1.13928200607683e+29
1.18500000000000e+01	1.12078538650031e+29
1.18600000000000e+01	1.10271589768058e+29
1.18700000000000e+01	1.08508399982521e+29
1.18800000000000e+01	1.06787065181221e+29
1.18900000000000e+01	1.05103804712765e+29
1.19000000000000e+01	1.03459125033851e+29
1.19100000000000e+01	1.01849211166944e+29
1.19200000000000e+01	1.00272392246193e+29
1.19300000000000e+01	9.87295361754733e+28
1.19400000000000e+01	9.72188464928339e+28
1.19500000000000e+01	9.57370197961931e+28
1.19600000000000e+01	9.42850247957926e+28
1.19700000000000e+01	9.28597053378688e+28
1.19800000000000e+01	9.14621562971504e+28
1.19900000000000e+01	9.00898644468286e+28
1.20000000000000e+01	8.87425418593463e+28
1.20100000000000e+01	8.74198579054152e+28
1.20200000000000e+01	8.61214481535415e+28
1.20300000000000e+01	8.48469355661293e+28
1.20400000000000e+01	8.35961680487705e+28
1.20500000000000e+01	8.23689117441744e+28
1.20600000000000e+01	8.11653887877415e+28
1.20700000000000e+01	7.99852343577296e+28
1.20800000000000e+01	7.88285511046005e+28
1.20900000000000e+01	7.76950913909877e+28
1.21000000000000e+01	7.65847330443107e+28
1.21100000000000e+01	7.54971657261050e+28
1.21200000000000e+01	7.44316473093325e+28
1.21300000000000e+01	7.33877971504344e+28
1.21400000000000e+01	7.23648471174953e+28
1.21500000000000e+01	7.13620752444343e+28
1.21600000000000e+01	7.03783258854052e+28
1.21700000000000e+01	6.94127588285691e+28
1.21800000000000e+01	6.84644014853857e+28
1.21900000000000e+01	6.75324881717828e+28
1.22000000000000e+01	6.66159472167237e+28
1.22100000000000e+01	6.57139018720184e+28
1.22200000000000e+01	6.48256181695034e+28
1.22300000000000e+01	6.39504300091738e+28
1.22400000000000e+01	6.30875111407818e+28
1.22500000000000e+01	6.22365322618075e+28
1.22600000000000e+01	6.13970961109119e+28
1.22700000000000e+01	6.05686256854813e+28
1.22800000000000e+01	5.97507282351043e+28
1.22900000000000e+01	5.89433362857768e+28
1.23000000000000e+01	5.81460816311179e+28
1.23100000000000e+01	5.73589406802061e+28
1.23200000000000e+01	5.65817625681595e+28
1.23300000000000e+01	5.58148239340519e+28
1.23400000000000e+01	5.50579728565065e+28
1.23500000000000e+01	5.43116828312155e+28
1.23600000000000e+01	5.35761786233545e+28
1.23700000000000e+01	5.28516618710588e+28
1.23800000000000e+01	5.21383294843698e+28
1.23900000000000e+01	5.14368380623555e+28
1.24000000000000e+01	5.07470471780354e+28
1.24100000000000e+01	5.00694555089731e+28
1.24200000000000e+01	4.94040530496527e+28
1.24300000000000e+01	4.87508347326426e+28
1.24400000000000e+01	4.81098605821330e+28
1.24500000000000e+01	4.74809895305741e+28
1.24600000000000e+01	4.68638843878029e+28
1.24700000000000e+01	4.62586483860217e+28
1.24800000000000e+01	4.56651671336136e+28
1.24900000000000e+01	4.50828728755772e+28
1.25000000000000e+01	4.45121251106400e+28
1.25100000000000e+01	4.39524425666134e+28
1.25200000000000e+01	4.34038603220762e+28
1.25300000000000e+01	4.28662633277175e+28
1.25400000000000e+01	4.23394366632305e+28
1.25500000000000e+01	4.18229985564702e+28
1.25600000000000e+01	4.13169531104917e+28
1.25700000000000e+01	4.08206636002586e+28
1.25800000000000e+01	4.03340371822807e+28
1.25900000000000e+01	3.98564426917254e+28
1.26000000000000e+01	3.93876246244984e+28
1.26100000000000e+01	3.89270893238623e+28
1.26200000000000e+01	3.84745178871694e+28
1.26300000000000e+01	3.80294493093603e+28
1.26400000000000e+01	3.75917225336310e+28
1.26500000000000e+01	3.71611634670344e+28
1.26600000000000e+01	3.67375315617116e+28
1.26700000000000e+01	3.63207673273139e+28
1.26800000000000e+01	3.59107484153574e+28
1.26900000000000e+01	3.55075638394716e+28
1.27000000000000e+01	3.51110406607349e+28
1.27100000000000e+01	3.47212282421848e+28
1.27200000000000e+01	3.43380569037278e+28
1.27300000000000e+01	3.39613606480001e+28
1.27400000000000e+01	3.35911524785876e+28
1.27500000000000e+01	3.32271279939067e+28
1.27600000000000e+01	3.28693188417583e+28
1.27700000000000e+01	3.25173240944119e+28
1.27800000000000e+01	3.21710678743919e+28
1.27900000000000e+01	3.18301998084280e+28
1.28000000000000e+01	3.14947407337057e+28
1.28100000000000e+01	3.11642902469075e+28
1.28200000000000e+01	3.08388791555245e+28
1.28300000000000e+01	3.05182385771655e+28
1.28400000000000e+01	3.02022817226334e+28
1.28500000000000e+01	2.98910004823713e+28
1.28600000000000e+01	2.95841704668363e+28
1.28700000000000e+01	2.92818163156562e+28
1.28800000000000e+01	2.89837646902032e+28
1.28900000000000e+01	2.86900203160704e+28
1.29000000000000e+01	2.84003563986922e+28
1.29100000000000e+01	2.81148090525306e+28
1.29200000000000e+01	2.78331292533654e+28
1.29300000000000e+01	2.75553559848022e+28
1.29400000000000e+01	2.72812634688227e+28
1.29500000000000e+01	2.70108014180889e+28
1.29600000000000e+01	2.67438032574987e+28
1.29700000000000e+01	2.64802834719579e+28
1.29800000000000e+01	2.62200808796041e+28
1.29900000000000e+01	2.59631872616728e+28
1.30000000000000e+01	2.57094851957101e+28
1.30100000000000e+01	2.54590136214904e+28
1.30200000000000e+01	2.52115189247079e+28
1.30300000000000e+01	2.49671274319135e+28
1.30400000000000e+01	2.47254539394277e+28
1.30500000000000e+01	2.44865508226342e+28
1.30600000000000e+01	2.42501967118176e+28
1.30700000000000e+01	2.40161821138130e+28
1.30800000000000e+01	2.37843048257905e+28
1.30900000000000e+01	2.35545171904723e+28
1.31000000000000e+01	2.33265855751682e+28
1.31100000000000e+01	2.31005665152096e+28
1.31200000000000e+01	2.28762278288433e+28
1.31300000000000e+01	2.26536982102083e+28
1.31400000000000e+01	2.24329704769578e+28
1.31500000000000e+01	2.22142365317420e+28
1.31600000000000e+01	2.19975881644497e+28
1.31700000000000e+01	2.17831857440781e+28
1.31800000000000e+01	2.15710719348417e+28
1.31900000000000e+01	2.13614610515992e+28
1.32000000000000e+01	2.11543195126986e+28
1.32100000000000e+01	2.09497853023705e+28
1.32200000000000e+01	2.07477209811198e+28
1.32300000000000e+01	2.05482007722788e+28
1.32400000000000e+01	2.03511547802573e+28
1.32500000000000e+01	2.01563180215891e+28
1.32600000000000e+01	1.99636886636499e+28
1.32700000000000e+01	1.97731869819680e+28
1.32800000000000e+01	1.95846826340111e+28
1.32900000000000e+01	1.93981284102894e+28
1.33000000000000e+01	1.92135479108526e+28
1.33100000000000e+01	1.90309553545530e+28
1.33200000000000e+01	1.88503392535719e+28
1.33300000000000e+01	1.86718150929624e+28
1.33400000000000e+01	1.84954717947664e+28
1.33500000000000e+01	1.83213537237355e+28
1.33600000000000e+01	1.81494881278125e+28
1.33700000000000e+01	1.79799274055396e+28
1.33800000000000e+01	1.78127378555864e+28
1.33900000000000e+01	1.76479196960494e+28
1.34000000000000e+01	1.74853178133749e+28
1.34100000000000e+01	1.73249413029775e+28
1.34200000000000e+01	1.71667744451980e+28
1.34300000000000e+01	1.70105944925155e+28
1.34400000000000e+01	1.68564330270151e+28
1.34500000000000e+01	1.67041040782231e+28
1.34600000000000e+01	1.65535872970404e+28
1.34700000000000e+01	1.64047035814209e+28
1.34800000000000e+01	1.62574954646218e+28
1.34900000000000e+01	1.61118672007604e+28
1.35000000000000e+01	1.59677494617931e+28
1.35100000000000e+01	1.58250515305267e+28
1.35200000000000e+01	1.56837919365372e+28
1.35300000000000e+01	1.55439022165916e+28
1.35400000000000e+01	1.54053998996093e+28
1.35500000000000e+01	1.52680574816704e+28
1.35600000000000e+01	1.51320185763145e+28
1.35700000000000e+01	1.49971548401268e+28
1.35800000000000e+01	1.48634426513650e+28
1.35900000000000e+01	1.47308505051171e+28
1.36000000000000e+01	1.45993742917290e+28
1.36100000000000e+01	1.44690060419606e+28
1.36200000000000e+01	1.43397602190185e+28
1.36300000000000e+01	1.42116421797203e+28
1.36400000000000e+01	1.40847270389331e+28
1.36500000000000e+01	1.39590346665953e+28
1.36600000000000e+01	1.38346308996900e+28
1.36700000000000e+01	1.37116243335973e+28
1.36800000000000e+01	1.35901276262173e+28
1.36900000000000e+01	1.34701981732978e+28
1.37000000000000e+01	1.33518719346281e+28
1.37100000000000e+01	1.32352992286481e+28
1.37200000000000e+01	1.31205060709452e+28
1.37300000000000e+01	1.30076017095781e+28
1.37400000000000e+01	1.28965021029441e+28
1.37500000000000e+01	1.27872943266366e+28
1.37600000000000e+01	1.26799131892063e+28
1.37700000000000e+01	1.25742511469453e+28
1.37800000000000e+01	1.24702948641111e+28
1.37900000000000e+01	1.23679181640998e+28
1.38000000000000e+01	1.22670635141758e+28
1.38100000000000e+01	1.21675273168640e+28
1.38200000000000e+01	1.20692505128089e+28
1.38300000000000e+01	1.19720907494053e+28
1.38400000000000e+01	1.18759759970733e+28
1.38500000000000e+01	1.17808468032684e+28
1.38600000000000e+01	1.16865584615967e+28
1.38700000000000e+01	1.15930837224338e+28
1.38800000000000e+01	1.15004235289174e+28
1.38900000000000e+01	1.14084428242277e+28
1.39000000000000e+01	1.13171518212041e+28
1.39100000000000e+01	1.12265335728503e+28
1.39200000000000e+01	1.11365751801151e+28
1.39300000000000e+01	1.10472837147679e+28
1.39400000000000e+01	1.09586331050094e+28
1.39500000000000e+01	1.08706829642864e+28
1.39600000000000e+01	1.07833682642686e+28
1.39700000000000e+01	1.06967444415328e+28
1.39800000000000e+01	1.06109073207745e+28
1.39900000000000e+01	1.05257720194291e+28
1.40000000000000e+01	1.04414957459375e+28
1.40100000000000e+01	1.03579804577032e+28
1.40200000000000e+01	1.02753678144901e+28
1.40300000000000e+01	1.01936088411595e+28
1.40400000000000e+01	1.01128375954506e+28
1.40500000000000e+01	1.00329493588595e+28
1.40600000000000e+01	9.95405419106804e+27
1.40700000000000e+01	9.87607150705424e+27
1.40800000000000e+01	9.79903130534376e+27
1.40900000000000e+01	9.72289101291451e+27
1.41000000000000e+01	9.64759954464979e+27
1.41100000000000e+01	9.57308981248421e+27
1.41200000000000e+01	9.49932860674554e+27
1.41300000000000e+01	9.42623685869905e+27
1.41400000000000e+01	9.35377506718089e+27
1.41500000000000e+01	9.28182831843194e+27
1.41600000000000e+01	9.21038840870158e+27
1.41700000000000e+01	9.13941526863346e+27
1.41800000000000e+01	9.06887976859900e+27
1.41900000000000e+01	8.99881033211437e+27
1.42000000000000e+01	8.92918727388826e+27
1.42100000000000e+01	8.86004050668790e+27
1.42200000000000e+01	8.79144504179706e+27
1.42300000000000e+01	8.72343256576951e+27
1.42400000000000e+01	8.65607763220964e+27
1.42500000000000e+01	8.58938515824325e+27
1.42600000000000e+01	8.52341795706751e+27
1.42700000000000e+01	8.45821578510237e+27
1.42800000000000e+01	8.39383142757419e+27
1.42900000000000e+01	8.33019155732229e+27
1.43000000000000e+01	8.26737121769678e+27
1.43100000000000e+01	8.20535156754848e+27
1.43200000000000e+01	8.14403754384200e+27
1.43300000000000e+01	8.08348527124041e+27
1.43400000000000e+01	8.02365502356483e+27
1.43500000000000e+01	7.96448321545016e+27
1.43600000000000e+01	7.90598540803536e+27
1.43700000000000e+01	7.84807620729684e+27
1.43800000000000e+01	7.79085157438883e+27
1.43900000000000e+01	7.73421418274642e+27
1.44000000000000e+01	7.67820034268334e+27
1.44100000000000e+01	7.62278970574111e+27
1.44200000000000e+01	7.56798978898150e+27
1.44300000000000e+01	7.51377706899958e+27
1.44400000000000e+01	7.46020262362976e+27
1.44500000000000e+01	7.40716943660518e+27
1.44600000000000e+01	7.35475013457498e+27
1.44700000000000e+01	7.30289794054648e+27
1.44800000000000e+01	7.25158500518323e+27
1.44900000000000e+01	7.20082964803980e+27
1.45000000000000e+01	7.15062182547266e+27
1.45100000000000e+01	7.10090765351313e+27
1.45200000000000e+01	7.05171493608903e+27
1.45300000000000e+01	7.00299879101491e+27
1.45400000000000e+01	6.95476182118947e+27
1.45500000000000e+01	6.90696011992768e+27
1.45600000000000e+01	6.85959242540973e+27
1.45700000000000e+01	6.81264499466344e+27
1.45800000000000e+01	6.76606672958881e+27
1.45900000000000e+01	6.71991473853431e+27
1.46000000000000e+01	6.67409060663308e+27
1.46100000000000e+01	6.62862218160700e+27
1.46200000000000e+01	6.58351643658941e+27
1.46300000000000e+01	6.53869509469097e+27
1.46400000000000e+01	6.49424164686027e+27
1.46500000000000e+01	6.45012435856309e+27
1.46600000000000e+01	6.40632506203281e+27
1.46700000000000e+01	6.36287638788193e+27
1.46800000000000e+01	6.31977690309600e+27
1.46900000000000e+01	6.27703543159057e+27
1.47000000000000e+01	6.23464425842713e+27
1.47100000000000e+01	6.19261002719900e+27
1.47200000000000e+01	6.15094586959331e+27
1.47300000000000e+01	6.10961579814639e+27
1.47400000000000e+01	6.06863299345879e+27
1.47500000000000e+01	6.02797993756848e+27
1.47600000000000e+01	5.98764942132085e+27
1.47700000000000e+01	5.94761850884411e+27
1.47800000000000e+01	5.90786180889273e+27
1.47900000000000e+01	5.86837779988373e+27
1.48000000000000e+01	5.82913979412824e+27
1.48100000000000e+01	5.79012556762111e+27
1.48200000000000e+01	5.75135253310702e+27
1.48300000000000e+01	5.71278367850936e+27
1.48400000000000e+01	5.67442810693844e+27
1.48500000000000e+01	5.63629762696633e+27
1.48600000000000e+01	5.59838607768855e+27
1.48700000000000e+01	5.56068975510863e+27
1.48800000000000e+01	5.52325648850899e+27
1.48900000000000e+01	5.48605294530296e+27
1.49000000000000e+01	5.44916081024833e+27
1.49100000000000e+01	5.41252536059300e+27
1.49200000000000e+01	5.37619667802150e+27
1.49300000000000e+01	5.34018431536959e+27
1.49400000000000e+01	5.30449604481259e+27
1.49500000000000e+01	5.26913739483484e+27
1.49600000000000e+01	5.23412152980182e+27
1.49700000000000e+01	5.19942830928824e+27
1.49800000000000e+01	5.16509561685021e+27
1.49900000000000e+01	5.13108398820868e+27
1.50000000000000e+01	5.09739153310957e+27
1.50100000000000e+01	5.06404570293194e+27
1.50200000000000e+01	5.03095063228636e+27
1.50300000000000e+01	4.99817302811906e+27
1.50400000000000e+01	4.96567150763877e+27
1.50500000000000e+01	4.93340330996904e+27
1.50600000000000e+01	4.90138248478142e+27
1.50700000000000e+01	4.86958104931383e+27
1.50800000000000e+01	4.83798385316265e+27
1.50900000000000e+01	4.80660466745359e+27
1.51000000000000e+01	4.77538264008863e+27
1.51100000000000e+01	4.74437408266998e+27
1.51200000000000e+01	4.71353556161881e+27
1.51300000000000e+01	4.68286566987755e+27
1.51400000000000e+01	4.65237988287163e+27
1.51500000000000e+01	4.62208512347250e+27
1.51600000000000e+01	4.59196144626257e+27
1.51700000000000e+01	4.56203715940256e+27
1.51800000000000e+01	4.53230694692943e+27
1.51900000000000e+01	4.50278567770020e+27
1.52000000000000e+01	4.47345830122666e+27
1.52100000000000e+01	4.44433004740270e+27
1.52200000000000e+01	4.41540407166714e+27
1.52300000000000e+01	4.38664573197753e+27
1.52400000000000e+01	4.35804989154545e+27
1.52500000000000e+01	4.32960507977967e+27
1.52600000000000e+01	4.30128778918016e+27
1.52700000000000e+01	4.27305958836968e+27
1.52800000000000e+01	4.24491830327165e+27
1.52900000000000e+01	4.21682852713445e+27
1.53000000000000e+01	4.18876419206314e+27
1.53100000000000e+01	4.16073071131540e+27
1.53200000000000e+01	4.13269000521304e+27
1.53300000000000e+01	4.10468505820288e+27
1.53400000000000e+01	4.07667432502924e+27
1.53500000000000e+01	4.04869508842380e+27
1.53600000000000e+01	4.02078330167840e+27
1.53700000000000e+01	3.99293223998874e+27
1.53800000000000e+01	3.96519860329657e+27
1.53900000000000e+01	3.93761402013970e+27
1.54000000000000e+01	3.91024848603262e+27
1.54100000000000e+01	3.88313463330461e+27
1.54200000000000e+01	3.85631916429440e+27
1.54300000000000e+01	3.82988166241222e+27
1.54400000000000e+01	3.80387634094010e+27
1.54500000000000e+01	3.77836355486143e+27
1.54600000000000e+01	3.75337479277586e+27
1.54700000000000e+01	3.72897963119029e+27
1.54800000000000e+01	3.70522254859480e+27
1.54900000000000e+01	3.68211394004430e+27
1.55000000000000e+01	3.65966177921040e+27
1.55100000000000e+01	3.63789169406250e+27
1.55200000000000e+01	3.61678209837635e+27
1.55300000000000e+01	3.59629013747996e+27
1.55400000000000e+01	3.57636516697083e+27
1.55500000000000e+01	3.55696768274568e+27
1.55600000000000e+01	3.53800036845314e+27
1.55700000000000e+01	3.51940194188790e+27
1.55800000000000e+01	3.50109976787906e+27
1.55900000000000e+01	3.48301374677108e+27
1.56000000000000e+01	3.46505746562660e+27
1.56100000000000e+01	3.44720034829238e+27
1.56200000000000e+01	3.42935755356236e+27
1.56300000000000e+01	3.41152533405671e+27
1.56400000000000e+01	3.39362346049616e+27
1.56500000000000e+01	3.37564997823159e+27
1.56600000000000e+01	3.35759054237527e+27
1.56700000000000e+01	3.33943121449881e+27
1.56800000000000e+01	3.32118283915275e+27
1.56900000000000e+01	3.30284501430905e+27
1.57000000000000e+01	3.28443665486115e+27
1.57100000000000e+01	3.26596537572105e+27
1.57200000000000e+01	3.24747585945838e+27
1.57300000000000e+01	3.22898859124835e+27
1.57400000000000e+01	3.21052087391223e+27
1.57500000000000e+01	3.19211366144778e+27
1.57600000000000e+01	3.17380296719197e+27
1.57700000000000e+01	3.15561031550575e+27
1.57800000000000e+01	3.13758209553282e+27
1.57900000000000e+01	3.11974990471350e+27
1.58000000000000e+01	3.10213819811037e+27
1.58100000000000e+01	3.08476620122232e+27
1.58200000000000e+01	3.06765975417540e+27
1.58300000000000e+01	3.05083075370754e+27
1.58400000000000e+01	3.03429666351987e+27
1.58500000000000e+01	3.01803900197430e+27
1.58600000000000e+01	3.00207456773408e+27
1.58700000000000e+01	2.98636637463452e+27
1.58800000000000e+01	2.97091293224464e+27
1.58900000000000e+01	2.95568723922051e+27
1.59000000000000e+01	2.94065259636240e+27
1.59100000000000e+01	2.92579763067434e+27
1.59200000000000e+01	2.91107387166332e+27
1.59300000000000e+01	2.89647282493733e+27
1.59400000000000e+01	2.88195557779577e+27
1.59500000000000e+01	2.86750760382053e+27
1.59600000000000e+01	2.85309707592745e+27
1.59700000000000e+01	2.83872611367620e+27
1.59800000000000e+01	2.82438706837806e+27
1.59900000000000e+01	2.81005783473021e+27
1.60000000000000e+01	2.79576669707592e+27
1.60100000000000e+01	2.78148857527996e+27
1.60200000000000e+01	2.76723696727436e+27
1.60300000000000e+01	2.75301979014196e+27
1.60400000000000e+01	2.73883797297499e+27
1.60500000000000e+01	2.72470430678949e+27
1.60600000000000e+01	2.71061570376146e+27
1.60700000000000e+01	2.69657267210976e+27
1.60800000000000e+01	2.68258592071668e+27
1.60900000000000e+01	2.66866228059872e+27
1.61000000000000e+01	2.65480227691414e+27
1.61100000000000e+01	2.64101118784255e+27
1.61200000000000e+01	2.62729575668230e+27
1.61300000000000e+01	2.61365717147894e+27
1.61400000000000e+01	2.60010594468489e+27
1.61500000000000e+01	2.58664150865112e+27
1.61600000000000e+01	2.57326962317461e+27
1.61700000000000e+01	2.55999870118275e+27
1.61800000000000e+01	2.54682591840584e+27
1.61900000000000e+01	2.53377181542549e+27
1.62000000000000e+01	2.52083213723046e+27
1.62100000000000e+01	2.50803001444876e+27
1.62200000000000e+01	2.49532913064140e+27
1.62300000000000e+01	2.48275514481085e+27
1.62400000000000e+01	2.47029565251367e+27
1.62500000000000e+01	2.45795342081098e+27
1.62600000000000e+01	2.44569856202696e+27
1.62700000000000e+01	2.43352386725451e+27
1.62800000000000e+01	2.42141403249486e+27
1.62900000000000e+01	2.40936565149637e+27
1.63000000000000e+01	2.39735013381873e+27
1.63100000000000e+01	2.38534061343868e+27
1.63200000000000e+01	2.37334645722574e+27
1.63300000000000e+01	2.36132971977012e+27
1.63400000000000e+01	2.34928105401894e+27
1.63500000000000e+01	2.33720561321907e+27
1.63600000000000e+01	2.32507815146237e+27
1.63700000000000e+01	2.31289342291812e+27
1.63800000000000e+01	2.30065705824203e+27
1.63900000000000e+01	2.28836223438009e+27
1.64000000000000e+01	2.27603648085857e+27
1.64100000000000e+01	2.26367568383656e+27
1.64200000000000e+01	2.25131386216546e+27
1.64300000000000e+01	2.23894574910798e+27
1.64400000000000e+01	2.22662006694547e+27
1.64500000000000e+01	2.21434289888041e+27
1.64600000000000e+01	2.20215857271424e+27
1.64700000000000e+01	2.19007568592053e+27
1.64800000000000e+01	2.17812603654475e+27
1.64900000000000e+01	2.16633176149523e+27
1.65000000000000e+01	2.15471367926165e+27
1.65100000000000e+01	2.14327446965200e+27
1.65200000000000e+01	2.13202785369106e+27
1.65300000000000e+01	2.12096554956767e+27
1.65400000000000e+01	2.11011415455003e+27
1.65500000000000e+01	2.09944249875452e+27
1.65600000000000e+01	2.08896411627789e+27
1.65700000000000e+01	2.07864517027365e+27
1.65800000000000e+01	2.06850100264225e+27
1.65900000000000e+01	2.05852028354722e+27
1.66000000000000e+01	2.04868303286725e+27
1.66100000000000e+01	2.03898162538191e+27
1.66200000000000e+01	2.02940143861561e+27
1.66300000000000e+01	2.01993986195116e+27
1.66400000000000e+01	2.01059612162378e+27
1.66500000000000e+01	2.00133931006506e+27
1.66600000000000e+01	1.99218065045859e+27
1.66700000000000e+01	1.98309035237883e+27
1.66800000000000e+01	1.97408218076348e+27
1.66900000000000e+01	1.96512901202605e+27
1.67000000000000e+01	1.95622497090784e+27
1.67100000000000e+01	1.94737000017145e+27
1.67200000000000e+01	1.93854198701321e+27
1.67300000000000e+01	1.92973863484053e+27
1.67400000000000e+01	1.92094924601650e+27
1.67500000000000e+01	1.91216765472591e+27
1.67600000000000e+01	1.90338649533954e+27
1.67700000000000e+01	1.89460753523490e+27
1.67800000000000e+01	1.88581576381972e+27
1.67900000000000e+01	1.87703109460853e+27
1.68000000000000e+01	1.86823126661660e+27
1.68100000000000e+01	1.85943969986642e+27
1.68200000000000e+01	1.85065953495430e+27
1.68300000000000e+01	1.84188850524291e+27
1.68400000000000e+01	1.83314300856792e+27
1.68500000000000e+01	1.82441765245806e+27
1.68600000000000e+01	1.81573142046405e+27
1.68700000000000e+01	1.80707372211612e+27
1.68800000000000e+01	1.79846991644640e+27
1.68900000000000e+01	1.78990863746573e+27
1.69000000000000e+01	1.78140312080090e+27
1.69100000000000e+01	1.77294661322762e+27
1.69200000000000e+01	1.76454437087315e+27
1.69300000000000e+01	1.75620592734447e+27
1.69400000000000e+01	1.74792353715292e+27
1.69500000000000e+01	1.73970178821234e+27
1.69600000000000e+01	1.73156057944741e+27
1.69700000000000e+01	1.72349069977487e+27
1.69800000000000e+01	1.71549551614268e+27
1.69900000000000e+01	1.70759535696034e+27
1.70000000000000e+01	1.69978574118744e+27
1.70100000000000e+01	1.69207756139819e+27
1.70200000000000e+01	1.68446911056365e+27
1.70300000000000e+01	1.67696694013595e+27
1.70400000000000e+01	1.66955436564482e+27
1.70500000000000e+01	1.66223946441407e+27
1.70600000000000e+01	1.65501805222880e+27
1.70700000000000e+01	1.64787167675687e+27
1.70800000000000e+01	1.64079457414201e+27
1.70900000000000e+01	1.63378567728631e+27
1.71000000000000e+01	1.62683169083075e+27
1.71100000000000e+01	1.61991496277147e+27
1.71200000000000e+01	1.61303429523501e+27
1.71300000000000e+01	1.60618405060888e+27
1.71400000000000e+01	1.59935940001138e+27
1.71500000000000e+01	1.59255549784891e+27
1.71600000000000e+01	1.58575978504043e+27
1.71700000000000e+01	1.57899161119943e+27
1.71800000000000e+01	1.57223608143006e+27
1.71900000000000e+01	1.56550278982163e+27
1.72000000000000e+01	1.55878448952744e+27
1.72100000000000e+01	1.55208644810633e+27
1.72200000000000e+01	1.54541701318920e+27
1.72300000000000e+01	1.53875218159535e+27
1.72400000000000e+01	1.53211264456644e+27
1.72500000000000e+01	1.52548484781767e+27
1.72600000000000e+01	1.51887607240735e+27
1.72700000000000e+01	1.51228205390572e+27
1.72800000000000e+01	1.50570792064197e+27
1.72900000000000e+01	1.49914078350898e+27
1.73000000000000e+01	1.49258663955138e+27
1.73100000000000e+01	1.48604490082281e+27
1.73200000000000e+01	1.47951720469855e+27
1.73300000000000e+01	1.47300668380789e+27
1.73400000000000e+01	1.46649922082065e+27
1.73500000000000e+01	1.46000868898073e+27
1.73600000000000e+01	1.45353083644995e+27
1.73700000000000e+01	1.44706756530461e+27
1.73800000000000e+01	1.44062679433681e+27
1.73900000000000e+01	1.43419610799876e+27
1.74000000000000e+01	1.42778815278552e+27
1.74100000000000e+01	1.42139490731229e+27
1.74200000000000e+01	1.41502134255484e+27
1.74300000000000e+01	1.40866854482475e+27
1.74400000000000e+01	1.40234022981866e+27
1.74500000000000e+01	1.39602889053453e+27
1.74600000000000e+01	1.38974229187715e+27
1.74700000000000e+01	1.38347501159180e+27
1.74800000000000e+01	1.37722617934965e+27
1.74900000000000e+01	1.37099235778143e+27
1.75000000000000e+01	1.36477984732905e+27
1.75100000000000e+01	1.35857745049629e+27
1.75200000000000e+01	1.35239431491525e+27
1.75300000000000e+01	1.34622400645744e+27
1.75400000000000e+01	1.34006143208980e+27
1.75500000000000e+01	1.33392457299119e+27
1.75600000000000e+01	1.32779622704680e+27
1.75700000000000e+01	1.32169582445082e+27
1.75800000000000e+01	1.31561039602115e+27
1.75900000000000e+01	1.30956027464822e+27
1.76000000000000e+01	1.30353272549861e+27
1.76100000000000e+01	1.29754538698314e+27
1.76200000000000e+01	1.29159361365573e+27
1.76300000000000e+01	1.28568703585518e+27
1.76400000000000e+01	1.27982309737078e+27
1.76500000000000e+01	1.27400566104863e+27
1.76600000000000e+01	1.26823742999655e+27
1.76700000000000e+01	1.26251395005715e+27
1.76800000000000e+01	1.25682948793284e+27
1.76900000000000e+01	1.25119883124547e+27
1.77000000000000e+01	1.24559852890799e+27
1.77100000000000e+01	1.24004564059110e+27
1.77200000000000e+01	1.23452068021529e+27
1.77300000000000e+01	1.22902701194063e+27
1.77400000000000e+01	1.22356598428319e+27
1.77500000000000e+01	1.21812792878450e+27
1.77600000000000e+01	1.21271796711375e+27
1.77700000000000e+01	1.20732817496893e+27
1.77800000000000e+01	1.20196018057724e+27
1.77900000000000e+01	1.19660939051446e+27
1.78000000000000e+01	1.19127885580870e+27
1.78100000000000e+01	1.18596601927092e+27
1.78200000000000e+01	1.18067310008805e+27
1.78300000000000e+01	1.17540475876063e+27
1.78400000000000e+01	1.17015263328992e+27
1.78500000000000e+01	1.16491927274215e+27
1.78600000000000e+01	1.15971727837056e+27
1.78700000000000e+01	1.15453747555620e+27
1.78800000000000e+01	1.14937468072381e+27
1.78900000000000e+01	1.14424375514966e+27
1.79000000000000e+01	1.13913376379109e+27
1.79100000000000e+01	1.13404499120697e+27
1.79200000000000e+01	1.12897868951616e+27
1.79300000000000e+01	1.12393808376878e+27
1.79400000000000e+01	1.11891752829584e+27
1.79500000000000e+01	1.11391645187225e+27
1.79600000000000e+01	1.10894600854666e+27
1.79700000000000e+01	1.10400258492678e+27
1.79800000000000e+01	1.09909066276956e+27
1.79900000000000e+01	1.09422303233578e+27
1.80000000000000e+01	1.08940256007126e+27
1.80100000000000e+01	1.08464239616704e+27
1.80200000000000e+01	1.07994070216515e+27
1.80300000000000e+01	1.07530531778702e+27
1.80400000000000e+01	1.07074448571163e+27
1.80500000000000e+01	1.06626020383895e+27
1.80600000000000e+01	1.06185033678653e+27
1.80700000000000e+01	1.05751845468184e+27
1.80800000000000e+01	1.05325539323037e+27
1.80900000000000e+01	1.04904907934179e+27
1.81000000000000e+01	1.04489626725192e+27
1.81100000000000e+01	1.04079082549552e+27
1.81200000000000e+01	1.03672247681982e+27
1.81300000000000e+01	1.03268015704899e+27
1.81400000000000e+01	1.02864887792548e+27
1.81500000000000e+01	1.02463567411875e+27
1.81600000000000e+01	1.02062018524836e+27
1.81700000000000e+01	1.01660801020724e+27
1.81800000000000e+01	1.01258884662835e+27
1.81900000000000e+01	1.00856331829268e+27
1.82000000000000e+01	1.00453657659696e+27
1.82100000000000e+01	1.00049658957878e+27
1.82200000000000e+01	9.96453896691623e+26
1.82300000000000e+01	9.92407851583027e+26
1.82400000000000e+01	9.88358533604693e+26
1.82500000000000e+01	9.84303982606838e+26
1.82600000000000e+01	9.80258261727222e+26
1.82700000000000e+01	9.76214872791997e+26
1.82800000000000e+01	9.72174817239432e+26
1.82900000000000e+01	9.68152140556548e+26
1.83000000000000e+01	9.64152144698690e+26
1.83100000000000e+01	9.60164792284628e+26
1.83200000000000e+01	9.56206925463093e+26
1.83300000000000e+01	9.52279282748428e+26
1.83400000000000e+01	9.48381493023754e+26
1.83500000000000e+01	9.44528480592609e+26
1.83600000000000e+01	9.40712453129405e+26
1.83700000000000e+01	9.36942336779512e+26
1.83800000000000e+01	9.33220468809323e+26
1.83900000000000e+01	9.29543117156930e+26
1.84000000000000e+01	9.25916894938236e+26
1.84100000000000e+01	9.22341797986351e+26
1.84200000000000e+01	9.18815886482389e+26
1.84300000000000e+01	9.15337616767341e+26
1.84400000000000e+01	9.11897873792125e+26
1.84500000000000e+01	9.08497196082265e+26
1.84600000000000e+01	9.05130572553102e+26
1.84700000000000e+01	9.01791729971446e+26
1.84800000000000e+01	8.98470043457445e+26
1.84900000000000e+01	8.95163127708963e+26
1.85000000000000e+01	8.91865422713490e+26
1.85100000000000e+01	8.88571199183883e+26
1.85200000000000e+01	8.85270955143680e+26
1.85300000000000e+01	8.81970190425510e+26
1.85400000000000e+01	8.78651701992699e+26
1.85500000000000e+01	8.75327483421285e+26
1.85600000000000e+01	8.71991996235739e+26
1.85700000000000e+01	8.68639680957667e+26
1.85800000000000e+01	8.65276454730859e+26
1.85900000000000e+01	8.61898797366730e+26
1.86000000000000e+01	8.58517508975751e+26
1.86100000000000e+01	8.55126353028380e+26
1.86200000000000e+01	8.51731768527960e+26
1.86300000000000e+01	8.48332627578936e+26
1.86400000000000e+01	8.44940674814710e+26
1.86500000000000e+01	8.41548938202320e+26
1.86600000000000e+01	8.38164714095324e+26
1.86700000000000e+01	8.34785499551385e+26
1.86800000000000e+01	8.31417113826373e+26
1.86900000000000e+01	8.28060854988988e+26
1.87000000000000e+01	8.24717899323940e+26
1.87100000000000e+01	8.21383417415783e+26
1.87200000000000e+01	8.18066098942606e+26
1.87300000000000e+01	8.14752847005456e+26
1.87400000000000e+01	8.11456009499207e+26
1.87500000000000e+01	8.08166213273184e+26
1.87600000000000e+01	8.04886880537591e+26
1.87700000000000e+01	8.01617578222834e+26
1.87800000000000e+01	7.98352785094985e+26
1.87900000000000e+01	7.95100261286172e+26
1.88000000000000e+01	7.91846321167740e+26
1.88100000000000e+01	7.88603933910579e+26
1.88200000000000e+01	7.85363444382873e+26
1.88300000000000e+01	7.82128464321229e+26
1.88400000000000e+01	7.78899414563822e+26
1.88500000000000e+01	7.75671818324986e+26
1.88600000000000e+01	7.72449593109671e+26
1.88700000000000e+01	7.69233028404152e+26
1.88800000000000e+01	7.66019354693942e+26
1.88900000000000e+01	7.62816976466797e+26
1.89000000000000e+01	7.59615001479280e+26
1.89100000000000e+01	7.56427173829143e+26
1.89200000000000e+01	7.53247351959481e+26
1.89300000000000e+01	7.50081918255381e+26
1.89400000000000e+01	7.46933391387394e+26
1.89500000000000e+01	7.43799873761134e+26
1.89600000000000e+01	7.40688777166445e+26
1.89700000000000e+01	7.37601465290306e+26
1.89800000000000e+01	7.34536556996041e+26
1.89900000000000e+01	7.31499754458481e+26
1.90000000000000e+01	7.28486824123677e+26
1.90100000000000e+01	7.25506996252020e+26
1.90200000000000e+01	7.22549613797676e+26
1.90300000000000e+01	7.19617622082937e+26
1.90400000000000e+01	7.16703717141754e+26
1.90500000000000e+01	7.13809374668595e+26
1.90600000000000e+01	7.10931864585439e+26
1.90700000000000e+01	7.08064158175254e+26
1.90800000000000e+01	7.05210788057614e+26
1.90900000000000e+01	7.02371802006334e+26
1.91000000000000e+01	6.99545518418017e+26
1.91100000000000e+01	6.96741500423544e+26
1.91200000000000e+01	6.93966239054302e+26
1.91300000000000e+01	6.91223914845988e+26
1.91400000000000e+01	6.88526238193431e+26
1.91500000000000e+01	6.85882498542998e+26
1.91600000000000e+01	6.83295951576190e+26
1.91700000000000e+01	6.80774439998393e+26
1.91800000000000e+01	6.78316885275098e+26
1.91900000000000e+01	6.75929825741135e+26
1.92000000000000e+01	6.73601807520994e+26
1.92100000000000e+01	6.71325156483393e+26
1.92200000000000e+01	6.69094795906666e+26
1.92300000000000e+01	6.66900133176658e+26
1.92400000000000e+01	6.64729436509734e+26
1.92500000000000e+01	6.62568366855111e+26
1.92600000000000e+01	6.60407417494533e+26
1.92700000000000e+01	6.58245539348947e+26
1.92800000000000e+01	6.56069534666583e+26
1.92900000000000e+01	6.53874935630621e+26
1.93000000000000e+01	6.51666983843861e+26
1.93100000000000e+01	6.49437971023672e+26
1.93200000000000e+01	6.47188364915271e+26
1.93300000000000e+01	6.44922887665310e+26
1.93400000000000e+01	6.42644534042987e+26
1.93500000000000e+01	6.40355083589981e+26
1.93600000000000e+01	6.38052317508883e+26
1.93700000000000e+01	6.35739234668238e+26
1.93800000000000e+01	6.33424717587999e+26
1.93900000000000e+01	6.31102521322111e+26
1.94000000000000e+01	6.28774603064815e+26
1.94100000000000e+01	6.26446211939079e+26
1.94200000000000e+01	6.24117675042910e+26
1.94300000000000e+01	6.21786555003742e+26
1.94400000000000e+01	6.19457160647214e+26
1.94500000000000e+01	6.17130566143601e+26
1.94600000000000e+01	6.14803880241379e+26
1.94700000000000e+01	6.12481206341600e+26
1.94800000000000e+01	6.10163013995788e+26
1.94900000000000e+01	6.07846386367301e+26
1.95000000000000e+01	6.05531894420020e+26
1.95100000000000e+01	6.03227856563156e+26
1.95200000000000e+01	6.00923165222102e+26
1.95300000000000e+01	5.98629603069301e+26
1.95400000000000e+01	5.96340981811031e+26
1.95500000000000e+01	5.94061365320622e+26
1.95600000000000e+01	5.91788261120925e+26
1.95700000000000e+01	5.89526166935680e+26
1.95800000000000e+01	5.87273008217647e+26
1.95900000000000e+01	5.85032637596575e+26
1.96000000000000e+01	5.82806227172750e+26
1.96100000000000e+01	5.80590565268941e+26
1.96200000000000e+01	5.78390237268587e+26
1.96300000000000e+01	5.76202284374694e+26
1.96400000000000e+01	5.74029087697324e+26
1.96500000000000e+01	5.71871210348121e+26
1.96600000000000e+01	5.69724902029890e+26
1.96700000000000e+01	5.67592543644213e+26
1.96800000000000e+01	5.65470309882732e+26
1.96900000000000e+01	5.63360575374576e+26
1.97000000000000e+01	5.61253461498881e+26
1.97100000000000e+01	5.59154195521552e+26
1.97200000000000e+01	5.57056359542520e+26
1.97300000000000e+01	5.54946751669462e+26
1.97400000000000e+01	5.52816239677973e+26
1.97500000000000e+01	5.50637708306569e+26
1.97600000000000e+01	5.48369697593572e+26
1.97700000000000e+01	5.45951055405629e+26
1.97800000000000e+01	5.43280140221888e+26
1.97900000000000e+01	5.40204626849016e+26
1.98000000000000e+01	5.36502024438346e+26
1.98100000000000e+01	5.31865369196177e+26
1.98200000000000e+01	5.25873227596254e+26
1.98300000000000e+01	5.17978389082489e+26
1.98400000000000e+01	5.07511192637825e+26
1.98500000000000e+01	4.93695203123878e+26
1.98600000000000e+01	4.75688702437420e+26
1.98700000000000e+01	4.52686668992831e+26
1.98800000000000e+01	4.24027691572443e+26
1.98900000000000e+01	3.89364557585688e+26
1.99000000000000e+01	3.48828638445426e+26
1.99100000000000e+01	3.03177559088952e+26
1.99200000000000e+01	2.53885519735161e+26
1.99300000000000e+01	2.03111086887181e+26
1.99400000000000e+01	1.53522399523406e+26
1.99500000000000e+01	1.07973781047992e+26
1.99600000000000e+01	6.90636403002941e+25
1.99700000000000e+01	3.86687963401558e+25
1.99800000000000e+01	1.75791051914804e+25
1.99900000000000e+01	5.34485883449273e+24
2.00000000000000e+01	4.18623674510777e+23
