1.00000000000000e-02	3.66975790160570e+24
2.00000000000000e-02	1.46788816936619e+25
3.00000000000000e-02	3.30271228016460e+25
4.00000000000000e-02	5.87136325328432e+25
5.00000000000000e-02	9.17376332827213e+25
6.00000000000000e-02	1.32098614205051e+26
7.00000000000000e-02	1.79795117157226e+26
8.00000000000000e-02	2.34824450494862e+26
9.00000000000000e-02	2.97185856303499e+26
1.00000000000000e-01	3.66877781464655e+26
1.10000000000000e-01	4.43897438349995e+26
1.20000000000000e-01	5.28244276938504e+26
1.30000000000000e-01	6.19907063101263e+26
1.40000000000000e-01	7.18898589802825e+26
1.50000000000000e-01	8.25198311424971e+26
1.60000000000000e-01	9.38807149515085e+26
1.70000000000000e-01	1.05973349468044e+27
1.80000000000000e-01	1.18796895109907e+27
1.90000000000000e-01	1.32349395158859e+27
2.00000000000000e-01	1.46631413787672e+27
2.10000000000000e-01	1.61641693039441e+27
2.20000000000000e-01	1.77384087889297e+27
2.30000000000000e-01	1.93850557351782e+27
2.40000000000000e-01	2.11047268089380e+27
2.50000000000000e-01	2.28966730023195e+27
2.60000000000000e-01	2.47614375319279e+27
2.70000000000000e-01	2.66984758549191e+27
2.80000000000000e-01	2.87086138539388e+27
2.90000000000000e-01	3.07907204911239e+27
3.00000000000000e-01	3.29451868731153e+27
3.10000000000000e-01	3.51718428483420e+27
3.20000000000000e-01	3.74704877659810e+27
3.30000000000000e-01	3.98412376060246e+27
3.40000000000000e-01	4.22836130265022e+27
3.50000000000000e-01	4.47984768976924e+27
3.60000000000000e-01	4.73845486864035e+27
3.70000000000000e-01	5.00424336970908e+27
3.80000000000000e-01	5.27720558904612e+27
3.90000000000000e-01	5.55724501998545e+27
4.00000000000000e-01	5.84443346395423e+27
4.10000000000000e-01	6.13866471805496e+27
4.20000000000000e-01	6.44007884819943e+27
4.30000000000000e-01	6.74847321498175e+27
4.40000000000000e-01	7.06408559167674e+27
4.50000000000000e-01	7.38662191733358e+27
4.60000000000000e-01	7.71614555202068e+27
4.70000000000000e-01	8.05279964861984e+27
4.80000000000000e-01	8.39643812758683e+27
4.90000000000000e-01	8.74702741716644e+27
5.00000000000000e-01	9.10457497975479e+27
5.10000000000000e-01	9.46887057875538e+27
5.20000000000000e-01	9.84041229580404e+27
5.30000000000000e-01	1.02185144152857e+28
5.40000000000000e-01	1.06037460024612e+28
5.50000000000000e-01	1.09958288034014e+28
5.60000000000000e-01	1.13944687556447e+28
5.70000000000000e-01	1.17999119965922e+28
5.80000000000000e-01	1.22124219161215e+28
5.90000000000000e-01	1.26313927252993e+28
6.00000000000000e-01	1.30572167737803e+28
6.10000000000000e-01	1.34894075369462e+28
6.20000000000000e-01	1.39283980522634e+28
6.30000000000000e-01	1.43740205844513e+28
6.40000000000000e-01	1.48264597239224e+28
6.50000000000000e-01	1.52852033674156e+28
6.60000000000000e-01	1.57504932746739e+28
6.70000000000000e-01	1.62217527731854e+28
6.80000000000000e-01	1.66998572095737e+28
6.90000000000000e-01	1.71844120205816e+28
7.00000000000000e-01	1.76752788982731e+28
7.10000000000000e-01	1.81723393394574e+28
7.20000000000000e-01	1.86752820743587e+28
7.30000000000000e-01	1.91850395265351e+28
7.40000000000000e-01	1.97003029448514e+28
7.50000000000000e-01	2.02220339777626e+28
7.60000000000000e-01	2.07492330162966e+28
7.70000000000000e-01	2.12829266938730e+28
7.80000000000000e-01	2.18221488293451e+28
7.90000000000000e-01	2.23673829490239e+28
8.00000000000000e-01	2.29181229658440e+28
8.10000000000000e-01	2.34743459466171e+28
8.20000000000000e-01	2.40365899353844e+28
8.30000000000000e-01	2.46040643737228e+28
8.40000000000000e-01	2.51777286002652e+28
8.50000000000000e-01	2.57558856642212e+28
8.60000000000000e-01	2.63396560073664e+28
8.70000000000000e-01	2.69284600661833e+28
8.80000000000000e-01	2.75219926971159e+28
8.90000000000000e-01	2.81209214337368e+28
9.00000000000000e-01	2.87246708197485e+28
9.10000000000000e-01	2.93327628131090e+28
9.20000000000000e-01	2.99457665397690e+28
9.30000000000000e-01	3.05636217760967e+28
9.40000000000000e-01	3.11858384915180e+28
9.50000000000000e-01	3.18118829802472e+28
9.60000000000000e-01	3.24419292626807e+28
9.70000000000000e-01	3.30764722654884e+28
9.80000000000000e-01	3.37148579385209e+28
9.90000000000000e-01	3.43565094924784e+28
1.00000000000000e+00	3.50027269332817e+28
1.01000000000000e+00	3.56510772821500e+28
1.02000000000000e+00	3.63024643600204e+28
1.03000000000000e+00	3.69578310294826e+28
1.04000000000000e+00	3.76155591690247e+28
1.05000000000000e+00	3.82757147757122e+28
1.06000000000000e+00	3.89381418006778e+28
1.07000000000000e+00	3.96036409280735e+28
1.08000000000000e+00	4.02704799367308e+28
1.09000000000000e+00	4.09385189374188e+28
1.10000000000000e+00	4.16087476910362e+28
1.11000000000000e+00	4.22797240424567e+28
1.12000000000000e+00	4.29513085122757e+28
1.13000000000000e+00	4.36239280397897e+28
1.14000000000000e+00	4.42969235516241e+28
1.15000000000000e+00	4.49699527293966e+28
1.16000000000000e+00	4.56420780764801e+28
1.17000000000000e+00	4.63141488868109e+28
1.18000000000000e+00	4.69849903077475e+28
1.19000000000000e+00	4.76539850188459e+28
1.20000000000000e+00	4.83216991703960e+28
1.21000000000000e+00	4.89863893646210e+28
1.22000000000000e+00	4.96480806809202e+28
1.23000000000000e+00	5.03075904824830e+28
1.24000000000000e+00	5.09623031930537e+28
1.25000000000000e+00	5.16137753035512e+28
1.26000000000000e+00	5.22590982682965e+28
1.27000000000000e+00	5.29007284783688e+28
1.28000000000000e+00	5.35344980399684e+28
1.29000000000000e+00	5.41625010373737e+28
1.30000000000000e+00	5.47819706012636e+28
1.31000000000000e+00	5.53942428819452e+28
1.32000000000000e+00	5.59974052963453e+28
1.33000000000000e+00	5.65909746736517e+28
1.34000000000000e+00	5.71728390429132e+28
1.35000000000000e+00	5.77432851073469e+28
1.36000000000000e+00	5.83014356309212e+28
1.37000000000000e+00	5.88460650650486e+28
1.38000000000000e+00	5.93757103134733e+28
1.39000000000000e+00	5.98883275046222e+28
1.40000000000000e+00	6.03848209853419e+28
1.41000000000000e+00	6.08613874571953e+28
1.42000000000000e+00	6.13177502424100e+28
1.43000000000000e+00	6.17518784092882e+28
1.44000000000000e+00	6.21626648419654e+28
1.45000000000000e+00	6.25471886997529e+28
1.46000000000000e+00	6.29055432127365e+28
1.47000000000000e+00	6.32319190713309e+28
1.48000000000000e+00	6.35269664102780e+28
1.49000000000000e+00	6.37862679675005e+28
1.50000000000000e+00	6.40073015530775e+28
1.51000000000000e+00	6.41870038663034e+28
1.52000000000000e+00	6.43210563115053e+28
1.53000000000000e+00	6.44075605458200e+28
1.54000000000000e+00	6.44400139833789e+28
1.55000000000000e+00	6.44122975130552e+28
1.56000000000000e+00	6.43205858540439e+28
1.57000000000000e+00	6.41573456506122e+28
1.58000000000000e+00	6.39136663133482e+28
1.59000000000000e+00	6.35768414531303e+28
1.60000000000000e+00	6.31383108463308e+28
1.61000000000000e+00	6.25792014919491e+28
1.62000000000000e+00	6.18828074983060e+28
1.63000000000000e+00	6.10224796258273e+28
1.64000000000000e+00	5.99760743879658e+28
1.65000000000000e+00	5.87302864744933e+28
1.66000000000000e+00	5.72747878214789e+28
1.67000000000000e+00	5.56260685121383e+28
1.68000000000000e+00	5.38110130519534e+28
1.69000000000000e+00	5.18754783823930e+28
1.70000000000000e+00	4.98754998952751e+28
1.71000000000000e+00	4.78776841363617e+28
1.72000000000000e+00	4.59621545982269e+28
1.73000000000000e+00	4.42337082356538e+28
1.74000000000000e+00	4.28126395566063e+28
1.75000000000000e+00	4.18284094585966e+28
1.76000000000000e+00	4.13993610825748e+28
1.77000000000000e+00	4.16167234444782e+28
1.78000000000000e+00	4.25367625603787e+28
1.79000000000000e+00	4.41617238541652e+28
1.80000000000000e+00	4.64329145302721e+28
1.81000000000000e+00	4.92274856895597e+28
1.82000000000000e+00	5.23768618910998e+28
1.83000000000000e+00	5.56971153885211e+28
1.84000000000000e+00	5.90378388831338e+28
1.85000000000000e+00	6.23126135477752e+28
1.86000000000000e+00	6.54865525932384e+28
1.87000000000000e+00	6.85664646078523e+28
1.88000000000000e+00	7.15697893124119e+28
1.89000000000000e+00	7.45124711956463e+28
1.90000000000000e+00	7.74049333104387e+28
1.91000000000000e+00	8.02459310953820e+28
1.92000000000000e+00	8.30241844583267e+28
1.93000000000000e+00	8.57221389108252e+28
1.94000000000000e+00	8.83097481224386e+28
1.95000000000000e+00	9.07595384708088e+28
1.96000000000000e+00	9.30528493494761e+28
1.97000000000000e+00	9.51832917092271e+28
1.98000000000000e+00	9.71719240333405e+28
1.99000000000000e+00	9.90609961163806e+28
2.00000000000000e+00	1.00921298246719e+29
2.01000000000000e+00	1.02842343250192e+29
2.02000000000000e+00	1.04933680338107e+29
2.03000000000000e+00	1.07318950624827e+29
2.04000000000000e+00	1.10134161805774e+29
2.05000000000000e+00	1.13527054095996e+29
2.06000000000000e+00	1.17655012681785e+29
2.07000000000000e+00	1.22667370635650e+29
2.08000000000000e+00	1.28699893143139e+29
2.09000000000000e+00	1.35842815076870e+29
2.10000000000000e+00	1.44120798831538e+29
2.11000000000000e+00	1.53489429906381e+29
2.12000000000000e+00	1.63846424998005e+29
2.13000000000000e+00	1.75091666050311e+29
2.14000000000000e+00	1.87218902563320e+29
2.15000000000000e+00	2.00379102890366e+29
2.16000000000000e+00	2.14936738869652e+29
2.17000000000000e+00	2.31418497942860e+29
2.18000000000000e+00	2.50443962231858e+29
2.19000000000000e+00	2.72575968782611e+29
2.20000000000000e+00	2.98234897896964e+29
2.21000000000000e+00	3.27613116703240e+29
2.22000000000000e+00	3.60698252220737e+29
2.23000000000000e+00	3.97477685318491e+29
2.24000000000000e+00	4.38255185532082e+29
2.25000000000000e+00	4.84176532006778e+29
2.26000000000000e+00	5.37614992789289e+29
2.27000000000000e+00	6.02512079146423e+29
2.28000000000000e+00	6.84568872816656e+29
2.29000000000000e+00	7.91401143531210e+29
2.30000000000000e+00	9.32666041712968e+29
2.31000000000000e+00	1.12003159016261e+30
2.32000000000000e+00	1.36680949143521e+30
2.33000000000000e+00	1.68681275961190e+30
2.34000000000000e+00	2.09232105561485e+30
2.35000000000000e+00	2.59165796203078e+30
2.36000000000000e+00	3.18647092222215e+30
2.37000000000000e+00	3.87008322833560e+30
2.38000000000000e+00	4.62704179071455e+30
2.39000000000000e+00	5.43324145379637e+30
2.40000000000000e+00	6.25746643952503e+30
2.41000000000000e+00	7.06438195571930e+30
2.42000000000000e+00	7.81928507344964e+30
2.43000000000000e+00	8.49326257152754e+30
2.44000000000000e+00	9.06657720105070e+30
2.45000000000000e+00	9.53079798253328e+30
2.46000000000000e+00	9.88629544061940e+30
2.47000000000000e+00	1.01414063881765e+31
2.48000000000000e+00	1.03080642707728e+31
2.49000000000000e+00	1.04009061009421e+31
2.50000000000000e+00	1.04337858711554e+31
2.51000000000000e+00	1.04189389872907e+31
2.52000000000000e+00	1.03651648458858e+31
2.53000000000000e+00	1.02775726788195e+31
2.54000000000000e+00	1.01576580668819e+31
2.55000000000000e+00	1.00048034936732e+31
2.56000000000000e+00	9.81675882395370e+30
2.57000000000000e+00	9.59055853297354e+30
2.58000000000000e+00	9.32310842910124e+30
2.59000000000000e+00	9.01121861748149e+30
2.60000000000000e+00	8.65059333449882e+30
2.61000000000000e+00	8.23741056485075e+30
2.62000000000000e+00	7.76893449285157e+30
2.63000000000000e+00	7.24746954508918e+30
2.64000000000000e+00	6.68572894959576e+30
2.65000000000000e+00	6.10857156732624e+30
2.66000000000000e+00	5.55026654533324e+30
2.67000000000000e+00	5.04538818112353e+30
2.68000000000000e+00	4.61976999418190e+30
2.69000000000000e+00	4.28604326163477e+30
2.70000000000000e+00	4.04425709886297e+30
2.71000000000000e+00	3.88533782722481e+30
2.72000000000000e+00	3.79489156965740e+30
2.73000000000000e+00	3.75631291774353e+30
2.74000000000000e+00	3.75272002379557e+30
2.75000000000000e+00	3.76877849167391e+30
2.76000000000000e+00	3.79181723367777e+30
2.77000000000000e+00	3.81254057264780e+30
2.78000000000000e+00	3.82465801394710e+30
2.79000000000000e+00	3.82435788399614e+30
2.80000000000000e+00	3.80923966796820e+30
2.81000000000000e+00	3.77761366012168e+30
2.82000000000000e+00	3.72803908409747e+30
2.83000000000000e+00	3.65900669442621e+30
2.84000000000000e+00	3.56946765186342e+30
2.85000000000000e+00	3.45882059511825e+30
2.86000000000000e+00	3.32760034765618e+30
2.87000000000000e+00	3.17809500944701e+30
2.88000000000000e+00	3.01432270342958e+30
2.89000000000000e+00	2.84204053522570e+30
2.90000000000000e+00	2.66815966834627e+30
2.91000000000000e+00	2.50005828180946e+30
2.92000000000000e+00	2.34449013712331e+30
2.93000000000000e+00	2.20666038266702e+30
2.94000000000000e+00	2.08959788730778e+30
2.95000000000000e+00	1.99338417039689e+30
2.96000000000000e+00	1.91537933450206e+30
2.97000000000000e+00	1.85034668239336e+30
2.98000000000000e+00	1.79167777024600e+30
2.99000000000000e+00	1.73206345749828e+30
3.00000000000000e+00	1.66482163926238e+30
3.01000000000000e+00	1.58443306488535e+30
3.02000000000000e+00	1.48737445308145e+30
3.03000000000000e+00	1.37264325821661e+30
3.04000000000000e+00	1.24213725110530e+30
3.05000000000000e+00	1.10087459860526e+30
3.06000000000000e+00	9.56643106788359e+29
3.07000000000000e+00	8.19388848695944e+29
3.08000000000000e+00	7.00266747206173e+29
3.09000000000000e+00	6.10530396885888e+29
3.10000000000000e+00	5.60847648095888e+29
3.11000000000000e+00	5.60730308206726e+29
3.12000000000000e+00	6.18290425302624e+29
3.13000000000000e+00	7.40129853965166e+29
3.14000000000000e+00	9.31077375452381e+29
3.15000000000000e+00	1.19357805958477e+30
3.16000000000000e+00	1.52714398937232e+30
3.17000000000000e+00	1.92762509477168e+30
3.18000000000000e+00	2.38737405238642e+30
3.19000000000000e+00	2.89630917633916e+30
3.20000000000000e+00	3.44347067437116e+30
3.21000000000000e+00	4.01867233726100e+30
3.22000000000000e+00	4.61320148848841e+30
3.23000000000000e+00	5.21959733604944e+30
3.24000000000000e+00	5.83081016560154e+30
3.25000000000000e+00	6.43912773699125e+30
3.26000000000000e+00	7.03586040039655e+30
3.27000000000000e+00	7.61141681877392e+30
3.28000000000000e+00	8.15570212726205e+30
3.29000000000000e+00	8.65919302802771e+30
3.30000000000000e+00	9.11342766874630e+30
3.31000000000000e+00	9.51172584285894e+30
3.32000000000000e+00	9.84980621741177e+30
3.33000000000000e+00	1.01249687122053e+31
3.34000000000000e+00	1.03355158050395e+31
3.35000000000000e+00	1.04795433115996e+31
3.36000000000000e+00	1.05539794376887e+31
3.37000000000000e+00	1.05551181575186e+31
3.38000000000000e+00	1.04794735607216e+31
3.39000000000000e+00	1.03258028027714e+31
3.40000000000000e+00	1.00965073407165e+31
3.41000000000000e+00	9.79749194624773e+30
3.42000000000000e+00	9.43835652375367e+30
3.43000000000000e+00	9.03075976987699e+30
3.44000000000000e+00	8.58738647058549e+30
3.45000000000000e+00	8.12045139938200e+30
3.46000000000000e+00	7.64158076894058e+30
3.47000000000000e+00	7.16123621718712e+30
3.48000000000000e+00	6.68880659138086e+30
3.49000000000000e+00	6.23256060744646e+30
3.50000000000000e+00	5.79976203455384e+30
3.51000000000000e+00	5.39647054179325e+30
3.52000000000000e+00	5.02755014628146e+30
3.53000000000000e+00	4.69615529804643e+30
3.54000000000000e+00	4.40368822374152e+30
3.55000000000000e+00	4.14969129820026e+30
3.56000000000000e+00	3.93198069554161e+30
3.57000000000000e+00	3.74691419432493e+30
3.58000000000000e+00	3.58973097409399e+30
3.59000000000000e+00	3.45495242940559e+30
3.60000000000000e+00	3.33668697140791e+30
3.61000000000000e+00	3.22878357880459e+30
3.62000000000000e+00	3.12490412935369e+30
3.63000000000000e+00	3.01896008152373e+30
3.64000000000000e+00	2.90519819173314e+30
3.65000000000000e+00	2.77858572247351e+30
3.66000000000000e+00	2.63527099229179e+30
3.67000000000000e+00	2.47283930147506e+30
3.68000000000000e+00	2.29058893944987e+30
3.69000000000000e+00	2.08962570454067e+30
3.70000000000000e+00	1.87270650981342e+30
3.71000000000000e+00	1.64422535709568e+30
3.72000000000000e+00	1.40995756598213e+30
3.73000000000000e+00	1.17667770319568e+30
3.74000000000000e+00	9.51711761792473e+29
3.75000000000000e+00	7.42283998676146e+29
3.76000000000000e+00	5.54819379524430e+29
3.77000000000000e+00	3.94319357715942e+29
3.78000000000000e+00	2.64040843166426e+29
3.79000000000000e+00	1.65407766076572e+29
3.80000000000000e+00	9.81712726441345e+28
3.81000000000000e+00	6.07270326990777e+28
3.82000000000000e+00	5.04551468371123e+28
3.83000000000000e+00	6.40748203071811e+28
3.84000000000000e+00	9.79565328156280e+28
3.85000000000000e+00	1.48386647210822e+29
3.86000000000000e+00	2.11778921911838e+29
3.87000000000000e+00	2.84816494800411e+29
3.88000000000000e+00	3.64536767733865e+29
3.89000000000000e+00	4.48358838061492e+29
3.90000000000000e+00	5.34057105465507e+29
3.91000000000000e+00	6.19694197403599e+29
3.92000000000000e+00	7.03553230037555e+29
3.93000000000000e+00	7.84053014893345e+29
3.94000000000000e+00	8.59717228776818e+29
3.95000000000000e+00	9.29161912626560e+29
3.96000000000000e+00	9.91181806910373e+29
3.97000000000000e+00	1.04485952769362e+30
3.98000000000000e+00	1.08968434011641e+30
3.99000000000000e+00	1.12565664817485e+30
4.00000000000000e+00	1.15326089178495e+30
4.01000000000000e+00	1.17336561652481e+30
4.02000000000000e+00	1.18702954371605e+30
4.03000000000000e+00	1.19526486939136e+30
4.04000000000000e+00	1.19895369405364e+30
4.05000000000000e+00	1.19875495409942e+30
4.06000000000000e+00	1.19510146781659e+30
4.07000000000000e+00	1.18825049088107e+30
4.08000000000000e+00	1.17829078503493e+30
4.09000000000000e+00	1.16517571886011e+30
4.10000000000000e+00	1.14868928843571e+30
4.11000000000000e+00	1.12845170293751e+30
4.12000000000000e+00	1.10395022158668e+30
4.13000000000000e+00	1.07461459023230e+30
4.14000000000000e+00	1.03994271064950e+30
4.15000000000000e+00	9.99602328926123e+29
4.16000000000000e+00	9.53569931540200e+29
4.17000000000000e+00	9.02188625431091e+29
4.18000000000000e+00	8.46200926832828e+29
4.19000000000000e+00	7.86678598158612e+29
4.20000000000000e+00	7.24972778288462e+29
4.21000000000000e+00	6.62592572516738e+29
4.22000000000000e+00	6.01134220574144e+29
4.23000000000000e+00	5.42165838047740e+29
4.24000000000000e+00	4.87149432094793e+29
4.25000000000000e+00	4.37338524534367e+29
4.26000000000000e+00	3.93674748384813e+29
4.27000000000000e+00	3.56722855158550e+29
4.28000000000000e+00	3.26609771834521e+29
4.29000000000000e+00	3.03045305435644e+29
4.30000000000000e+00	2.85366145369668e+29
4.31000000000000e+00	2.72669221412955e+29
4.32000000000000e+00	2.63933097594209e+29
4.33000000000000e+00	2.58136805072719e+29
4.34000000000000e+00	2.54356943062029e+29
4.35000000000000e+00	2.51832541901802e+29
4.36000000000000e+00	2.49974205802760e+29
4.37000000000000e+00	2.48350204039600e+29
4.38000000000000e+00	2.46668353377732e+29
4.39000000000000e+00	2.44709093012893e+29
4.40000000000000e+00	2.42289924767497e+29
4.41000000000000e+00	2.39216637253682e+29
4.42000000000000e+00	2.35264953973109e+29
4.43000000000000e+00	2.30184283748300e+29
4.44000000000000e+00	2.23725115418985e+29
4.45000000000000e+00	2.15673549608062e+29
4.46000000000000e+00	2.05910824572582e+29
4.47000000000000e+00	1.94415864005634e+29
4.48000000000000e+00	1.81314564829136e+29
4.49000000000000e+00	1.66879173818456e+29
4.50000000000000e+00	1.51473947828693e+29
4.51000000000000e+00	1.35544685370282e+29
4.52000000000000e+00	1.19621207129987e+29
4.53000000000000e+00	1.04173870573062e+29
4.54000000000000e+00	8.96475794303330e+28
4.55000000000000e+00	7.64355658512021e+28
4.56000000000000e+00	6.48520695809929e+28
4.57000000000000e+00	5.52039215673250e+28
4.58000000000000e+00	4.78264399266201e+28
4.59000000000000e+00	4.32170173715535e+28
4.60000000000000e+00	4.21851904494798e+28
4.61000000000000e+00	4.60820370051301e+28
4.62000000000000e+00	5.71097778887680e+28
4.63000000000000e+00	7.87367665256028e+28
4.64000000000000e+00	1.16246482218003e+29
4.65000000000000e+00	1.77442051930422e+29
4.66000000000000e+00	2.73572807152555e+29
4.67000000000000e+00	4.20466787399092e+29
4.68000000000000e+00	6.39852553389585e+29
4.69000000000000e+00	9.60922096605702e+29
4.70000000000000e+00	1.42137091197870e+30
4.71000000000000e+00	2.06768856190617e+30
4.72000000000000e+00	2.95350109684715e+30
4.73000000000000e+00	4.13405118100203e+30
4.74000000000000e+00	5.65758326329938e+30
4.75000000000000e+00	7.55166085584884e+30
4.76000000000000e+00	9.80918600251469e+30
4.77000000000000e+00	1.23761725860193e+31
4.78000000000000e+00	1.51470456327091e+31
4.79000000000000e+00	1.79723870276931e+31
4.80000000000000e+00	2.06762581975773e+31
4.81000000000000e+00	2.30845756529357e+31
4.82000000000000e+00	2.50512612284361e+31
4.83000000000000e+00	2.64804042970731e+31
4.84000000000000e+00	2.73341952380996e+31
4.85000000000000e+00	2.76295756881339e+31
4.86000000000000e+00	2.74260679654345e+31
4.87000000000000e+00	2.68099855127124e+31
4.88000000000000e+00	2.58822481696912e+31
4.89000000000000e+00	2.47482442359353e+31
4.90000000000000e+00	2.35142393311829e+31
4.91000000000000e+00	2.22792446594255e+31
4.92000000000000e+00	2.11295717780517e+31
4.93000000000000e+00	2.01315181890504e+31
4.94000000000000e+00	1.93245699583014e+31
4.95000000000000e+00	1.87209865887585e+31
4.96000000000000e+00	1.83061253876674e+31
4.97000000000000e+00	1.80487471393421e+31
4.98000000000000e+00	1.79065788585524e+31
4.99000000000000e+00	1.78363973149489e+31
5.00000000000000e+00	1.78015905376547e+31
5.01000000000000e+00	1.77757622791550e+31
5.02000000000000e+00	1.77468508255925e+31
5.03000000000000e+00	1.77153546337374e+31
5.04000000000000e+00	1.76945843430185e+31
5.05000000000000e+00	1.77074088180436e+31
5.06000000000000e+00	1.77828501460444e+31
5.07000000000000e+00	1.79536472673204e+31
5.08000000000000e+00	1.82532860906304e+31
5.09000000000000e+00	1.87152943952260e+31
5.10000000000000e+00	1.93699955554615e+31
5.11000000000000e+00	2.02455539130291e+31
5.12000000000000e+00	2.13651875301780e+31
5.13000000000000e+00	2.27468046853525e+31
5.14000000000000e+00	2.44018002990463e+31
5.15000000000000e+00	2.63292175363216e+31
5.16000000000000e+00	2.85166982347387e+31
5.17000000000000e+00	3.09353305419332e+31
5.18000000000000e+00	3.35396239700495e+31
5.19000000000000e+00	3.62647083599730e+31
5.20000000000000e+00	3.90290487941675e+31
5.21000000000000e+00	4.17333134603279e+31
5.22000000000000e+00	4.42665946908457e+31
5.23000000000000e+00	4.65111048451614e+31
5.24000000000000e+00	4.83470625768207e+31
5.25000000000000e+00	4.96638958976168e+31
5.26000000000000e+00	5.03688583947200e+31
5.27000000000000e+00	5.03947447076455e+31
5.28000000000000e+00	4.97154629895413e+31
5.29000000000000e+00	4.83476337222654e+31
5.30000000000000e+00	4.63571754139225e+31
5.31000000000000e+00	4.38563027565307e+31
5.32000000000000e+00	4.09942682110130e+31
5.33000000000000e+00	3.79474409653860e+31
5.34000000000000e+00	3.48998740881783e+31
5.35000000000000e+00	3.20326220211321e+31
5.36000000000000e+00	2.95080842512994e+31
5.37000000000000e+00	2.74656936842828e+31
5.38000000000000e+00	2.60136476970340e+31
5.39000000000000e+00	2.52349866919470e+31
5.40000000000000e+00	2.51887807226654e+31
5.41000000000000e+00	2.59193623730038e+31
5.42000000000000e+00	2.74640129655531e+31
5.43000000000000e+00	2.98622615110682e+31
5.44000000000000e+00	3.31663351738173e+31
5.45000000000000e+00	3.74475612722162e+31
5.46000000000000e+00	4.28076254234547e+31
5.47000000000000e+00	4.93835920549824e+31
5.48000000000000e+00	5.73583186032426e+31
5.49000000000000e+00	6.69641835741695e+31
5.50000000000000e+00	7.84866301822404e+31
5.51000000000000e+00	9.22705933485820e+31
5.52000000000000e+00	1.08721027930542e+32
5.53000000000000e+00	1.28297359431628e+32
5.54000000000000e+00	1.51509193674285e+32
5.55000000000000e+00	1.78901131806346e+32
5.56000000000000e+00	2.11032182105246e+32
5.57000000000000e+00	2.48457187165767e+32
5.58000000000000e+00	2.91687787936603e+32
5.59000000000000e+00	3.41168791076568e+32
5.60000000000000e+00	3.97231128026368e+32
5.61000000000000e+00	4.60079009818766e+32
5.62000000000000e+00	5.29698697039990e+32
5.63000000000000e+00	6.05857551504019e+32
5.64000000000000e+00	6.87981461059387e+32
5.65000000000000e+00	7.75131380832278e+32
5.66000000000000e+00	8.65911335088842e+32
5.67000000000000e+00	9.58445910428105e+32
5.68000000000000e+00	1.05036331143062e+33
5.69000000000000e+00	1.13883269543866e+33
5.70000000000000e+00	1.22074426945942e+33
5.71000000000000e+00	1.29286848699305e+33
5.72000000000000e+00	1.35211543460716e+33
5.73000000000000e+00	1.39585936108165e+33
5.74000000000000e+00	1.42206777040490e+33
5.75000000000000e+00	1.42965256654791e+33
5.76000000000000e+00	1.41853052403705e+33
5.77000000000000e+00	1.38968402888720e+33
5.78000000000000e+00	1.34502492795386e+33
5.79000000000000e+00	1.28717617159178e+33
5.80000000000000e+00	1.21921559218199e+33
5.81000000000000e+00	1.14428165536181e+33
5.82000000000000e+00	1.06531016642084e+33
5.83000000000000e+00	9.84841197940082e+32
5.84000000000000e+00	9.04895632574534e+32
5.85000000000000e+00	8.26996882607769e+32
5.86000000000000e+00	7.52193884476802e+32
5.87000000000000e+00	6.81138843110755e+32
5.88000000000000e+00	6.14192183541787e+32
5.89000000000000e+00	5.51436107339883e+32
5.90000000000000e+00	4.92821702510353e+32
5.91000000000000e+00	4.38156425232393e+32
5.92000000000000e+00	3.87188688774161e+32
5.93000000000000e+00	3.39648736471095e+32
5.94000000000000e+00	2.95324924997923e+32
5.95000000000000e+00	2.54065214089083e+32
5.96000000000000e+00	2.15815636538792e+32
5.97000000000000e+00	1.80619186577396e+32
5.98000000000000e+00	1.48593278116962e+32
5.99000000000000e+00	1.19886670034213e+32
6.00000000000000e+00	9.46431992376921e+31
6.01000000000000e+00	7.29539781163641e+31
6.02000000000000e+00	5.48238650317778e+31
6.03000000000000e+00	4.01525297911521e+31
6.04000000000000e+00	2.87304779104571e+31
6.05000000000000e+00	2.02644057740027e+31
6.06000000000000e+00	1.44030586946615e+31
6.07000000000000e+00	1.07742320171636e+31
6.08000000000000e+00	9.01425871674403e+30
6.09000000000000e+00	8.78933863589731e+30
6.10000000000000e+00	9.80428635604922e+30
6.11000000000000e+00	1.18023160822460e+31
6.12000000000000e+00	1.45576616532400e+31
6.13000000000000e+00	1.78653763010561e+31
6.14000000000000e+00	2.15321878030648e+31
6.15000000000000e+00	2.53717321290471e+31
6.16000000000000e+00	2.92013285009646e+31
6.17000000000000e+00	3.28465079917395e+31
6.18000000000000e+00	3.61486747612227e+31
6.19000000000000e+00	3.89700713413658e+31
6.20000000000000e+00	4.12055951318639e+31
6.21000000000000e+00	4.27822631806230e+31
6.22000000000000e+00	4.36651146422323e+31
6.23000000000000e+00	4.38529147274650e+31
6.24000000000000e+00	4.33797112471900e+31
6.25000000000000e+00	4.23050992290307e+31
6.26000000000000e+00	4.07174229114595e+31
6.27000000000000e+00	3.87204108108177e+31
6.28000000000000e+00	3.64313331929905e+31
6.29000000000000e+00	3.39749621592279e+31
6.30000000000000e+00	3.14690340570996e+31
6.31000000000000e+00	2.90194338787292e+31
6.32000000000000e+00	2.67118863202279e+31
6.33000000000000e+00	2.46086134516641e+31
6.34000000000000e+00	2.27415126636822e+31
6.35000000000000e+00	2.11195536279247e+31
6.36000000000000e+00	1.97300629763171e+31
6.37000000000000e+00	1.85444194695969e+31
6.38000000000000e+00	1.75277833811284e+31
6.39000000000000e+00	1.66463935937423e+31
6.40000000000000e+00	1.58678733014963e+31
6.41000000000000e+00	1.51679345777312e+31
6.42000000000000e+00	1.45276698154720e+31
6.43000000000000e+00	1.39337580378865e+31
6.44000000000000e+00	1.33759035493251e+31
6.45000000000000e+00	1.28420908776868e+31
6.46000000000000e+00	1.23207122790170e+31
6.47000000000000e+00	1.18008521756775e+31
6.48000000000000e+00	1.12689407336017e+31
6.49000000000000e+00	1.07164576242200e+31
6.50000000000000e+00	1.01364084018845e+31
6.51000000000000e+00	9.53012070378101e+30
6.52000000000000e+00	8.90403868748935e+30
6.53000000000000e+00	8.27061861960584e+30
6.54000000000000e+00	7.64840779062608e+30
6.55000000000000e+00	7.06027360469341e+30
6.56000000000000e+00	6.53110495659650e+30
6.57000000000000e+00	6.08576751003437e+30
6.58000000000000e+00	5.74772043731280e+30
6.59000000000000e+00	5.53679024163423e+30
6.60000000000000e+00	5.46837755647657e+30
6.61000000000000e+00	5.55212257237478e+30
6.62000000000000e+00	5.79164152239450e+30
6.63000000000000e+00	6.18405803572810e+30
6.64000000000000e+00	6.72006848706665e+30
6.65000000000000e+00	7.38380615576191e+30
6.66000000000000e+00	8.15392973522732e+30
6.67000000000000e+00	9.00385043612375e+30
6.68000000000000e+00	9.90314446275359e+30
6.69000000000000e+00	1.08181462556928e+31
6.70000000000000e+00	1.17138810626367e+31
6.71000000000000e+00	1.25546007826236e+31
6.72000000000000e+00	1.33055604725587e+31
6.73000000000000e+00	1.39349681442761e+31
6.74000000000000e+00	1.44149183820905e+31
6.75000000000000e+00	1.47232453200864e+31
6.76000000000000e+00	1.48429280444355e+31
6.77000000000000e+00	1.47624501879672e+31
6.78000000000000e+00	1.44742978116763e+31
6.79000000000000e+00	1.39765172443705e+31
6.80000000000000e+00	1.32752224547395e+31
6.81000000000000e+00	1.23921002888347e+31
6.82000000000000e+00	1.13727553776908e+31
6.83000000000000e+00	1.02957343686172e+31
6.84000000000000e+00	9.27396542517800e+30
6.85000000000000e+00	8.44542492145258e+30
6.86000000000000e+00	7.95414694066274e+30
6.87000000000000e+00	7.92025522053958e+30
6.88000000000000e+00	8.41173523820831e+30
6.89000000000000e+00	9.42251000257629e+30
6.90000000000000e+00	1.08684677934367e+31
6.91000000000000e+00	1.26000634441690e+31
6.92000000000000e+00	1.44316205291096e+31
6.93000000000000e+00	1.61771494603428e+31
6.94000000000000e+00	1.76831398292384e+31
6.95000000000000e+00	1.88518763379137e+31
6.96000000000000e+00	1.96488712496383e+31
6.97000000000000e+00	2.00970781204354e+31
6.98000000000000e+00	2.02619688808497e+31
6.99000000000000e+00	2.02314938897528e+31
7.00000000000000e+00	2.00973386976227e+31
7.01000000000000e+00	1.99408731019844e+31
7.02000000000000e+00	1.98238026718743e+31
7.03000000000000e+00	1.97827451983750e+31
7.04000000000000e+00	1.98296057127172e+31
7.05000000000000e+00	1.99540986521295e+31
7.06000000000000e+00	2.01305424934349e+31
7.07000000000000e+00	2.03251105396220e+31
7.08000000000000e+00	2.05033164802399e+31
7.09000000000000e+00	2.06386962971716e+31
7.10000000000000e+00	2.07149330099336e+31
7.11000000000000e+00	2.07296437945714e+31
7.12000000000000e+00	2.06909796650193e+31
7.13000000000000e+00	2.06157068219643e+31
7.14000000000000e+00	2.05235797327218e+31
7.15000000000000e+00	2.04307438555098e+31
7.16000000000000e+00	2.03483703036112e+31
7.17000000000000e+00	2.02773779631249e+31
7.18000000000000e+00	2.02080580563453e+31
7.19000000000000e+00	2.01207212353345e+31
7.20000000000000e+00	1.99872080074148e+31
7.21000000000000e+00	1.97741398127277e+31
7.22000000000000e+00	1.94475640066090e+31
7.23000000000000e+00	1.89763422037247e+31
7.24000000000000e+00	1.83362711797137e+31
7.25000000000000e+00	1.75124286893126e+31
7.26000000000000e+00	1.65021947220649e+31
7.27000000000000e+00	1.53143000175453e+31
7.28000000000000e+00	1.39701123060409e+31
7.29000000000000e+00	1.25022441681168e+31
7.30000000000000e+00	1.09531645227308e+31
7.31000000000000e+00	9.37319201135543e+30
7.32000000000000e+00	7.81823242331613e+30
7.33000000000000e+00	6.34643658912780e+30
7.34000000000000e+00	5.01402787453527e+30
7.35000000000000e+00	3.87070183254756e+30
7.36000000000000e+00	2.95513682078397e+30
7.37000000000000e+00	2.29065152718592e+30
7.38000000000000e+00	1.88269566232905e+30
7.39000000000000e+00	1.71783279368386e+30
7.40000000000000e+00	1.76476647618430e+30
7.41000000000000e+00	1.97814930833731e+30
7.42000000000000e+00	2.30327976406446e+30
7.43000000000000e+00	2.68203201323163e+30
7.44000000000000e+00	3.05855412093166e+30
7.45000000000000e+00	3.38454326766033e+30
7.46000000000000e+00	3.62205243483819e+30
7.47000000000000e+00	3.74600058219386e+30
7.48000000000000e+00	3.74356207029887e+30
7.49000000000000e+00	3.61404281059968e+30
7.50000000000000e+00	3.36615000852693e+30
7.51000000000000e+00	3.01683476764474e+30
7.52000000000000e+00	2.58894849006396e+30
7.53000000000000e+00	2.11022007768775e+30
7.54000000000000e+00	1.61142801330469e+30
7.55000000000000e+00	1.12667323390780e+30
7.56000000000000e+00	6.92247095968603e+29
7.57000000000000e+00	3.47014062648236e+29
7.58000000000000e+00	1.31911139808526e+29
7.59000000000000e+00	9.00956157863177e+28
7.60000000000000e+00	2.66238265855049e+29
7.61000000000000e+00	7.05677079815362e+29
7.62000000000000e+00	1.45298373976665e+30
7.63000000000000e+00	2.54910334007363e+30
7.64000000000000e+00	4.02813022230524e+30
7.65000000000000e+00	5.91224253941260e+30
7.66000000000000e+00	8.20604161948481e+30
7.67000000000000e+00	1.08917060275011e+31
7.68000000000000e+00	1.39228507780861e+31
7.69000000000000e+00	1.72224800081822e+31
7.70000000000000e+00	2.06837258159484e+31
7.71000000000000e+00	2.41728481419529e+31
7.72000000000000e+00	2.75392761430038e+31
7.73000000000000e+00	3.06249869117387e+31
7.74000000000000e+00	3.32806658145269e+31
7.75000000000000e+00	3.53761225181182e+31
7.76000000000000e+00	3.68130767366788e+31
7.77000000000000e+00	3.75313589183089e+31
7.78000000000000e+00	3.75125464151912e+31
7.79000000000000e+00	3.67820136440659e+31
7.80000000000000e+00	3.54054242910883e+31
7.81000000000000e+00	3.34860823006708e+31
7.82000000000000e+00	3.11557118788354e+31
7.83000000000000e+00	2.85692474611113e+31
7.84000000000000e+00	2.58965198949866e+31
7.85000000000000e+00	2.33126233637771e+31
7.86000000000000e+00	2.09929896454302e+31
7.87000000000000e+00	1.91060301129975e+31
7.88000000000000e+00	1.78074998305663e+31
7.89000000000000e+00	1.72333676538261e+31
7.90000000000000e+00	1.74949074024726e+31
7.91000000000000e+00	1.86704783629687e+31
7.92000000000000e+00	2.07997337639330e+31
7.93000000000000e+00	2.38773580642100e+31
7.94000000000000e+00	2.78489652871787e+31
7.95000000000000e+00	3.26091600416813e+31
7.96000000000000e+00	3.80017476479382e+31
7.97000000000000e+00	4.38275420166921e+31
7.98000000000000e+00	4.98500625398762e+31
7.99000000000000e+00	5.58131843486895e+31
8.00000000000000e+00	6.14549709627337e+31
8.01000000000000e+00	6.65306557297976e+31
8.02000000000000e+00	7.08272855403323e+31
8.03000000000000e+00	7.41824084410097e+31
8.04000000000000e+00	7.64926650086645e+31
8.05000000000000e+00	7.77209857205713e+31
8.06000000000000e+00	7.78922471425129e+31
8.07000000000000e+00	7.70868395554911e+31
8.08000000000000e+00	7.54297601479423e+31
8.09000000000000e+00	7.30722113674136e+31
8.10000000000000e+00	7.01816932736530e+31
8.11000000000000e+00	6.69258704972598e+31
8.12000000000000e+00	6.34623817970515e+31
8.13000000000000e+00	5.99262163481184e+31
8.14000000000000e+00	5.64238823557914e+31
8.15000000000000e+00	5.30303990752201e+31
8.16000000000000e+00	4.97855593599829e+31
8.17000000000000e+00	4.67040784603195e+31
8.18000000000000e+00	4.37758133371017e+31
8.19000000000000e+00	4.09791841589436e+31
8.20000000000000e+00	3.82872528976837e+31
8.21000000000000e+00	3.56817626969615e+31
8.22000000000000e+00	3.31521436189500e+31
8.23000000000000e+00	3.07031299547281e+31
8.24000000000000e+00	2.83531314880623e+31
8.25000000000000e+00	2.61300309863501e+31
8.26000000000000e+00	2.40660887891665e+31
8.27000000000000e+00	2.21941697361060e+31
8.28000000000000e+00	2.05413797159234e+31
8.29000000000000e+00	1.91252198624643e+31
8.30000000000000e+00	1.79521121550695e+31
8.31000000000000e+00	1.70155200940323e+31
8.32000000000000e+00	1.62979515820066e+31
8.33000000000000e+00	1.57717963593617e+31
8.34000000000000e+00	1.54033914335741e+31
8.35000000000000e+00	1.51553338704485e+31
8.36000000000000e+00	1.49904720541463e+31
8.37000000000000e+00	1.48731311769763e+31
8.38000000000000e+00	1.47728747654955e+31
8.39000000000000e+00	1.46644305644920e+31
8.40000000000000e+00	1.45287359992055e+31
8.41000000000000e+00	1.43530389493808e+31
8.42000000000000e+00	1.41307461767768e+31
8.43000000000000e+00	1.38598222304507e+31
8.44000000000000e+00	1.35427433755170e+31
8.45000000000000e+00	1.31847235525473e+31
8.46000000000000e+00	1.27926121257117e+31
8.47000000000000e+00	1.23745873248353e+31
8.48000000000000e+00	1.19399939103990e+31
8.49000000000000e+00	1.14974283431460e+31
8.50000000000000e+00	1.10565426729182e+31
8.51000000000000e+00	1.06252931109993e+31
8.52000000000000e+00	1.02109337162005e+31
8.53000000000000e+00	9.81944496597666e+30
8.54000000000000e+00	9.45496734270143e+30
8.55000000000000e+00	9.12007290586355e+30
8.56000000000000e+00	8.81393726402045e+30
8.57000000000000e+00	8.53428298994627e+30
8.58000000000000e+00	8.27588909686875e+30
8.59000000000000e+00	8.03120258578834e+30
8.60000000000000e+00	7.79023245300560e+30
8.61000000000000e+00	7.54154048498496e+30
8.62000000000000e+00	7.27348283716646e+30
8.63000000000000e+00	6.97456276470779e+30
8.64000000000000e+00	6.63657115913726e+30
8.65000000000000e+00	6.25531550907053e+30
8.66000000000000e+00	5.83313717516274e+30
8.67000000000000e+00	5.38099357957013e+30
8.68000000000000e+00	4.91775477753635e+30
8.69000000000000e+00	4.47254602536036e+30
8.70000000000000e+00	4.08326357467378e+30
8.71000000000000e+00	3.79329675136718e+30
8.72000000000000e+00	3.64996559653687e+30
8.73000000000000e+00	3.69882561163335e+30
8.74000000000000e+00	3.97829714784147e+30
8.75000000000000e+00	4.51399285224580e+30
8.76000000000000e+00	5.31462669008024e+30
8.77000000000000e+00	6.36725223447859e+30
8.78000000000000e+00	7.63830877086324e+30
8.79000000000000e+00	9.07471576484975e+30
8.80000000000000e+00	1.06088474823081e+31
8.81000000000000e+00	1.21654238549085e+31
8.82000000000000e+00	1.36687597048809e+31
8.83000000000000e+00	1.50490175705438e+31
8.84000000000000e+00	1.62477888049078e+31
8.85000000000000e+00	1.72223921626246e+31
8.86000000000000e+00	1.79456864106269e+31
8.87000000000000e+00	1.84078009124678e+31
8.88000000000000e+00	1.86133256444258e+31
8.89000000000000e+00	1.85788560135842e+31
8.90000000000000e+00	1.83335444484991e+31
8.91000000000000e+00	1.79122450234133e+31
8.92000000000000e+00	1.73544645165433e+31
8.93000000000000e+00	1.67035600719782e+31
8.94000000000000e+00	1.60009472003536e+31
8.95000000000000e+00	1.52856319598052e+31
8.96000000000000e+00	1.45920792325288e+31
8.97000000000000e+00	1.39489811532582e+31
8.98000000000000e+00	1.33769131002761e+31
8.99000000000000e+00	1.28903135591384e+31
9.00000000000000e+00	1.24954847910610e+31
9.01000000000000e+00	1.21927307348236e+31
9.02000000000000e+00	1.19746009722299e+31
9.03000000000000e+00	1.18303012377850e+31
9.04000000000000e+00	1.17436195987466e+31
9.05000000000000e+00	1.16976659660467e+31
9.06000000000000e+00	1.16742925507494e+31
9.07000000000000e+00	1.16561186549126e+31
9.08000000000000e+00	1.16292105838470e+31
9.09000000000000e+00	1.15824928299758e+31
9.10000000000000e+00	1.15087516797582e+31
9.11000000000000e+00	1.14048435891250e+31
9.12000000000000e+00	1.12709253586154e+31
9.13000000000000e+00	1.11087744150980e+31
9.14000000000000e+00	1.09234356175537e+31
9.15000000000000e+00	1.07197711324630e+31
9.16000000000000e+00	1.05037236572579e+31
9.17000000000000e+00	1.02797330918779e+31
9.18000000000000e+00	1.00520160348245e+31
9.19000000000000e+00	9.82501672854575e+30
9.20000000000000e+00	9.60099799151997e+30
9.21000000000000e+00	9.38254333322748e+30
9.22000000000000e+00	9.17222677613112e+30
9.23000000000000e+00	8.97205707944248e+30
9.24000000000000e+00	8.78341670492013e+30
9.25000000000000e+00	8.60834447525680e+30
9.26000000000000e+00	8.44727482433239e+30
9.27000000000000e+00	8.30194162163031e+30
9.28000000000000e+00	8.17179133044831e+30
9.29000000000000e+00	8.05667243928841e+30
9.30000000000000e+00	7.95595746503040e+30
9.31000000000000e+00	7.86834346788168e+30
9.32000000000000e+00	7.79251079395849e+30
9.33000000000000e+00	7.72641878932469e+30
9.34000000000000e+00	7.66866295400309e+30
9.35000000000000e+00	7.61839466368116e+30
9.36000000000000e+00	7.57422870761116e+30
9.37000000000000e+00	7.53588098952908e+30
9.38000000000000e+00	7.50276863313783e+30
9.39000000000000e+00	7.47487569293256e+30
9.40000000000000e+00	7.45090144588620e+30
9.41000000000000e+00	7.43129674661496e+30
9.42000000000000e+00	7.41464365692994e+30
9.43000000000000e+00	7.39952183165782e+30
9.44000000000000e+00	7.38556086634335e+30
9.45000000000000e+00	7.37143718951341e+30
9.46000000000000e+00	7.35680495099328e+30
9.47000000000000e+00	7.34150880915565e+30
9.48000000000000e+00	7.32702160800313e+30
9.49000000000000e+00	7.31445915975217e+30
9.50000000000000e+00	7.30552341807057e+30
9.51000000000000e+00	7.30257981400972e+30
9.52000000000000e+00	7.30680114475314e+30
9.53000000000000e+00	7.31959501939578e+30
9.54000000000000e+00	7.34057962648374e+30
9.55000000000000e+00	7.36881697878739e+30
9.56000000000000e+00	7.40262309121471e+30
9.57000000000000e+00	7.43970152773752e+30
9.58000000000000e+00	7.47806495538433e+30
9.59000000000000e+00	7.51554618597893e+30
9.60000000000000e+00	7.55001211084730e+30
9.61000000000000e+00	7.57969548372554e+30
9.62000000000000e+00	7.60221313103463e+30
9.63000000000000e+00	7.61679248879351e+30
9.64000000000000e+00	7.62228695949016e+30
9.65000000000000e+00	7.61853566572271e+30
9.66000000000000e+00	7.60621221881012e+30
9.67000000000000e+00	7.58599139619949e+30
9.68000000000000e+00	7.55907864938809e+30
9.69000000000000e+00	7.52718222914194e+30
9.70000000000000e+00	7.49091977611252e+30
9.71000000000000e+00	7.45210356350224e+30
9.72000000000000e+00	7.41110560251658e+30
9.73000000000000e+00	7.36943161053427e+30
9.74000000000000e+00	7.32768952915918e+30
9.75000000000000e+00	7.28715610014925e+30
9.76000000000000e+00	7.24843588127911e+30
9.77000000000000e+00	7.21240856284406e+30
9.78000000000000e+00	7.18022079916136e+30
9.79000000000000e+00	7.15235343090229e+30
9.80000000000000e+00	7.12943508250643e+30
9.81000000000000e+00	7.11104756586249e+30
9.82000000000000e+00	7.09708970491618e+30
9.83000000000000e+00	7.08633739883384e+30
9.84000000000000e+00	7.07726748428401e+30
9.85000000000000e+00	7.06793997382051e+30
9.86000000000000e+00	7.05644588918169e+30
9.87000000000000e+00	7.04116062739076e+30
9.88000000000000e+00	7.02137048517387e+30
9.89000000000000e+00	6.99751414333464e+30
9.90000000000000e+00	6.97350320324660e+30
9.91000000000000e+00	6.95686861468947e+30
9.92000000000000e+00	6.96364450745292e+30
9.93000000000000e+00	7.01956076106388e+30
9.94000000000000e+00	7.16137035962698e+30
9.95000000000000e+00	7.43896554006819e+30
9.96000000000000e+00	7.91242509858459e+30
9.97000000000000e+00	8.64611743498960e+30
9.98000000000000e+00	9.69460240663273e+30
9.99000000000000e+00	1.10732219851190e+31
1.00000000000000e+01	1.27111761029454e+31
1.00100000000000e+01	1.43958102855753e+31
1.00200000000000e+01	1.57022049499010e+31
1.00300000000000e+01	1.60569202295293e+31
1.00400000000000e+01	1.50703102911680e+31
1.00500000000000e+01	1.29099392219726e+31
1.00600000000000e+01	1.02106791638565e+31
1.00700000000000e+01	7.61506008944840e+30
1.00800000000000e+01	5.47114208868644e+30
1.00900000000000e+01	3.85116110648807e+30
1.01000000000000e+01	2.68835968438138e+30
1.01100000000000e+01	1.87648209784284e+30
1.01200000000000e+01	1.31693526405049e+30
1.01300000000000e+01	9.32776715654080e+29
1.01400000000000e+01	6.68502539038118e+29
1.01500000000000e+01	4.85606325287439e+29
1.01600000000000e+01	3.57951156345064e+29
1.01700000000000e+01	2.67956475660173e+29
1.01800000000000e+01	2.03761161813724e+29
1.01900000000000e+01	1.57401095512842e+29
1.02000000000000e+01	1.23464162422211e+29
1.02100000000000e+01	9.82269746734737e+28
1.02200000000000e+01	7.91371922306833e+28
1.02300000000000e+01	6.44196438441151e+28
1.02400000000000e+01	5.28390487234459e+28
1.02500000000000e+01	4.35346464386724e+28
1.02600000000000e+01	3.59093169740635e+28
1.02700000000000e+01	2.95516830944807e+28
1.02800000000000e+01	2.41809119508221e+28
1.02900000000000e+01	1.96053889074208e+28
1.03000000000000e+01	1.56945252251134e+28
1.03100000000000e+01	1.23582702482371e+28
1.03200000000000e+01	9.53207463341453e+27
1.03300000000000e+01	7.16760476458004e+27
1.03400000000000e+01	5.22434832426666e+27
1.03500000000000e+01	3.66673189387144e+27
1.03600000000000e+01	2.45840082825566e+27
1.03700000000000e+01	1.56025823691073e+27
1.03800000000000e+01	9.30042957889817e+26
1.03900000000000e+01	5.22198219589601e+26
1.04000000000000e+01	2.89807925674130e+26
1.04100000000000e+01	1.87187145534609e+26
1.04200000000000e+01	1.72847649013343e+26
1.04300000000000e+01	2.11507254263468e+26
1.04400000000000e+01	2.75548160090725e+26
1.04500000000000e+01	3.44979270139364e+26
1.04600000000000e+01	4.07028973492753e+26
1.04700000000000e+01	4.54676953201926e+26
1.04800000000000e+01	4.85303574912899e+26
1.04900000000000e+01	4.99163037524472e+26
1.05000000000000e+01	4.98212355450437e+26
1.05100000000000e+01	4.85261659073251e+26
1.05200000000000e+01	4.63233171777622e+26
1.05300000000000e+01	4.34931004336386e+26
1.05400000000000e+01	4.02764500624230e+26
1.05500000000000e+01	3.68731712535099e+26
1.05600000000000e+01	3.34420969766065e+26
1.05700000000000e+01	3.00914228029127e+26
1.05800000000000e+01	2.69070850429278e+26
1.05900000000000e+01	2.39429127292601e+26
1.06000000000000e+01	2.12297524903703e+26
1.06100000000000e+01	1.87806326848143e+26
1.06200000000000e+01	1.65972548553222e+26
1.06300000000000e+01	1.46703206893843e+26
1.06400000000000e+01	1.29861327054866e+26
1.06500000000000e+01	1.15234853703719e+26
1.06600000000000e+01	1.02600530033005e+26
1.06700000000000e+01	9.17215660650052e+25
1.06800000000000e+01	8.23503671102884e+25
1.06900000000000e+01	7.42731773141355e+25
1.07000000000000e+01	6.72871444900679e+25
1.07100000000000e+01	6.12004721402140e+25
1.07200000000000e+01	5.58707425008929e+25
1.07300000000000e+01	5.11587130607390e+25
1.07400000000000e+01	4.69657367234463e+25
1.07500000000000e+01	4.32045809124634e+25
1.07600000000000e+01	3.98083210296369e+25
1.07700000000000e+01	3.67248045137024e+25
1.07800000000000e+01	3.39132918951062e+25
1.07900000000000e+01	3.13402655351617e+25
1.08000000000000e+01	2.89820105980849e+25
1.08100000000000e+01	2.68153951916817e+25
1.08200000000000e+01	2.48250744845703e+25
1.08300000000000e+01	2.29922511983591e+25
1.08400000000000e+01	2.13077947466335e+25
1.08500000000000e+01	1.97567930227748e+25
1.08600000000000e+01	1.83303624379084e+25
1.08700000000000e+01	1.70195412455800e+25
1.08800000000000e+01	1.58149904059047e+25
1.08900000000000e+01	1.47087089518993e+25
1.09000000000000e+01	1.36934365558293e+25
1.09100000000000e+01	1.27606268035973e+25
1.09200000000000e+01	1.19044269670467e+25
1.09300000000000e+01	1.11183993881991e+25
1.09400000000000e+01	1.03937699128885e+25
1.09500000000000e+01	9.72616185632839e+24
1.09600000000000e+01	9.10935233309854e+24
1.09700000000000e+01	8.53864374083155e+24
1.09800000000000e+01	8.00873863321947e+24
1.09900000000000e+01	7.51626780295454e+24
1.10000000000000e+01	7.05694073265964e+24
1.10100000000000e+01	6.62865627388263e+24
1.10200000000000e+01	6.22895548385769e+24
1.10300000000000e+01	5.85514492532639e+24
1.10400000000000e+01	5.50498760623946e+24
1.10500000000000e+01	5.17816873525249e+24
1.10600000000000e+01	4.87192351010321e+24
1.10700000000000e+01	4.58568885849741e+24
1.10800000000000e+01	4.31784436488333e+24
1.10900000000000e+01	4.06722577361152e+24
1.11000000000000e+01	3.83309215295406e+24
1.11100000000000e+01	3.61401182453952e+24
1.11200000000000e+01	3.40897687623150e+24
1.11300000000000e+01	3.21708617500749e+24
1.11400000000000e+01	3.03771232068833e+24
1.11500000000000e+01	2.86956994608063e+24
1.11600000000000e+01	2.71214526304761e+24
1.11700000000000e+01	2.56464973699530e+24
1.11800000000000e+01	2.42643207632261e+24
1.11900000000000e+01	2.29686150639816e+24
1.12000000000000e+01	2.17542112520635e+24
1.12100000000000e+01	2.06157513953741e+24
1.12200000000000e+01	1.95484178117729e+24
1.12300000000000e+01	1.85479014269646e+24
1.12400000000000e+01	1.76098524859372e+24
1.12500000000000e+01	1.67301689865946e+24
1.12600000000000e+01	1.59050203621133e+24
1.12700000000000e+01	1.51307875789901e+24
1.12800000000000e+01	1.44041135802116e+24
1.12900000000000e+01	1.37214785612274e+24
1.13000000000000e+01	1.30795985776967e+24
1.13100000000000e+01	1.24756825126331e+24
1.13200000000000e+01	1.19068140902759e+24
1.13300000000000e+01	1.13707029590764e+24
1.13400000000000e+01	1.08644362607712e+24
1.13500000000000e+01	1.03861369508061e+24
1.13600000000000e+01	9.93347411551359e+23
1.13700000000000e+01	9.50456853329402e+23
1.13800000000000e+01	9.09783935998522e+23
1.13900000000000e+01	8.71143200101397e+23
1.14000000000000e+01	8.34400291270576e+23
1.14100000000000e+01	7.99411572666316e+23
1.14200000000000e+01	7.66075219657003e+23
1.14300000000000e+01	7.34254057853830e+23
1.14400000000000e+01	7.03875263410475e+23
1.14500000000000e+01	6.74856160448831e+23
1.14600000000000e+01	6.47106859261576e+23
1.14700000000000e+01	6.20565698419050e+23
1.14800000000000e+01	5.95180801576040e+23
1.14900000000000e+01	5.70890688370002e+23
1.15000000000000e+01	5.47657469876961e+23
1.15100000000000e+01	5.25440819490060e+23
1.15200000000000e+01	5.04202446407486e+23
1.15300000000000e+01	4.83892885702534e+23
1.15400000000000e+01	4.64482202171565e+23
1.15500000000000e+01	4.45938897601655e+23
1.15600000000000e+01	4.28223022216834e+23
1.15700000000000e+01	4.11300877169357e+23
1.15800000000000e+01	3.95143915511958e+23
1.15900000000000e+01	3.79701973979363e+23
1.16000000000000e+01	3.64951211536650e+23
1.16100000000000e+01	3.50860410789210e+23
1.16200000000000e+01	3.37398976338572e+23
1.16300000000000e+01	3.24525826027750e+23
1.16400000000000e+01	3.12223578892952e+23
1.16500000000000e+01	3.00459010498875e+23
1.16600000000000e+01	2.89206849098260e+23
1.16700000000000e+01	2.78443257396151e+23
1.16800000000000e+01	2.68142754976041e+23
1.16900000000000e+01	2.58282945924498e+23
1.17000000000000e+01	2.48844208874536e+23
1.17100000000000e+01	2.39798060561600e+23
1.17200000000000e+01	2.31132069304921e+23
1.17300000000000e+01	2.22819976923191e+23
1.17400000000000e+01	2.14843870231125e+23
1.17500000000000e+01	2.07184759419270e+23
1.17600000000000e+01	1.99831856374604e+23
1.17700000000000e+01	1.92761975814684e+23
1.17800000000000e+01	1.85966348828871e+23
1.17900000000000e+01	1.79430220869252e+23
1.18000000000000e+01	1.73145519064324e+23
1.18100000000000e+01	1.67097635356864e+23
1.18200000000000e+01	1.61284447546948e+23
1.18300000000000e+01	1.55692632601484e+23
1.18400000000000e+01	1.50314556539273e+23
1.18500000000000e+01	1.45145930572432e+23
1.18600000000000e+01	1.40177313042353e+23
1.18700000000000e+01	1.35405899615889e+23
1.18800000000000e+01	1.30816426721713e+23
1.18900000000000e+01	1.26409329977765e+23
1.19000000000000e+01	1.22173187828678e+23
1.19100000000000e+01	1.18100147796697e+23
1.19200000000000e+01	1.14184021460101e+23
1.19300000000000e+01	1.10417720856558e+23
1.19400000000000e+01	1.06792026104252e+23
1.19500000000000e+01	1.03300794987185e+23
1.19600000000000e+01	9.99365477065267e+22
1.19700000000000e+01	9.66934487366166e+22
1.19800000000000e+01	9.35655008596034e+22
1.19900000000000e+01	9.05476605404262e+22
1.20000000000000e+01	8.76336261524342e+22
1.20100000000000e+01	8.48216186876313e+22
1.20200000000000e+01	8.21074174687150e+22
1.20300000000000e+01	7.94879737452465e+22
1.20400000000000e+01	7.69617465174633e+22
1.20500000000000e+01	7.45258288015264e+22
1.20600000000000e+01	7.21803930273007e+22
1.20700000000000e+01	6.99215480349284e+22
1.20800000000000e+01	6.77501016414457e+22
1.20900000000000e+01	6.56620079669262e+22
1.21000000000000e+01	6.36577526604036e+22
1.21100000000000e+01	6.17336027935586e+22
1.21200000000000e+01	5.98878373956433e+22
1.21300000000000e+01	5.81164624082035e+22
1.21400000000000e+01	5.64177504314169e+22
1.21500000000000e+01	5.47871599682709e+22
1.21600000000000e+01	5.32211630490722e+22
1.21700000000000e+01	5.17146838244986e+22
1.21800000000000e+01	5.02640279454816e+22
1.21900000000000e+01	4.88650719763872e+22
1.22000000000000e+01	4.75125410314944e+22
1.22100000000000e+01	4.62045221836633e+22
1.22200000000000e+01	4.49346084026934e+22
1.22300000000000e+01	4.37017424548925e+22
1.22400000000000e+01	4.25013617826824e+22
1.22500000000000e+01	4.13327687208813e+22
1.22600000000000e+01	4.01926694669177e+22
1.22700000000000e+01	3.90803915912672e+22
1.22800000000000e+01	3.79945513995697e+22
1.22900000000000e+01	3.69347722280512e+22
1.23000000000000e+01	3.59000824214789e+22
1.23100000000000e+01	3.48918409395204e+22
1.23200000000000e+01	3.39094676377516e+22
1.23300000000000e+01	3.29533261770111e+22
1.23400000000000e+01	3.20249668105776e+22
1.23500000000000e+01	3.11234851641798e+22
1.23600000000000e+01	3.02500772930689e+22
1.23700000000000e+01	2.94047609749922e+22
1.23800000000000e+01	2.85881045054053e+22
1.23900000000000e+01	2.77993230482314e+22
1.24000000000000e+01	2.70383042772364e+22
1.24100000000000e+01	2.63040104074698e+22
1.24200000000000e+01	2.55953369108607e+22
1.24300000000000e+01	2.49120094852535e+22
1.24400000000000e+01	2.42518083833762e+22
1.24500000000000e+01	2.36140749621226e+22
1.24600000000000e+01	2.29972545212128e+22
1.24700000000000e+01	2.24003972577367e+22
1.24800000000000e+01	2.18225937652373e+22
1.24900000000000e+01	2.12621072678628e+22
1.25000000000000e+01	2.07184422832918e+22
1.25100000000000e+01	2.01914720240676e+22
1.25200000000000e+01	1.96797784687705e+22
1.25300000000000e+01	1.91832552386110e+22
1.25400000000000e+01	1.87011006715161e+22
1.25500000000000e+01	1.82331386880373e+22
1.25600000000000e+01	1.77784485578899e+22
1.25700000000000e+01	1.73364895881518e+22
1.25800000000000e+01	1.69072891779833e+22
1.25900000000000e+01	1.64892102830474e+22
1.26000000000000e+01	1.60826045404310e+22
1.26100000000000e+01	1.56866311527097e+22
1.26200000000000e+01	1.53008186850019e+22
1.26300000000000e+01	1.49245476831161e+22
1.26400000000000e+01	1.45576615724904e+22
1.26500000000000e+01	1.41999855419533e+22
1.26600000000000e+01	1.38514633265865e+22
1.26700000000000e+01	1.35116699903462e+22
1.26800000000000e+01	1.31808553961550e+22
1.26900000000000e+01	1.28589523008046e+22
1.27000000000000e+01	1.25460898213025e+22
1.27100000000000e+01	1.22418794857514e+22
1.27200000000000e+01	1.19469693174839e+22
1.27300000000000e+01	1.16605083050325e+22
1.27400000000000e+01	1.13828911402704e+22
1.27500000000000e+01	1.11136319051394e+22
1.27600000000000e+01	1.08530029558384e+22
1.27700000000000e+01	1.06001947928690e+22
1.27800000000000e+01	1.03549910486309e+22
1.27900000000000e+01	1.01173664813730e+22
1.28000000000000e+01	9.88695016329352e+21
1.28100000000000e+01	9.66327104204000e+21
1.28200000000000e+01	9.44630704552050e+21
1.28300000000000e+01	9.23584632206569e+21
1.28400000000000e+01	9.03144448501044e+21
1.28500000000000e+01	8.83304108334061e+21
1.28600000000000e+01	8.64032324346128e+21
1.28700000000000e+01	8.45308781923803e+21
1.28800000000000e+01	8.27144016123579e+21
1.28900000000000e+01	8.09486477186751e+21
1.29000000000000e+01	7.92314827754580e+21
1.29100000000000e+01	7.75631115454299e+21
1.29200000000000e+01	7.59390184090681e+21
1.29300000000000e+01	7.43595186854262e+21
1.29400000000000e+01	7.28187514151991e+21
1.29500000000000e+01	7.13188311925800e+21
1.29600000000000e+01	6.98549166000335e+21
1.29700000000000e+01	6.84273389539373e+21
1.29800000000000e+01	6.70348608091348e+21
1.29900000000000e+01	6.56752516074328e+21
1.30000000000000e+01	6.43478330605339e+21
1.30100000000000e+01	6.30515285528292e+21
1.30200000000000e+01	6.17861314443856e+21
1.30300000000000e+01	6.05501381491187e+21
1.30400000000000e+01	5.93432989797192e+21
1.30500000000000e+01	5.81641895831761e+21
1.30600000000000e+01	5.70106513861901e+21
1.30700000000000e+01	5.58828879555676e+21
1.30800000000000e+01	5.47788618944654e+21
1.30900000000000e+01	5.36988412058376e+21
1.31000000000000e+01	5.26388410913297e+21
1.31100000000000e+01	5.15996510008463e+21
1.31200000000000e+01	5.05803544796357e+21
1.31300000000000e+01	4.95801164013825e+21
1.31400000000000e+01	4.85979911875344e+21
1.31500000000000e+01	4.76337746988264e+21
1.31600000000000e+01	4.66880537554564e+21
1.31700000000000e+01	4.57587227402173e+21
1.31800000000000e+01	4.48471381415254e+21
1.31900000000000e+01	4.39544032979678e+21
1.32000000000000e+01	4.30776102637047e+21
1.32100000000000e+01	4.22189933296523e+21
1.32200000000000e+01	4.13769571140191e+21
1.32300000000000e+01	4.05518699966202e+21
1.32400000000000e+01	3.97442684946853e+21
1.32500000000000e+01	3.89527554629416e+21
1.32600000000000e+01	3.81773884646364e+21
1.32700000000000e+01	3.74176254958927e+21
1.32800000000000e+01	3.66739395977783e+21
1.32900000000000e+01	3.59459671985858e+21
1.33000000000000e+01	3.52327868003010e+21
1.33100000000000e+01	3.45345021197045e+21
1.33200000000000e+01	3.38510793677172e+21
1.33300000000000e+01	3.31820039821791e+21
1.33400000000000e+01	3.25274650608384e+21
1.33500000000000e+01	3.18871550262573e+21
1.33600000000000e+01	3.12613267374970e+21
1.33700000000000e+01	3.06498449472473e+21
1.33800000000000e+01	3.00527526947714e+21
1.33900000000000e+01	2.94701840149673e+21
1.34000000000000e+01	2.89022436270533e+21
1.34100000000000e+01	2.83486814738835e+21
1.34200000000000e+01	2.78102611645070e+21
1.34300000000000e+01	2.72857993298480e+21
1.34400000000000e+01	2.67760371729482e+21
1.34500000000000e+01	2.62809789792273e+21
1.34600000000000e+01	2.57994933929845e+21
1.34700000000000e+01	2.53306714741730e+21
1.34800000000000e+01	2.48747818163432e+21
1.34900000000000e+01	2.44301547730930e+21
1.35000000000000e+01	2.39966496704119e+21
1.35100000000000e+01	2.35722739282233e+21
1.35200000000000e+01	2.31560925376498e+21
1.35300000000000e+01	2.27477535192922e+21
1.35400000000000e+01	2.23462349876258e+21
1.35500000000000e+01	2.19502655445922e+21
1.35600000000000e+01	2.15603452004473e+21
1.35700000000000e+01	2.11756823177650e+21
1.35800000000000e+01	2.07967793905925e+21
1.35900000000000e+01	2.04227420146982e+21
1.36000000000000e+01	2.00546145855258e+21
1.36100000000000e+01	1.96916818823610e+21
1.36200000000000e+01	1.93357773686397e+21
1.36300000000000e+01	1.89866654284861e+21
1.36400000000000e+01	1.86436607543217e+21
1.36500000000000e+01	1.83081261007019e+21
1.36600000000000e+01	1.79797968996919e+21
1.36700000000000e+01	1.76583377784728e+21
1.36800000000000e+01	1.73437657782543e+21
1.36900000000000e+01	1.70359576695202e+21
1.37000000000000e+01	1.67347911988800e+21
1.37100000000000e+01	1.64400535369554e+21
1.37200000000000e+01	1.61509669652340e+21
1.37300000000000e+01	1.58680862185933e+21
1.37400000000000e+01	1.55908340155930e+21
1.37500000000000e+01	1.53191023655063e+21
1.37600000000000e+01	1.50530361811084e+21
1.37700000000000e+01	1.47922789229213e+21
1.37800000000000e+01	1.45370737498959e+21
1.37900000000000e+01	1.42872382440143e+21
1.38000000000000e+01	1.40430884937695e+21
1.38100000000000e+01	1.38042363365906e+21
1.38200000000000e+01	1.35703315831375e+21
1.38300000000000e+01	1.33419482289263e+21
1.38400000000000e+01	1.31183736405200e+21
1.38500000000000e+01	1.29000035810730e+21
1.38600000000000e+01	1.26859869794574e+21
1.38700000000000e+01	1.24764655977586e+21
1.38800000000000e+01	1.22714217113946e+21
1.38900000000000e+01	1.20704831376761e+21
1.39000000000000e+01	1.18737976126873e+21
1.39100000000000e+01	1.16806296396181e+21
1.39200000000000e+01	1.14912230976863e+21
1.39300000000000e+01	1.13054999875231e+21
1.39400000000000e+01	1.11229228406446e+21
1.39500000000000e+01	1.09441290330505e+21
1.39600000000000e+01	1.07679784929779e+21
1.39700000000000e+01	1.05951867585600e+21
1.39800000000000e+01	1.04250357122617e+21
1.39900000000000e+01	1.02580706953064e+21
1.40000000000000e+01	1.00936742582536e+21
1.40100000000000e+01	9.93216015976217e+20
1.40200000000000e+01	9.77328423314064e+20
1.40300000000000e+01	9.61687458739360e+20
1.40400000000000e+01	9.46317384791973e+20
1.40500000000000e+01	9.31186826880355e+20
1.40600000000000e+01	9.16298609193971e+20
1.40700000000000e+01	9.01674888408466e+20
1.40800000000000e+01	8.87271293807777e+20
1.40900000000000e+01	8.73121009201077e+20
1.41000000000000e+01	8.59224504129984e+20
1.41100000000000e+01	8.45556549317156e+20
1.41200000000000e+01	8.32147556719132e+20
1.41300000000000e+01	8.18972968514701e+20
1.41400000000000e+01	8.06061683765789e+20
1.41500000000000e+01	7.93377559930098e+20
1.41600000000000e+01	7.80955860671486e+20
1.41700000000000e+01	7.68761855312693e+20
1.41800000000000e+01	7.56791223402981e+20
1.41900000000000e+01	7.45067973933298e+20
1.42000000000000e+01	7.33549711467368e+20
1.42100000000000e+01	7.22233813692246e+20
1.42200000000000e+01	7.11139587074648e+20
1.42300000000000e+01	7.00237763463130e+20
1.42400000000000e+01	6.89531787720861e+20
1.42500000000000e+01	6.79024177334902e+20
1.42600000000000e+01	6.68706922149567e+20
1.42700000000000e+01	6.58557326607039e+20
1.42800000000000e+01	6.48606906304838e+20
1.42900000000000e+01	6.38831935985645e+20
1.43000000000000e+01	6.29266718710956e+20
1.43100000000000e+01	6.19849514428334e+20
1.43200000000000e+01	6.10628156674452e+20
1.43300000000000e+01	6.01592868453472e+20
1.43400000000000e+01	5.92721183771804e+20
1.43500000000000e+01	5.84040318028465e+20
1.43600000000000e+01	5.75501642924250e+20
1.43700000000000e+01	5.67137456643185e+20
1.43800000000000e+01	5.58926384702424e+20
1.43900000000000e+01	5.50848741597004e+20
1.44000000000000e+01	5.42918938278534e+20
1.44100000000000e+01	5.35100875088500e+20
1.44200000000000e+01	5.27401062535140e+20
1.44300000000000e+01	5.19825764317152e+20
1.44400000000000e+01	5.12332365802230e+20
1.44500000000000e+01	5.04935796973657e+20
1.44600000000000e+01	4.97642223526196e+20
1.44700000000000e+01	4.90422754567101e+20
1.44800000000000e+01	4.83276236915753e+20
1.44900000000000e+01	4.76216989330114e+20
1.45000000000000e+01	4.69228619515566e+20
1.45100000000000e+01	4.62335703038771e+20
1.45200000000000e+01	4.55511404235830e+20
1.45300000000000e+01	4.48776187434880e+20
1.45400000000000e+01	4.42142763618701e+20
1.45500000000000e+01	4.35602371963802e+20
1.45600000000000e+01	4.29177454531178e+20
1.45700000000000e+01	4.22845277848815e+20
1.45800000000000e+01	4.16637992912215e+20
1.45900000000000e+01	4.10542782802658e+20
1.46000000000000e+01	4.04567791592179e+20
1.46100000000000e+01	3.98700667305197e+20
1.46200000000000e+01	3.92955459802309e+20
1.46300000000000e+01	3.87339444031600e+20
1.46400000000000e+01	3.81828051178811e+20
1.46500000000000e+01	3.76428493693617e+20
1.46600000000000e+01	3.71142101170631e+20
1.46700000000000e+01	3.65963428130971e+20
1.46800000000000e+01	3.60890170857340e+20
1.46900000000000e+01	3.55911521803887e+20
1.47000000000000e+01	3.51025357185965e+20
1.47100000000000e+01	3.46238690167748e+20
1.47200000000000e+01	3.41540511358586e+20
1.47300000000000e+01	3.36923078217749e+20
1.47400000000000e+01	3.32401404040866e+20
1.47500000000000e+01	3.27948171229649e+20
1.47600000000000e+01	3.23586590006604e+20
1.47700000000000e+01	3.19289914475576e+20
1.47800000000000e+01	3.15070336069557e+20
1.47900000000000e+01	3.10920667933054e+20
1.48000000000000e+01	3.06836946937489e+20
1.48100000000000e+01	3.02807708796869e+20
1.48200000000000e+01	2.98844495373683e+20
1.48300000000000e+01	2.94931503633992e+20
1.48400000000000e+01	2.91070335983191e+20
1.48500000000000e+01	2.87253090759827e+20
1.48600000000000e+01	2.83477121693279e+20
1.48700000000000e+01	2.79756762239406e+20
1.48800000000000e+01	2.76076937593087e+20
1.48900000000000e+01	2.72428239857131e+20
1.49000000000000e+01	2.68836246968542e+20
1.49100000000000e+01	2.65275069777815e+20
1.49200000000000e+01	2.61774410259994e+20
1.49300000000000e+01	2.58313124994074e+20
1.49400000000000e+01	2.54897569057906e+20
1.49500000000000e+01	2.51540592683749e+20
1.49600000000000e+01	2.48223554426330e+20
1.49700000000000e+01	2.44959015231146e+20
1.49800000000000e+01	2.41759044732693e+20
1.49900000000000e+01	2.38598756668492e+20
1.50000000000000e+01	2.35494505179995e+20
1.50100000000000e+01	2.32442718267164e+20
1.50200000000000e+01	2.29432258009118e+20
1.50300000000000e+01	2.26478349549737e+20
1.50400000000000e+01	2.23573504509592e+20
1.50500000000000e+01	2.20720798334773e+20
1.50600000000000e+01	2.17909003472903e+20
1.50700000000000e+01	2.15141288507495e+20
1.50800000000000e+01	2.12422385279273e+20
1.50900000000000e+01	2.09753122908978e+20
1.51000000000000e+01	2.07117476535657e+20
1.51100000000000e+01	2.04533566571059e+20
1.51200000000000e+01	2.01989120703500e+20
1.51300000000000e+01	1.99480256600799e+20
1.51400000000000e+01	1.97015203593019e+20
1.51500000000000e+01	1.94579176715233e+20
1.51600000000000e+01	1.92182651648930e+20
1.51700000000000e+01	1.89816054696563e+20
1.51800000000000e+01	1.87474031729318e+20
1.51900000000000e+01	1.85154719689781e+20
1.52000000000000e+01	1.82864724973383e+20
1.52100000000000e+01	1.80593421195122e+20
1.52200000000000e+01	1.78347151697988e+20
1.52300000000000e+01	1.76119107919489e+20
1.52400000000000e+01	1.73908882921024e+20
1.52500000000000e+01	1.71722355300428e+20
1.52600000000000e+01	1.69548022717609e+20
1.52700000000000e+01	1.67395051344378e+20
1.52800000000000e+01	1.65262939365768e+20
1.52900000000000e+01	1.63143812371857e+20
1.53000000000000e+01	1.61042123064598e+20
1.53100000000000e+01	1.58964006476085e+20
1.53200000000000e+01	1.56900385205305e+20
1.53300000000000e+01	1.54854471113173e+20
1.53400000000000e+01	1.52826991513791e+20
1.53500000000000e+01	1.50818245230395e+20
1.53600000000000e+01	1.48828709545252e+20
1.53700000000000e+01	1.46859455830026e+20
1.53800000000000e+01	1.44906867758337e+20
1.53900000000000e+01	1.42975903792154e+20
1.54000000000000e+01	1.41066090100817e+20
1.54100000000000e+01	1.39179395714605e+20
1.54200000000000e+01	1.37311376737850e+20
1.54300000000000e+01	1.35469125877828e+20
1.54400000000000e+01	1.33649319687806e+20
1.54500000000000e+01	1.31858667468713e+20
1.54600000000000e+01	1.30098517818075e+20
1.54700000000000e+01	1.28369555504940e+20
1.54800000000000e+01	1.26675313253602e+20
1.54900000000000e+01	1.25012129561867e+20
1.55000000000000e+01	1.23388763345425e+20
1.55100000000000e+01	1.21800945782590e+20
1.55200000000000e+01	1.20253028300599e+20
1.55300000000000e+01	1.18749829122951e+20
1.55400000000000e+01	1.17289390533443e+20
1.55500000000000e+01	1.15863155802823e+20
1.55600000000000e+01	1.14478575805180e+20
1.55700000000000e+01	1.13127665494228e+20
1.55800000000000e+01	1.11816362850062e+20
1.55900000000000e+01	1.10537455647409e+20
1.56000000000000e+01	1.09284231313542e+20
1.56100000000000e+01	1.08056412760633e+20
1.56200000000000e+01	1.06852523401991e+20
1.56300000000000e+01	1.05668456763163e+20
1.56400000000000e+01	1.04500985897629e+20
1.56500000000000e+01	1.03347900756459e+20
1.56600000000000e+01	1.02204113775705e+20
1.56700000000000e+01	1.01075015505720e+20
1.56800000000000e+01	9.99526962419672e+19
1.56900000000000e+01	9.88365686434641e+19
1.57000000000000e+01	9.77252472562068e+19
1.57100000000000e+01	9.66213219729509e+19
1.57200000000000e+01	9.55281234909586e+19
1.57300000000000e+01	9.44363580340358e+19
1.57400000000000e+01	9.33545293206510e+19
1.57500000000000e+01	9.22780609399840e+19
1.57600000000000e+01	9.12123437503787e+19
1.57700000000000e+01	9.01548811950026e+19
1.57800000000000e+01	8.91123856102737e+19
1.57900000000000e+01	8.80810329490470e+19
1.58000000000000e+01	8.70629529912252e+19
1.58100000000000e+01	8.60569915911932e+19
1.58200000000000e+01	8.50692402755722e+19
1.58300000000000e+01	8.40982926054433e+19
1.58400000000000e+01	8.31419672048835e+19
1.58500000000000e+01	8.22006030933173e+19
1.58600000000000e+01	8.12778205484373e+19
1.58700000000000e+01	8.03755705977743e+19
1.58800000000000e+01	7.94837312798265e+19
1.58900000000000e+01	7.86082384500979e+19
1.59000000000000e+01	7.77477594903290e+19
1.59100000000000e+01	7.69048196218728e+19
1.59200000000000e+01	7.60731873035233e+19
1.59300000000000e+01	7.52548662981729e+19
1.59400000000000e+01	7.44493384377320e+19
1.59500000000000e+01	7.36525497500989e+19
1.59600000000000e+01	7.28706833631486e+19
1.59700000000000e+01	7.20947082266983e+19
1.59800000000000e+01	7.13302023388291e+19
1.59900000000000e+01	7.05734908184725e+19
1.60000000000000e+01	6.98257661957801e+19
1.60100000000000e+01	6.90851388574957e+19
1.60200000000000e+01	6.83544861606699e+19
1.60300000000000e+01	6.76308780057562e+19
1.60400000000000e+01	6.69143975169995e+19
1.60500000000000e+01	6.62071987018324e+19
1.60600000000000e+01	6.55070726841530e+19
1.60700000000000e+01	6.48134648853637e+19
1.60800000000000e+01	6.41263160204202e+19
1.60900000000000e+01	6.34483739280385e+19
1.61000000000000e+01	6.27753447824497e+19
1.61100000000000e+01	6.21128797689769e+19
1.61200000000000e+01	6.14573585375585e+19
1.61300000000000e+01	6.08081299558160e+19
1.61400000000000e+01	6.01683250665770e+19
1.61500000000000e+01	5.95332896326568e+19
1.61600000000000e+01	5.89084531388972e+19
1.61700000000000e+01	5.82908156817007e+19
1.61800000000000e+01	5.76797946630243e+19
1.61900000000000e+01	5.70783456665272e+19
1.62000000000000e+01	5.64852773096498e+19
1.62100000000000e+01	5.58982145374253e+19
1.62200000000000e+01	5.53236151323547e+19
1.62300000000000e+01	5.47528134610802e+19
1.62400000000000e+01	5.41950636250421e+19
1.62500000000000e+01	5.36449704036138e+19
1.62600000000000e+01	5.31036480408546e+19
1.62700000000000e+01	5.25695257773644e+19
1.62800000000000e+01	5.20441554494072e+19
1.62900000000000e+01	5.15308509747521e+19
1.63000000000000e+01	5.10221594287643e+19
1.63100000000000e+01	5.05205033155741e+19
1.63200000000000e+01	5.00283300271809e+19
1.63300000000000e+01	4.95371233013454e+19
1.63400000000000e+01	4.90571025558866e+19
1.63500000000000e+01	4.85778419752676e+19
1.63600000000000e+01	4.81035076643325e+19
1.63700000000000e+01	4.76336038779916e+19
1.63800000000000e+01	4.71648106921190e+19
1.63900000000000e+01	4.66992219121964e+19
1.64000000000000e+01	4.62340961432127e+19
1.64100000000000e+01	4.57687576725158e+19
1.64200000000000e+01	4.53066838376817e+19
1.64300000000000e+01	4.48412436615767e+19
1.64400000000000e+01	4.43775737815651e+19
1.64500000000000e+01	4.39139101504724e+19
1.64600000000000e+01	4.34494245017484e+19
1.64700000000000e+01	4.29863420961264e+19
1.64800000000000e+01	4.25244904585594e+19
1.64900000000000e+01	4.20652297035496e+19
1.65000000000000e+01	4.16061090201748e+19
1.65100000000000e+01	4.11512937395625e+19
1.65200000000000e+01	4.06990126371129e+19
1.65300000000000e+01	4.02525541581473e+19
1.65400000000000e+01	3.98107366791672e+19
1.65500000000000e+01	3.93738190276349e+19
1.65600000000000e+01	3.89434510400511e+19
1.65700000000000e+01	3.85194165235255e+19
1.65800000000000e+01	3.81005260785524e+19
1.65900000000000e+01	3.76910707953776e+19
1.66000000000000e+01	3.72897854557683e+19
1.66100000000000e+01	3.68943608061823e+19
1.66200000000000e+01	3.65093553336166e+19
1.66300000000000e+01	3.61314533410987e+19
1.66400000000000e+01	3.57621317919011e+19
1.66500000000000e+01	3.54008328892571e+19
1.66600000000000e+01	3.50476610022169e+19
1.66700000000000e+01	3.47033796295832e+19
1.66800000000000e+01	3.43680801754591e+19
1.66900000000000e+01	3.40370851875018e+19
1.67000000000000e+01	3.37156330380459e+19
1.67100000000000e+01	3.33994349923595e+19
1.67200000000000e+01	3.30886691786137e+19
1.67300000000000e+01	3.27850297208108e+19
1.67400000000000e+01	3.24846991240926e+19
1.67500000000000e+01	3.21900334452635e+19
1.67600000000000e+01	3.18982007449959e+19
1.67700000000000e+01	3.16088559965001e+19
1.67800000000000e+01	3.13231748328619e+19
1.67900000000000e+01	3.10399501602534e+19
1.68000000000000e+01	3.07585862831577e+19
1.68100000000000e+01	3.04791255117508e+19
1.68200000000000e+01	3.02007275194304e+19
1.68300000000000e+01	2.99240255966265e+19
1.68400000000000e+01	2.96490645375422e+19
1.68500000000000e+01	2.93750353689427e+19
1.68600000000000e+01	2.91017256113778e+19
1.68700000000000e+01	2.88314111085096e+19
1.68800000000000e+01	2.85610585426079e+19
1.68900000000000e+01	2.82926315973509e+19
1.69000000000000e+01	2.80277786585443e+19
1.69100000000000e+01	2.77637741602579e+19
1.69200000000000e+01	2.75041142707467e+19
1.69300000000000e+01	2.72445091398595e+19
1.69400000000000e+01	2.69884272628017e+19
1.69500000000000e+01	2.67342968837839e+19
1.69600000000000e+01	2.64836771912898e+19
1.69700000000000e+01	2.62352591218373e+19
1.69800000000000e+01	2.59893206673594e+19
1.69900000000000e+01	2.57478936518293e+19
1.70000000000000e+01	2.55079144050095e+19
1.70100000000000e+01	2.52708795523782e+19
1.70200000000000e+01	2.50377376743535e+19
1.70300000000000e+01	2.48084342523618e+19
1.70400000000000e+01	2.45801827833316e+19
1.70500000000000e+01	2.43570781371094e+19
1.70600000000000e+01	2.41370500925908e+19
1.70700000000000e+01	2.39192866963362e+19
1.70800000000000e+01	2.37053708093365e+19
1.70900000000000e+01	2.34944612964055e+19
1.71000000000000e+01	2.32874156863789e+19
1.71100000000000e+01	2.30822553238087e+19
1.71200000000000e+01	2.28793870505485e+19
1.71300000000000e+01	2.26799064750952e+19
1.71400000000000e+01	2.24810034420961e+19
1.71500000000000e+01	2.22851654834208e+19
1.71600000000000e+01	2.20921199376764e+19
1.71700000000000e+01	2.19011583178776e+19
1.71800000000000e+01	2.17109441552691e+19
1.71900000000000e+01	2.15227950427967e+19
1.72000000000000e+01	2.13371355886447e+19
1.72100000000000e+01	2.11524242931401e+19
1.72200000000000e+01	2.09703790382029e+19
1.72300000000000e+01	2.07896969334595e+19
1.72400000000000e+01	2.06118372062689e+19
1.72500000000000e+01	2.04344585989136e+19
1.72600000000000e+01	2.02604822104382e+19
1.72700000000000e+01	2.00879904796589e+19
1.72800000000000e+01	1.99161429477022e+19
1.72900000000000e+01	1.97473973385675e+19
1.73000000000000e+01	1.95808919812084e+19
1.73100000000000e+01	1.94149830991745e+19
1.73200000000000e+01	1.92512792665838e+19
1.73300000000000e+01	1.90887635394948e+19
1.73400000000000e+01	1.89290123169085e+19
1.73500000000000e+01	1.87690389105446e+19
1.73600000000000e+01	1.86102378772110e+19
1.73700000000000e+01	1.84541574613019e+19
1.73800000000000e+01	1.82992231067270e+19
1.73900000000000e+01	1.81446681967647e+19
1.74000000000000e+01	1.79914481553147e+19
1.74100000000000e+01	1.78399452315209e+19
1.74200000000000e+01	1.76903249348160e+19
1.74300000000000e+01	1.75410769502394e+19
1.74400000000000e+01	1.73938669804992e+19
1.74500000000000e+01	1.72483139160397e+19
1.74600000000000e+01	1.71032892932997e+19
1.74700000000000e+01	1.69607922554428e+19
1.74800000000000e+01	1.68186221209984e+19
1.74900000000000e+01	1.66780402024567e+19
1.75000000000000e+01	1.65386541753076e+19
1.75100000000000e+01	1.64009859668368e+19
1.75200000000000e+01	1.62641453567736e+19
1.75300000000000e+01	1.61274336123286e+19
1.75400000000000e+01	1.59929417152223e+19
1.75500000000000e+01	1.58587509874070e+19
1.75600000000000e+01	1.57245561676902e+19
1.75700000000000e+01	1.55925801940549e+19
1.75800000000000e+01	1.54613035504903e+19
1.75900000000000e+01	1.53302374614820e+19
1.76000000000000e+01	1.52005785699475e+19
1.76100000000000e+01	1.50719841602870e+19
1.76200000000000e+01	1.49441486626130e+19
1.76300000000000e+01	1.48167395502137e+19
1.76400000000000e+01	1.46915507559315e+19
1.76500000000000e+01	1.45667802951594e+19
1.76600000000000e+01	1.44425794780023e+19
1.76700000000000e+01	1.43206908938845e+19
1.76800000000000e+01	1.41993332506303e+19
1.76900000000000e+01	1.40792682334362e+19
1.77000000000000e+01	1.39607944405520e+19
1.77100000000000e+01	1.38429376037158e+19
1.77200000000000e+01	1.37261507060041e+19
1.77300000000000e+01	1.36116253810671e+19
1.77400000000000e+01	1.34964421292378e+19
1.77500000000000e+01	1.33833294096976e+19
1.77600000000000e+01	1.32713378060915e+19
1.77700000000000e+01	1.31601718386047e+19
1.77800000000000e+01	1.30493735284327e+19
1.77900000000000e+01	1.29401100306870e+19
1.78000000000000e+01	1.28309317176877e+19
1.78100000000000e+01	1.27232693498828e+19
1.78200000000000e+01	1.26164022686347e+19
1.78300000000000e+01	1.25101971684253e+19
1.78400000000000e+01	1.24042244779654e+19
1.78500000000000e+01	1.23001747439324e+19
1.78600000000000e+01	1.21963559616056e+19
1.78700000000000e+01	1.20932006528242e+19
1.78800000000000e+01	1.19907087687968e+19
1.78900000000000e+01	1.18895482056954e+19
1.79000000000000e+01	1.17897027180990e+19
1.79100000000000e+01	1.16904924919554e+19
1.79200000000000e+01	1.15919155113408e+19
1.79300000000000e+01	1.14946238818756e+19
1.79400000000000e+01	1.13978360619637e+19
1.79500000000000e+01	1.13022055088571e+19
1.79600000000000e+01	1.12070927103459e+19
1.79700000000000e+01	1.11131502425770e+19
1.79800000000000e+01	1.10201506628046e+19
1.79900000000000e+01	1.09273276091172e+19
1.80000000000000e+01	1.08356072534897e+19
1.80100000000000e+01	1.07452331360160e+19
1.80200000000000e+01	1.06554820273727e+19
1.80300000000000e+01	1.05662122629620e+19
1.80400000000000e+01	1.04784140820228e+19
1.80500000000000e+01	1.03916886560608e+19
1.80600000000000e+01	1.03064986224175e+19
1.80700000000000e+01	1.02216858164312e+19
1.80800000000000e+01	1.01385504455993e+19
1.80900000000000e+01	1.00561909599245e+19
1.81000000000000e+01	9.97550918679206e+18
1.81100000000000e+01	9.89607951175925e+18
1.81200000000000e+01	9.81738280228485e+18
1.81300000000000e+01	9.73973732609023e+18
1.81400000000000e+01	9.66345864839422e+18
1.81500000000000e+01	9.58723597321497e+18
1.81600000000000e+01	9.51267232176040e+18
1.81700000000000e+01	9.43893007525379e+18
1.81800000000000e+01	9.36569004274824e+18
1.81900000000000e+01	9.29314973025307e+18
1.82000000000000e+01	9.22110336249063e+18
1.82100000000000e+01	9.14989433220070e+18
1.82200000000000e+01	9.07874291308965e+18
1.82300000000000e+01	9.00843527375052e+18
1.82400000000000e+01	8.93887490783987e+18
1.82500000000000e+01	8.86920438791638e+18
1.82600000000000e+01	8.80030021088051e+18
1.82700000000000e+01	8.73216764994004e+18
1.82800000000000e+01	8.66387237544521e+18
1.82900000000000e+01	8.59627828804862e+18
1.83000000000000e+01	8.52874562875777e+18
1.83100000000000e+01	8.46184495759904e+18
1.83200000000000e+01	8.39542157039850e+18
1.83300000000000e+01	8.32937586788116e+18
1.83400000000000e+01	8.26419837263894e+18
1.83500000000000e+01	8.19910812484120e+18
1.83600000000000e+01	8.13494829227997e+18
1.83700000000000e+01	8.07216594015007e+18
1.83800000000000e+01	8.00960832238890e+18
1.83900000000000e+01	7.94731250070371e+18
1.84000000000000e+01	7.88651263780721e+18
1.84100000000000e+01	7.82684347598612e+18
1.84200000000000e+01	7.76754888284958e+18
1.84300000000000e+01	7.70905796795799e+18
1.84400000000000e+01	7.65174430443538e+18
1.84500000000000e+01	7.59562339585963e+18
1.84600000000000e+01	7.53990271393949e+18
1.84700000000000e+01	7.48495066209189e+18
1.84800000000000e+01	7.43073709514062e+18
1.84900000000000e+01	7.37720882423222e+18
1.85000000000000e+01	7.32431609536979e+18
1.85100000000000e+01	7.27201272727269e+18
1.85200000000000e+01	7.22023210069158e+18
1.85300000000000e+01	7.16892829005579e+18
1.85400000000000e+01	7.11803593401948e+18
1.85500000000000e+01	7.06750982413577e+18
1.85600000000000e+01	7.01694364321403e+18
1.85700000000000e+01	6.96666857301790e+18
1.85800000000000e+01	6.91701021142535e+18
1.85900000000000e+01	6.86721986880348e+18
1.86000000000000e+01	6.81799461188131e+18
1.86100000000000e+01	6.76897414108260e+18
1.86200000000000e+01	6.72015290722029e+18
1.86300000000000e+01	6.67153204380008e+18
1.86400000000000e+01	6.62277913902001e+18
1.86500000000000e+01	6.57458554044727e+18
1.86600000000000e+01	6.52696637726312e+18
1.86700000000000e+01	6.47958483317807e+18
1.86800000000000e+01	6.43245832572561e+18
1.86900000000000e+01	6.38559493693434e+18
1.87000000000000e+01	6.33934604194306e+18
1.87100000000000e+01	6.29337587773987e+18
1.87200000000000e+01	6.24768948631573e+18
1.87300000000000e+01	6.20229037209271e+18
1.87400000000000e+01	6.15750425258175e+18
1.87500000000000e+01	6.11300116151429e+18
1.87600000000000e+01	6.06877750118815e+18
1.87700000000000e+01	6.02482287319426e+18
1.87800000000000e+01	5.98113393260765e+18
1.87900000000000e+01	5.93801401383301e+18
1.88000000000000e+01	5.89514410968776e+18
1.88100000000000e+01	5.85219932757475e+18
1.88200000000000e+01	5.80979209069147e+18
1.88300000000000e+01	5.76760336288019e+18
1.88400000000000e+01	5.72561932692507e+18
1.88500000000000e+01	5.68414263684522e+18
1.88600000000000e+01	5.64224733047065e+18
1.88700000000000e+01	5.60112805655792e+18
1.88800000000000e+01	5.55988539383178e+18
1.88900000000000e+01	5.51909989102464e+18
1.89000000000000e+01	5.47788394366725e+18
1.89100000000000e+01	5.43740785399104e+18
1.89200000000000e+01	5.39679756355548e+18
1.89300000000000e+01	5.35663585509302e+18
1.89400000000000e+01	5.31664431252496e+18
1.89500000000000e+01	5.27654522142867e+18
1.89600000000000e+01	5.23692887471877e+18
1.89700000000000e+01	5.19780719150034e+18
1.89800000000000e+01	5.15863172980676e+18
1.89900000000000e+01	5.11972221979880e+18
1.90000000000000e+01	5.08135359135491e+18
1.90100000000000e+01	5.04327770019893e+18
1.90200000000000e+01	5.00576670510779e+18
1.90300000000000e+01	4.96800449718735e+18
1.90400000000000e+01	4.93107630954485e+18
1.90500000000000e+01	4.89414138459691e+18
1.90600000000000e+01	4.85745809895130e+18
1.90700000000000e+01	4.82125294501681e+18
1.90800000000000e+01	4.78497795553146e+18
1.90900000000000e+01	4.74912755375158e+18
1.91000000000000e+01	4.71316004461768e+18
1.91100000000000e+01	4.67734334418575e+18
1.91200000000000e+01	4.64194278016636e+18
1.91300000000000e+01	4.60673518567023e+18
1.91400000000000e+01	4.57151324408174e+18
1.91500000000000e+01	4.53685502396544e+18
1.91600000000000e+01	4.50233253053929e+18
1.91700000000000e+01	4.46851776081679e+18
1.91800000000000e+01	4.43547597191800e+18
1.91900000000000e+01	4.40278053450271e+18
1.92000000000000e+01	4.37072075340073e+18
1.92100000000000e+01	4.33955326307262e+18
1.92200000000000e+01	4.30879839255242e+18
1.92300000000000e+01	4.27891335948409e+18
1.92400000000000e+01	4.24985779549126e+18
1.92500000000000e+01	4.22085062391865e+18
1.92600000000000e+01	4.19278960083968e+18
1.92700000000000e+01	4.16464948678937e+18
1.92800000000000e+01	4.13731675316203e+18
1.92900000000000e+01	4.11025065523385e+18
1.93000000000000e+01	4.08316803535163e+18
1.93100000000000e+01	4.05649153600074e+18
1.93200000000000e+01	4.02995863422865e+18
1.93300000000000e+01	4.00331321490396e+18
1.93400000000000e+01	3.97700143486947e+18
1.93500000000000e+01	3.95078591500280e+18
1.93600000000000e+01	3.92487946784961e+18
1.93700000000000e+01	3.89883213018992e+18
1.93800000000000e+01	3.87309775137186e+18
1.93900000000000e+01	3.84766775188028e+18
1.94000000000000e+01	3.82188136178589e+18
1.94100000000000e+01	3.79684922013471e+18
1.94200000000000e+01	3.77146421223328e+18
1.94300000000000e+01	3.74639111063986e+18
1.94400000000000e+01	3.72140806532047e+18
1.94500000000000e+01	3.69673626218082e+18
1.94600000000000e+01	3.67193836039848e+18
1.94700000000000e+01	3.64745701484227e+18
1.94800000000000e+01	3.62306603166775e+18
1.94900000000000e+01	3.59877107182161e+18
1.95000000000000e+01	3.57436436673075e+18
1.95100000000000e+01	3.55047449183621e+18
1.95200000000000e+01	3.52647557035263e+18
1.95300000000000e+01	3.50257400620640e+18
1.95400000000000e+01	3.47877141536858e+18
1.95500000000000e+01	3.45506964491894e+18
1.95600000000000e+01	3.43127252310422e+18
1.95700000000000e+01	3.40778332267378e+18
1.95800000000000e+01	3.38461305223031e+18
1.95900000000000e+01	3.36115430806832e+18
1.96000000000000e+01	3.33821889517592e+18
1.96100000000000e+01	3.31521435403376e+18
1.96200000000000e+01	3.29234360415011e+18
1.96300000000000e+01	3.26961800977346e+18
1.96400000000000e+01	3.24703233593672e+18
1.96500000000000e+01	3.22459689912876e+18
1.96600000000000e+01	3.20250107557588e+18
1.96700000000000e+01	3.18055289790861e+18
1.96800000000000e+01	3.15856391602581e+18
1.96900000000000e+01	3.13671969434148e+18
1.97000000000000e+01	3.11540729368331e+18
1.97100000000000e+01	3.09386156829333e+18
1.97200000000000e+01	3.07283874401504e+18
1.97300000000000e+01	3.05197311989138e+18
1.97400000000000e+01	3.03127724556559e+18
1.97500000000000e+01	3.01116125851931e+18
1.97600000000000e+01	2.99186344738943e+18
1.97700000000000e+01	2.97366800473078e+18
1.97800000000000e+01	2.95727838054845e+18
1.97900000000000e+01	2.94313990851799e+18
1.98000000000000e+01	2.93325375684471e+18
1.98100000000000e+01	2.92891039128590e+18
1.98200000000000e+01	2.93272539596573e+18
1.98300000000000e+01	2.94767070740270e+18
1.98400000000000e+01	2.97791681929973e+18
1.98500000000000e+01	3.02797273612946e+18
1.98600000000000e+01	3.10380876204060e+18
1.98700000000000e+01	3.21157029578712e+18
1.98800000000000e+01	3.35845225491464e+18
1.98900000000000e+01	3.55169374929687e+18
1.99000000000000e+01	3.79825047725273e+18
1.99100000000000e+01	4.10451511542436e+18
1.99200000000000e+01	4.47360260683173e+18
1.99300000000000e+01	4.90482964072414e+18
1.99400000000000e+01	5.38983083921682e+18
1.99500000000000e+01	5.91131087556405e+18
1.99600000000000e+01	6.43751721891476e+18
1.99700000000000e+01	6.92345672603800e+18
1.99800000000000e+01	7.30929895884438e+18
1.99900000000000e+01	7.52757982988692e+18
2.00000000000000e+01	7.51451169550694e+18
