1.00000000000000e-02	6.91553706770297e+10
2.00000000000000e-02	3.49019340268664e+11
3.00000000000000e-02	3.51633462093783e+11
4.00000000000000e-02	1.02991935533125e+12
5.00000000000000e-02	2.24204304878914e+12
6.00000000000000e-02	1.51531800303975e+10
7.00000000000000e-02	3.29853048212213e+11
8.00000000000000e-02	8.66460448813364e+10
9.00000000000000e-02	1.30861975815924e+12
1.00000000000000e-01	2.41767655143687e+10
1.10000000000000e-01	1.64341918892566e+11
1.20000000000000e-01	3.36259787353077e+11
1.30000000000000e-01	9.86663987981877e+12
1.40000000000000e-01	1.10218714152832e+13
1.50000000000000e-01	9.40183206559120e+12
1.60000000000000e-01	3.36614855716616e+13
1.70000000000000e-01	3.13129750306094e+12
1.80000000000000e-01	1.43436008733158e+13
1.90000000000000e-01	1.10033028848584e+13
2.00000000000000e-01	4.07722930770355e+13
2.10000000000000e-01	3.92802709665518e+13
2.20000000000000e-01	2.94374289747962e+11
2.30000000000000e-01	1.89770369295153e+13
2.40000000000000e-01	1.47424565486408e+13
2.50000000000000e-01	7.76631173305786e+12
2.60000000000000e-01	1.16572152308952e+13
2.70000000000000e-01	9.15739736002721e+12
2.80000000000000e-01	1.23541658493231e+14
2.90000000000000e-01	1.37741887187365e+14
3.00000000000000e-01	1.04192570873946e+13
3.10000000000000e-01	1.14288482444740e+14
3.20000000000000e-01	1.44043094478409e+13
3.30000000000000e-01	2.40342210105232e+13
3.40000000000000e-01	1.32428462849433e+14
3.50000000000000e-01	1.02898090195438e+14
3.60000000000000e-01	3.50302830645301e+14
3.70000000000000e-01	1.22884384917632e+14
3.80000000000000e-01	2.24991880395889e+13
3.90000000000000e-01	1.02917859750440e+14
4.00000000000000e-01	1.09486704049231e+12
4.10000000000000e-01	1.22742633470217e+14
4.20000000000000e-01	2.94478481966464e+14
4.30000000000000e-01	7.65999165917189e+13
4.40000000000000e-01	8.48285900404987e+13
4.50000000000000e-01	4.60988550812154e+13
4.60000000000000e-01	3.82443730981055e+13
4.70000000000000e-01	1.82766233043249e+14
4.80000000000000e-01	1.11002141612611e+14
4.90000000000000e-01	6.54988761784622e+14
5.00000000000000e-01	3.87936904664144e+14
5.10000000000000e-01	3.78613628637438e+13
5.20000000000000e-01	3.91621754291350e+14
5.30000000000000e-01	1.39294778318555e+14
5.40000000000000e-01	1.72308633599333e+14
5.50000000000000e-01	5.49265987658265e+14
5.60000000000000e-01	2.95364146683337e+14
5.70000000000000e-01	7.35048393074323e+14
5.80000000000000e-01	5.90719722804037e+13
5.90000000000000e-01	4.36233508271631e+14
6.00000000000000e-01	3.11311942570316e+14
6.10000000000000e-01	2.71624266813718e+14
6.20000000000000e-01	1.05333420784392e+15
6.30000000000000e-01	5.60402448250774e+14
6.40000000000000e-01	1.02111308113223e+15
6.50000000000000e-01	2.73081433254387e+14
6.60000000000000e-01	1.00787377467089e+15
6.70000000000000e-01	1.32913138580903e+14
6.80000000000000e-01	2.18374730078102e+15
6.90000000000000e-01	1.19154448248687e+15
7.00000000000000e-01	6.27852504409205e+14
7.10000000000000e-01	1.99706308462679e+15
7.20000000000000e-01	2.91065618150020e+14
7.30000000000000e-01	2.79450993916140e+14
7.40000000000000e-01	1.04084348259131e+15
7.50000000000000e-01	4.21234406470458e+14
7.60000000000000e-01	5.80059706582262e+14
7.70000000000000e-01	1.31621883051904e+15
7.80000000000000e-01	1.49499195613916e+15
7.90000000000000e-01	1.04488674656320e+15
8.00000000000000e-01	4.48615398097703e+14
8.10000000000000e-01	1.22698001356434e+15
8.20000000000000e-01	1.74563070531362e+15
8.30000000000000e-01	1.67138020522692e+15
8.40000000000000e-01	9.02370837432129e+14
8.50000000000000e-01	1.48563363524755e+15
8.60000000000000e-01	1.83377682611236e+15
8.70000000000000e-01	1.52202687948652e+15
8.80000000000000e-01	1.61194481096621e+15
8.90000000000000e-01	1.87875281788962e+15
9.00000000000000e-01	4.57405641864592e+15
9.10000000000000e-01	4.06660199226182e+15
9.20000000000000e-01	1.89080383649283e+15
9.30000000000000e-01	2.24089537195934e+15
9.40000000000000e-01	1.70309022991388e+15
9.50000000000000e-01	4.01573360445677e+15
9.60000000000000e-01	2.17385756779336e+15
9.70000000000000e-01	4.64323436107470e+15
9.80000000000000e-01	3.16058352657763e+15
9.90000000000000e-01	3.18960409414861e+15
1.00000000000000e+00	2.03193075440747e+15
1.01000000000000e+00	1.12731611208154e+15
1.02000000000000e+00	2.54326054571751e+15
1.03000000000000e+00	3.31943587098995e+15
1.04000000000000e+00	4.32247221059792e+15
1.05000000000000e+00	6.44867601018910e+15
1.06000000000000e+00	4.86927031759427e+15
1.07000000000000e+00	4.32148342658043e+15
1.08000000000000e+00	2.96063956580954e+15
1.09000000000000e+00	8.08733711714130e+15
1.10000000000000e+00	1.96206984196274e+15
1.11000000000000e+00	2.40071085335842e+15
1.12000000000000e+00	4.62915652728876e+15
1.13000000000000e+00	3.22586808996040e+15
1.14000000000000e+00	3.06360154549122e+15
1.15000000000000e+00	2.34422485621256e+15
1.16000000000000e+00	6.20625018504642e+15
1.17000000000000e+00	5.74085578392822e+15
1.18000000000000e+00	3.48112584790441e+15
1.19000000000000e+00	3.01716864586557e+15
1.20000000000000e+00	4.50033616818619e+15
1.21000000000000e+00	4.64121352757645e+15
1.22000000000000e+00	2.98871484487913e+15
1.23000000000000e+00	4.77400930806489e+15
1.24000000000000e+00	3.17412101597729e+15
1.25000000000000e+00	7.37180739643110e+15
1.26000000000000e+00	6.16872572206874e+15
1.27000000000000e+00	5.36123190508093e+15
1.28000000000000e+00	6.34572639050940e+15
1.29000000000000e+00	4.86947422194395e+15
1.30000000000000e+00	3.86368662831454e+15
1.31000000000000e+00	7.04582100324136e+15
1.32000000000000e+00	3.92125396080624e+15
1.33000000000000e+00	6.53095525197275e+15
1.34000000000000e+00	5.23568987883538e+15
1.35000000000000e+00	5.21568910217925e+15
1.36000000000000e+00	6.26897698572687e+15
1.37000000000000e+00	3.56685287278138e+15
1.38000000000000e+00	7.51416625795026e+15
1.39000000000000e+00	6.07008618679141e+15
1.40000000000000e+00	4.03726002474627e+15
1.41000000000000e+00	6.93031081594357e+15
1.42000000000000e+00	4.87200103538348e+15
1.43000000000000e+00	5.28686325012010e+15
1.44000000000000e+00	8.37262541906028e+15
1.45000000000000e+00	7.39541530421805e+15
1.46000000000000e+00	8.09833514137958e+15
1.47000000000000e+00	6.65907434357553e+15
1.48000000000000e+00	9.15229135131210e+15
1.49000000000000e+00	1.20876487810178e+16
1.50000000000000e+00	1.13031508637840e+16
1.51000000000000e+00	1.57436873857872e+16
1.52000000000000e+00	1.84077848212355e+16
1.53000000000000e+00	1.97556669760019e+16
1.54000000000000e+00	2.54646525458724e+16
1.55000000000000e+00	3.11307335608401e+16
1.56000000000000e+00	3.68527069395583e+16
1.57000000000000e+00	4.66910688254896e+16
1.58000000000000e+00	5.07576552188371e+16
1.59000000000000e+00	5.10652045263301e+16
1.60000000000000e+00	7.41520011593072e+16
1.61000000000000e+00	6.90328634902818e+16
1.62000000000000e+00	7.89897104269536e+16
1.63000000000000e+00	8.22976447948407e+16
1.64000000000000e+00	8.59423453943036e+16
1.65000000000000e+00	8.92010737777364e+16
1.66000000000000e+00	8.32112935828098e+16
1.67000000000000e+00	8.10309528048764e+16
1.68000000000000e+00	7.38612498049332e+16
1.69000000000000e+00	6.63107505382451e+16
1.70000000000000e+00	6.04611090237542e+16
1.71000000000000e+00	5.59227970768179e+16
1.72000000000000e+00	5.81396005575945e+16
1.73000000000000e+00	6.27295586241845e+16
1.74000000000000e+00	7.58062499100288e+16
1.75000000000000e+00	9.25810793295736e+16
1.76000000000000e+00	1.13089321203852e+17
1.77000000000000e+00	1.35017784475907e+17
1.78000000000000e+00	1.55214714447701e+17
1.79000000000000e+00	1.73389472819885e+17
1.80000000000000e+00	1.89553130191138e+17
1.81000000000000e+00	2.03142037059240e+17
1.82000000000000e+00	1.98250760399264e+17
1.83000000000000e+00	1.97296248429135e+17
1.84000000000000e+00	1.78811293084353e+17
1.85000000000000e+00	1.79691286701518e+17
1.86000000000000e+00	1.61543998988482e+17
1.87000000000000e+00	1.41510665954884e+17
1.88000000000000e+00	1.40589377271800e+17
1.89000000000000e+00	1.21660278449326e+17
1.90000000000000e+00	1.19237870215156e+17
1.91000000000000e+00	1.05639503368032e+17
1.92000000000000e+00	1.15450168352957e+17
1.93000000000000e+00	1.34301712464588e+17
1.94000000000000e+00	1.59831910615458e+17
1.95000000000000e+00	1.92628633455764e+17
1.96000000000000e+00	2.24002343076178e+17
1.97000000000000e+00	2.62393388942504e+17
1.98000000000000e+00	3.24695278238479e+17
1.99000000000000e+00	3.69928318471470e+17
2.00000000000000e+00	4.68547926082778e+17
2.01000000000000e+00	5.49426301177133e+17
2.02000000000000e+00	7.08999605802867e+17
2.03000000000000e+00	8.52013500329855e+17
2.04000000000000e+00	1.04889121719299e+18
2.05000000000000e+00	1.27794710026880e+18
2.06000000000000e+00	1.54183561858005e+18
2.07000000000000e+00	1.87931285008519e+18
2.08000000000000e+00	2.25611970603137e+18
2.09000000000000e+00	2.68667844353500e+18
2.10000000000000e+00	3.16441897177222e+18
2.11000000000000e+00	3.70156594190891e+18
2.12000000000000e+00	4.20979184971458e+18
2.13000000000000e+00	4.72815574042250e+18
2.14000000000000e+00	5.13984919635940e+18
2.15000000000000e+00	5.38924573921455e+18
2.16000000000000e+00	5.55426451142336e+18
2.17000000000000e+00	5.65045896305713e+18
2.18000000000000e+00	5.54464864878419e+18
2.19000000000000e+00	5.33519675572965e+18
2.20000000000000e+00	4.93207471291088e+18
2.21000000000000e+00	4.45505668601874e+18
2.22000000000000e+00	4.26216833940621e+18
2.23000000000000e+00	4.07405156215994e+18
2.24000000000000e+00	3.88505927332972e+18
2.25000000000000e+00	4.12769153441480e+18
2.26000000000000e+00	4.17721084076860e+18
2.27000000000000e+00	4.31414620745330e+18
2.28000000000000e+00	4.44805246403615e+18
2.29000000000000e+00	4.43965414483442e+18
2.30000000000000e+00	4.55726162662526e+18
2.31000000000000e+00	4.33956859446729e+18
2.32000000000000e+00	4.19838733490687e+18
2.33000000000000e+00	3.97057681911707e+18
2.34000000000000e+00	3.59358838917528e+18
2.35000000000000e+00	3.08498207388318e+18
2.36000000000000e+00	2.45323880117668e+18
2.37000000000000e+00	2.00787173420521e+18
2.38000000000000e+00	1.81209084954690e+18
2.39000000000000e+00	1.78774196524824e+18
2.40000000000000e+00	2.12137493215808e+18
2.41000000000000e+00	2.72824311931533e+18
2.42000000000000e+00	3.54759997089654e+18
2.43000000000000e+00	4.36477892777907e+18
2.44000000000000e+00	5.23402760951429e+18
2.45000000000000e+00	5.97773658535714e+18
2.46000000000000e+00	6.36098051204713e+18
2.47000000000000e+00	6.37871777200367e+18
2.48000000000000e+00	6.02044487131905e+18
2.49000000000000e+00	5.38168637990397e+18
2.50000000000000e+00	4.52293696851798e+18
2.51000000000000e+00	3.67414022366453e+18
2.52000000000000e+00	2.81269482984390e+18
2.53000000000000e+00	2.09788577957328e+18
2.54000000000000e+00	1.50631499161727e+18
2.55000000000000e+00	1.23382324253801e+18
2.56000000000000e+00	9.63954837535619e+17
2.57000000000000e+00	9.41259569371746e+17
2.58000000000000e+00	1.18409094047489e+18
2.59000000000000e+00	1.53925492777943e+18
2.60000000000000e+00	2.08634001745489e+18
2.61000000000000e+00	2.89050753253973e+18
2.62000000000000e+00	3.73649166500540e+18
2.63000000000000e+00	4.73087607844323e+18
2.64000000000000e+00	5.83522438502903e+18
2.65000000000000e+00	7.17384073334201e+18
2.66000000000000e+00	8.74914394413379e+18
2.67000000000000e+00	1.01258638933171e+19
2.68000000000000e+00	1.11039935473481e+19
2.69000000000000e+00	1.23395250793249e+19
2.70000000000000e+00	1.30087059465321e+19
2.71000000000000e+00	1.34375688720700e+19
2.72000000000000e+00	1.35014855813408e+19
2.73000000000000e+00	1.32777342209104e+19
2.74000000000000e+00	1.26961419475396e+19
2.75000000000000e+00	1.15685407830693e+19
2.76000000000000e+00	1.02843437296966e+19
2.77000000000000e+00	8.62758455846091e+18
2.78000000000000e+00	6.70558659217808e+18
2.79000000000000e+00	4.76403612497178e+18
2.80000000000000e+00	3.06394903043486e+18
2.81000000000000e+00	1.65385504998504e+18
2.82000000000000e+00	6.08555203992286e+17
2.83000000000000e+00	1.53279436843894e+17
2.84000000000000e+00	3.05573089491429e+17
2.85000000000000e+00	1.14950254085457e+18
2.86000000000000e+00	2.54969191871102e+18
2.87000000000000e+00	4.66758526317080e+18
2.88000000000000e+00	7.73987290484232e+18
2.89000000000000e+00	1.15920036580625e+19
2.90000000000000e+00	1.58724390066262e+19
2.91000000000000e+00	2.07938739778876e+19
2.92000000000000e+00	2.71216542072201e+19
2.93000000000000e+00	3.29595565832632e+19
2.94000000000000e+00	3.83789088122313e+19
2.95000000000000e+00	4.42115906165787e+19
2.96000000000000e+00	4.93596631467149e+19
2.97000000000000e+00	5.39246128035300e+19
2.98000000000000e+00	5.81198874864878e+19
2.99000000000000e+00	6.11673504245732e+19
3.00000000000000e+00	6.43892019666332e+19
3.01000000000000e+00	6.70913214301192e+19
3.02000000000000e+00	6.88840145151589e+19
3.03000000000000e+00	7.09483074472755e+19
3.04000000000000e+00	7.29047611804421e+19
3.05000000000000e+00	7.50647291327571e+19
3.06000000000000e+00	7.68333451046198e+19
3.07000000000000e+00	7.81573656198535e+19
3.08000000000000e+00	7.83919774324150e+19
3.09000000000000e+00	7.80202155916523e+19
3.10000000000000e+00	7.61775704048324e+19
3.11000000000000e+00	7.28113919318720e+19
3.12000000000000e+00	6.87778607586473e+19
3.13000000000000e+00	6.38262760911615e+19
3.14000000000000e+00	5.80972447654940e+19
3.15000000000000e+00	5.41668802526123e+19
3.16000000000000e+00	4.85019505739454e+19
3.17000000000000e+00	4.43186923393245e+19
3.18000000000000e+00	4.01072820573924e+19
3.19000000000000e+00	3.63452613925044e+19
3.20000000000000e+00	3.32995499928049e+19
3.21000000000000e+00	3.23365802276212e+19
3.22000000000000e+00	3.33064271182018e+19
3.23000000000000e+00	3.47207927749780e+19
3.24000000000000e+00	3.85695634650972e+19
3.25000000000000e+00	4.24016964863912e+19
3.26000000000000e+00	4.63294870146921e+19
3.27000000000000e+00	4.91260795569125e+19
3.28000000000000e+00	5.07847021011318e+19
3.29000000000000e+00	5.03912233363558e+19
3.30000000000000e+00	4.89563714717776e+19
3.31000000000000e+00	4.73200796057721e+19
3.32000000000000e+00	4.62759339215475e+19
3.33000000000000e+00	4.90523190404052e+19
3.34000000000000e+00	5.42453335643961e+19
3.35000000000000e+00	6.35488023218715e+19
3.36000000000000e+00	7.45980963689877e+19
3.37000000000000e+00	8.72762925423306e+19
3.38000000000000e+00	9.94179480503493e+19
3.39000000000000e+00	1.08521804102760e+20
3.40000000000000e+00	1.13460611318496e+20
3.41000000000000e+00	1.18878398709946e+20
3.42000000000000e+00	1.16725063586546e+20
3.43000000000000e+00	1.12619280744984e+20
3.44000000000000e+00	1.04160363159946e+20
3.45000000000000e+00	9.34913884852614e+19
3.46000000000000e+00	8.34988658586065e+19
3.47000000000000e+00	7.43864147347787e+19
3.48000000000000e+00	6.97152251184558e+19
3.49000000000000e+00	6.67960680573983e+19
3.50000000000000e+00	6.77626864493743e+19
3.51000000000000e+00	7.02761699779735e+19
3.52000000000000e+00	7.36250423615214e+19
3.53000000000000e+00	7.59274004789514e+19
3.54000000000000e+00	7.95490412056255e+19
3.55000000000000e+00	8.11894350463467e+19
3.56000000000000e+00	8.44753622563497e+19
3.57000000000000e+00	9.03601998861968e+19
3.58000000000000e+00	9.65259174718143e+19
3.59000000000000e+00	1.04150553217721e+20
3.60000000000000e+00	1.16265178393490e+20
3.61000000000000e+00	1.25089463361872e+20
3.62000000000000e+00	1.37880313405454e+20
3.63000000000000e+00	1.49186747446294e+20
3.64000000000000e+00	1.67946401705373e+20
3.65000000000000e+00	1.88318252297199e+20
3.66000000000000e+00	2.08575327174795e+20
3.67000000000000e+00	2.25980829722348e+20
3.68000000000000e+00	2.43174423837586e+20
3.69000000000000e+00	2.53755970735171e+20
3.70000000000000e+00	2.64520272567800e+20
3.71000000000000e+00	2.76057329824625e+20
3.72000000000000e+00	2.90661906316757e+20
3.73000000000000e+00	3.04815110372093e+20
3.74000000000000e+00	3.18871018580045e+20
3.75000000000000e+00	3.34393255273427e+20
3.76000000000000e+00	3.59143656567546e+20
3.77000000000000e+00	3.86641993129600e+20
3.78000000000000e+00	4.10806804808262e+20
3.79000000000000e+00	4.48787824748306e+20
3.80000000000000e+00	4.91657422537474e+20
3.81000000000000e+00	5.43588627512869e+20
3.82000000000000e+00	6.05315072687996e+20
3.83000000000000e+00	6.62269397718753e+20
3.84000000000000e+00	7.32987410919695e+20
3.85000000000000e+00	7.92845433436077e+20
3.86000000000000e+00	8.48544775704600e+20
3.87000000000000e+00	8.71302591497698e+20
3.88000000000000e+00	8.73220016560057e+20
3.89000000000000e+00	8.37024654510997e+20
3.90000000000000e+00	7.66979419359890e+20
3.91000000000000e+00	6.75279053638523e+20
3.92000000000000e+00	5.84233247540328e+20
3.93000000000000e+00	5.13979112193241e+20
3.94000000000000e+00	4.73189428435669e+20
3.95000000000000e+00	4.67810953534294e+20
3.96000000000000e+00	4.86838925354220e+20
3.97000000000000e+00	5.19462446928639e+20
3.98000000000000e+00	5.44711087480892e+20
3.99000000000000e+00	5.55872573069011e+20
4.00000000000000e+00	5.43918718131907e+20
4.01000000000000e+00	4.99708823364089e+20
4.02000000000000e+00	4.33553169538457e+20
4.03000000000000e+00	3.66494717992105e+20
4.04000000000000e+00	3.09218398028548e+20
4.05000000000000e+00	2.89050811070653e+20
4.06000000000000e+00	3.26533008502082e+20
4.07000000000000e+00	4.43687041414755e+20
4.08000000000000e+00	6.51292438051454e+20
4.09000000000000e+00	9.49257883440408e+20
4.10000000000000e+00	1.32437493678017e+21
4.11000000000000e+00	1.74783318484496e+21
4.12000000000000e+00	2.19576433082581e+21
4.13000000000000e+00	2.64337034918675e+21
4.14000000000000e+00	3.02559809530084e+21
4.15000000000000e+00	3.32963662551931e+21
4.16000000000000e+00	3.56620173707365e+21
4.17000000000000e+00	3.71058550874934e+21
4.18000000000000e+00	3.80122485793671e+21
4.19000000000000e+00	3.84092607625154e+21
4.20000000000000e+00	3.83583093439400e+21
4.21000000000000e+00	3.80077249228763e+21
4.22000000000000e+00	3.71319114138710e+21
4.23000000000000e+00	3.58083115957461e+21
4.24000000000000e+00	3.46823225170170e+21
4.25000000000000e+00	3.27933453261065e+21
4.26000000000000e+00	3.12575874720544e+21
4.27000000000000e+00	2.87886786577269e+21
4.28000000000000e+00	2.56492308915485e+21
4.29000000000000e+00	2.20069507889084e+21
4.30000000000000e+00	1.74522713115457e+21
4.31000000000000e+00	1.24294615023386e+21
4.32000000000000e+00	7.57821391297725e+20
4.33000000000000e+00	3.93486460654419e+20
4.34000000000000e+00	1.64433527999612e+20
4.35000000000000e+00	1.42459735604454e+20
4.36000000000000e+00	3.44504447717549e+20
4.37000000000000e+00	7.51474417747980e+20
4.38000000000000e+00	1.31414568848322e+21
4.39000000000000e+00	1.98555435011960e+21
4.40000000000000e+00	2.70747991538621e+21
4.41000000000000e+00	3.43465843129667e+21
4.42000000000000e+00	4.13231756171018e+21
4.43000000000000e+00	4.73207761858094e+21
4.44000000000000e+00	5.33488393659491e+21
4.45000000000000e+00	5.98454472034990e+21
4.46000000000000e+00	6.51905744300897e+21
4.47000000000000e+00	6.81728450558276e+21
4.48000000000000e+00	6.87026264321181e+21
4.49000000000000e+00	6.75497676501185e+21
4.50000000000000e+00	6.37977288665075e+21
4.51000000000000e+00	5.83178908501804e+21
4.52000000000000e+00	5.23219637371156e+21
4.53000000000000e+00	4.63288454474482e+21
4.54000000000000e+00	4.00754903235479e+21
4.55000000000000e+00	3.44673988415003e+21
4.56000000000000e+00	2.97252412118670e+21
4.57000000000000e+00	2.61203266552239e+21
4.58000000000000e+00	2.37397190978660e+21
4.59000000000000e+00	2.32038118142832e+21
4.60000000000000e+00	2.44483891253099e+21
4.61000000000000e+00	2.67023902654881e+21
4.62000000000000e+00	3.02304676333200e+21
4.63000000000000e+00	3.63782359088706e+21
4.64000000000000e+00	4.18661470561887e+21
4.65000000000000e+00	4.84325759695434e+21
4.66000000000000e+00	5.43785463859633e+21
4.67000000000000e+00	5.96822999135552e+21
4.68000000000000e+00	6.35528871217341e+21
4.69000000000000e+00	6.65429874713000e+21
4.70000000000000e+00	6.91604355375388e+21
4.71000000000000e+00	7.23381977447434e+21
4.72000000000000e+00	7.63959702141752e+21
4.73000000000000e+00	8.24772644283489e+21
4.74000000000000e+00	8.95430283377749e+21
4.75000000000000e+00	9.86604474526704e+21
4.76000000000000e+00	1.08468793208193e+22
4.77000000000000e+00	1.20217721996595e+22
4.78000000000000e+00	1.32762103820658e+22
4.79000000000000e+00	1.43547151460771e+22
4.80000000000000e+00	1.52765586518622e+22
4.81000000000000e+00	1.59254436636256e+22
4.82000000000000e+00	1.63267276756841e+22
4.83000000000000e+00	1.63906524967450e+22
4.84000000000000e+00	1.63214186354828e+22
4.85000000000000e+00	1.55168404208927e+22
4.86000000000000e+00	1.46136524410745e+22
4.87000000000000e+00	1.34430802519177e+22
4.88000000000000e+00	1.20740938466719e+22
4.89000000000000e+00	1.05882791591701e+22
4.90000000000000e+00	9.09564051221931e+21
4.91000000000000e+00	7.60924106017553e+21
4.92000000000000e+00	6.08119484135205e+21
4.93000000000000e+00	4.50666032814686e+21
4.94000000000000e+00	3.08142699710371e+21
4.95000000000000e+00	1.82126962756048e+21
4.96000000000000e+00	8.41096147511108e+20
4.97000000000000e+00	2.07323157390767e+20
4.98000000000000e+00	9.05093191990409e+19
4.99000000000000e+00	4.73768294392992e+20
5.00000000000000e+00	1.39948774979097e+21
5.01000000000000e+00	2.72289951410564e+21
5.02000000000000e+00	4.26849900802500e+21
5.03000000000000e+00	5.88185949530063e+21
5.04000000000000e+00	7.46565779592404e+21
5.05000000000000e+00	8.47780911713231e+21
5.06000000000000e+00	9.16774938201828e+21
5.07000000000000e+00	8.60761790965790e+21
5.08000000000000e+00	7.76425702836040e+21
5.09000000000000e+00	6.40931945406404e+21
5.10000000000000e+00	5.04858103645158e+21
5.11000000000000e+00	4.51192369335476e+21
5.12000000000000e+00	4.73393259536939e+21
5.13000000000000e+00	5.93540615877744e+21
5.14000000000000e+00	7.95261859045262e+21
5.15000000000000e+00	1.05772079528168e+22
5.16000000000000e+00	1.28817835394107e+22
5.17000000000000e+00	1.50234623276581e+22
5.18000000000000e+00	1.56411037995039e+22
5.19000000000000e+00	1.55343406395424e+22
5.20000000000000e+00	1.43402903997880e+22
5.21000000000000e+00	1.32980361232142e+22
5.22000000000000e+00	1.22508888737684e+22
5.23000000000000e+00	1.20860432447414e+22
5.24000000000000e+00	1.28162416849013e+22
5.25000000000000e+00	1.33567505931156e+22
5.26000000000000e+00	1.44982143369457e+22
5.27000000000000e+00	1.42785660207390e+22
5.28000000000000e+00	1.32713361676976e+22
5.29000000000000e+00	1.20102212935472e+22
5.30000000000000e+00	1.01506070535198e+22
5.31000000000000e+00	8.35566501038263e+21
5.32000000000000e+00	6.78944822459398e+21
5.33000000000000e+00	5.43345082437580e+21
5.34000000000000e+00	4.26571443560042e+21
5.35000000000000e+00	3.41032227810541e+21
5.36000000000000e+00	2.48874555169818e+21
5.37000000000000e+00	1.84389465685361e+21
5.38000000000000e+00	1.41138238799737e+21
5.39000000000000e+00	1.78475645897690e+21
5.40000000000000e+00	3.11274298893057e+21
5.41000000000000e+00	6.25274173461194e+21
5.42000000000000e+00	9.93707736315682e+21
5.43000000000000e+00	1.43125703968953e+22
5.44000000000000e+00	1.80917924482478e+22
5.45000000000000e+00	2.06334144599242e+22
5.46000000000000e+00	2.09800182846147e+22
5.47000000000000e+00	1.94260660038373e+22
5.48000000000000e+00	1.67523129449249e+22
5.49000000000000e+00	1.34602951829899e+22
5.50000000000000e+00	9.89007196176172e+21
5.51000000000000e+00	6.64517768781609e+21
5.52000000000000e+00	4.05055447644267e+21
5.53000000000000e+00	2.42216132313467e+21
5.54000000000000e+00	2.09282574627130e+21
5.55000000000000e+00	3.55949142976591e+21
5.56000000000000e+00	6.87383306123795e+21
5.57000000000000e+00	1.15477836281924e+22
5.58000000000000e+00	1.73561772287461e+22
5.59000000000000e+00	2.40231818191660e+22
5.60000000000000e+00	2.89836755608510e+22
5.61000000000000e+00	3.34032192719653e+22
5.62000000000000e+00	3.54321545103665e+22
5.63000000000000e+00	3.53357074975848e+22
5.64000000000000e+00	3.38623021600916e+22
5.65000000000000e+00	3.15163593485565e+22
5.66000000000000e+00	2.91426260197261e+22
5.67000000000000e+00	2.70978127733150e+22
5.68000000000000e+00	2.52804285273686e+22
5.69000000000000e+00	2.35339524858241e+22
5.70000000000000e+00	2.15770860863529e+22
5.71000000000000e+00	1.94469067021605e+22
5.72000000000000e+00	1.70174486956637e+22
5.73000000000000e+00	1.42940499353050e+22
5.74000000000000e+00	1.23362253165856e+22
5.75000000000000e+00	1.02245838563663e+22
5.76000000000000e+00	8.90892652058960e+21
5.77000000000000e+00	7.71008894573645e+21
5.78000000000000e+00	7.19406010262951e+21
5.79000000000000e+00	7.07795524834218e+21
5.80000000000000e+00	6.90330448551196e+21
5.81000000000000e+00	6.85931817594394e+21
5.82000000000000e+00	6.62824456535192e+21
5.83000000000000e+00	6.44700329944574e+21
5.84000000000000e+00	6.13611956271378e+21
5.85000000000000e+00	5.91969897638104e+21
5.86000000000000e+00	5.66890075139183e+21
5.87000000000000e+00	5.31746564760152e+21
5.88000000000000e+00	5.00512177985371e+21
5.89000000000000e+00	4.95943944115358e+21
5.90000000000000e+00	5.39643196282661e+21
5.91000000000000e+00	6.54371726241881e+21
5.92000000000000e+00	8.21019263009269e+21
5.93000000000000e+00	9.86011540129193e+21
5.94000000000000e+00	1.12813651792456e+22
5.95000000000000e+00	1.20185215501593e+22
5.96000000000000e+00	1.21714670866429e+22
5.97000000000000e+00	1.18265314171061e+22
5.98000000000000e+00	1.14955316610996e+22
5.99000000000000e+00	1.11103713060869e+22
6.00000000000000e+00	1.10393455357103e+22
6.01000000000000e+00	1.15200091156952e+22
6.02000000000000e+00	1.25841618673253e+22
6.03000000000000e+00	1.45174368964882e+22
6.04000000000000e+00	1.72804840662898e+22
6.05000000000000e+00	2.09593408451002e+22
6.06000000000000e+00	2.53072169004708e+22
6.07000000000000e+00	3.00908568002235e+22
6.08000000000000e+00	3.45614641080719e+22
6.09000000000000e+00	3.73095055023928e+22
6.10000000000000e+00	3.87809604042278e+22
6.11000000000000e+00	3.52382479309181e+22
6.12000000000000e+00	2.95924167570460e+22
6.13000000000000e+00	2.28050142859413e+22
6.14000000000000e+00	1.66992833289957e+22
6.15000000000000e+00	1.25128943753881e+22
6.16000000000000e+00	9.80990773306058e+21
6.17000000000000e+00	7.77748322171326e+21
6.18000000000000e+00	6.17717976875473e+21
6.19000000000000e+00	4.75976166661837e+21
6.20000000000000e+00	3.66235799819908e+21
6.21000000000000e+00	2.78974392465332e+21
6.22000000000000e+00	2.16058665307406e+21
6.23000000000000e+00	1.59808824246295e+21
6.24000000000000e+00	1.18649295204746e+21
6.25000000000000e+00	9.36573108861759e+20
6.26000000000000e+00	6.99061542578449e+20
6.27000000000000e+00	5.42293457604986e+20
6.28000000000000e+00	4.18432158682675e+20
6.29000000000000e+00	3.26738317595732e+20
6.30000000000000e+00	2.61815129425564e+20
6.31000000000000e+00	2.07160434504509e+20
6.32000000000000e+00	1.70877246496139e+20
6.33000000000000e+00	1.46791077266664e+20
6.34000000000000e+00	1.32113715929566e+20
6.35000000000000e+00	1.20709565971451e+20
6.36000000000000e+00	1.10696398707331e+20
6.37000000000000e+00	1.02261315537632e+20
6.38000000000000e+00	9.01621285264499e+19
6.39000000000000e+00	8.68152771464471e+19
6.40000000000000e+00	7.98247153530581e+19
6.41000000000000e+00	7.63175246818417e+19
6.42000000000000e+00	7.31494700726582e+19
6.43000000000000e+00	6.81034891301513e+19
6.44000000000000e+00	6.41676659543197e+19
6.45000000000000e+00	5.83592493111715e+19
6.46000000000000e+00	5.12369581099330e+19
6.47000000000000e+00	4.39012889642978e+19
6.48000000000000e+00	3.69111153702066e+19
6.49000000000000e+00	3.12797635916920e+19
6.50000000000000e+00	2.48113275438851e+19
6.51000000000000e+00	2.01030895090683e+19
6.52000000000000e+00	1.76466763584377e+19
6.53000000000000e+00	1.56587279512832e+19
6.54000000000000e+00	1.34264267246639e+19
6.55000000000000e+00	1.11757109705331e+19
6.56000000000000e+00	1.06298343735277e+19
6.57000000000000e+00	9.72210826676223e+18
6.58000000000000e+00	8.27332913064778e+18
6.59000000000000e+00	7.88187882944772e+18
6.60000000000000e+00	7.02968206535327e+18
6.61000000000000e+00	7.21205471460212e+18
6.62000000000000e+00	6.56319704489380e+18
6.63000000000000e+00	6.48712188422076e+18
6.64000000000000e+00	5.99830644705098e+18
6.65000000000000e+00	5.45959901116193e+18
6.66000000000000e+00	5.07517080105618e+18
6.67000000000000e+00	4.57451199755220e+18
6.68000000000000e+00	4.32217870804545e+18
6.69000000000000e+00	3.63130503520946e+18
6.70000000000000e+00	3.31964126343016e+18
6.71000000000000e+00	2.56364930480969e+18
6.72000000000000e+00	2.31186292800440e+18
6.73000000000000e+00	1.77217990245611e+18
6.74000000000000e+00	1.32062348734229e+18
6.75000000000000e+00	9.98581286113555e+17
6.76000000000000e+00	6.90901689296041e+17
6.77000000000000e+00	5.07939703722143e+17
6.78000000000000e+00	3.84074709004118e+17
6.79000000000000e+00	2.70893636055790e+17
6.80000000000000e+00	2.49096053070486e+17
6.81000000000000e+00	2.40837947407958e+17
6.82000000000000e+00	2.18720386931200e+17
6.83000000000000e+00	2.17899468882313e+17
6.84000000000000e+00	2.00533516645393e+17
6.85000000000000e+00	2.06154554480286e+17
6.86000000000000e+00	1.94578118705405e+17
6.87000000000000e+00	1.77391826591936e+17
6.88000000000000e+00	1.79837450729546e+17
6.89000000000000e+00	1.72743916642227e+17
6.90000000000000e+00	1.44728621687275e+17
6.91000000000000e+00	1.11424521604278e+17
6.92000000000000e+00	9.04038568684756e+16
6.93000000000000e+00	5.03955642184511e+16
6.94000000000000e+00	3.89808403442147e+16
6.95000000000000e+00	2.89549381593384e+16
6.96000000000000e+00	3.09152431841200e+16
6.97000000000000e+00	2.92553642477301e+16
6.98000000000000e+00	3.55084180014701e+16
6.99000000000000e+00	4.90015850250145e+16
7.00000000000000e+00	5.66571412412602e+16
7.01000000000000e+00	6.90932436152186e+16
7.02000000000000e+00	7.39467639287009e+16
7.03000000000000e+00	7.65270439269549e+16
7.04000000000000e+00	7.40504103847507e+16
7.05000000000000e+00	6.84374725007766e+16
7.06000000000000e+00	5.97531385862356e+16
7.07000000000000e+00	6.59426693460348e+16
7.08000000000000e+00	7.35624159541254e+16
7.09000000000000e+00	8.23671622372687e+16
7.10000000000000e+00	8.82017145896116e+16
7.11000000000000e+00	9.59212971685454e+16
7.12000000000000e+00	1.08547188400013e+17
7.13000000000000e+00	1.06519862300871e+17
7.14000000000000e+00	1.13051884569233e+17
7.15000000000000e+00	1.02385810872468e+17
7.16000000000000e+00	8.23416702719526e+16
7.17000000000000e+00	6.98382143544598e+16
7.18000000000000e+00	5.54390947515936e+16
7.19000000000000e+00	4.53470123847816e+16
7.20000000000000e+00	3.10157014384348e+16
7.21000000000000e+00	2.22457596202658e+16
7.22000000000000e+00	1.79241922312759e+16
7.23000000000000e+00	1.47191415524209e+16
7.24000000000000e+00	1.15592526719098e+16
7.25000000000000e+00	1.17599749913177e+16
7.26000000000000e+00	1.17459722500048e+16
7.27000000000000e+00	1.42866452004463e+16
7.28000000000000e+00	1.34560045316699e+16
7.29000000000000e+00	1.54025259539775e+16
7.30000000000000e+00	1.89249103535450e+16
7.31000000000000e+00	1.92067786928996e+16
7.32000000000000e+00	1.89702888303274e+16
7.33000000000000e+00	2.03080615939627e+16
7.34000000000000e+00	1.36348958240992e+16
7.35000000000000e+00	1.48682609350402e+16
7.36000000000000e+00	8.21301471039748e+15
7.37000000000000e+00	9.69377915836913e+15
7.38000000000000e+00	9.26112168677768e+15
7.39000000000000e+00	1.09629067727567e+16
7.40000000000000e+00	1.18244199167826e+16
7.41000000000000e+00	1.38012343241780e+16
7.42000000000000e+00	1.40881897461763e+16
7.43000000000000e+00	1.97587670699686e+16
7.44000000000000e+00	1.97916746920934e+16
7.45000000000000e+00	1.81530820165908e+16
7.46000000000000e+00	1.79732442208342e+16
7.47000000000000e+00	1.58017601797405e+16
7.48000000000000e+00	1.22535355807677e+16
7.49000000000000e+00	1.18428172487185e+16
7.50000000000000e+00	1.00600761213704e+16
7.51000000000000e+00	8.25888802690382e+15
7.52000000000000e+00	7.13062218894677e+15
7.53000000000000e+00	7.19917820360755e+15
7.54000000000000e+00	6.96252562192320e+15
7.55000000000000e+00	5.89569239269614e+15
7.56000000000000e+00	6.17477637934618e+15
7.57000000000000e+00	7.77151839156974e+15
7.58000000000000e+00	6.53368679383479e+15
7.59000000000000e+00	8.55254628206687e+15
7.60000000000000e+00	7.14829489650091e+15
7.61000000000000e+00	7.54476209988769e+15
7.62000000000000e+00	6.64274177120966e+15
7.63000000000000e+00	5.09584722714956e+15
7.64000000000000e+00	4.47627947636120e+15
7.65000000000000e+00	4.01329591509325e+15
7.66000000000000e+00	3.58655837431511e+15
7.67000000000000e+00	3.63807459500499e+15
7.68000000000000e+00	2.25827043052795e+15
7.69000000000000e+00	3.24118015254460e+15
7.70000000000000e+00	2.79835154871155e+15
7.71000000000000e+00	3.21781222520587e+15
7.72000000000000e+00	3.42747159224626e+15
7.73000000000000e+00	3.49642555361649e+15
7.74000000000000e+00	3.76385529617484e+15
7.75000000000000e+00	3.25234502656770e+15
7.76000000000000e+00	4.18748019016695e+15
7.77000000000000e+00	4.70183003478037e+15
7.78000000000000e+00	5.60235186391345e+15
7.79000000000000e+00	5.20445985855183e+15
7.80000000000000e+00	5.64016272428331e+15
7.81000000000000e+00	5.84936900056487e+15
7.82000000000000e+00	6.89003598893972e+15
7.83000000000000e+00	6.22681821426167e+15
7.84000000000000e+00	6.25718567359703e+15
7.85000000000000e+00	6.30226981675798e+15
7.86000000000000e+00	6.30815058367032e+15
7.87000000000000e+00	5.46220486541477e+15
7.88000000000000e+00	5.23388707229958e+15
7.89000000000000e+00	4.45490587858425e+15
7.90000000000000e+00	4.46554946307058e+15
7.91000000000000e+00	3.65027774757564e+15
7.92000000000000e+00	3.07653503328786e+15
7.93000000000000e+00	2.59524916392582e+15
7.94000000000000e+00	2.11022378444855e+15
7.95000000000000e+00	1.80564055812092e+15
7.96000000000000e+00	1.37431582007227e+15
7.97000000000000e+00	1.13938845559108e+15
7.98000000000000e+00	1.12669187707724e+15
7.99000000000000e+00	9.23657195700273e+14
8.00000000000000e+00	1.03472999953678e+15
8.01000000000000e+00	9.20902545931922e+14
8.02000000000000e+00	9.18438147454663e+14
8.03000000000000e+00	7.78080796730081e+14
8.04000000000000e+00	7.36350032159992e+14
8.05000000000000e+00	7.88451050674854e+14
8.06000000000000e+00	1.04589363987335e+15
8.07000000000000e+00	6.79088692508208e+14
8.08000000000000e+00	7.34033095704238e+14
8.09000000000000e+00	5.93154351289885e+14
8.10000000000000e+00	5.33753724118341e+14
8.11000000000000e+00	4.88276952988939e+14
8.12000000000000e+00	4.34748281726700e+14
8.13000000000000e+00	4.62809730965342e+14
8.14000000000000e+00	3.93753947268383e+14
8.15000000000000e+00	3.06418821572729e+14
8.16000000000000e+00	3.71762656171138e+14
8.17000000000000e+00	4.60577555146460e+14
8.18000000000000e+00	3.23831155237306e+14
8.19000000000000e+00	4.36518038633712e+14
8.20000000000000e+00	6.24931051300268e+14
8.21000000000000e+00	4.32109060323232e+14
8.22000000000000e+00	9.39825744432419e+14
8.23000000000000e+00	7.86538958423676e+14
8.24000000000000e+00	1.07152234878384e+15
8.25000000000000e+00	9.62408832296339e+14
8.26000000000000e+00	1.14120758840556e+15
8.27000000000000e+00	1.26795031549438e+15
8.28000000000000e+00	1.20957974766315e+15
8.29000000000000e+00	1.24453750958364e+15
8.30000000000000e+00	1.21962559794512e+15
8.31000000000000e+00	1.11990572106271e+15
8.32000000000000e+00	1.20605312503527e+15
8.33000000000000e+00	1.15203770496376e+15
8.34000000000000e+00	1.13740354505242e+15
8.35000000000000e+00	1.05830715582917e+15
8.36000000000000e+00	9.79496436274499e+14
8.37000000000000e+00	9.20387064195917e+14
8.38000000000000e+00	9.01095257796216e+14
8.39000000000000e+00	8.39152134643231e+14
8.40000000000000e+00	8.46237279289115e+14
8.41000000000000e+00	6.91912202303205e+14
8.42000000000000e+00	6.56812579350505e+14
8.43000000000000e+00	5.88868502346666e+14
8.44000000000000e+00	5.82283903441127e+14
8.45000000000000e+00	5.33136569838571e+14
8.46000000000000e+00	5.78289429932353e+14
8.47000000000000e+00	5.05513147366008e+14
8.48000000000000e+00	4.89955471602849e+14
8.49000000000000e+00	4.69017120759848e+14
8.50000000000000e+00	4.43607884546298e+14
8.51000000000000e+00	3.88293005962656e+14
8.52000000000000e+00	3.35676684108541e+14
8.53000000000000e+00	2.86952872087360e+14
8.54000000000000e+00	2.23530581291121e+14
8.55000000000000e+00	1.79458344490866e+14
8.56000000000000e+00	1.46675979514402e+14
8.57000000000000e+00	1.26130594467491e+14
8.58000000000000e+00	1.11894898890010e+14
8.59000000000000e+00	1.14460808231847e+14
8.60000000000000e+00	1.06256727036814e+14
8.61000000000000e+00	1.67641588150621e+14
8.62000000000000e+00	1.41878428342923e+14
8.63000000000000e+00	1.58799202716733e+14
8.64000000000000e+00	1.87593419731395e+14
8.65000000000000e+00	1.82275653918286e+14
8.66000000000000e+00	1.81529127013826e+14
8.67000000000000e+00	2.17042843885680e+14
8.68000000000000e+00	2.15731158036237e+14
8.69000000000000e+00	1.78457672506994e+14
8.70000000000000e+00	1.69477415672720e+14
8.71000000000000e+00	1.48202118943709e+14
8.72000000000000e+00	1.34828911928404e+14
8.73000000000000e+00	1.22981972182465e+14
8.74000000000000e+00	1.00083309171228e+14
8.75000000000000e+00	9.39730585154629e+13
8.76000000000000e+00	8.52066371862150e+13
8.77000000000000e+00	7.78282294040746e+13
8.78000000000000e+00	1.09654176338236e+14
8.79000000000000e+00	1.05211894120644e+14
8.80000000000000e+00	8.40881187280892e+13
8.81000000000000e+00	1.00581583139527e+14
8.82000000000000e+00	8.69884873644770e+13
8.83000000000000e+00	9.82977509665675e+13
8.84000000000000e+00	1.12598627744193e+14
8.85000000000000e+00	1.20149866208967e+14
8.86000000000000e+00	9.38127530862796e+13
8.87000000000000e+00	1.00396583290690e+14
8.88000000000000e+00	8.51356654341757e+13
8.89000000000000e+00	8.34337873260795e+13
8.90000000000000e+00	8.30952204482610e+13
8.91000000000000e+00	8.40818662365960e+13
8.92000000000000e+00	7.67246272495626e+13
8.93000000000000e+00	8.67068604285473e+13
8.94000000000000e+00	8.39286499545400e+13
8.95000000000000e+00	1.42695691155205e+14
8.96000000000000e+00	9.12069716860726e+13
8.97000000000000e+00	1.24896981093906e+14
8.98000000000000e+00	1.35809461151891e+14
8.99000000000000e+00	1.36180518447161e+14
9.00000000000000e+00	1.40313486576793e+14
9.01000000000000e+00	1.57610506875974e+14
9.02000000000000e+00	1.69077734376971e+14
9.03000000000000e+00	1.95702426515186e+14
9.04000000000000e+00	1.59994053212677e+14
9.05000000000000e+00	1.63152224796173e+14
9.06000000000000e+00	1.64046150728075e+14
9.07000000000000e+00	1.57175920143981e+14
9.08000000000000e+00	1.89483062098997e+14
9.09000000000000e+00	1.60225661393463e+14
9.10000000000000e+00	1.70848896288907e+14
9.11000000000000e+00	1.70684647072121e+14
9.12000000000000e+00	1.73961657954198e+14
9.13000000000000e+00	1.76623797726439e+14
9.14000000000000e+00	1.75872782085009e+14
9.15000000000000e+00	1.72768765823962e+14
9.16000000000000e+00	1.70106371258878e+14
9.17000000000000e+00	1.69649220462382e+14
9.18000000000000e+00	1.64987007819453e+14
9.19000000000000e+00	1.57709435842296e+14
9.20000000000000e+00	1.59970187116033e+14
9.21000000000000e+00	1.51829153317358e+14
9.22000000000000e+00	1.44210658576766e+14
9.23000000000000e+00	1.16058253241570e+14
9.24000000000000e+00	9.50619214693492e+13
9.25000000000000e+00	9.64163651370151e+13
9.26000000000000e+00	7.08167490704870e+13
9.27000000000000e+00	6.03113045817211e+13
9.28000000000000e+00	6.74559698443379e+13
9.29000000000000e+00	4.44955546835340e+13
9.30000000000000e+00	2.47697465573671e+13
9.31000000000000e+00	2.08052726628495e+13
9.32000000000000e+00	1.96163682909305e+13
9.33000000000000e+00	2.18399860418744e+13
9.34000000000000e+00	2.08461319933721e+13
9.35000000000000e+00	2.16723315696084e+13
9.36000000000000e+00	2.33676044700058e+13
9.37000000000000e+00	2.68277191876519e+13
9.38000000000000e+00	3.07689137149817e+13
9.39000000000000e+00	3.08995471501403e+13
9.40000000000000e+00	3.90682590415572e+13
9.41000000000000e+00	4.06475094759404e+13
9.42000000000000e+00	4.12884227903057e+13
9.43000000000000e+00	4.46783149970883e+13
9.44000000000000e+00	3.86089148930958e+13
9.45000000000000e+00	3.98631460250096e+13
9.46000000000000e+00	3.74354813509480e+13
9.47000000000000e+00	3.63978953355397e+13
9.48000000000000e+00	3.45109385700544e+13
9.49000000000000e+00	3.67228402123199e+13
9.50000000000000e+00	2.85391853487116e+13
9.51000000000000e+00	2.63513482656503e+13
9.52000000000000e+00	2.51951817241589e+13
9.53000000000000e+00	2.39486007403546e+13
9.54000000000000e+00	2.16891892402384e+13
9.55000000000000e+00	2.14551290019594e+13
9.56000000000000e+00	2.17253898901951e+13
9.57000000000000e+00	2.51098344091766e+13
9.58000000000000e+00	2.39430876332769e+13
9.59000000000000e+00	2.68214671160788e+13
9.60000000000000e+00	2.68715184304701e+13
9.61000000000000e+00	2.78570774699814e+13
9.62000000000000e+00	2.91943553013492e+13
9.63000000000000e+00	2.98498012417303e+13
9.64000000000000e+00	3.07964554392665e+13
9.65000000000000e+00	2.90591721212198e+13
9.66000000000000e+00	2.57473028618767e+13
9.67000000000000e+00	2.87692581188805e+13
9.68000000000000e+00	2.19893514409824e+13
9.69000000000000e+00	2.20759808150209e+13
9.70000000000000e+00	2.13826083557492e+13
9.71000000000000e+00	1.96555411315538e+13
9.72000000000000e+00	1.97654754740421e+13
9.73000000000000e+00	1.93752797263179e+13
9.74000000000000e+00	1.88609429782096e+13
9.75000000000000e+00	1.96218985414369e+13
9.76000000000000e+00	1.94992885769734e+13
9.77000000000000e+00	1.94516327254032e+13
9.78000000000000e+00	1.94142066949468e+13
9.79000000000000e+00	1.96345005083894e+13
9.80000000000000e+00	1.91904245407528e+13
9.81000000000000e+00	1.92777233841200e+13
9.82000000000000e+00	1.63169713846367e+13
9.83000000000000e+00	1.62766310848294e+13
9.84000000000000e+00	1.84652142262767e+13
9.85000000000000e+00	1.80460466698491e+13
9.86000000000000e+00	1.79093669502014e+13
9.87000000000000e+00	2.00471339994097e+13
9.88000000000000e+00	1.88892406746613e+13
9.89000000000000e+00	1.93512877604162e+13
9.90000000000000e+00	2.08230353267559e+13
9.91000000000000e+00	1.79588758253942e+13
9.92000000000000e+00	1.81468284816880e+13
9.93000000000000e+00	1.77310263077474e+13
9.94000000000000e+00	1.78284202336579e+13
9.95000000000000e+00	2.05571526663716e+13
9.96000000000000e+00	1.89235022671820e+13
9.97000000000000e+00	1.99927152162061e+13
9.98000000000000e+00	2.04008272696104e+13
9.99000000000000e+00	2.12076578181498e+13
1.00000000000000e+01	2.47239327090917e+13
1.00100000000000e+01	2.02313844171805e+13
1.00200000000000e+01	1.97862633568070e+13
1.00300000000000e+01	2.39770931099708e+13
1.00400000000000e+01	1.94476277791401e+13
1.00500000000000e+01	1.36346874005687e+13
1.00600000000000e+01	1.17113251136991e+13
1.00700000000000e+01	1.40593491403466e+13
1.00800000000000e+01	8.00962955473925e+12
1.00900000000000e+01	7.42884232276722e+12
1.01000000000000e+01	6.54740051207040e+12
1.01100000000000e+01	6.90730997929404e+12
1.01200000000000e+01	6.51464142679214e+12
1.01300000000000e+01	6.82420567997738e+12
1.01400000000000e+01	1.08833488185948e+13
1.01500000000000e+01	7.68328304647384e+12
1.01600000000000e+01	9.90491902430617e+12
1.01700000000000e+01	1.02538334541575e+13
1.01800000000000e+01	9.45912948669085e+12
1.01900000000000e+01	8.40124779064081e+12
1.02000000000000e+01	8.39015411609063e+12
1.02100000000000e+01	8.73964371742726e+12
1.02200000000000e+01	9.23773936145312e+12
1.02300000000000e+01	9.90925129311446e+12
1.02400000000000e+01	1.04959217338030e+13
1.02500000000000e+01	1.20220670398821e+13
1.02600000000000e+01	1.08033937445720e+13
1.02700000000000e+01	1.44302859994622e+13
1.02800000000000e+01	1.03217686679674e+13
1.02900000000000e+01	1.63028815496595e+13
1.03000000000000e+01	9.01234342123603e+12
1.03100000000000e+01	9.25091365553082e+12
1.03200000000000e+01	9.82522732009178e+12
1.03300000000000e+01	6.66261502249590e+12
1.03400000000000e+01	3.34209540706667e+12
1.03500000000000e+01	2.86540851071310e+12
1.03600000000000e+01	2.50280649534620e+12
1.03700000000000e+01	2.63376890735788e+12
1.03800000000000e+01	3.48381771362957e+12
1.03900000000000e+01	1.52293409866763e+12
1.04000000000000e+01	1.82005007723457e+12
1.04100000000000e+01	1.92436656933066e+12
1.04200000000000e+01	2.41944589739989e+12
1.04300000000000e+01	3.37985167445039e+12
1.04400000000000e+01	5.27779288035751e+12
1.04500000000000e+01	3.73549148153059e+12
1.04600000000000e+01	5.82542604990652e+12
1.04700000000000e+01	4.66629394715840e+12
1.04800000000000e+01	5.29654432632090e+12
1.04900000000000e+01	7.22179455526984e+12
1.05000000000000e+01	6.16786439755168e+12
1.05100000000000e+01	6.71315437677809e+12
1.05200000000000e+01	7.14787516261189e+12
1.05300000000000e+01	7.63589684956304e+12
1.05400000000000e+01	1.01437520253173e+13
1.05500000000000e+01	1.02903051198411e+13
1.05600000000000e+01	8.96400932579364e+12
1.05700000000000e+01	9.94939262421393e+12
1.05800000000000e+01	1.04143215461898e+13
1.05900000000000e+01	1.09192596227582e+13
1.06000000000000e+01	1.13616345889911e+13
1.06100000000000e+01	1.27204183395940e+13
1.06200000000000e+01	1.25382483461086e+13
1.06300000000000e+01	1.23698821794518e+13
1.06400000000000e+01	1.43536384414533e+13
1.06500000000000e+01	1.35178608562221e+13
1.06600000000000e+01	1.16691142208711e+13
1.06700000000000e+01	1.12817186086354e+13
1.06800000000000e+01	1.10889290146303e+13
1.06900000000000e+01	1.09076837558360e+13
1.07000000000000e+01	1.01041858079989e+13
1.07100000000000e+01	9.72763297981500e+12
1.07200000000000e+01	8.27797328071486e+12
1.07300000000000e+01	1.08259854103140e+13
1.07400000000000e+01	1.28170677961994e+13
1.07500000000000e+01	7.49308110650233e+12
1.07600000000000e+01	7.97386243153190e+12
1.07700000000000e+01	8.71494884453164e+12
1.07800000000000e+01	8.89034728786364e+12
1.07900000000000e+01	9.62135597871359e+12
1.08000000000000e+01	1.01269714264894e+13
1.08100000000000e+01	8.98870159326489e+12
1.08200000000000e+01	1.31770715974286e+13
1.08300000000000e+01	1.04537482951659e+13
1.08400000000000e+01	8.59167769127558e+12
1.08500000000000e+01	8.24400029581970e+12
1.08600000000000e+01	1.11981678887746e+13
1.08700000000000e+01	7.99774589644594e+12
1.08800000000000e+01	6.53605643809241e+12
1.08900000000000e+01	6.29492084501242e+12
1.09000000000000e+01	3.80278385961133e+12
1.09100000000000e+01	6.50455620622421e+12
1.09200000000000e+01	5.96135435117677e+12
1.09300000000000e+01	6.12819535523301e+12
1.09400000000000e+01	2.11381383909400e+12
1.09500000000000e+01	2.04931506677923e+12
1.09600000000000e+01	2.07754528058023e+12
1.09700000000000e+01	1.89779734335103e+12
1.09800000000000e+01	1.60297172840757e+12
1.09900000000000e+01	1.77346478380448e+12
1.10000000000000e+01	3.18892050150540e+12
1.10100000000000e+01	3.33193202401644e+12
1.10200000000000e+01	2.58519126565784e+12
1.10300000000000e+01	3.19484420206518e+12
1.10400000000000e+01	4.12207800296928e+12
1.10500000000000e+01	2.93655129231425e+12
1.10600000000000e+01	3.22564322300577e+12
1.10700000000000e+01	4.61400547470485e+12
1.10800000000000e+01	4.29289142193403e+12
1.10900000000000e+01	4.03769631360414e+12
1.11000000000000e+01	4.04691101243495e+12
1.11100000000000e+01	5.27145815536410e+12
1.11200000000000e+01	6.84494845227576e+12
1.11300000000000e+01	5.66400143957231e+12
1.11400000000000e+01	5.12988770579732e+12
1.11500000000000e+01	6.79737969555920e+12
1.11600000000000e+01	4.99832867903066e+12
1.11700000000000e+01	4.91195350796245e+12
1.11800000000000e+01	5.43345587405862e+12
1.11900000000000e+01	6.02669560631989e+12
1.12000000000000e+01	6.71773989908481e+12
1.12100000000000e+01	4.87435940380757e+12
1.12200000000000e+01	4.66099950894063e+12
1.12300000000000e+01	4.77849098869574e+12
1.12400000000000e+01	5.48993865562376e+12
1.12500000000000e+01	5.62555381329167e+12
1.12600000000000e+01	6.21697284940946e+12
1.12700000000000e+01	6.27725173973978e+12
1.12800000000000e+01	7.04081918672485e+12
1.12900000000000e+01	5.89226182189435e+12
1.13000000000000e+01	7.89670818008289e+12
1.13100000000000e+01	5.76937939094059e+12
1.13200000000000e+01	8.56013496461772e+12
1.13300000000000e+01	1.26135668782700e+13
1.13400000000000e+01	6.46591222964784e+12
1.13500000000000e+01	7.52881908870355e+12
1.13600000000000e+01	6.32426332321601e+12
1.13700000000000e+01	4.79730234850071e+12
1.13800000000000e+01	5.80484398784904e+12
1.13900000000000e+01	4.71682265386933e+12
1.14000000000000e+01	8.05076118790886e+12
1.14100000000000e+01	3.74416318157932e+12
1.14200000000000e+01	8.30409180214161e+12
1.14300000000000e+01	3.63405193656265e+12
1.14400000000000e+01	5.79446360858194e+12
1.14500000000000e+01	1.12672243526889e+13
1.14600000000000e+01	6.54766826138924e+12
1.14700000000000e+01	8.47402631406120e+12
1.14800000000000e+01	4.83793859295388e+12
1.14900000000000e+01	2.85736140961394e+12
1.15000000000000e+01	1.26262279612500e+12
1.15100000000000e+01	1.77317335004937e+12
1.15200000000000e+01	3.66393932053862e+12
1.15300000000000e+01	4.68475117869330e+12
1.15400000000000e+01	1.30938220213365e+12
1.15500000000000e+01	1.25595904702610e+12
1.15600000000000e+01	1.90068688760426e+12
1.15700000000000e+01	1.33344689979318e+12
1.15800000000000e+01	1.84441916167311e+12
1.15900000000000e+01	2.37497889506163e+12
1.16000000000000e+01	3.41943081434774e+12
1.16100000000000e+01	1.64294243554989e+12
1.16200000000000e+01	1.21977870993587e+12
1.16300000000000e+01	1.23615288790253e+12
1.16400000000000e+01	4.63353298571499e+12
1.16500000000000e+01	1.30801447930428e+12
1.16600000000000e+01	5.15452937285141e+12
1.16700000000000e+01	4.30602107501485e+12
1.16800000000000e+01	1.24406782999371e+12
1.16900000000000e+01	2.48976423269989e+12
1.17000000000000e+01	9.02265233024022e+11
1.17100000000000e+01	2.10946881042059e+12
1.17200000000000e+01	7.26196381348166e+11
1.17300000000000e+01	2.60591133334874e+12
1.17400000000000e+01	3.36303005357251e+12
1.17500000000000e+01	1.99167166485033e+12
1.17600000000000e+01	4.81680644973657e+11
1.17700000000000e+01	5.12688191771262e+11
1.17800000000000e+01	1.09424397176747e+12
1.17900000000000e+01	2.61967682052604e+12
1.18000000000000e+01	8.90484062710890e+11
1.18100000000000e+01	1.94104455045975e+12
1.18200000000000e+01	4.43477388828444e+11
1.18300000000000e+01	6.51922207038927e+11
1.18400000000000e+01	4.21031309433775e+11
1.18500000000000e+01	1.48598393238031e+12
1.18600000000000e+01	5.76778894648284e+12
1.18700000000000e+01	3.14436475761173e+12
1.18800000000000e+01	3.19015705406178e+12
1.18900000000000e+01	9.84284733022887e+11
1.19000000000000e+01	1.22422161122455e+12
1.19100000000000e+01	1.37334572236733e+12
1.19200000000000e+01	1.58662405909177e+12
1.19300000000000e+01	2.65752531147184e+12
1.19400000000000e+01	2.14749142355027e+12
1.19500000000000e+01	2.84194745289687e+12
1.19600000000000e+01	1.83597385066724e+12
1.19700000000000e+01	2.17499280138254e+12
1.19800000000000e+01	1.54645282806941e+12
1.19900000000000e+01	1.70605385323187e+12
1.20000000000000e+01	5.37277204983786e+12
