1.00000000000000e-02	7.40960365830943e+17
2.00000000000000e-02	4.63120124949503e+16
3.00000000000000e-02	9.14866013145564e+15
4.00000000000000e-02	2.89496007221821e+15
5.00000000000000e-02	1.18591552906261e+15
6.00000000000000e-02	5.71994573139208e+14
7.00000000000000e-02	3.08800486835238e+14
8.00000000000000e-02	1.81050306658657e+14
9.00000000000000e-02	1.13054195147728e+14
1.00000000000000e-01	7.41935885078735e+13
1.10000000000000e-01	5.06893778589130e+13
1.20000000000000e-01	3.58009331960693e+13
1.30000000000000e-01	2.60010844363782e+13
1.40000000000000e-01	1.93380181228511e+13
1.50000000000000e-01	1.46799568962754e+13
1.60000000000000e-01	1.13446167077832e+13
1.70000000000000e-01	8.90571840070393e+12
1.80000000000000e-01	7.08889733149801e+12
1.90000000000000e-01	5.71307929484206e+12
2.00000000000000e-01	4.65581515333148e+12
2.10000000000000e-01	3.83246246907196e+12
2.20000000000000e-01	3.18361559211189e+12
2.30000000000000e-01	2.66663546343143e+12
2.40000000000000e-01	2.25066507142544e+12
2.50000000000000e-01	1.91285913327181e+12
2.60000000000000e-01	1.63628254287508e+12
2.70000000000000e-01	1.40802194344358e+12
2.80000000000000e-01	1.21833762832640e+12
2.90000000000000e-01	1.05961903751745e+12
3.00000000000000e-01	9.26007702985786e+11
3.10000000000000e-01	8.12866712139481e+11
3.20000000000000e-01	7.16558521579503e+11
3.30000000000000e-01	6.34153102574749e+11
3.40000000000000e-01	5.63302878127352e+11
3.50000000000000e-01	5.02128217789049e+11
3.60000000000000e-01	4.49069188138023e+11
3.70000000000000e-01	4.02874171122765e+11
3.80000000000000e-01	3.62504140649054e+11
3.90000000000000e-01	3.27091670254738e+11
4.00000000000000e-01	2.95927811538534e+11
4.10000000000000e-01	2.68411532836110e+11
4.20000000000000e-01	2.44044320436289e+11
4.30000000000000e-01	2.22398487321877e+11
4.40000000000000e-01	2.03122440524044e+11
4.50000000000000e-01	1.85905682301989e+11
4.60000000000000e-01	1.70490394916919e+11
4.70000000000000e-01	1.56656511764751e+11
4.80000000000000e-01	1.44211996123059e+11
4.90000000000000e-01	1.32991286084291e+11
5.00000000000000e-01	1.22852772231684e+11
5.10000000000000e-01	1.13672028446237e+11
5.20000000000000e-01	1.05347142151960e+11
5.30000000000000e-01	9.77779114184078e+10
5.40000000000000e-01	9.08867562116091e+10
5.50000000000000e-01	8.46015059268473e+10
5.60000000000000e-01	7.88566614886496e+10
5.70000000000000e-01	7.35998713955024e+10
5.80000000000000e-01	6.87823268513311e+10
5.90000000000000e-01	6.43585068146903e+10
6.00000000000000e-01	6.02917436892742e+10
6.10000000000000e-01	5.65466209976250e+10
6.20000000000000e-01	5.30944446446871e+10
6.30000000000000e-01	4.99071068379397e+10
6.40000000000000e-01	4.69620677515100e+10
6.50000000000000e-01	4.42351784066218e+10
6.60000000000000e-01	4.17088651030250e+10
6.70000000000000e-01	3.93639226012262e+10
6.80000000000000e-01	3.71869954170860e+10
6.90000000000000e-01	3.51630376108207e+10
7.00000000000000e-01	3.32789967131033e+10
7.10000000000000e-01	3.15234948068497e+10
7.20000000000000e-01	2.98855400682822e+10
7.30000000000000e-01	2.83571669033090e+10
7.40000000000000e-01	2.69282022752363e+10
7.50000000000000e-01	2.55922038104770e+10
7.60000000000000e-01	2.43408640624789e+10
7.70000000000000e-01	2.31687394996270e+10
7.80000000000000e-01	2.20692166357694e+10
7.90000000000000e-01	2.10374194903325e+10
8.00000000000000e-01	2.00680693987544e+10
8.10000000000000e-01	1.91567525822026e+10
8.20000000000000e-01	1.82997124746052e+10
8.30000000000000e-01	1.74925306171375e+10
8.40000000000000e-01	1.67325947508350e+10
8.50000000000000e-01	1.60156021593759e+10
8.60000000000000e-01	1.53393949508728e+10
8.70000000000000e-01	1.47009892693133e+10
8.80000000000000e-01	1.40977381328904e+10
8.90000000000000e-01	1.35276950869530e+10
9.00000000000000e-01	1.29886118424501e+10
9.10000000000000e-01	1.24782722866601e+10
9.20000000000000e-01	1.19951458067558e+10
9.30000000000000e-01	1.15375833080778e+10
9.40000000000000e-01	1.11038598865426e+10
9.50000000000000e-01	1.06924422358195e+10
9.60000000000000e-01	1.03020670032174e+10
9.70000000000000e-01	9.93159123090669e+09
9.80000000000000e-01	9.57977370002761e+09
9.90000000000000e-01	9.24545242246914e+09
1.00000000000000e+00	8.92799312513414e+09
1.01000000000000e+00	8.62588762329805e+09
1.02000000000000e+00	8.33847293178040e+09
1.03000000000000e+00	8.06525258338669e+09
1.04000000000000e+00	7.80515191527596e+09
1.05000000000000e+00	7.55751494343778e+09
1.06000000000000e+00	7.32169975233409e+09
1.07000000000000e+00	7.09730427319765e+09
1.08000000000000e+00	6.88347972203351e+09
1.09000000000000e+00	6.67973457156381e+09
1.10000000000000e+00	6.48579104774061e+09
1.11000000000000e+00	6.30105133870262e+09
1.12000000000000e+00	6.12508220582884e+09
1.13000000000000e+00	5.95768366081190e+09
1.14000000000000e+00	5.79839564790895e+09
1.15000000000000e+00	5.64700597275998e+09
1.16000000000000e+00	5.50313096803035e+09
1.17000000000000e+00	5.36670653338188e+09
1.18000000000000e+00	5.23746809790150e+09
1.19000000000000e+00	5.11526630993618e+09
1.20000000000000e+00	5.00004872607563e+09
1.21000000000000e+00	4.89173208618856e+09
1.22000000000000e+00	4.79035044124240e+09
1.23000000000000e+00	4.69613540696582e+09
1.24000000000000e+00	4.60905557426792e+09
1.25000000000000e+00	4.52952853229242e+09
1.26000000000000e+00	4.45762902008049e+09
1.27000000000000e+00	4.39389764382885e+09
1.28000000000000e+00	4.33834128858321e+09
1.29000000000000e+00	4.29136612108840e+09
1.30000000000000e+00	4.25287086353305e+09
1.31000000000000e+00	4.22280975520173e+09
1.32000000000000e+00	4.20067650440718e+09
1.33000000000000e+00	4.18566209997459e+09
1.34000000000000e+00	4.17656509190780e+09
1.35000000000000e+00	4.17195527062019e+09
1.36000000000000e+00	4.16993990820511e+09
1.37000000000000e+00	4.16845337128182e+09
1.38000000000000e+00	4.16525467478158e+09
1.39000000000000e+00	4.15805388455303e+09
1.40000000000000e+00	4.14486560378167e+09
1.41000000000000e+00	4.12376239729283e+09
1.42000000000000e+00	4.09326151273763e+09
1.43000000000000e+00	4.05232179840157e+09
1.44000000000000e+00	4.00033390149402e+09
1.45000000000000e+00	3.93701723848191e+09
1.46000000000000e+00	3.86251951567171e+09
1.47000000000000e+00	3.77697127584502e+09
1.48000000000000e+00	3.68090748315604e+09
1.49000000000000e+00	3.57461427445764e+09
1.50000000000000e+00	3.45846248111130e+09
1.51000000000000e+00	3.33268735272472e+09
1.52000000000000e+00	3.19747155244905e+09
1.53000000000000e+00	3.05315398730256e+09
1.54000000000000e+00	2.90007299382232e+09
1.55000000000000e+00	2.73895754121473e+09
1.56000000000000e+00	2.57109467390532e+09
1.57000000000000e+00	2.39819930943598e+09
1.58000000000000e+00	2.22256838233566e+09
1.59000000000000e+00	2.04699352771629e+09
1.60000000000000e+00	1.87460142721969e+09
1.61000000000000e+00	1.70870418422337e+09
1.62000000000000e+00	1.55227202664030e+09
1.63000000000000e+00	1.40781705134071e+09
1.64000000000000e+00	1.27711270871645e+09
1.65000000000000e+00	1.16104415934172e+09
1.66000000000000e+00	1.05951461207467e+09
1.67000000000000e+00	9.71798011136658e+08
1.68000000000000e+00	8.96503558538311e+08
1.69000000000000e+00	8.32022049141192e+08
1.70000000000000e+00	7.76609415618982e+08
1.71000000000000e+00	7.28757590336423e+08
1.72000000000000e+00	6.87439381345213e+08
1.73000000000000e+00	6.52556064255404e+08
1.74000000000000e+00	6.25064956139915e+08
1.75000000000000e+00	6.06959983695245e+08
1.76000000000000e+00	6.00920808874563e+08
1.77000000000000e+00	6.09947744883723e+08
1.78000000000000e+00	6.36949680186875e+08
1.79000000000000e+00	6.84285423916613e+08
1.80000000000000e+00	7.53257794475430e+08
1.81000000000000e+00	8.43620567938924e+08
1.82000000000000e+00	9.53355260944416e+08
1.83000000000000e+00	1.07901866793503e+09
1.84000000000000e+00	1.21649155509853e+09
1.85000000000000e+00	1.36188696213668e+09
1.86000000000000e+00	1.51166848261773e+09
1.87000000000000e+00	1.66253970295637e+09
1.88000000000000e+00	1.81090377635043e+09
1.89000000000000e+00	1.95243537476265e+09
1.90000000000000e+00	2.08198418579434e+09
1.91000000000000e+00	2.19340131427802e+09
1.92000000000000e+00	2.27980549954028e+09
1.93000000000000e+00	2.33369346633532e+09
1.94000000000000e+00	2.34766232950870e+09
1.95000000000000e+00	2.31526695881568e+09
1.96000000000000e+00	2.23233414620003e+09
1.97000000000000e+00	2.09826817787633e+09
1.98000000000000e+00	1.91708692397218e+09
1.99000000000000e+00	1.69787114949113e+09
2.00000000000000e+00	1.45406723089998e+09
2.01000000000000e+00	1.20217064649055e+09
2.02000000000000e+00	9.59413530182744e+08
2.03000000000000e+00	7.41488297514378e+08
2.04000000000000e+00	5.60397563080883e+08
2.05000000000000e+00	4.23147931749067e+08
2.06000000000000e+00	3.31358276371669e+08
2.07000000000000e+00	2.81764869167779e+08
2.08000000000000e+00	2.67436182192928e+08
2.09000000000000e+00	2.79168804810582e+08
2.10000000000000e+00	3.07000466132726e+08
2.11000000000000e+00	3.41552028991969e+08
2.12000000000000e+00	3.75097315642369e+08
2.13000000000000e+00	4.02326445933780e+08
2.14000000000000e+00	4.20633104929638e+08
2.15000000000000e+00	4.29804914958762e+08
2.16000000000000e+00	4.31288469400529e+08
2.17000000000000e+00	4.27300070987458e+08
2.18000000000000e+00	4.20091459184070e+08
2.19000000000000e+00	4.11607410361012e+08
2.20000000000000e+00	4.03448530819468e+08
2.21000000000000e+00	3.97041358568010e+08
2.22000000000000e+00	3.93803749564341e+08
2.23000000000000e+00	3.95325395039180e+08
2.24000000000000e+00	4.03236952262052e+08
2.25000000000000e+00	4.19157033828384e+08
2.26000000000000e+00	4.44517858319992e+08
2.27000000000000e+00	4.80614196114933e+08
2.28000000000000e+00	5.28732249564222e+08
2.29000000000000e+00	5.90356101977284e+08
2.30000000000000e+00	6.67067792853688e+08
2.31000000000000e+00	7.60332432199030e+08
2.32000000000000e+00	8.70940471190547e+08
2.33000000000000e+00	9.98359729220180e+08
2.34000000000000e+00	1.14010269118750e+09
2.35000000000000e+00	1.29162024051372e+09
2.36000000000000e+00	1.44638782559122e+09
2.37000000000000e+00	1.59667142604001e+09
2.38000000000000e+00	1.73434140367330e+09
2.39000000000000e+00	1.85150074471434e+09
2.40000000000000e+00	1.94113258280259e+09
2.41000000000000e+00	1.99778887709665e+09
2.42000000000000e+00	2.01816801212813e+09
2.43000000000000e+00	2.00147391447408e+09
2.44000000000000e+00	1.94927672174256e+09
2.45000000000000e+00	1.86530725521606e+09
2.46000000000000e+00	1.75459969467522e+09
2.47000000000000e+00	1.62316924217507e+09
2.48000000000000e+00	1.47727809283936e+09
2.49000000000000e+00	1.32320486342300e+09
2.50000000000000e+00	1.16667362810986e+09
2.51000000000000e+00	1.01274016618227e+09
2.52000000000000e+00	8.65497375694155e+08
2.53000000000000e+00	7.28061930847745e+08
2.54000000000000e+00	6.02608973422140e+08
2.55000000000000e+00	4.90490631942571e+08
2.56000000000000e+00	3.92342928077206e+08
2.57000000000000e+00	3.08211976678817e+08
2.58000000000000e+00	2.37659866706014e+08
2.59000000000000e+00	1.79849525176864e+08
2.60000000000000e+00	1.33640998549621e+08
2.61000000000000e+00	9.77114809273086e+07
2.62000000000000e+00	7.07346990002415e+07
2.63000000000000e+00	5.16420783175704e+07
2.64000000000000e+00	3.98623705332374e+07
2.65000000000000e+00	3.53965205175079e+07
2.66000000000000e+00	3.86330107954676e+07
2.67000000000000e+00	4.99734834563603e+07
2.68000000000000e+00	6.95709913831953e+07
2.69000000000000e+00	9.73110418518070e+07
2.70000000000000e+00	1.32980090076505e+08
2.71000000000000e+00	1.76431368042432e+08
2.72000000000000e+00	2.27657324227897e+08
2.73000000000000e+00	2.86878656066226e+08
2.74000000000000e+00	3.54547202705236e+08
2.75000000000000e+00	4.31351876649852e+08
2.76000000000000e+00	5.18192848977718e+08
2.77000000000000e+00	6.15995172764148e+08
2.78000000000000e+00	7.25415870854530e+08
2.79000000000000e+00	8.46571231819293e+08
2.80000000000000e+00	9.78668995193552e+08
2.81000000000000e+00	1.11987063752421e+09
2.82000000000000e+00	1.26711920822541e+09
2.83000000000000e+00	1.41626548174774e+09
2.84000000000000e+00	1.56214219323384e+09
2.85000000000000e+00	1.69903761211574e+09
2.86000000000000e+00	1.82109008187031e+09
2.87000000000000e+00	1.92285600375520e+09
2.88000000000000e+00	1.99987202916097e+09
2.89000000000000e+00	2.04894368712978e+09
2.90000000000000e+00	2.06850177017282e+09
2.91000000000000e+00	2.05869738268109e+09
2.92000000000000e+00	2.02129830466242e+09
2.93000000000000e+00	1.95969330344450e+09
2.94000000000000e+00	1.87867491192584e+09
2.95000000000000e+00	1.78402483995419e+09
2.96000000000000e+00	1.68211928672073e+09
2.97000000000000e+00	1.57904372875360e+09
2.98000000000000e+00	1.48025126298566e+09
2.99000000000000e+00	1.38975203967794e+09
3.00000000000000e+00	1.31004551196336e+09
3.01000000000000e+00	1.24202970913418e+09
3.02000000000000e+00	1.18530715462971e+09
3.03000000000000e+00	1.13852319192486e+09
3.04000000000000e+00	1.09978395236500e+09
3.05000000000000e+00	1.06700005292574e+09
3.06000000000000e+00	1.03818698792534e+09
3.07000000000000e+00	1.01173964386473e+09
3.08000000000000e+00	9.86492209881765e+08
3.09000000000000e+00	9.61770598862985e+08
3.10000000000000e+00	9.37304258575039e+08
3.11000000000000e+00	9.13148663754565e+08
3.12000000000000e+00	8.89445783642567e+08
3.13000000000000e+00	8.66327253370380e+08
3.14000000000000e+00	8.43769087865951e+08
3.15000000000000e+00	8.21462081264083e+08
3.16000000000000e+00	7.98932297552760e+08
3.17000000000000e+00	7.75521015568940e+08
3.18000000000000e+00	7.50549038532116e+08
3.19000000000000e+00	7.23480479619758e+08
3.20000000000000e+00	6.93966134412781e+08
3.21000000000000e+00	6.61909482676565e+08
3.22000000000000e+00	6.27398518165623e+08
3.23000000000000e+00	5.90660400885462e+08
3.24000000000000e+00	5.51998533494033e+08
3.25000000000000e+00	5.11809595809779e+08
3.26000000000000e+00	4.70586477907268e+08
3.27000000000000e+00	4.28916280267795e+08
3.28000000000000e+00	3.87495618145446e+08
3.29000000000000e+00	3.47048540434572e+08
3.30000000000000e+00	3.08307733431462e+08
3.31000000000000e+00	2.71911038149951e+08
3.32000000000000e+00	2.38377870371849e+08
3.33000000000000e+00	2.08068843167749e+08
3.34000000000000e+00	1.81162875998353e+08
3.35000000000000e+00	1.57685542368044e+08
3.36000000000000e+00	1.37524454607758e+08
3.37000000000000e+00	1.20468340848291e+08
3.38000000000000e+00	1.06231097629727e+08
3.39000000000000e+00	9.44794304632043e+07
3.40000000000000e+00	8.48477897610466e+07
3.41000000000000e+00	7.69517553432174e+07
3.42000000000000e+00	7.04097612721331e+07
3.43000000000000e+00	6.48622609735026e+07
3.44000000000000e+00	5.99923266382422e+07
3.45000000000000e+00	5.55439604378316e+07
3.46000000000000e+00	5.13379132710469e+07
3.47000000000000e+00	4.72793680707536e+07
3.48000000000000e+00	4.33601219195218e+07
3.49000000000000e+00	3.96546633026800e+07
3.50000000000000e+00	3.63135055673976e+07
3.51000000000000e+00	3.35535077514965e+07
3.52000000000000e+00	3.16484622664991e+07
3.53000000000000e+00	3.09172828666099e+07
3.54000000000000e+00	3.17161935039357e+07
3.55000000000000e+00	3.44294657591128e+07
3.56000000000000e+00	3.94613234697061e+07
3.57000000000000e+00	4.72339209933398e+07
3.58000000000000e+00	5.81864581699484e+07
3.59000000000000e+00	7.27791639296794e+07
3.60000000000000e+00	9.15055379710775e+07
3.61000000000000e+00	1.14899373864884e+08
3.62000000000000e+00	1.43540411597380e+08
3.63000000000000e+00	1.78055159180658e+08
3.64000000000000e+00	2.19101744870138e+08
3.65000000000000e+00	2.67344421816683e+08
3.66000000000000e+00	3.23411755435578e+08
3.67000000000000e+00	3.87836866700657e+08
3.68000000000000e+00	4.60971867403224e+08
3.69000000000000e+00	5.42880559578233e+08
3.70000000000000e+00	6.33199095102947e+08
3.71000000000000e+00	7.30971570058215e+08
3.72000000000000e+00	8.34540353503640e+08
3.73000000000000e+00	9.41450700476946e+08
3.74000000000000e+00	1.04853861026558e+09
3.75000000000000e+00	1.15206293549077e+09
3.76000000000000e+00	1.24799657647089e+09
3.77000000000000e+00	1.33230049269704e+09
3.78000000000000e+00	1.40129506231335e+09
3.79000000000000e+00	1.45184193311220e+09
3.80000000000000e+00	1.48162529149250e+09
3.81000000000000e+00	1.48923462273292e+09
3.82000000000000e+00	1.47426160492439e+09
3.83000000000000e+00	1.43721492519008e+09
3.84000000000000e+00	1.37936264266441e+09
3.85000000000000e+00	1.30257333687752e+09
3.86000000000000e+00	1.20912983815351e+09
3.87000000000000e+00	1.10155945002868e+09
3.88000000000000e+00	9.82675912057127e+08
3.89000000000000e+00	8.55675739951852e+08
3.90000000000000e+00	7.24243237711754e+08
3.91000000000000e+00	5.92736778968202e+08
3.92000000000000e+00	4.66281182229168e+08
3.93000000000000e+00	3.50718730505098e+08
3.94000000000000e+00	2.52343152616254e+08
3.95000000000000e+00	1.77481811347724e+08
3.96000000000000e+00	1.31954592984346e+08
3.97000000000000e+00	1.20525264664591e+08
3.98000000000000e+00	1.46517971785312e+08
3.99000000000000e+00	2.11647059486752e+08
4.00000000000000e+00	3.16041002204042e+08
4.01000000000000e+00	4.58363296794194e+08
4.02000000000000e+00	6.35875065860520e+08
4.03000000000000e+00	8.44388726725231e+08
4.04000000000000e+00	1.07814458997305e+09
4.05000000000000e+00	1.32976713739628e+09
4.06000000000000e+00	1.59045030875532e+09
4.07000000000000e+00	1.85049439371448e+09
4.08000000000000e+00	2.10002841366357e+09
4.09000000000000e+00	2.32999418997692e+09
4.10000000000000e+00	2.53289948371342e+09
4.11000000000000e+00	2.70344276239857e+09
4.12000000000000e+00	2.83874788229897e+09
4.13000000000000e+00	2.93837061659600e+09
4.14000000000000e+00	3.00409606895532e+09
4.15000000000000e+00	3.03944704850791e+09
4.16000000000000e+00	3.04931982720964e+09
4.17000000000000e+00	3.03934364723800e+09
4.18000000000000e+00	3.01543445965325e+09
4.19000000000000e+00	2.98324935977269e+09
4.20000000000000e+00	2.94773148608746e+09
4.21000000000000e+00	2.91284130999585e+09
4.22000000000000e+00	2.88137267034125e+09
4.23000000000000e+00	2.85489466883436e+09
4.24000000000000e+00	2.83388400150122e+09
4.25000000000000e+00	2.81794752926618e+09
4.26000000000000e+00	2.80609731229413e+09
4.27000000000000e+00	2.79715715262296e+09
4.28000000000000e+00	2.79009477622490e+09
4.29000000000000e+00	2.78422307549056e+09
4.30000000000000e+00	2.77925775125739e+09
4.31000000000000e+00	2.77529939102652e+09
4.32000000000000e+00	2.77264823407237e+09
4.33000000000000e+00	2.77166218446681e+09
4.34000000000000e+00	2.77275538024037e+09
4.35000000000000e+00	2.77608186189318e+09
4.36000000000000e+00	2.78194395464777e+09
4.37000000000000e+00	2.79041866243902e+09
4.38000000000000e+00	2.80171670621462e+09
4.39000000000000e+00	2.81590517364256e+09
4.40000000000000e+00	2.83298069492841e+09
4.41000000000000e+00	2.85266232194606e+09
4.42000000000000e+00	2.87434470958399e+09
4.43000000000000e+00	2.89706010059404e+09
4.44000000000000e+00	2.91943397453933e+09
4.45000000000000e+00	2.93981085022106e+09
4.46000000000000e+00	2.95624630935970e+09
4.47000000000000e+00	2.96671214044128e+09
4.48000000000000e+00	2.96903034584447e+09
4.49000000000000e+00	2.96125001585340e+09
4.50000000000000e+00	2.94149826254827e+09
4.51000000000000e+00	2.90833129809423e+09
4.52000000000000e+00	2.86081497352298e+09
4.53000000000000e+00	2.79879604144408e+09
4.54000000000000e+00	2.72261812648649e+09
4.55000000000000e+00	2.63353565372917e+09
4.56000000000000e+00	2.53327832359129e+09
4.57000000000000e+00	2.42396404154664e+09
4.58000000000000e+00	2.30800425408348e+09
4.59000000000000e+00	2.18778978814640e+09
4.60000000000000e+00	2.06543880603206e+09
4.61000000000000e+00	1.94278385791036e+09
4.62000000000000e+00	1.82121397206941e+09
4.63000000000000e+00	1.70169759968612e+09
4.64000000000000e+00	1.58484822186818e+09
4.65000000000000e+00	1.47102850013140e+09
4.66000000000000e+00	1.36048018171761e+09
4.67000000000000e+00	1.25339342533950e+09
4.68000000000000e+00	1.14997303953150e+09
4.69000000000000e+00	1.05042706341340e+09
4.70000000000000e+00	9.54985116759604e+08
4.71000000000000e+00	8.63842812932980e+08
4.72000000000000e+00	7.77191767547181e+08
4.73000000000000e+00	6.95215561473755e+08
4.74000000000000e+00	6.18136414773182e+08
4.75000000000000e+00	5.46184316922094e+08
4.76000000000000e+00	4.79607022950819e+08
4.77000000000000e+00	4.18608625503100e+08
4.78000000000000e+00	3.63308856813725e+08
4.79000000000000e+00	3.13723547082854e+08
4.80000000000000e+00	2.69719430190607e+08
4.81000000000000e+00	2.31038135009119e+08
4.82000000000000e+00	1.97311466573588e+08
4.83000000000000e+00	1.68078692672181e+08
4.84000000000000e+00	1.42832381219460e+08
4.85000000000000e+00	1.21038512898163e+08
4.86000000000000e+00	1.02170783273939e+08
4.87000000000000e+00	8.57300979563499e+07
4.88000000000000e+00	7.12699436929815e+07
4.89000000000000e+00	5.84231069231196e+07
4.90000000000000e+00	4.69218616235348e+07
4.91000000000000e+00	3.66200456786523e+07
4.92000000000000e+00	2.75045185582052e+07
4.93000000000000e+00	1.96985409804703e+07
4.94000000000000e+00	1.34551282571464e+07
4.95000000000000e+00	9.13861033480746e+06
4.96000000000000e+00	7.19372237639280e+06
4.97000000000000e+00	8.10530829558506e+06
4.98000000000000e+00	1.23457162478230e+07
4.99000000000000e+00	2.03148440231420e+07
5.00000000000000e+00	3.22739655203411e+07
5.01000000000000e+00	4.82801924308502e+07
5.02000000000000e+00	6.81356423794787e+07
5.03000000000000e+00	9.13574883203235e+07
5.04000000000000e+00	1.17184311837262e+08
5.05000000000000e+00	1.44617838742270e+08
5.06000000000000e+00	1.72503033332670e+08
5.07000000000000e+00	1.99621354986859e+08
5.08000000000000e+00	2.24797600948747e+08
5.09000000000000e+00	2.47002263632290e+08
5.10000000000000e+00	2.65420581066305e+08
5.11000000000000e+00	2.79520297959896e+08
5.12000000000000e+00	2.89067853539530e+08
5.13000000000000e+00	2.94120701801866e+08
5.14000000000000e+00	2.94996530507639e+08
5.15000000000000e+00	2.92205604737368e+08
5.16000000000000e+00	2.86385273447443e+08
5.17000000000000e+00	2.78245926679227e+08
5.18000000000000e+00	2.68487475394408e+08
5.19000000000000e+00	2.57777974595282e+08
5.20000000000000e+00	2.46692449758096e+08
5.21000000000000e+00	2.35694624835827e+08
5.22000000000000e+00	2.25115214795974e+08
5.23000000000000e+00	2.15151023476032e+08
5.24000000000000e+00	2.05858179147143e+08
5.25000000000000e+00	1.97171134181457e+08
5.26000000000000e+00	1.88948772618781e+08
5.27000000000000e+00	1.80996682865740e+08
5.28000000000000e+00	1.73125251597212e+08
5.29000000000000e+00	1.65172394136208e+08
5.30000000000000e+00	1.57041135153121e+08
5.31000000000000e+00	1.48698840955111e+08
5.32000000000000e+00	1.40177351607602e+08
5.33000000000000e+00	1.31561669302888e+08
5.34000000000000e+00	1.22961226409326e+08
5.35000000000000e+00	1.14498143448405e+08
5.36000000000000e+00	1.06289986300181e+08
5.37000000000000e+00	9.84408865876553e+07
5.38000000000000e+00	9.10342982603190e+07
5.39000000000000e+00	8.41349477976047e+07
5.40000000000000e+00	7.77914484785670e+07
5.41000000000000e+00	7.20365737063053e+07
5.42000000000000e+00	6.68967898099900e+07
5.43000000000000e+00	6.23906417700642e+07
5.44000000000000e+00	5.85327528001328e+07
5.45000000000000e+00	5.53316564409850e+07
5.46000000000000e+00	5.27897491686940e+07
5.47000000000000e+00	5.08962555278108e+07
5.48000000000000e+00	4.96266343853945e+07
5.49000000000000e+00	4.89402450481718e+07
5.50000000000000e+00	4.87775935018516e+07
5.51000000000000e+00	4.90651436171849e+07
5.52000000000000e+00	4.97168992532721e+07
5.53000000000000e+00	5.06406882971084e+07
5.54000000000000e+00	5.17408804083831e+07
5.55000000000000e+00	5.29222903396899e+07
5.56000000000000e+00	5.40928215473536e+07
5.57000000000000e+00	5.51643443954962e+07
5.58000000000000e+00	5.60515204145124e+07
5.59000000000000e+00	5.66744177602470e+07
5.60000000000000e+00	5.69561254569899e+07
5.61000000000000e+00	5.68282393919175e+07
5.62000000000000e+00	5.62272440739492e+07
5.63000000000000e+00	5.51037093553208e+07
5.64000000000000e+00	5.34211003410817e+07
5.65000000000000e+00	5.11645183558609e+07
5.66000000000000e+00	4.83426823453896e+07
5.67000000000000e+00	4.49959205487087e+07
5.68000000000000e+00	4.11956340384976e+07
5.69000000000000e+00	3.70450387960784e+07
5.70000000000000e+00	3.26763218612392e+07
5.71000000000000e+00	2.82383400222884e+07
5.72000000000000e+00	2.38842409672642e+07
5.73000000000000e+00	1.97565675948675e+07
5.74000000000000e+00	1.59719228603635e+07
5.75000000000000e+00	1.26122072348085e+07
5.76000000000000e+00	9.72025574207149e+06
5.77000000000000e+00	7.30151885901395e+06
5.78000000000000e+00	5.33048500525379e+06
5.79000000000000e+00	3.76087890578546e+06
5.80000000000000e+00	2.53631754920321e+06
5.81000000000000e+00	1.60051833253940e+06
5.82000000000000e+00	9.05687920382302e+05
5.83000000000000e+00	4.17723393178063e+05
5.84000000000000e+00	1.18476269920316e+05
5.85000000000000e+00	4.85344163303683e+03
5.86000000000000e+00	8.49901986485941e+04
5.87000000000000e+00	3.72079760355212e+05
5.88000000000000e+00	8.76761685114551e+05
5.89000000000000e+00	1.59927622522426e+06
5.90000000000000e+00	2.52337219234930e+06
5.91000000000000e+00	3.61250574251191e+06
5.92000000000000e+00	4.81066929783270e+06
5.93000000000000e+00	6.04631981160465e+06
5.94000000000000e+00	7.24034371182679e+06
5.95000000000000e+00	8.31469166697198e+06
5.96000000000000e+00	9.20217758059931e+06
5.97000000000000e+00	9.85389702591526e+06
5.98000000000000e+00	1.02431270345287e+07
5.99000000000000e+00	1.03670258847555e+07
6.00000000000000e+00	1.02445154926088e+07
6.01000000000000e+00	9.91236160613612e+06
6.02000000000000e+00	9.42095393629706e+06
6.03000000000000e+00	8.82905381784934e+06
6.04000000000000e+00	8.19935337368691e+06
6.05000000000000e+00	7.59461893397723e+06
6.06000000000000e+00	7.07342838499037e+06
6.07000000000000e+00	6.68770756816829e+06
6.08000000000000e+00	6.47923801245392e+06
6.09000000000000e+00	6.47867342965432e+06
6.10000000000000e+00	6.70433139338685e+06
6.11000000000000e+00	7.16288423866067e+06
6.12000000000000e+00	7.85112356218291e+06
6.13000000000000e+00	8.75861859484977e+06
6.14000000000000e+00	9.87015057663909e+06
6.15000000000000e+00	1.11700519586034e+07
6.16000000000000e+00	1.26430214213832e+07
6.17000000000000e+00	1.42771153934222e+07
6.18000000000000e+00	1.60641123532172e+07
6.19000000000000e+00	1.79988849069789e+07
6.20000000000000e+00	2.00791212701271e+07
6.21000000000000e+00	2.23019486431403e+07
6.22000000000000e+00	2.46630461462485e+07
6.23000000000000e+00	2.71524440044173e+07
6.24000000000000e+00	2.97531317903056e+07
6.25000000000000e+00	3.24395614028649e+07
6.26000000000000e+00	3.51779591363985e+07
6.27000000000000e+00	3.79272339939924e+07
6.28000000000000e+00	4.06404242793802e+07
6.29000000000000e+00	4.32689961480281e+07
6.30000000000000e+00	4.57628952023785e+07
6.31000000000000e+00	4.80732755388978e+07
6.32000000000000e+00	5.01540283031383e+07
6.33000000000000e+00	5.19648381265303e+07
6.34000000000000e+00	5.34695499909409e+07
6.35000000000000e+00	5.46429226571300e+07
6.36000000000000e+00	5.54655177703984e+07
6.37000000000000e+00	5.59270289753743e+07
6.38000000000000e+00	5.60253421918319e+07
6.39000000000000e+00	5.57651982721261e+07
6.40000000000000e+00	5.51570731340929e+07
6.41000000000000e+00	5.42177123764407e+07
6.42000000000000e+00	5.29683637633253e+07
6.43000000000000e+00	5.14354585351693e+07
6.44000000000000e+00	4.96485158062815e+07
6.45000000000000e+00	4.76396852234655e+07
6.46000000000000e+00	4.54433212221248e+07
6.47000000000000e+00	4.30944917602242e+07
6.48000000000000e+00	4.06291794410790e+07
6.49000000000000e+00	3.80823215044556e+07
6.50000000000000e+00	3.54892793436112e+07
6.51000000000000e+00	3.28835316378604e+07
6.52000000000000e+00	3.02968760224490e+07
6.53000000000000e+00	2.77589650549844e+07
6.54000000000000e+00	2.52963544449926e+07
6.55000000000000e+00	2.29331100890661e+07
6.56000000000000e+00	2.06901527805987e+07
6.57000000000000e+00	1.85850500986972e+07
6.58000000000000e+00	1.66322181388834e+07
6.59000000000000e+00	1.48417789150695e+07
6.60000000000000e+00	1.32197330458063e+07
6.61000000000000e+00	1.17672807547223e+07
6.62000000000000e+00	1.04814809798029e+07
6.63000000000000e+00	9.35515646956953e+06
6.64000000000000e+00	8.37773687531939e+06
6.65000000000000e+00	7.53653096777270e+06
6.66000000000000e+00	6.81806765357758e+06
6.67000000000000e+00	6.20906474093156e+06
6.68000000000000e+00	5.69780196213195e+06
6.69000000000000e+00	5.27515494816897e+06
6.70000000000000e+00	4.93456974556256e+06
6.71000000000000e+00	4.67266332020061e+06
6.72000000000000e+00	4.48857460851080e+06
6.73000000000000e+00	4.38351495192126e+06
6.74000000000000e+00	4.36008871967138e+06
6.75000000000000e+00	4.42119599200733e+06
6.76000000000000e+00	4.56969327108484e+06
6.77000000000000e+00	4.80725923882094e+06
6.78000000000000e+00	5.13363226257845e+06
6.79000000000000e+00	5.54599918087495e+06
6.80000000000000e+00	6.03802282548696e+06
6.81000000000000e+00	6.59919157400510e+06
6.82000000000000e+00	7.21432922829014e+06
6.83000000000000e+00	7.86364567532035e+06
6.84000000000000e+00	8.52301308583275e+06
6.85000000000000e+00	9.16528611342893e+06
6.86000000000000e+00	9.76208977598492e+06
6.87000000000000e+00	1.02858168782399e+07
6.88000000000000e+00	1.07118110924428e+07
6.89000000000000e+00	1.10200383899077e+07
6.90000000000000e+00	1.11971286557267e+07
6.91000000000000e+00	1.12366435776374e+07
6.92000000000000e+00	1.11397230280157e+07
6.93000000000000e+00	1.09146691658379e+07
6.94000000000000e+00	1.05760045215307e+07
6.95000000000000e+00	1.01428869124847e+07
6.96000000000000e+00	9.63841516180806e+06
6.97000000000000e+00	9.08752234171600e+06
6.98000000000000e+00	8.51603914375549e+06
6.99000000000000e+00	7.94936538074820e+06
7.00000000000000e+00	7.41145315919049e+06
7.01000000000000e+00	6.92369885556194e+06
7.02000000000000e+00	6.50384355233896e+06
7.03000000000000e+00	6.16557634818841e+06
7.04000000000000e+00	5.91712623206830e+06
7.05000000000000e+00	5.76120369730033e+06
7.06000000000000e+00	5.69510595390017e+06
7.07000000000000e+00	5.71075276964928e+06
7.08000000000000e+00	5.79530072604353e+06
7.09000000000000e+00	5.93281654656594e+06
7.10000000000000e+00	6.10479793882271e+06
7.11000000000000e+00	6.29243190261833e+06
7.12000000000000e+00	6.47714585050834e+06
7.13000000000000e+00	6.64217305301227e+06
7.14000000000000e+00	6.77262990565890e+06
7.15000000000000e+00	6.85613845527196e+06
7.16000000000000e+00	6.88329979624557e+06
7.17000000000000e+00	6.84732086297103e+06
7.18000000000000e+00	6.74507843903965e+06
7.19000000000000e+00	6.57644393049004e+06
7.20000000000000e+00	6.34520970788933e+06
7.21000000000000e+00	6.05842796625543e+06
7.22000000000000e+00	5.72637123375561e+06
7.23000000000000e+00	5.36144947189254e+06
7.24000000000000e+00	4.97813423477637e+06
7.25000000000000e+00	4.59170065367647e+06
7.26000000000000e+00	4.21727587979209e+06
7.27000000000000e+00	3.86909518284911e+06
7.28000000000000e+00	3.55931067973230e+06
7.29000000000000e+00	3.29690716745060e+06
7.30000000000000e+00	3.08728088041493e+06
7.31000000000000e+00	2.93140028708923e+06
7.32000000000000e+00	2.82633919090955e+06
7.33000000000000e+00	2.76561603650152e+06
7.34000000000000e+00	2.74014641334409e+06
7.35000000000000e+00	2.73951847692862e+06
7.36000000000000e+00	2.75363928586998e+06
7.37000000000000e+00	2.77414112167204e+06
7.38000000000000e+00	2.79598318354849e+06
7.39000000000000e+00	2.81821208916444e+06
7.40000000000000e+00	2.84502741693710e+06
7.41000000000000e+00	2.88569825859170e+06
7.42000000000000e+00	2.95430953254610e+06
7.43000000000000e+00	3.06895767344963e+06
7.44000000000000e+00	3.25013285906204e+06
7.45000000000000e+00	3.51906721699111e+06
7.46000000000000e+00	3.89517769792909e+06
7.47000000000000e+00	4.39337562039440e+06
7.48000000000000e+00	5.02139729175877e+06
7.49000000000000e+00	5.77727872699671e+06
7.50000000000000e+00	6.64751338283976e+06
7.51000000000000e+00	7.60621051881929e+06
7.52000000000000e+00	8.61591722633896e+06
7.53000000000000e+00	9.63003219965647e+06
7.54000000000000e+00	1.05960368236431e+07
7.55000000000000e+00	1.14610204534385e+07
7.56000000000000e+00	1.21760879216950e+07
7.57000000000000e+00	1.27011819696576e+07
7.58000000000000e+00	1.30084027269544e+07
7.59000000000000e+00	1.30835712809471e+07
7.60000000000000e+00	1.29262948945877e+07
7.61000000000000e+00	1.25483734909948e+07
7.62000000000000e+00	1.19708868793153e+07
7.63000000000000e+00	1.12228187459509e+07
7.64000000000000e+00	1.03374360809662e+07
7.65000000000000e+00	9.35146377109805e+06
7.66000000000000e+00	8.30323439887329e+06
7.67000000000000e+00	7.23113890444115e+06
7.68000000000000e+00	6.17235730467859e+06
7.69000000000000e+00	5.16140125702895e+06
7.70000000000000e+00	4.22780704631407e+06
7.71000000000000e+00	3.39533965786270e+06
7.72000000000000e+00	2.68021875774417e+06
7.73000000000000e+00	2.09136799888799e+06
7.74000000000000e+00	1.63040043680311e+06
7.75000000000000e+00	1.29265330003750e+06
7.76000000000000e+00	1.06860327502501e+06
7.77000000000000e+00	9.45232051173165e+05
7.78000000000000e+00	9.07621698649730e+05
7.79000000000000e+00	9.40136101920502e+05
7.80000000000000e+00	1.02740444419364e+06
7.81000000000000e+00	1.15497620824597e+06
7.82000000000000e+00	1.31000342895921e+06
7.83000000000000e+00	1.48138551557233e+06
7.84000000000000e+00	1.65995634905535e+06
7.85000000000000e+00	1.83839081341279e+06
7.86000000000000e+00	2.01110715415808e+06
7.87000000000000e+00	2.17420442147172e+06
7.88000000000000e+00	2.32475265619107e+06
7.89000000000000e+00	2.46075200907214e+06
7.90000000000000e+00	2.58078226027658e+06
7.91000000000000e+00	2.68346454635188e+06
7.92000000000000e+00	2.76727517478260e+06
7.93000000000000e+00	2.83049490774126e+06
7.94000000000000e+00	2.87065681718338e+06
7.95000000000000e+00	2.88531262610535e+06
7.96000000000000e+00	2.87142927692530e+06
7.97000000000000e+00	2.82641839238535e+06
7.98000000000000e+00	2.74823942921785e+06
7.99000000000000e+00	2.63577590347377e+06
8.00000000000000e+00	2.48925284167598e+06
8.01000000000000e+00	2.31030766993296e+06
8.02000000000000e+00	2.10213118733977e+06
8.03000000000000e+00	1.86957598737991e+06
8.04000000000000e+00	1.61876203283523e+06
8.05000000000000e+00	1.35725839161102e+06
8.06000000000000e+00	1.09392864132525e+06
8.07000000000000e+00	8.38662368461684e+05
8.08000000000000e+00	6.02355898861322e+05
8.09000000000000e+00	3.96548753995209e+05
8.10000000000000e+00	2.32970623994253e+05
8.11000000000000e+00	1.22952637075133e+05
8.12000000000000e+00	7.66585879836181e+04
8.13000000000000e+00	1.02139804143769e+05
8.14000000000000e+00	2.04383054694959e+05
8.15000000000000e+00	3.84389548915937e+05
8.16000000000000e+00	6.38514316581926e+05
8.17000000000000e+00	9.58204167681197e+05
8.18000000000000e+00	1.33024568292525e+06
8.19000000000000e+00	1.73761734827835e+06
8.20000000000000e+00	2.16086819304311e+06
8.21000000000000e+00	2.57982216028808e+06
8.22000000000000e+00	2.97538255042817e+06
8.23000000000000e+00	3.33114634144019e+06
8.24000000000000e+00	3.63449596498223e+06
8.25000000000000e+00	3.87722596765217e+06
8.26000000000000e+00	4.05545127082636e+06
8.27000000000000e+00	4.16928569503155e+06
8.28000000000000e+00	4.22199587542853e+06
8.29000000000000e+00	4.21921018794216e+06
8.30000000000000e+00	4.16810929470972e+06
8.31000000000000e+00	4.07665438193639e+06
8.32000000000000e+00	3.95296612134316e+06
8.33000000000000e+00	3.80493199700929e+06
8.34000000000000e+00	3.63984659561203e+06
8.35000000000000e+00	3.46418574418381e+06
8.36000000000000e+00	3.28356380881196e+06
8.37000000000000e+00	3.10260763056135e+06
8.38000000000000e+00	2.92501429341461e+06
8.39000000000000e+00	2.75357261201524e+06
8.40000000000000e+00	2.59022026580624e+06
8.41000000000000e+00	2.43614346963499e+06
8.42000000000000e+00	2.29187934842641e+06
8.43000000000000e+00	2.15741748090682e+06
8.44000000000000e+00	2.03231358445120e+06
8.45000000000000e+00	1.91582332419696e+06
8.46000000000000e+00	1.80703883902459e+06
8.47000000000000e+00	1.70499096053136e+06
8.48000000000000e+00	1.60875796338128e+06
8.49000000000000e+00	1.51760276251764e+06
8.50000000000000e+00	1.43096783919250e+06
8.51000000000000e+00	1.34854252211748e+06
8.52000000000000e+00	1.27020558885221e+06
8.53000000000000e+00	1.19606244487626e+06
8.54000000000000e+00	1.12633228838313e+06
8.55000000000000e+00	1.06133100297575e+06
8.56000000000000e+00	1.00143109162548e+06
8.57000000000000e+00	9.47012451265178e+05
8.58000000000000e+00	8.98377932589740e+05
8.59000000000000e+00	8.55771897325476e+05
8.60000000000000e+00	8.19313055120046e+05
8.61000000000000e+00	7.88972659017919e+05
8.62000000000000e+00	7.64591211192967e+05
8.63000000000000e+00	7.45892767642861e+05
8.64000000000000e+00	7.32514813737311e+05
8.65000000000000e+00	7.24036163354180e+05
8.66000000000000e+00	7.20005123961620e+05
8.67000000000000e+00	7.19977054976691e+05
8.68000000000000e+00	7.23553269750873e+05
8.69000000000000e+00	7.30354511129476e+05
8.70000000000000e+00	7.40067159124640e+05
8.71000000000000e+00	7.52393723166349e+05
8.72000000000000e+00	7.67081760115536e+05
8.73000000000000e+00	7.83856752782945e+05
8.74000000000000e+00	8.02446775098913e+05
8.75000000000000e+00	8.22526119870251e+05
8.76000000000000e+00	8.43742785527567e+05
8.77000000000000e+00	8.65676392533674e+05
8.78000000000000e+00	8.87905077694134e+05
8.79000000000000e+00	9.09947719053812e+05
8.80000000000000e+00	9.31330077233850e+05
8.81000000000000e+00	9.51613591833711e+05
8.82000000000000e+00	9.70366258527511e+05
8.83000000000000e+00	9.87204332804630e+05
8.84000000000000e+00	1.00180155370655e+06
8.85000000000000e+00	1.01389786358040e+06
8.86000000000000e+00	1.02327224739163e+06
8.87000000000000e+00	1.02979887934338e+06
8.88000000000000e+00	1.03341104614382e+06
8.89000000000000e+00	1.03410439911405e+06
8.90000000000000e+00	1.03195291933754e+06
8.91000000000000e+00	1.02705640292880e+06
8.92000000000000e+00	1.01955803793415e+06
8.93000000000000e+00	1.00964754286733e+06
8.94000000000000e+00	9.97486679640993e+05
8.95000000000000e+00	9.83271469718999e+05
8.96000000000000e+00	9.67166745867630e+05
8.97000000000000e+00	9.49342005887507e+05
8.98000000000000e+00	9.29926530186916e+05
8.99000000000000e+00	9.09078143323837e+05
9.00000000000000e+00	8.86962301785854e+05
9.01000000000000e+00	8.63748542165659e+05
9.02000000000000e+00	8.39646340807632e+05
9.03000000000000e+00	8.14841486902310e+05
9.04000000000000e+00	7.89553417920506e+05
9.05000000000000e+00	7.63966731996941e+05
9.06000000000000e+00	7.38253422346517e+05
9.07000000000000e+00	7.12586820834149e+05
9.08000000000000e+00	6.87111834525155e+05
9.09000000000000e+00	6.61988215788577e+05
9.10000000000000e+00	6.37350335991842e+05
9.11000000000000e+00	6.13309568639881e+05
9.12000000000000e+00	5.89972999537447e+05
9.13000000000000e+00	5.67406803139934e+05
9.14000000000000e+00	5.45657419704061e+05
9.15000000000000e+00	5.24747381542465e+05
9.16000000000000e+00	5.04676548493915e+05
9.17000000000000e+00	4.85437448977008e+05
9.18000000000000e+00	4.67010140530346e+05
9.19000000000000e+00	4.49388802612485e+05
9.20000000000000e+00	4.32589281165594e+05
9.21000000000000e+00	4.16630481270939e+05
9.22000000000000e+00	4.01575300705942e+05
9.23000000000000e+00	3.87498662324079e+05
9.24000000000000e+00	3.74498326709509e+05
9.25000000000000e+00	3.62677488246484e+05
9.26000000000000e+00	3.52146045719561e+05
9.27000000000000e+00	3.42995957067340e+05
9.28000000000000e+00	3.35289557927442e+05
9.29000000000000e+00	3.29069607801719e+05
9.30000000000000e+00	3.24317778164391e+05
9.31000000000000e+00	3.20980761959205e+05
9.32000000000000e+00	3.18953229843907e+05
9.33000000000000e+00	3.18094653481927e+05
9.34000000000000e+00	3.18236195091455e+05
9.35000000000000e+00	3.19192408159446e+05
9.36000000000000e+00	3.20759854362926e+05
9.37000000000000e+00	3.22750087793543e+05
9.38000000000000e+00	3.24976497537256e+05
9.39000000000000e+00	3.27277474921432e+05
9.40000000000000e+00	3.29507724070802e+05
9.41000000000000e+00	3.31544890832350e+05
9.42000000000000e+00	3.33293434859406e+05
9.43000000000000e+00	3.34670953226535e+05
9.44000000000000e+00	3.35620505961967e+05
9.45000000000000e+00	3.36103961380115e+05
9.46000000000000e+00	3.36100832333630e+05
9.47000000000000e+00	3.35610793222187e+05
9.48000000000000e+00	3.34645976719722e+05
9.49000000000000e+00	3.33233236331696e+05
9.50000000000000e+00	3.31415340245092e+05
9.51000000000000e+00	3.29240819229302e+05
9.52000000000000e+00	3.26752606705863e+05
9.53000000000000e+00	3.23998856446783e+05
9.54000000000000e+00	3.21020486811156e+05
9.55000000000000e+00	3.17861432612965e+05
9.56000000000000e+00	3.14577155827152e+05
9.57000000000000e+00	3.11225285692266e+05
9.58000000000000e+00	3.07869364808934e+05
9.59000000000000e+00	3.04585558490650e+05
9.60000000000000e+00	3.01409890672300e+05
9.61000000000000e+00	2.98367972346118e+05
9.62000000000000e+00	2.95461389677957e+05
9.63000000000000e+00	2.92661643452981e+05
9.64000000000000e+00	2.89943823126452e+05
9.65000000000000e+00	2.87273321072077e+05
9.66000000000000e+00	2.84630707954433e+05
9.67000000000000e+00	2.82003190949357e+05
9.68000000000000e+00	2.79377279428230e+05
9.69000000000000e+00	2.76753779328459e+05
9.70000000000000e+00	2.74125142785573e+05
9.71000000000000e+00	2.71498473422754e+05
9.72000000000000e+00	2.68863659585567e+05
9.73000000000000e+00	2.66224807490240e+05
9.74000000000000e+00	2.63585103463552e+05
9.75000000000000e+00	2.60943266976958e+05
9.76000000000000e+00	2.58298985749784e+05
9.77000000000000e+00	2.55654181965829e+05
9.78000000000000e+00	2.53016695263229e+05
9.79000000000000e+00	2.50385755025541e+05
9.80000000000000e+00	2.47766173684945e+05
9.81000000000000e+00	2.45162447618928e+05
9.82000000000000e+00	2.42575441829909e+05
9.83000000000000e+00	2.40008490815715e+05
9.84000000000000e+00	2.37467226780120e+05
9.85000000000000e+00	2.34943692038654e+05
9.86000000000000e+00	2.32440763334460e+05
9.87000000000000e+00	2.29959069100849e+05
9.88000000000000e+00	2.27510626963645e+05
9.89000000000000e+00	2.25135027942202e+05
9.90000000000000e+00	2.22926536278160e+05
9.91000000000000e+00	2.21109890303555e+05
9.92000000000000e+00	2.20096529928821e+05
9.93000000000000e+00	2.20589910294814e+05
9.94000000000000e+00	2.23634919124924e+05
9.95000000000000e+00	2.30617007134557e+05
9.96000000000000e+00	2.43179594265917e+05
9.97000000000000e+00	2.63003540061316e+05
9.98000000000000e+00	2.91342521049242e+05
9.99000000000000e+00	3.28146011400415e+05
1.00000000000000e+01	3.70804643968139e+05
1.00100000000000e+01	4.12778249908538e+05
1.00200000000000e+01	4.41980631242901e+05
1.00300000000000e+01	4.43237614089962e+05
1.00400000000000e+01	4.07767781937524e+05
1.00500000000000e+01	3.42303351410048e+05
1.00600000000000e+01	2.65348297226351e+05
1.00700000000000e+01	1.94046529962211e+05
1.00800000000000e+01	1.36766495553690e+05
1.00900000000000e+01	9.44970939113019e+04
1.01000000000000e+01	6.47755006520240e+04
1.01100000000000e+01	4.44060745864492e+04
1.01200000000000e+01	3.06036181090683e+04
1.01300000000000e+01	2.12735032064378e+04
1.01400000000000e+01	1.49462929953881e+04
1.01500000000000e+01	1.06251369638427e+04
1.01600000000000e+01	7.64692883720325e+03
1.01700000000000e+01	5.57249009980680e+03
1.01800000000000e+01	4.11112308943429e+03
1.01900000000000e+01	3.06962825692737e+03
1.02000000000000e+01	2.31878697447752e+03
1.02100000000000e+01	1.77125610094022e+03
1.02200000000000e+01	1.36750899895921e+03
1.02300000000000e+01	1.06658873148780e+03
1.02400000000000e+01	8.39989744834275e+02
1.02500000000000e+01	6.67646249196566e+02
1.02600000000000e+01	5.35329783377608e+02
1.02700000000000e+01	4.32820570696101e+02
1.02800000000000e+01	3.52729634777893e+02
1.02900000000000e+01	2.89626495830654e+02
1.03000000000000e+01	2.39532670220852e+02
1.03100000000000e+01	1.99462376499366e+02
1.03200000000000e+01	1.67185330861857e+02
1.03300000000000e+01	1.41009602816068e+02
1.03400000000000e+01	1.19645415608577e+02
1.03500000000000e+01	1.02103063276614e+02
1.03600000000000e+01	8.76143931369194e+01
1.03700000000000e+01	7.55793215449457e+01
1.03800000000000e+01	6.55300360998263e+01
1.03900000000000e+01	5.70953240954883e+01
1.04000000000000e+01	4.99806727050080e+01
1.04100000000000e+01	4.39521352050031e+01
1.04200000000000e+01	3.88193820758900e+01
1.04300000000000e+01	3.44307179171223e+01
1.04400000000000e+01	3.06617639175874e+01
1.04500000000000e+01	2.74122329355972e+01
1.04600000000000e+01	2.45987203020156e+01
1.04700000000000e+01	2.21545950896852e+01
1.04800000000000e+01	2.00225139658015e+01
1.04900000000000e+01	1.81563714807650e+01
1.05000000000000e+01	1.65174392864503e+01
1.05100000000000e+01	1.50728697864012e+01
1.05200000000000e+01	1.37960228455595e+01
1.05300000000000e+01	1.26635361249175e+01
1.05400000000000e+01	1.16562517810322e+01
1.05500000000000e+01	1.07577702890520e+01
1.05600000000000e+01	9.95388338085108e+00
1.05700000000000e+01	9.23300352099420e+00
1.05800000000000e+01	8.58457898308347e+00
1.05900000000000e+01	7.99989820749698e+00
1.06000000000000e+01	7.47156189608412e+00
1.06100000000000e+01	6.99272861314761e+00
1.06200000000000e+01	6.55789915026434e+00
1.06300000000000e+01	6.16213993648256e+00
1.06400000000000e+01	5.80110344839560e+00
1.06500000000000e+01	5.47111982308652e+00
1.06600000000000e+01	5.16887069982846e+00
1.06700000000000e+01	4.89128915809242e+00
1.06800000000000e+01	4.63607379038160e+00
1.06900000000000e+01	4.40089686287005e+00
1.07000000000000e+01	4.18378074007396e+00
1.07100000000000e+01	3.98297907479290e+00
1.07200000000000e+01	3.79690961564253e+00
1.07300000000000e+01	3.62425259871941e+00
1.07400000000000e+01	3.46373477816587e+00
1.07500000000000e+01	3.31429640308219e+00
1.07600000000000e+01	3.17490506612230e+00
1.07700000000000e+01	3.04473042667819e+00
1.07800000000000e+01	2.92296054356550e+00
1.07900000000000e+01	2.80891552732598e+00
1.08000000000000e+01	2.70194288282994e+00
1.08100000000000e+01	2.60146487421887e+00
1.08200000000000e+01	2.50694430676928e+00
1.08300000000000e+01	2.41794020795911e+00
1.08400000000000e+01	2.33398830774070e+00
1.08500000000000e+01	2.25474934957439e+00
1.08600000000000e+01	2.17984130351786e+00
1.08700000000000e+01	2.10890986420250e+00
1.08800000000000e+01	2.04172223127139e+00
1.08900000000000e+01	1.97796268198970e+00
1.09000000000000e+01	1.91740268851129e+00
1.09100000000000e+01	1.85981060541107e+00
1.09200000000000e+01	1.80499207487711e+00
1.09300000000000e+01	1.75275869895353e+00
1.09400000000000e+01	1.70291866765333e+00
1.09500000000000e+01	1.65533585477331e+00
1.09600000000000e+01	1.60984019553945e+00
1.09700000000000e+01	1.56634255234092e+00
1.09800000000000e+01	1.52467915998396e+00
1.09900000000000e+01	1.48475330932433e+00
1.10000000000000e+01	1.44648760444861e+00
1.10100000000000e+01	1.40976070057842e+00
1.10200000000000e+01	1.37450647908692e+00
1.10300000000000e+01	1.34065878139451e+00
1.10400000000000e+01	1.30814228952222e+00
1.10500000000000e+01	1.27689491930573e+00
1.10600000000000e+01	1.24686895912931e+00
1.10700000000000e+01	1.21799043694641e+00
1.10800000000000e+01	1.19023376654943e+00
1.10900000000000e+01	1.16353072753192e+00
1.11000000000000e+01	1.13782968733494e+00
1.11100000000000e+01	1.11308222471199e+00
1.11200000000000e+01	1.08924212398160e+00
1.11300000000000e+01	1.06627256654925e+00
1.11400000000000e+01	1.04410903962757e+00
1.11500000000000e+01	1.02270389716020e+00
1.11600000000000e+01	1.00202981313418e+00
1.11700000000000e+01	9.82031180725914e-01
1.11800000000000e+01	9.62675862888292e-01
1.11900000000000e+01	9.43923363121282e-01
1.12000000000000e+01	9.25743639660953e-01
1.12100000000000e+01	9.08101611177582e-01
1.12200000000000e+01	8.90976623013971e-01
1.12300000000000e+01	8.74331625951402e-01
1.12400000000000e+01	8.58148602091236e-01
1.12500000000000e+01	8.42412400782783e-01
1.12600000000000e+01	8.27098823619050e-01
1.12700000000000e+01	8.12190901972434e-01
1.12800000000000e+01	7.97676295809728e-01
1.12900000000000e+01	7.83529409627113e-01
1.13000000000000e+01	7.69752374239028e-01
1.13100000000000e+01	7.56313910491144e-01
1.13200000000000e+01	7.43214229588111e-01
1.13300000000000e+01	7.30435084855273e-01
1.13400000000000e+01	7.17959870513009e-01
1.13500000000000e+01	7.05784927757039e-01
1.13600000000000e+01	6.93893822658998e-01
1.13700000000000e+01	6.82275720668060e-01
1.13800000000000e+01	6.70922018880273e-01
1.13900000000000e+01	6.59825743384701e-01
1.14000000000000e+01	6.48977295876312e-01
1.14100000000000e+01	6.38368017916960e-01
1.14200000000000e+01	6.27991116888476e-01
1.14300000000000e+01	6.17838805579264e-01
1.14400000000000e+01	6.07909998197935e-01
1.14500000000000e+01	5.98193715522792e-01
1.14600000000000e+01	5.88687287246338e-01
1.14700000000000e+01	5.79379736774914e-01
1.14800000000000e+01	5.70268858166580e-01
1.14900000000000e+01	5.61346251603289e-01
1.15000000000000e+01	5.52608117424062e-01
1.15100000000000e+01	5.44059816233166e-01
1.15200000000000e+01	5.35669285575273e-01
1.15300000000000e+01	5.27458526773429e-01
1.15400000000000e+01	5.19421447246714e-01
1.15500000000000e+01	5.11551042704346e-01
1.15600000000000e+01	5.03842052770788e-01
1.15700000000000e+01	4.96305351143435e-01
1.15800000000000e+01	4.88938860107274e-01
1.15900000000000e+01	4.81733135401862e-01
1.16000000000000e+01	4.74696125916000e-01
1.16100000000000e+01	4.67815778746604e-01
1.16200000000000e+01	4.61099209382166e-01
1.16300000000000e+01	4.54539299076606e-01
1.16400000000000e+01	4.48127776292389e-01
1.16500000000000e+01	4.41852290717124e-01
1.16600000000000e+01	4.35710918414963e-01
1.16700000000000e+01	4.29692715001489e-01
1.16800000000000e+01	4.23789980902413e-01
1.16900000000000e+01	4.17991548057746e-01
1.17000000000000e+01	4.12288869013875e-01
1.17100000000000e+01	4.06675206492551e-01
1.17200000000000e+01	4.01133405262845e-01
1.17300000000000e+01	3.95673878622953e-01
1.17400000000000e+01	3.90285316222771e-01
1.17500000000000e+01	3.84968640436324e-01
1.17600000000000e+01	3.79720463149645e-01
1.17700000000000e+01	3.74541290906660e-01
1.17800000000000e+01	3.69437962007928e-01
1.17900000000000e+01	3.64410223924170e-01
1.18000000000000e+01	3.59469890495728e-01
1.18100000000000e+01	3.54612030534075e-01
1.18200000000000e+01	3.49841396894364e-01
1.18300000000000e+01	3.45159879709083e-01
1.18400000000000e+01	3.40573366783769e-01
1.18500000000000e+01	3.36077301893973e-01
1.18600000000000e+01	3.31669923058097e-01
1.18700000000000e+01	3.27355570715713e-01
1.18800000000000e+01	3.23124755300396e-01
1.18900000000000e+01	3.18979969421484e-01
1.19000000000000e+01	3.14912595114882e-01
1.19100000000000e+01	3.10916485928828e-01
1.19200000000000e+01	3.06994383634539e-01
1.19300000000000e+01	3.03142030626429e-01
1.19400000000000e+01	2.99348448088482e-01
1.19500000000000e+01	2.95610395437641e-01
1.19600000000000e+01	2.91935802945845e-01
1.19700000000000e+01	2.88304264370040e-01
1.19800000000000e+01	2.84729529950793e-01
1.19900000000000e+01	2.81197916042334e-01
1.20000000000000e+01	2.77712345019722e-01
1.20100000000000e+01	2.74268447576708e-01
1.20200000000000e+01	2.70869204098630e-01
1.20300000000000e+01	2.67515594219459e-01
1.20400000000000e+01	2.64208158683572e-01
1.20500000000000e+01	2.60941711036163e-01
1.20600000000000e+01	2.57729494073487e-01
1.20700000000000e+01	2.54561984180961e-01
1.20800000000000e+01	2.51446586495586e-01
1.20900000000000e+01	2.48379607116979e-01
1.21000000000000e+01	2.45371602311957e-01
1.21100000000000e+01	2.42415436292347e-01
1.21200000000000e+01	2.39518012029625e-01
1.21300000000000e+01	2.36670666583122e-01
1.21400000000000e+01	2.33878232407042e-01
1.21500000000000e+01	2.31141665129154e-01
1.21600000000000e+01	2.28449564068644e-01
1.21700000000000e+01	2.25804382047124e-01
1.21800000000000e+01	2.23201731118301e-01
1.21900000000000e+01	2.20643537616985e-01
1.22000000000000e+01	2.18117831151375e-01
1.22100000000000e+01	2.15625521990366e-01
1.22200000000000e+01	2.13166286089566e-01
1.22300000000000e+01	2.10734021854722e-01
1.22400000000000e+01	2.08322233176014e-01
1.22500000000000e+01	2.05935520924614e-01
1.22600000000000e+01	2.03569558521363e-01
1.22700000000000e+01	2.01220957195350e-01
1.22800000000000e+01	1.98891459184339e-01
1.22900000000000e+01	1.96574319425456e-01
1.23000000000000e+01	1.94273505159448e-01
1.23100000000000e+01	1.91986756635564e-01
1.23200000000000e+01	1.89712510721412e-01
1.23300000000000e+01	1.87454045082582e-01
1.23400000000000e+01	1.85209530299639e-01
1.23500000000000e+01	1.82979853997986e-01
1.23600000000000e+01	1.80765665361469e-01
1.23700000000000e+01	1.78572533638490e-01
1.23800000000000e+01	1.76397441028963e-01
1.23900000000000e+01	1.74248716706989e-01
1.24000000000000e+01	1.72121891875956e-01
1.24100000000000e+01	1.70021988111377e-01
1.24200000000000e+01	1.67948535943941e-01
1.24300000000000e+01	1.65906027021001e-01
1.24400000000000e+01	1.63897040765662e-01
1.24500000000000e+01	1.61916980624235e-01
1.24600000000000e+01	1.59966681095601e-01
1.24700000000000e+01	1.58049330538812e-01
1.24800000000000e+01	1.56161719635590e-01
1.24900000000000e+01	1.54304998801491e-01
1.25000000000000e+01	1.52478309816578e-01
1.25100000000000e+01	1.50682471381800e-01
1.25200000000000e+01	1.48917288761348e-01
1.25300000000000e+01	1.47177290443177e-01
1.25400000000000e+01	1.45471672399738e-01
1.25500000000000e+01	1.43792623776420e-01
1.25600000000000e+01	1.42142043554730e-01
1.25700000000000e+01	1.40522933848622e-01
1.25800000000000e+01	1.38928830281014e-01
1.25900000000000e+01	1.37365154022983e-01
1.26000000000000e+01	1.35827097571230e-01
1.26100000000000e+01	1.34314871204638e-01
1.26200000000000e+01	1.32826630604304e-01
1.26300000000000e+01	1.31362901755490e-01
1.26400000000000e+01	1.29922164022439e-01
1.26500000000000e+01	1.28502262743206e-01
1.26600000000000e+01	1.27105045254062e-01
1.26700000000000e+01	1.25728986722656e-01
1.26800000000000e+01	1.24372713731135e-01
1.26900000000000e+01	1.23039745729827e-01
1.27000000000000e+01	1.21726321215162e-01
1.27100000000000e+01	1.20432745357238e-01
1.27200000000000e+01	1.19162965228548e-01
1.27300000000000e+01	1.17912290966789e-01
1.27400000000000e+01	1.16683793320315e-01
1.27500000000000e+01	1.15476566180178e-01
1.27600000000000e+01	1.14290416711393e-01
1.27700000000000e+01	1.13122794767794e-01
1.27800000000000e+01	1.11977041049803e-01
1.27900000000000e+01	1.10848202964213e-01
1.28000000000000e+01	1.09737590607241e-01
1.28100000000000e+01	1.08644146886201e-01
1.28200000000000e+01	1.07567671330247e-01
1.28300000000000e+01	1.06504599351836e-01
1.28400000000000e+01	1.05458894916464e-01
1.28500000000000e+01	1.04426435439665e-01
1.28600000000000e+01	1.03409417186271e-01
1.28700000000000e+01	1.02404973941611e-01
1.28800000000000e+01	1.01413582748298e-01
1.28900000000000e+01	1.00435573374502e-01
1.29000000000000e+01	9.94701816848989e-02
1.29100000000000e+01	9.85173374015080e-02
1.29200000000000e+01	9.75763287639622e-02
1.29300000000000e+01	9.66473876448844e-02
1.29400000000000e+01	9.57290642914490e-02
1.29500000000000e+01	9.48221577499243e-02
1.29600000000000e+01	9.39252137484914e-02
1.29700000000000e+01	9.30391153466607e-02
1.29800000000000e+01	9.21624583172861e-02
1.29900000000000e+01	9.12960876752444e-02
1.30000000000000e+01	9.04389766687580e-02
1.30100000000000e+01	8.95918529846778e-02
1.30200000000000e+01	8.87539630216320e-02
1.30300000000000e+01	8.79257334630938e-02
1.30400000000000e+01	8.71060080428607e-02
1.30500000000000e+01	8.62951727160647e-02
1.30600000000000e+01	8.54934379263197e-02
1.30700000000000e+01	8.46975781538626e-02
1.30800000000000e+01	8.39095564935304e-02
1.30900000000000e+01	8.31261776528087e-02
1.31000000000000e+01	8.23490958194632e-02
1.31100000000000e+01	8.15771353204840e-02
1.31200000000000e+01	8.08086715409354e-02
1.31300000000000e+01	8.00444556815749e-02
1.31400000000000e+01	7.92839277834586e-02
1.31500000000000e+01	7.85288346098500e-02
1.31600000000000e+01	7.77770000034485e-02
1.31700000000000e+01	7.70312398089747e-02
1.31800000000000e+01	7.62905230755189e-02
1.31900000000000e+01	7.55562296865486e-02
1.32000000000000e+01	7.48279131788128e-02
1.32100000000000e+01	7.41073518752217e-02
1.32200000000000e+01	7.33923001812083e-02
1.32300000000000e+01	7.26851812889394e-02
1.32400000000000e+01	7.19849400508109e-02
1.32500000000000e+01	7.12918883490534e-02
1.32600000000000e+01	7.06034463361611e-02
1.32700000000000e+01	6.99223708054310e-02
1.32800000000000e+01	6.92467529969595e-02
1.32900000000000e+01	6.85766840693655e-02
1.33000000000000e+01	6.79134811575513e-02
1.33100000000000e+01	6.72557173874668e-02
1.33200000000000e+01	6.66040561103808e-02
1.33300000000000e+01	6.59584320052191e-02
1.33400000000000e+01	6.53208633669173e-02
1.33500000000000e+01	6.46903505643977e-02
1.33600000000000e+01	6.40669746794027e-02
1.33700000000000e+01	6.34510373752936e-02
1.33800000000000e+01	6.28441080112944e-02
1.33900000000000e+01	6.22450790388154e-02
1.34000000000000e+01	6.16544411440606e-02
1.34100000000000e+01	6.10703833671164e-02
1.34200000000000e+01	6.04947436130147e-02
1.34300000000000e+01	5.99269455338080e-02
1.34400000000000e+01	5.93658219278233e-02
1.34500000000000e+01	5.88111749320314e-02
1.34600000000000e+01	5.82623304558901e-02
1.34700000000000e+01	5.77198803437956e-02
1.34800000000000e+01	5.71831336563358e-02
1.34900000000000e+01	5.66510993532681e-02
1.35000000000000e+01	5.61249591214690e-02
1.35100000000000e+01	5.56037960075919e-02
1.35200000000000e+01	5.50859539498548e-02
1.35300000000000e+01	5.45729090995410e-02
1.35400000000000e+01	5.40644528151179e-02
1.35500000000000e+01	5.35590104941232e-02
1.35600000000000e+01	5.30569370736166e-02
1.35700000000000e+01	5.25584971120222e-02
1.35800000000000e+01	5.20632034822077e-02
1.35900000000000e+01	5.15702074385418e-02
1.36000000000000e+01	5.10811738249739e-02
1.36100000000000e+01	5.05947888549190e-02
1.36200000000000e+01	5.01121820466765e-02
1.36300000000000e+01	4.96323665168180e-02
1.36400000000000e+01	4.91567896931833e-02
1.36500000000000e+01	4.86848684476643e-02
1.36600000000000e+01	4.82173302436037e-02
1.36700000000000e+01	4.77538769181101e-02
1.36800000000000e+01	4.72951736580743e-02
1.36900000000000e+01	4.68420283985728e-02
1.37000000000000e+01	4.63947393917361e-02
1.37100000000000e+01	4.59530946543643e-02
1.37200000000000e+01	4.55171214575953e-02
1.37300000000000e+01	4.50884286105371e-02
1.37400000000000e+01	4.46658748134330e-02
1.37500000000000e+01	4.42508469581163e-02
1.37600000000000e+01	4.38428884030712e-02
1.37700000000000e+01	4.34413225104392e-02
1.37800000000000e+01	4.30460389525949e-02
1.37900000000000e+01	4.26573184079031e-02
1.38000000000000e+01	4.22752477273339e-02
1.38100000000000e+01	4.18982289750776e-02
1.38200000000000e+01	4.15261040779147e-02
1.38300000000000e+01	4.11590404016997e-02
1.38400000000000e+01	4.07967752397238e-02
1.38500000000000e+01	4.04383212743116e-02
1.38600000000000e+01	4.00831237745693e-02
1.38700000000000e+01	3.97323004617064e-02
1.38800000000000e+01	3.93840338798150e-02
1.38900000000000e+01	3.90395832490006e-02
1.39000000000000e+01	3.86975152482891e-02
1.39100000000000e+01	3.83580832080687e-02
1.39200000000000e+01	3.80214922694713e-02
1.39300000000000e+01	3.76877196857626e-02
1.39400000000000e+01	3.73561374992967e-02
1.39500000000000e+01	3.70274951542625e-02
1.39600000000000e+01	3.67006970128805e-02
1.39700000000000e+01	3.63766686263735e-02
1.39800000000000e+01	3.60548780032582e-02
1.39900000000000e+01	3.57363991487299e-02
1.40000000000000e+01	3.54197459739747e-02
1.40100000000000e+01	3.51065216667747e-02
1.40200000000000e+01	3.47950918248894e-02
1.40300000000000e+01	3.44874734261993e-02
1.40400000000000e+01	3.41827528556953e-02
1.40500000000000e+01	3.38813561097140e-02
1.40600000000000e+01	3.35828531252233e-02
1.40700000000000e+01	3.32879979523619e-02
1.40800000000000e+01	3.29967010909396e-02
1.40900000000000e+01	3.27082606117919e-02
1.41000000000000e+01	3.24232796140215e-02
1.41100000000000e+01	3.21416107712229e-02
1.41200000000000e+01	3.18624685685244e-02
1.41300000000000e+01	3.15863070890080e-02
1.41400000000000e+01	3.13123405329452e-02
1.41500000000000e+01	3.10406367011145e-02
1.41600000000000e+01	3.07712974619677e-02
1.41700000000000e+01	3.05038810064193e-02
1.41800000000000e+01	3.02378903539925e-02
1.41900000000000e+01	2.99732356897132e-02
1.42000000000000e+01	2.97108540888052e-02
1.42100000000000e+01	2.94498253683480e-02
1.42200000000000e+01	2.91910292272571e-02
1.42300000000000e+01	2.89337369658121e-02
1.42400000000000e+01	2.86788206833220e-02
1.42500000000000e+01	2.84265131230050e-02
1.42600000000000e+01	2.81767396908040e-02
1.42700000000000e+01	2.79294063095262e-02
1.42800000000000e+01	2.76851856399200e-02
1.42900000000000e+01	2.74433472017173e-02
1.43000000000000e+01	2.72051093950450e-02
1.43100000000000e+01	2.69694672369642e-02
1.43200000000000e+01	2.67361062621919e-02
1.43300000000000e+01	2.65061969794169e-02
1.43400000000000e+01	2.62785689592588e-02
1.43500000000000e+01	2.60537383145581e-02
1.43600000000000e+01	2.58310521025854e-02
1.43700000000000e+01	2.56107560283338e-02
1.43800000000000e+01	2.53931158711013e-02
1.43900000000000e+01	2.51779959904042e-02
1.44000000000000e+01	2.49650642867495e-02
1.44100000000000e+01	2.47548686536767e-02
1.44200000000000e+01	2.45464220370485e-02
1.44300000000000e+01	2.43407993352892e-02
1.44400000000000e+01	2.41374326360753e-02
1.44500000000000e+01	2.39363704494130e-02
1.44600000000000e+01	2.37378431110204e-02
1.44700000000000e+01	2.35416650607039e-02
1.44800000000000e+01	2.33472855387887e-02
1.44900000000000e+01	2.31552613003910e-02
1.45000000000000e+01	2.29653587014192e-02
1.45100000000000e+01	2.27776190979062e-02
1.45200000000000e+01	2.25914795102301e-02
1.45300000000000e+01	2.24072600874562e-02
1.45400000000000e+01	2.22250638767246e-02
1.45500000000000e+01	2.20441735181099e-02
1.45600000000000e+01	2.18654456688555e-02
1.45700000000000e+01	2.16881122659588e-02
1.45800000000000e+01	2.15122142276540e-02
1.45900000000000e+01	2.13377928737537e-02
1.46000000000000e+01	2.11651700076660e-02
1.46100000000000e+01	2.09935817983291e-02
1.46200000000000e+01	2.08236951032928e-02
1.46300000000000e+01	2.06550901448660e-02
1.46400000000000e+01	2.04880896036441e-02
1.46500000000000e+01	2.03223146971129e-02
1.46600000000000e+01	2.01579018858214e-02
1.46700000000000e+01	1.99951229098461e-02
1.46800000000000e+01	1.98339661197110e-02
1.46900000000000e+01	1.96740896734166e-02
1.47000000000000e+01	1.95161746459546e-02
1.47100000000000e+01	1.93595176451315e-02
1.47200000000000e+01	1.92044100723113e-02
1.47300000000000e+01	1.90505869571745e-02
1.47400000000000e+01	1.88986919100435e-02
1.47500000000000e+01	1.87479802079752e-02
1.47600000000000e+01	1.85987378654636e-02
1.47700000000000e+01	1.84508844930016e-02
1.47800000000000e+01	1.83042467066122e-02
1.47900000000000e+01	1.81589199692963e-02
1.48000000000000e+01	1.80143959928882e-02
1.48100000000000e+01	1.78708650028637e-02
1.48200000000000e+01	1.77288655764717e-02
1.48300000000000e+01	1.75870848554242e-02
1.48400000000000e+01	1.74465733617579e-02
1.48500000000000e+01	1.73070585806768e-02
1.48600000000000e+01	1.71681254185406e-02
1.48700000000000e+01	1.70301209744621e-02
1.48800000000000e+01	1.68930513598506e-02
1.48900000000000e+01	1.67568558567320e-02
1.49000000000000e+01	1.66217928737985e-02
1.49100000000000e+01	1.64873535447131e-02
1.49200000000000e+01	1.63542841259544e-02
1.49300000000000e+01	1.62220226190828e-02
1.49400000000000e+01	1.60908709843314e-02
1.49500000000000e+01	1.59608525459592e-02
1.49600000000000e+01	1.58320806447251e-02
1.49700000000000e+01	1.57042637429582e-02
1.49800000000000e+01	1.55779703007901e-02
1.49900000000000e+01	1.54527175987007e-02
1.50000000000000e+01	1.53286649006738e-02
1.50100000000000e+01	1.52059894025040e-02
1.50200000000000e+01	1.50844176710694e-02
1.50300000000000e+01	1.49641557433369e-02
1.50400000000000e+01	1.48448488368002e-02
1.50500000000000e+01	1.47268949608281e-02
1.50600000000000e+01	1.46098161045935e-02
1.50700000000000e+01	1.44937375665093e-02
1.50800000000000e+01	1.43785907167017e-02
1.50900000000000e+01	1.42644798227601e-02
1.51000000000000e+01	1.41511493197807e-02
1.51100000000000e+01	1.40386935582492e-02
1.51200000000000e+01	1.39268443465136e-02
1.51300000000000e+01	1.38159097368895e-02
1.51400000000000e+01	1.37055909077823e-02
1.51500000000000e+01	1.35959552154699e-02
1.51600000000000e+01	1.34870225400844e-02
1.51700000000000e+01	1.33788813441574e-02
1.51800000000000e+01	1.32715727283022e-02
1.51900000000000e+01	1.31649877178897e-02
1.52000000000000e+01	1.30590002744443e-02
1.52100000000000e+01	1.29540563385807e-02
1.52200000000000e+01	1.28497521836705e-02
1.52300000000000e+01	1.27462023509225e-02
1.52400000000000e+01	1.26435881138514e-02
1.52500000000000e+01	1.25414560453484e-02
1.52600000000000e+01	1.24399180383764e-02
1.52700000000000e+01	1.23386770259739e-02
1.52800000000000e+01	1.22381129985444e-02
1.52900000000000e+01	1.21377997959983e-02
1.53000000000000e+01	1.20374687870378e-02
1.53100000000000e+01	1.19373820997126e-02
1.53200000000000e+01	1.18371289688333e-02
1.53300000000000e+01	1.17368615112438e-02
1.53400000000000e+01	1.16364032698827e-02
1.53500000000000e+01	1.15358386974093e-02
1.53600000000000e+01	1.14352663673758e-02
1.53700000000000e+01	1.13345877692300e-02
1.53800000000000e+01	1.12339352326998e-02
1.53900000000000e+01	1.11334742157479e-02
1.54000000000000e+01	1.10330904122661e-02
1.54100000000000e+01	1.09334323651146e-02
1.54200000000000e+01	1.08342043735594e-02
1.54300000000000e+01	1.07359188780919e-02
1.54400000000000e+01	1.06389329296916e-02
1.54500000000000e+01	1.05431365894593e-02
1.54600000000000e+01	1.04489091607126e-02
1.54700000000000e+01	1.03566410676720e-02
1.54800000000000e+01	1.02663601905767e-02
1.54900000000000e+01	1.01783691260884e-02
1.55000000000000e+01	1.00925662819409e-02
1.55100000000000e+01	1.00095134290456e-02
1.55200000000000e+01	9.92902923999123e-03
1.55300000000000e+01	9.85094652624415e-03
1.55400000000000e+01	9.77542293395880e-03
1.55500000000000e+01	9.70212409851586e-03
1.55600000000000e+01	9.63109268286359e-03
1.55700000000000e+01	9.56177740051623e-03
1.55800000000000e+01	9.49420170171853e-03
1.55900000000000e+01	9.42799947923517e-03
1.56000000000000e+01	9.36286010893749e-03
1.56100000000000e+01	9.29868689874434e-03
1.56200000000000e+01	9.23510572543131e-03
1.56300000000000e+01	9.17201770126297e-03
1.56400000000000e+01	9.10919643682678e-03
1.56500000000000e+01	9.04646960407757e-03
1.56600000000000e+01	8.98371737452779e-03
1.56700000000000e+01	8.92073801775569e-03
1.56800000000000e+01	8.85778028211906e-03
1.56900000000000e+01	8.79450833991587e-03
1.57000000000000e+01	8.73119553001773e-03
1.57100000000000e+01	8.66753814510717e-03
1.57200000000000e+01	8.60394916031612e-03
1.57300000000000e+01	8.54013883661227e-03
1.57400000000000e+01	8.47630799509005e-03
1.57500000000000e+01	8.41261380443007e-03
1.57600000000000e+01	8.34925348347781e-03
1.57700000000000e+01	8.28600589325018e-03
1.57800000000000e+01	8.22316722070029e-03
1.57900000000000e+01	8.16093560296016e-03
1.58000000000000e+01	8.09930628103521e-03
1.58100000000000e+01	8.03843874087159e-03
1.58200000000000e+01	7.97841184082279e-03
1.58300000000000e+01	7.91935407368237e-03
1.58400000000000e+01	7.86131570949321e-03
1.58500000000000e+01	7.80415348875035e-03
1.58600000000000e+01	7.74824321252347e-03
1.58700000000000e+01	7.69335390666225e-03
1.58800000000000e+01	7.63932770921705e-03
1.58900000000000e+01	7.58647627382894e-03
1.59000000000000e+01	7.53450850866028e-03
1.59100000000000e+01	7.48323977615844e-03
1.59200000000000e+01	7.43281956059331e-03
1.59300000000000e+01	7.38289427502210e-03
1.59400000000000e+01	7.33367500279389e-03
1.59500000000000e+01	7.28473217860694e-03
1.59600000000000e+01	7.23625241054885e-03
1.59700000000000e+01	7.18799788512151e-03
1.59800000000000e+01	7.13998246289116e-03
1.59900000000000e+01	7.09225363510667e-03
1.60000000000000e+01	7.04464807592980e-03
1.60100000000000e+01	6.99716523747996e-03
1.60200000000000e+01	6.94988695289889e-03
1.60300000000000e+01	6.90289706996807e-03
1.60400000000000e+01	6.85597368328322e-03
1.60500000000000e+01	6.80925011891798e-03
1.60600000000000e+01	6.76276078297748e-03
1.60700000000000e+01	6.71647022328441e-03
1.60800000000000e+01	6.67038116255727e-03
1.60900000000000e+01	6.62457711243039e-03
1.61000000000000e+01	6.57905625969763e-03
1.61100000000000e+01	6.53377253523843e-03
1.61200000000000e+01	6.48880808242163e-03
1.61300000000000e+01	6.44409518594374e-03
1.61400000000000e+01	6.39975568670975e-03
1.61500000000000e+01	6.35574279187988e-03
1.61600000000000e+01	6.31202473804323e-03
1.61700000000000e+01	6.26869481101313e-03
1.61800000000000e+01	6.22571727982960e-03
1.61900000000000e+01	6.18319277915027e-03
1.62000000000000e+01	6.14102819425367e-03
1.62100000000000e+01	6.09935976836785e-03
1.62200000000000e+01	6.05809095628052e-03
1.62300000000000e+01	6.01716705628018e-03
1.62400000000000e+01	5.97682119423280e-03
1.62500000000000e+01	5.93693650498882e-03
1.62600000000000e+01	5.89743607900324e-03
1.62700000000000e+01	5.85833208330761e-03
1.62800000000000e+01	5.81958864443483e-03
1.62900000000000e+01	5.78105614499014e-03
1.63000000000000e+01	5.74291436561679e-03
1.63100000000000e+01	5.70492969746246e-03
1.63200000000000e+01	5.66716434630352e-03
1.63300000000000e+01	5.62934722277070e-03
1.63400000000000e+01	5.59168032605779e-03
1.63500000000000e+01	5.55404170976024e-03
1.63600000000000e+01	5.51633950410655e-03
1.63700000000000e+01	5.47853503135870e-03
1.63800000000000e+01	5.44053812974717e-03
1.63900000000000e+01	5.40245853638946e-03
1.64000000000000e+01	5.36426385343319e-03
1.64100000000000e+01	5.32591622650021e-03
1.64200000000000e+01	5.28736565652111e-03
1.64300000000000e+01	5.24883249442071e-03
1.64400000000000e+01	5.21029055680371e-03
1.64500000000000e+01	5.17174774073170e-03
1.64600000000000e+01	5.13321775569009e-03
1.64700000000000e+01	5.09499644412557e-03
1.64800000000000e+01	5.05699407167018e-03
1.64900000000000e+01	5.01936319263817e-03
1.65000000000000e+01	4.98208137306184e-03
1.65100000000000e+01	4.94531756567613e-03
1.65200000000000e+01	4.90909104285077e-03
1.65300000000000e+01	4.87343595105933e-03
1.65400000000000e+01	4.83837004315996e-03
1.65500000000000e+01	4.80381382915120e-03
1.65600000000000e+01	4.76997013442309e-03
1.65700000000000e+01	4.73669613661195e-03
1.65800000000000e+01	4.70400906144777e-03
1.65900000000000e+01	4.67189911619018e-03
1.66000000000000e+01	4.64028076168372e-03
1.66100000000000e+01	4.60922922912901e-03
1.66200000000000e+01	4.57869654306510e-03
1.66300000000000e+01	4.54860879308558e-03
1.66400000000000e+01	4.51897653479539e-03
1.66500000000000e+01	4.48974232618720e-03
1.66600000000000e+01	4.46090885813164e-03
1.66700000000000e+01	4.43242266840226e-03
1.66800000000000e+01	4.40429335667686e-03
1.66900000000000e+01	4.37643448589168e-03
1.67000000000000e+01	4.34885408272017e-03
1.67100000000000e+01	4.32150605357754e-03
1.67200000000000e+01	4.29440426172538e-03
1.67300000000000e+01	4.26741711232329e-03
1.67400000000000e+01	4.24063290774152e-03
1.67500000000000e+01	4.21398150199067e-03
1.67600000000000e+01	4.18743593230906e-03
1.67700000000000e+01	4.16095270426132e-03
1.67800000000000e+01	4.13453568147344e-03
1.67900000000000e+01	4.10819155726176e-03
1.68000000000000e+01	4.08186370690106e-03
1.68100000000000e+01	4.05557493884126e-03
1.68200000000000e+01	4.02935617129010e-03
1.68300000000000e+01	4.00318073640134e-03
1.68400000000000e+01	3.97705428980761e-03
1.68500000000000e+01	3.95103024770670e-03
1.68600000000000e+01	3.92508358124131e-03
1.68700000000000e+01	3.89924116334316e-03
1.68800000000000e+01	3.87353721331060e-03
1.68900000000000e+01	3.84794713075622e-03
1.69000000000000e+01	3.82254778815132e-03
1.69100000000000e+01	3.79726601111422e-03
1.69200000000000e+01	3.77215333643551e-03
1.69300000000000e+01	3.74721303777597e-03
1.69400000000000e+01	3.72246434280916e-03
1.69500000000000e+01	3.69787839238053e-03
1.69600000000000e+01	3.67350205278777e-03
1.69700000000000e+01	3.64933485087910e-03
1.69800000000000e+01	3.62540167875894e-03
1.69900000000000e+01	3.60172302124586e-03
1.70000000000000e+01	3.57829671039548e-03
1.70100000000000e+01	3.55518120086453e-03
1.70200000000000e+01	3.53237577122149e-03
1.70300000000000e+01	3.50988357847618e-03
1.70400000000000e+01	3.48770719211301e-03
1.70500000000000e+01	3.46586449902270e-03
1.70600000000000e+01	3.44434176628027e-03
1.70700000000000e+01	3.42313639789904e-03
1.70800000000000e+01	3.40219692006239e-03
1.70900000000000e+01	3.38152693587259e-03
1.71000000000000e+01	3.36111616110089e-03
1.71100000000000e+01	3.34093269484488e-03
1.71200000000000e+01	3.32090550240205e-03
1.71300000000000e+01	3.30106274789919e-03
1.71400000000000e+01	3.28138241881545e-03
1.71500000000000e+01	3.26183606973617e-03
1.71600000000000e+01	3.24239884654041e-03
1.71700000000000e+01	3.22309228243642e-03
1.71800000000000e+01	3.20386144768574e-03
1.71900000000000e+01	3.18477170818312e-03
1.72000000000000e+01	3.16575494739427e-03
1.72100000000000e+01	3.14686511898363e-03
1.72200000000000e+01	3.12807790520307e-03
1.72300000000000e+01	3.10935681132034e-03
1.72400000000000e+01	3.09077339352613e-03
1.72500000000000e+01	3.07225689711104e-03
1.72600000000000e+01	3.05384978165993e-03
1.72700000000000e+01	3.03552712509993e-03
1.72800000000000e+01	3.01729061397061e-03
1.72900000000000e+01	2.99913765795709e-03
1.73000000000000e+01	2.98106246446252e-03
1.73100000000000e+01	2.96307301488074e-03
1.73200000000000e+01	2.94516560080469e-03
1.73300000000000e+01	2.92731175858450e-03
1.73400000000000e+01	2.90952425765874e-03
1.73500000000000e+01	2.89181853345014e-03
1.73600000000000e+01	2.87418122761413e-03
1.73700000000000e+01	2.85660012460051e-03
1.73800000000000e+01	2.83909586207801e-03
1.73900000000000e+01	2.82165438716691e-03
1.74000000000000e+01	2.80431266170109e-03
1.74100000000000e+01	2.78702507184010e-03
1.74200000000000e+01	2.76981004592215e-03
1.74300000000000e+01	2.75267010231644e-03
1.74400000000000e+01	2.73562738918070e-03
1.74500000000000e+01	2.71864007524394e-03
1.74600000000000e+01	2.70175684483000e-03
1.74700000000000e+01	2.68494429975451e-03
1.74800000000000e+01	2.66820092435136e-03
1.74900000000000e+01	2.65150570232083e-03
1.75000000000000e+01	2.63490299459578e-03
1.75100000000000e+01	2.61837131667432e-03
1.75200000000000e+01	2.60188092802407e-03
1.75300000000000e+01	2.58543572186726e-03
1.75400000000000e+01	2.56903510262431e-03
1.75500000000000e+01	2.55271241732725e-03
1.75600000000000e+01	2.53642819496809e-03
1.75700000000000e+01	2.52020631706109e-03
1.75800000000000e+01	2.50403252978308e-03
1.75900000000000e+01	2.48794374621356e-03
1.76000000000000e+01	2.47191743756040e-03
1.76100000000000e+01	2.45601123018529e-03
1.76200000000000e+01	2.44018213275659e-03
1.76300000000000e+01	2.42447657048232e-03
1.76400000000000e+01	2.40887939137818e-03
1.76500000000000e+01	2.39341351849499e-03
1.76600000000000e+01	2.37808463167387e-03
1.76700000000000e+01	2.36288486895194e-03
1.76800000000000e+01	2.34781377615255e-03
1.76900000000000e+01	2.33289713811743e-03
1.77000000000000e+01	2.31808799025097e-03
1.77100000000000e+01	2.30341275571863e-03
1.77200000000000e+01	2.28884956365178e-03
1.77300000000000e+01	2.27438601892086e-03
1.77400000000000e+01	2.26004973817077e-03
1.77500000000000e+01	2.24578622157395e-03
1.77600000000000e+01	2.23163029290550e-03
1.77700000000000e+01	2.21754648052074e-03
1.77800000000000e+01	2.20354673029963e-03
1.77900000000000e+01	2.18963455043602e-03
1.78000000000000e+01	2.17576739712774e-03
1.78100000000000e+01	2.16198245869000e-03
1.78200000000000e+01	2.14827552317260e-03
1.78300000000000e+01	2.13461234758172e-03
1.78400000000000e+01	2.12102317550621e-03
1.78500000000000e+01	2.10751229870406e-03
1.78600000000000e+01	2.09407509554907e-03
1.78700000000000e+01	2.08069618894903e-03
1.78800000000000e+01	2.06737921569692e-03
1.78900000000000e+01	2.05414209058293e-03
1.79000000000000e+01	2.04097696110322e-03
1.79100000000000e+01	2.02787868973592e-03
1.79200000000000e+01	2.01483767478768e-03
1.79300000000000e+01	2.00187239949601e-03
1.79400000000000e+01	1.98895351880559e-03
1.79500000000000e+01	1.97610099290730e-03
1.79600000000000e+01	1.96330393746981e-03
1.79700000000000e+01	1.95059133199283e-03
1.79800000000000e+01	1.93792719808764e-03
1.79900000000000e+01	1.92537133351319e-03
1.80000000000000e+01	1.91290845747302e-03
1.80100000000000e+01	1.90058377735255e-03
1.80200000000000e+01	1.88837594002264e-03
1.80300000000000e+01	1.87633730807313e-03
1.80400000000000e+01	1.86447353152458e-03
1.80500000000000e+01	1.85279520869452e-03
1.80600000000000e+01	1.84129947769507e-03
1.80700000000000e+01	1.83002116681539e-03
1.80800000000000e+01	1.81893217165566e-03
1.80900000000000e+01	1.80803361573037e-03
1.81000000000000e+01	1.79729713760949e-03
1.81100000000000e+01	1.78673475103917e-03
1.81200000000000e+01	1.77631871422509e-03
1.81300000000000e+01	1.76601946147402e-03
1.81400000000000e+01	1.75580969881545e-03
1.81500000000000e+01	1.74569657805095e-03
1.81600000000000e+01	1.73563233510259e-03
1.81700000000000e+01	1.72563808280222e-03
1.81800000000000e+01	1.71566017863734e-03
1.81900000000000e+01	1.70572954112467e-03
1.82000000000000e+01	1.69581577336721e-03
1.82100000000000e+01	1.68590463628045e-03
1.82200000000000e+01	1.67601977498365e-03
1.82300000000000e+01	1.66614959759574e-03
1.82400000000000e+01	1.65628273102045e-03
1.82500000000000e+01	1.64642653174427e-03
1.82600000000000e+01	1.63658501148898e-03
1.82700000000000e+01	1.62676836715986e-03
1.82800000000000e+01	1.61696501571586e-03
1.82900000000000e+01	1.60718744765277e-03
1.83000000000000e+01	1.59746589442790e-03
1.83100000000000e+01	1.58776879465516e-03
1.83200000000000e+01	1.57813955302476e-03
1.83300000000000e+01	1.56856877373853e-03
1.83400000000000e+01	1.55907346205521e-03
1.83500000000000e+01	1.54966022936578e-03
1.83600000000000e+01	1.54033599115044e-03
1.83700000000000e+01	1.53111906568206e-03
1.83800000000000e+01	1.52200780328358e-03
1.83900000000000e+01	1.51301564897425e-03
1.84000000000000e+01	1.50414775853726e-03
1.84100000000000e+01	1.49540665481784e-03
1.84200000000000e+01	1.48679689756587e-03
1.84300000000000e+01	1.47832023976166e-03
1.84400000000000e+01	1.46996337812092e-03
1.84500000000000e+01	1.46173481838231e-03
1.84600000000000e+01	1.45361614333798e-03
1.84700000000000e+01	1.44559996800917e-03
1.84800000000000e+01	1.43768131039197e-03
1.84900000000000e+01	1.42983535990720e-03
1.85000000000000e+01	1.42205781878670e-03
1.85100000000000e+01	1.41433492071531e-03
1.85200000000000e+01	1.40665312162057e-03
1.85300000000000e+01	1.39899752287358e-03
1.85400000000000e+01	1.39136635825523e-03
1.85500000000000e+01	1.38374497906749e-03
1.85600000000000e+01	1.37612623037814e-03
1.85700000000000e+01	1.36851212478661e-03
1.85800000000000e+01	1.36089858476174e-03
1.85900000000000e+01	1.35327932086690e-03
1.86000000000000e+01	1.34566042567746e-03
1.86100000000000e+01	1.33804019226070e-03
1.86200000000000e+01	1.33042507457620e-03
1.86300000000000e+01	1.32281773093448e-03
1.86400000000000e+01	1.31521993737679e-03
1.86500000000000e+01	1.30763655697978e-03
1.86600000000000e+01	1.30007579828617e-03
1.86700000000000e+01	1.29254041834306e-03
1.86800000000000e+01	1.28503110721502e-03
1.86900000000000e+01	1.27755259947483e-03
1.87000000000000e+01	1.27011035842738e-03
1.87100000000000e+01	1.26270084224164e-03
1.87200000000000e+01	1.25532356413248e-03
1.87300000000000e+01	1.24798346292704e-03
1.87400000000000e+01	1.24067815845314e-03
1.87500000000000e+01	1.23340559856316e-03
1.87600000000000e+01	1.22616566605097e-03
1.87700000000000e+01	1.21895554401407e-03
1.87800000000000e+01	1.21177577761157e-03
1.87900000000000e+01	1.20462419347763e-03
1.88000000000000e+01	1.19749805545904e-03
1.88100000000000e+01	1.19039519406248e-03
1.88200000000000e+01	1.18331847111000e-03
1.88300000000000e+01	1.17625900555749e-03
1.88400000000000e+01	1.16922300590905e-03
1.88500000000000e+01	1.16220524044332e-03
1.88600000000000e+01	1.15520367615537e-03
1.88700000000000e+01	1.14821894773250e-03
1.88800000000000e+01	1.14125282963378e-03
1.88900000000000e+01	1.13430245007615e-03
1.89000000000000e+01	1.12737012683006e-03
1.89100000000000e+01	1.12045714070351e-03
1.89200000000000e+01	1.11356171673422e-03
1.89300000000000e+01	1.10669421220652e-03
1.89400000000000e+01	1.09985350393319e-03
1.89500000000000e+01	1.09304670461187e-03
1.89600000000000e+01	1.08627615143910e-03
1.89700000000000e+01	1.07954814037636e-03
1.89800000000000e+01	1.07286604104053e-03
1.89900000000000e+01	1.06623802493825e-03
1.90000000000000e+01	1.05966465593455e-03
1.90100000000000e+01	1.05314654084609e-03
1.90200000000000e+01	1.04668600588833e-03
1.90300000000000e+01	1.04027718924449e-03
1.90400000000000e+01	1.03392024866168e-03
1.90500000000000e+01	1.02760847071817e-03
1.90600000000000e+01	1.02133381004243e-03
1.90700000000000e+01	1.01509253740702e-03
1.90800000000000e+01	1.00887923653554e-03
1.90900000000000e+01	1.00269201885382e-03
1.91000000000000e+01	9.96530346952181e-04
1.91100000000000e+01	9.90402318052726e-04
1.91200000000000e+01	9.84315926449553e-04
1.91300000000000e+01	9.78283267638269e-04
1.91400000000000e+01	9.72321650282252e-04
1.91500000000000e+01	9.66445527632221e-04
1.91600000000000e+01	9.60676229177187e-04
1.91700000000000e+01	9.55024804241858e-04
1.91800000000000e+01	9.49504097331842e-04
1.91900000000000e+01	9.44123567574877e-04
1.92000000000000e+01	9.38880284599716e-04
1.92100000000000e+01	9.33770097414311e-04
1.92200000000000e+01	9.28785696343338e-04
1.92300000000000e+01	9.23908329399190e-04
1.92400000000000e+01	9.19122426725726e-04
1.92500000000000e+01	9.14409239636543e-04
1.92600000000000e+01	9.09752431816336e-04
1.92700000000000e+01	9.05133352682773e-04
1.92800000000000e+01	9.00535691807380e-04
1.92900000000000e+01	8.95946312770790e-04
1.93000000000000e+01	8.91359090281313e-04
1.93100000000000e+01	8.86767480301495e-04
1.93200000000000e+01	8.82166309753895e-04
1.93300000000000e+01	8.77556973378449e-04
1.93400000000000e+01	8.72939069665648e-04
1.93500000000000e+01	8.68312363975434e-04
1.93600000000000e+01	8.63677485530744e-04
1.93700000000000e+01	8.59040868827740e-04
1.93800000000000e+01	8.54399728913691e-04
1.93900000000000e+01	8.49761500360784e-04
1.94000000000000e+01	8.45122956274769e-04
1.94100000000000e+01	8.40489907410698e-04
1.94200000000000e+01	8.35859968154271e-04
1.94300000000000e+01	8.31237399072712e-04
1.94400000000000e+01	8.26620607668706e-04
1.94500000000000e+01	8.22013530566457e-04
1.94600000000000e+01	8.17414082183876e-04
1.94700000000000e+01	8.12828960471780e-04
1.94800000000000e+01	8.08251196491276e-04
1.94900000000000e+01	8.03687629072347e-04
1.95000000000000e+01	7.99136270047352e-04
1.95100000000000e+01	7.94596787087278e-04
1.95200000000000e+01	7.90073140180196e-04
1.95300000000000e+01	7.85564496394770e-04
1.95400000000000e+01	7.81069854946179e-04
1.95500000000000e+01	7.76592819726460e-04
1.95600000000000e+01	7.72133905401052e-04
1.95700000000000e+01	7.67693638855017e-04
1.95800000000000e+01	7.63277367191508e-04
1.95900000000000e+01	7.58881051236656e-04
1.96000000000000e+01	7.54509761820904e-04
1.96100000000000e+01	7.50165868719958e-04
1.96200000000000e+01	7.45847513636258e-04
1.96300000000000e+01	7.41557044692357e-04
1.96400000000000e+01	7.37294750293581e-04
1.96500000000000e+01	7.33062938910596e-04
1.96600000000000e+01	7.28858319161234e-04
1.96700000000000e+01	7.24682942070156e-04
1.96800000000000e+01	7.20536192532541e-04
1.96900000000000e+01	7.16414722991435e-04
1.97000000000000e+01	7.12300107085284e-04
1.97100000000000e+01	7.08205373819600e-04
1.97200000000000e+01	7.04114785700792e-04
1.97300000000000e+01	7.00006985052002e-04
1.97400000000000e+01	6.95846972039684e-04
1.97500000000000e+01	6.91580772015771e-04
1.97600000000000e+01	6.87121525738903e-04
1.97700000000000e+01	6.82322533322520e-04
1.97800000000000e+01	6.76964980306615e-04
1.97900000000000e+01	6.70720068745448e-04
1.98000000000000e+01	6.63115336704342e-04
1.98100000000000e+01	6.53497378099757e-04
1.98200000000000e+01	6.41000003937155e-04
1.98300000000000e+01	6.24533513702678e-04
1.98400000000000e+01	6.02800569347587e-04
1.98500000000000e+01	5.74376099124937e-04
1.98600000000000e+01	5.37850689156496e-04
1.98700000000000e+01	4.92065614915729e-04
1.98800000000000e+01	4.36439273163070e-04
1.98900000000000e+01	3.71358421981948e-04
1.99000000000000e+01	2.98585725552209e-04
1.99100000000000e+01	2.21620144524699e-04
1.99200000000000e+01	1.45861304760303e-04
1.99300000000000e+01	7.84611625506147e-05
1.99400000000000e+01	2.77123400528174e-05
1.99500000000000e+01	1.86820374771265e-06
1.99600000000000e+01	7.42844873062243e-06
1.99700000000000e+01	4.71203218550400e-05
1.99800000000000e+01	1.18086550660703e-04
1.99900000000000e+01	2.11015494021171e-04
2.00000000000000e+01	3.10953816423188e-04
