1.00000000000000e-02	2.64167862198249e+19
2.00000000000000e-02	1.65118915726486e+18
3.00000000000000e-02	3.26204320910574e+17
4.00000000000000e-02	1.03233157309985e+17
5.00000000000000e-02	4.22945810439507e+16
6.00000000000000e-02	2.04031203808805e+16
7.00000000000000e-02	1.10169733592553e+16
8.00000000000000e-02	6.46068940261484e+15
9.00000000000000e-02	4.03527447856116e+15
1.00000000000000e-01	2.64895285318426e+15
1.10000000000000e-01	1.81032020335757e+15
1.20000000000000e-01	1.27902328583848e+15
1.30000000000000e-01	9.29251051548725e+14
1.40000000000000e-01	6.91391876025870e+14
1.50000000000000e-01	5.25072959680232e+14
1.60000000000000e-01	4.05959703205596e+14
1.70000000000000e-01	3.18836523710520e+14
1.80000000000000e-01	2.53920881419143e+14
1.90000000000000e-01	2.04752062457495e+14
2.00000000000000e-01	1.66953785821694e+14
2.10000000000000e-01	1.37512218086147e+14
2.20000000000000e-01	1.14303304908576e+14
2.30000000000000e-01	9.58049304380948e+13
2.40000000000000e-01	8.09154452774199e+13
2.50000000000000e-01	6.88206210672355e+13
2.60000000000000e-01	5.89135272344016e+13
2.70000000000000e-01	5.07348023380871e+13
2.80000000000000e-01	4.39356462689538e+13
2.90000000000000e-01	3.82439808129748e+13
3.00000000000000e-01	3.34506250901732e+13
3.10000000000000e-01	2.93902683061565e+13
3.20000000000000e-01	2.59321221582708e+13
3.30000000000000e-01	2.29719526032831e+13
3.40000000000000e-01	2.04258829677211e+13
3.50000000000000e-01	1.82262886864437e+13
3.60000000000000e-01	1.63176056364828e+13
3.70000000000000e-01	1.46550285608649e+13
3.80000000000000e-01	1.32011628396631e+13
3.90000000000000e-01	1.19254072554692e+13
4.00000000000000e-01	1.08019425548937e+13
4.10000000000000e-01	9.80951300956012e+12
4.20000000000000e-01	8.93012054365331e+12
4.30000000000000e-01	8.14850218993627e+12
4.40000000000000e-01	7.45199874336568e+12
4.50000000000000e-01	6.82959361419801e+12
4.60000000000000e-01	6.27190883227696e+12
4.70000000000000e-01	5.77117101636245e+12
4.80000000000000e-01	5.32040717617130e+12
4.90000000000000e-01	4.91368876378620e+12
5.00000000000000e-01	4.54602957685703e+12
5.10000000000000e-01	4.21285068153838e+12
5.20000000000000e-01	3.91047362633563e+12
5.30000000000000e-01	3.63536866571593e+12
5.40000000000000e-01	3.38478872340872e+12
5.50000000000000e-01	3.15600449667899e+12
5.60000000000000e-01	2.94679687716247e+12
5.70000000000000e-01	2.75519222653038e+12
5.80000000000000e-01	2.57948381370387e+12
5.90000000000000e-01	2.41802391697969e+12
6.00000000000000e-01	2.26947772587440e+12
6.10000000000000e-01	2.13257516993673e+12
6.20000000000000e-01	2.00628065543293e+12
6.30000000000000e-01	1.88957544462165e+12
6.40000000000000e-01	1.78166469791962e+12
6.50000000000000e-01	1.68168199823412e+12
6.60000000000000e-01	1.58896269265037e+12
6.70000000000000e-01	1.50284241055417e+12
6.80000000000000e-01	1.42283218147483e+12
6.90000000000000e-01	1.34836802349405e+12
7.00000000000000e-01	1.27900303349268e+12
7.10000000000000e-01	1.21432759088785e+12
7.20000000000000e-01	1.15393816028359e+12
7.30000000000000e-01	1.09752259924857e+12
7.40000000000000e-01	1.04475789080444e+12
7.50000000000000e-01	9.95367719999956e+11
7.60000000000000e-01	9.49082200765605e+11
7.70000000000000e-01	9.05690564070200e+11
7.80000000000000e-01	8.64950721442540e+11
7.90000000000000e-01	8.26695649101336e+11
8.00000000000000e-01	7.90722086388799e+11
8.10000000000000e-01	7.56889715588444e+11
8.20000000000000e-01	7.25033479796071e+11
8.30000000000000e-01	6.95017245736367e+11
8.40000000000000e-01	6.66731765051922e+11
8.50000000000000e-01	6.40030596659681e+11
8.60000000000000e-01	6.14833956073698e+11
8.70000000000000e-01	5.91022745666203e+11
8.80000000000000e-01	5.68517651549074e+11
8.90000000000000e-01	5.47238746678791e+11
9.00000000000000e-01	5.27096990580366e+11
9.10000000000000e-01	5.08027583779288e+11
9.20000000000000e-01	4.89965348588749e+11
9.30000000000000e-01	4.72848252128565e+11
9.40000000000000e-01	4.56620407055559e+11
9.50000000000000e-01	4.41219625853664e+11
9.60000000000000e-01	4.26609809036824e+11
9.70000000000000e-01	4.12739970158793e+11
9.80000000000000e-01	3.99568208821353e+11
9.90000000000000e-01	3.87059762786470e+11
1.00000000000000e+00	3.75178099101884e+11
1.01000000000000e+00	3.63882518466150e+11
1.02000000000000e+00	3.53146452449919e+11
1.03000000000000e+00	3.42947905966704e+11
1.04000000000000e+00	3.33252423168265e+11
1.05000000000000e+00	3.24032577202324e+11
1.06000000000000e+00	3.15268516858317e+11
1.07000000000000e+00	3.06936678151464e+11
1.08000000000000e+00	2.99011283935320e+11
1.09000000000000e+00	2.91469876619016e+11
1.10000000000000e+00	2.84288555822627e+11
1.11000000000000e+00	2.77444403570739e+11
1.12000000000000e+00	2.70910616271438e+11
1.13000000000000e+00	2.64668283295492e+11
1.14000000000000e+00	2.58688422819880e+11
1.15000000000000e+00	2.52949337935521e+11
1.16000000000000e+00	2.47427822490982e+11
1.17000000000000e+00	2.42106427074422e+11
1.18000000000000e+00	2.36965587027011e+11
1.19000000000000e+00	2.31994161216561e+11
1.20000000000000e+00	2.27182542776882e+11
1.21000000000000e+00	2.22524427719002e+11
1.22000000000000e+00	2.18024722264725e+11
1.23000000000000e+00	2.13692278182942e+11
1.24000000000000e+00	2.09534998616555e+11
1.25000000000000e+00	2.05576400488887e+11
1.26000000000000e+00	2.01837188284482e+11
1.27000000000000e+00	1.98355428479137e+11
1.28000000000000e+00	1.95157712990879e+11
1.29000000000000e+00	1.92293750209241e+11
1.30000000000000e+00	1.89801864227754e+11
1.31000000000000e+00	1.87735353934850e+11
1.32000000000000e+00	1.86139542851498e+11
1.33000000000000e+00	1.85059842360870e+11
1.34000000000000e+00	1.84535612869073e+11
1.35000000000000e+00	1.84603091646022e+11
1.36000000000000e+00	1.85282797343751e+11
1.37000000000000e+00	1.86589069194416e+11
1.38000000000000e+00	1.88515993597366e+11
1.39000000000000e+00	1.91047152347052e+11
1.40000000000000e+00	1.94157480273658e+11
1.41000000000000e+00	1.97803930337516e+11
1.42000000000000e+00	2.01939440570536e+11
1.43000000000000e+00	2.06511412040724e+11
1.44000000000000e+00	2.11466251942273e+11
1.45000000000000e+00	2.16744113789159e+11
1.46000000000000e+00	2.22294221535197e+11
1.47000000000000e+00	2.28056099506643e+11
1.48000000000000e+00	2.33978901483910e+11
1.49000000000000e+00	2.39998900851726e+11
1.50000000000000e+00	2.46046223034871e+11
1.51000000000000e+00	2.52037967616157e+11
1.52000000000000e+00	2.57869961934679e+11
1.53000000000000e+00	2.63422371744821e+11
1.54000000000000e+00	2.68542047681809e+11
1.55000000000000e+00	2.73054021899924e+11
1.56000000000000e+00	2.76773716864654e+11
1.57000000000000e+00	2.79497843994858e+11
1.58000000000000e+00	2.81019665624180e+11
1.59000000000000e+00	2.81144132747944e+11
1.60000000000000e+00	2.79695951706205e+11
1.61000000000000e+00	2.76538314845951e+11
1.62000000000000e+00	2.71569947176672e+11
1.63000000000000e+00	2.64753896258026e+11
1.64000000000000e+00	2.56121539328111e+11
1.65000000000000e+00	2.45794379120973e+11
1.66000000000000e+00	2.33979012520319e+11
1.67000000000000e+00	2.20984134979600e+11
1.68000000000000e+00	2.07176227618241e+11
1.69000000000000e+00	1.92963712269315e+11
1.70000000000000e+00	1.78746219020164e+11
1.71000000000000e+00	1.64902854330052e+11
1.72000000000000e+00	1.51770105887231e+11
1.73000000000000e+00	1.39649317645126e+11
1.74000000000000e+00	1.28790880742195e+11
1.75000000000000e+00	1.19366132279117e+11
1.76000000000000e+00	1.11454479532030e+11
1.77000000000000e+00	1.05026775642096e+11
1.78000000000000e+00	9.99571227063684e+10
1.79000000000000e+00	9.60300619659464e+10
1.80000000000000e+00	9.29622303685576e+10
1.81000000000000e+00	9.04384612052730e+10
1.82000000000000e+00	8.81570128989478e+10
1.83000000000000e+00	8.58758929908690e+10
1.84000000000000e+00	8.34462145039252e+10
1.85000000000000e+00	8.08219972800054e+10
1.86000000000000e+00	7.80261897579409e+10
1.87000000000000e+00	7.51331635746814e+10
1.88000000000000e+00	7.22361409689659e+10
1.89000000000000e+00	6.94368344604598e+10
1.90000000000000e+00	6.68395784553275e+10
1.91000000000000e+00	6.45398978045107e+10
1.92000000000000e+00	6.26241735626882e+10
1.93000000000000e+00	6.11563842675569e+10
1.94000000000000e+00	6.01766580232113e+10
1.95000000000000e+00	5.96951018118971e+10
1.96000000000000e+00	5.96915992604614e+10
1.97000000000000e+00	6.01178360099040e+10
1.98000000000000e+00	6.09007424606199e+10
1.99000000000000e+00	6.19487266122022e+10
2.00000000000000e+00	6.31586722557273e+10
2.01000000000000e+00	6.44231557859051e+10
2.02000000000000e+00	6.56391861407990e+10
2.03000000000000e+00	6.67127403929723e+10
2.04000000000000e+00	6.75633832900289e+10
2.05000000000000e+00	6.81282619486434e+10
2.06000000000000e+00	6.83597814318876e+10
2.07000000000000e+00	6.82215196171967e+10
2.08000000000000e+00	6.76849208845715e+10
2.09000000000000e+00	6.67204926958350e+10
2.10000000000000e+00	6.52985430387268e+10
2.11000000000000e+00	6.33942522567223e+10
2.12000000000000e+00	6.09972041230097e+10
2.13000000000000e+00	5.81283525282506e+10
2.14000000000000e+00	5.48496720379247e+10
2.15000000000000e+00	5.12608316158294e+10
2.16000000000000e+00	4.74855893162234e+10
2.17000000000000e+00	4.36457414604041e+10
2.18000000000000e+00	3.98428113787856e+10
2.19000000000000e+00	3.61454817186012e+10
2.20000000000000e+00	3.25935704491959e+10
2.21000000000000e+00	2.92067913064898e+10
2.22000000000000e+00	2.59973640900415e+10
2.23000000000000e+00	2.29832077325952e+10
2.24000000000000e+00	2.01897963870429e+10
2.25000000000000e+00	1.76499077113524e+10
2.26000000000000e+00	1.53927269329243e+10
2.27000000000000e+00	1.34354149741201e+10
2.28000000000000e+00	1.17781711864130e+10
2.29000000000000e+00	1.04043386633452e+10
2.30000000000000e+00	9.28516103099491e+09
2.31000000000000e+00	8.38525327944751e+09
2.32000000000000e+00	7.66776897801100e+09
2.33000000000000e+00	7.09810054496120e+09
2.34000000000000e+00	6.64562432839297e+09
2.35000000000000e+00	6.28523305533410e+09
2.36000000000000e+00	5.99686999881596e+09
2.37000000000000e+00	5.76463707195837e+09
2.38000000000000e+00	5.57574809781003e+09
2.39000000000000e+00	5.41885924041567e+09
2.40000000000000e+00	5.28388029677425e+09
2.41000000000000e+00	5.16207859729650e+09
2.42000000000000e+00	5.04736040426795e+09
2.43000000000000e+00	4.93706605694727e+09
2.44000000000000e+00	4.83230212566669e+09
2.45000000000000e+00	4.73781071659574e+09
2.46000000000000e+00	4.66089106227184e+09
2.47000000000000e+00	4.61076695456412e+09
2.48000000000000e+00	4.59711369132080e+09
2.49000000000000e+00	4.62937312403089e+09
2.50000000000000e+00	4.71521251168611e+09
2.51000000000000e+00	4.85975091192600e+09
2.52000000000000e+00	5.06426063313161e+09
2.53000000000000e+00	5.32529224022338e+09
2.54000000000000e+00	5.63458100042620e+09
2.55000000000000e+00	5.97922306919962e+09
2.56000000000000e+00	6.34249473235368e+09
2.57000000000000e+00	6.70492755861019e+09
2.58000000000000e+00	7.04573133302730e+09
2.59000000000000e+00	7.34403459988530e+09
2.60000000000000e+00	7.57942887121200e+09
2.61000000000000e+00	7.73342653246368e+09
2.62000000000000e+00	7.79025492478135e+09
2.63000000000000e+00	7.73959901462902e+09
2.64000000000000e+00	7.58100065020704e+09
2.65000000000000e+00	7.32683286601662e+09
2.66000000000000e+00	7.00293597406649e+09
2.67000000000000e+00	6.64281497593006e+09
2.68000000000000e+00	6.27963153416737e+09
2.69000000000000e+00	5.93873503281496e+09
2.70000000000000e+00	5.63456128935486e+09
2.71000000000000e+00	5.37104528102692e+09
2.72000000000000e+00	5.14429550868841e+09
2.73000000000000e+00	4.94598096060985e+09
2.74000000000000e+00	4.76607656754554e+09
2.75000000000000e+00	4.59510444747291e+09
2.76000000000000e+00	4.42540486312645e+09
2.77000000000000e+00	4.25161763259981e+09
2.78000000000000e+00	4.07048322424476e+09
2.79000000000000e+00	3.88021043108390e+09
2.80000000000000e+00	3.68005499602420e+09
2.81000000000000e+00	3.46981703925935e+09
2.82000000000000e+00	3.24977857716066e+09
2.83000000000000e+00	3.02055188022255e+09
2.84000000000000e+00	2.78328404432748e+09
2.85000000000000e+00	2.53952445488232e+09
2.86000000000000e+00	2.29142672267136e+09
2.87000000000000e+00	2.04167129665543e+09
2.88000000000000e+00	1.79344398021960e+09
2.89000000000000e+00	1.55018610673659e+09
2.90000000000000e+00	1.31550322116865e+09
2.91000000000000e+00	1.09306660205423e+09
2.92000000000000e+00	8.86386263723837e+08
2.93000000000000e+00	6.98799232295283e+08
2.94000000000000e+00	5.33268551897056e+08
2.95000000000000e+00	3.92184007664359e+08
2.96000000000000e+00	2.77095641238152e+08
2.97000000000000e+00	1.88432654614639e+08
2.98000000000000e+00	1.25397024655256e+08
2.99000000000000e+00	8.59908446202630e+07
3.00000000000000e+00	6.72733018130886e+07
3.01000000000000e+00	6.57078316027397e+07
3.02000000000000e+00	7.75357581893280e+07
3.03000000000000e+00	9.90798460473312e+07
3.04000000000000e+00	1.26957183714389e+08
3.05000000000000e+00	1.58206779639050e+08
3.06000000000000e+00	1.90356615067430e+08
3.07000000000000e+00	2.21451680313816e+08
3.08000000000000e+00	2.50041366889778e+08
3.09000000000000e+00	2.75128257685718e+08
3.10000000000000e+00	2.96122594294135e+08
3.11000000000000e+00	3.12754066111383e+08
3.12000000000000e+00	3.24999270812499e+08
3.13000000000000e+00	3.33003402865791e+08
3.14000000000000e+00	3.37019357164285e+08
3.15000000000000e+00	3.37362041975723e+08
3.16000000000000e+00	3.34414453129240e+08
3.17000000000000e+00	3.28612526187737e+08
3.18000000000000e+00	3.20461595658502e+08
3.19000000000000e+00	3.10531597695883e+08
3.20000000000000e+00	2.99410500353052e+08
3.21000000000000e+00	2.87654673349464e+08
3.22000000000000e+00	2.75721145092030e+08
3.23000000000000e+00	2.63931144155056e+08
3.24000000000000e+00	2.52466489442075e+08
3.25000000000000e+00	2.41394029178133e+08
3.26000000000000e+00	2.30710440201537e+08
3.27000000000000e+00	2.20390088657601e+08
3.28000000000000e+00	2.10408486748100e+08
3.29000000000000e+00	2.00769439487224e+08
3.30000000000000e+00	1.91500796389288e+08
3.31000000000000e+00	1.82648661248954e+08
3.32000000000000e+00	1.74270123287652e+08
3.33000000000000e+00	1.66409578269032e+08
3.34000000000000e+00	1.59092047533545e+08
3.35000000000000e+00	1.52313293805578e+08
3.36000000000000e+00	1.46042297757166e+08
3.37000000000000e+00	1.40235789982693e+08
3.38000000000000e+00	1.34851024726398e+08
3.39000000000000e+00	1.29867631667074e+08
3.40000000000000e+00	1.25292173808964e+08
3.41000000000000e+00	1.21155256687687e+08
3.42000000000000e+00	1.17500841382619e+08
3.43000000000000e+00	1.14367575355685e+08
3.44000000000000e+00	1.11767726199020e+08
3.45000000000000e+00	1.09670575873894e+08
3.46000000000000e+00	1.07994902603345e+08
3.47000000000000e+00	1.06608853651028e+08
3.48000000000000e+00	1.05339284671784e+08
3.49000000000000e+00	1.03989108449614e+08
3.50000000000000e+00	1.02358345862499e+08
3.51000000000000e+00	1.00266204286431e+08
3.52000000000000e+00	9.75702416700539e+07
3.53000000000000e+00	9.41737582602122e+07
3.54000000000000e+00	9.00317703168328e+07
3.55000000000000e+00	8.51468831021317e+07
3.56000000000000e+00	7.95625640067250e+07
3.57000000000000e+00	7.33607259507604e+07
3.58000000000000e+00	6.66560456900373e+07
3.59000000000000e+00	5.95942225833295e+07
3.60000000000000e+00	5.23474498416749e+07
3.61000000000000e+00	4.51074096176368e+07
3.62000000000000e+00	3.80782761602937e+07
3.63000000000000e+00	3.14700022013525e+07
3.64000000000000e+00	2.54938028172852e+07
3.65000000000000e+00	2.03599627875574e+07
3.66000000000000e+00	1.62801539165859e+07
3.67000000000000e+00	1.34713087262756e+07
3.68000000000000e+00	1.21599443473111e+07
3.69000000000000e+00	1.25852163652920e+07
3.70000000000000e+00	1.49963266629438e+07
3.71000000000000e+00	1.96384716314693e+07
3.72000000000000e+00	2.67296383254959e+07
3.73000000000000e+00	3.64223870215209e+07
3.74000000000000e+00	4.87575904077526e+07
3.75000000000000e+00	6.36178107764364e+07
3.76000000000000e+00	8.06838933171262e+07
3.77000000000000e+00	9.94046848747155e+07
3.78000000000000e+00	1.18994063292045e+08
3.79000000000000e+00	1.38451088065085e+08
3.80000000000000e+00	1.56619167603418e+08
3.81000000000000e+00	1.72294577049891e+08
3.82000000000000e+00	1.84344312481785e+08
3.83000000000000e+00	1.91895185239929e+08
3.84000000000000e+00	1.94469990426744e+08
3.85000000000000e+00	1.92131801017339e+08
3.86000000000000e+00	1.85554233736903e+08
3.87000000000000e+00	1.76026613048235e+08
3.88000000000000e+00	1.65387668691925e+08
3.89000000000000e+00	1.55887747003603e+08
3.90000000000000e+00	1.50022100748238e+08
3.91000000000000e+00	1.50331691174724e+08
3.92000000000000e+00	1.59177603118733e+08
3.93000000000000e+00	1.78483435571104e+08
3.94000000000000e+00	2.09448063657381e+08
3.95000000000000e+00	2.52243278518014e+08
3.96000000000000e+00	3.05766966056474e+08
3.97000000000000e+00	3.67549276666140e+08
3.98000000000000e+00	4.33883116573543e+08
3.99000000000000e+00	5.00223465452028e+08
4.00000000000000e+00	5.61765151862202e+08
4.01000000000000e+00	6.14116872318209e+08
4.02000000000000e+00	6.53865502338335e+08
4.03000000000000e+00	6.78891537847880e+08
4.04000000000000e+00	6.88495024497460e+08
4.05000000000000e+00	6.83244153144542e+08
4.06000000000000e+00	6.64730315308422e+08
4.07000000000000e+00	6.35226939042254e+08
4.08000000000000e+00	5.97357800843868e+08
4.09000000000000e+00	5.53841386726779e+08
4.10000000000000e+00	5.07254791435293e+08
4.11000000000000e+00	4.59884612902532e+08
4.12000000000000e+00	4.13655948731151e+08
4.13000000000000e+00	3.70094923263384e+08
4.14000000000000e+00	3.30309208768652e+08
4.15000000000000e+00	2.95025457792527e+08
4.16000000000000e+00	2.64634561583283e+08
4.17000000000000e+00	2.39228971055791e+08
4.18000000000000e+00	2.18695099135342e+08
4.19000000000000e+00	2.02750794835287e+08
4.20000000000000e+00	1.91025371583934e+08
4.21000000000000e+00	1.83095802966096e+08
4.22000000000000e+00	1.78520551401375e+08
4.23000000000000e+00	1.76869855897657e+08
4.24000000000000e+00	1.77730562003222e+08
4.25000000000000e+00	1.80709254825977e+08
4.26000000000000e+00	1.85425658271578e+08
4.27000000000000e+00	1.91516641248376e+08
4.28000000000000e+00	1.98636614571240e+08
4.29000000000000e+00	2.06443399109573e+08
4.30000000000000e+00	2.14609229647768e+08
4.31000000000000e+00	2.22812767163644e+08
4.32000000000000e+00	2.30733236702516e+08
4.33000000000000e+00	2.38049118351633e+08
4.34000000000000e+00	2.44432881988089e+08
4.35000000000000e+00	2.49564836922959e+08
4.36000000000000e+00	2.53127600783907e+08
4.37000000000000e+00	2.54837132076409e+08
4.38000000000000e+00	2.54438946358615e+08
4.39000000000000e+00	2.51727073036766e+08
4.40000000000000e+00	2.46550476694467e+08
4.41000000000000e+00	2.38816569453768e+08
4.42000000000000e+00	2.28501107736052e+08
4.43000000000000e+00	2.15654160685647e+08
4.44000000000000e+00	2.00418651128134e+08
4.45000000000000e+00	1.83054430028120e+08
4.46000000000000e+00	1.63947005655879e+08
4.47000000000000e+00	1.43610606443438e+08
4.48000000000000e+00	1.22673396410656e+08
4.49000000000000e+00	1.01838373718293e+08
4.50000000000000e+00	8.18290657779668e+07
4.51000000000000e+00	6.33223162083488e+07
4.52000000000000e+00	4.68884308968930e+07
4.53000000000000e+00	3.29427226654971e+07
4.54000000000000e+00	2.17207297448836e+07
4.55000000000000e+00	1.32796828815963e+07
4.56000000000000e+00	7.52268002487890e+06
4.57000000000000e+00	4.23589050691076e+06
4.58000000000000e+00	3.13077141157030e+06
4.59000000000000e+00	3.88227935373721e+06
4.60000000000000e+00	6.15754079535810e+06
4.61000000000000e+00	9.63378629739866e+06
4.62000000000000e+00	1.40051945078519e+07
4.63000000000000e+00	1.89826687700040e+07
4.64000000000000e+00	2.42887837937512e+07
4.65000000000000e+00	2.96520519520458e+07
4.66000000000000e+00	3.48035042342842e+07
4.67000000000000e+00	3.94762017511820e+07
4.68000000000000e+00	4.34099280468872e+07
4.69000000000000e+00	4.63602273821063e+07
4.70000000000000e+00	4.81125381587660e+07
4.71000000000000e+00	4.85015951859079e+07
4.72000000000000e+00	4.74338361202244e+07
4.73000000000000e+00	4.49137350878358e+07
4.74000000000000e+00	4.10663579819309e+07
4.75000000000000e+00	3.61478624647279e+07
4.76000000000000e+00	3.05397222980654e+07
4.77000000000000e+00	2.47203236301963e+07
4.78000000000000e+00	1.92159510513405e+07
4.79000000000000e+00	1.45389892121461e+07
4.80000000000000e+00	1.11248720325456e+07
4.81000000000000e+00	9.28075489789929e+06
4.82000000000000e+00	9.15440761718849e+06
4.83000000000000e+00	1.07291659789771e+07
4.84000000000000e+00	1.38432138844125e+07
4.85000000000000e+00	1.82273037271396e+07
4.86000000000000e+00	2.35518584902762e+07
4.87000000000000e+00	2.94749462887934e+07
4.88000000000000e+00	3.56809743661848e+07
4.89000000000000e+00	4.19095931891359e+07
4.90000000000000e+00	4.79713134476964e+07
4.91000000000000e+00	5.37488755454408e+07
4.92000000000000e+00	5.91943817487241e+07
4.93000000000000e+00	6.43158264528824e+07
4.94000000000000e+00	6.91619510107658e+07
4.95000000000000e+00	7.38067656608598e+07
4.96000000000000e+00	7.83301898513212e+07
4.97000000000000e+00	8.28077185129565e+07
4.98000000000000e+00	8.72950907294087e+07
4.99000000000000e+00	9.18230427849789e+07
5.00000000000000e+00	9.63950152563313e+07
5.01000000000000e+00	1.00981796077159e+08
5.02000000000000e+00	1.05529755445451e+08
5.03000000000000e+00	1.09960018757729e+08
5.04000000000000e+00	1.14176294901528e+08
5.05000000000000e+00	1.18067896906844e+08
5.06000000000000e+00	1.21517643006874e+08
5.07000000000000e+00	1.24406118575086e+08
5.08000000000000e+00	1.26620625200956e+08
5.09000000000000e+00	1.28064231242389e+08
5.10000000000000e+00	1.28665437759852e+08
5.11000000000000e+00	1.28393048424412e+08
5.12000000000000e+00	1.27262112206907e+08
5.13000000000000e+00	1.25346467727901e+08
5.14000000000000e+00	1.22778194858156e+08
5.15000000000000e+00	1.19745027110186e+08
5.16000000000000e+00	1.16481492696861e+08
5.17000000000000e+00	1.13256499839940e+08
5.18000000000000e+00	1.10353291295567e+08
5.19000000000000e+00	1.08049481297701e+08
5.20000000000000e+00	1.06596753353668e+08
5.21000000000000e+00	1.06197385569984e+08
5.22000000000000e+00	1.06986017229458e+08
5.23000000000000e+00	1.09019114294053e+08
5.24000000000000e+00	1.12261981337944e+08
5.25000000000000e+00	1.16590896455147e+08
5.26000000000000e+00	1.21807556405250e+08
5.27000000000000e+00	1.27649785370894e+08
5.28000000000000e+00	1.33825298642783e+08
5.29000000000000e+00	1.40032296121667e+08
5.30000000000000e+00	1.45997690119972e+08
5.31000000000000e+00	1.51491452014654e+08
5.32000000000000e+00	1.56345433978635e+08
5.33000000000000e+00	1.60461117257908e+08
5.34000000000000e+00	1.63796574820880e+08
5.35000000000000e+00	1.66360912688928e+08
5.36000000000000e+00	1.68196836372534e+08
5.37000000000000e+00	1.69364958572041e+08
5.38000000000000e+00	1.69924011983411e+08
5.39000000000000e+00	1.69921717361405e+08
5.40000000000000e+00	1.69380024422819e+08
5.41000000000000e+00	1.68287391271737e+08
5.42000000000000e+00	1.66601457147838e+08
5.43000000000000e+00	1.64244994791167e+08
5.44000000000000e+00	1.61119565596048e+08
5.45000000000000e+00	1.57113884042861e+08
5.46000000000000e+00	1.52126858135540e+08
5.47000000000000e+00	1.46082234555823e+08
5.48000000000000e+00	1.38949552787537e+08
5.49000000000000e+00	1.30763045576062e+08
5.50000000000000e+00	1.21626475516717e+08
5.51000000000000e+00	1.11723179932349e+08
5.52000000000000e+00	1.01303873344179e+08
5.53000000000000e+00	9.06745798104832e+07
5.54000000000000e+00	8.01742063479218e+07
5.55000000000000e+00	7.01541156948148e+07
5.56000000000000e+00	6.09614849022303e+07
5.57000000000000e+00	5.29247540956188e+07
5.58000000000000e+00	4.63482466901572e+07
5.59000000000000e+00	4.15094817447342e+07
5.60000000000000e+00	3.86572153590490e+07
5.61000000000000e+00	3.80125556587430e+07
5.62000000000000e+00	3.97612642828324e+07
5.63000000000000e+00	4.40504758602592e+07
5.64000000000000e+00	5.09788323597771e+07
5.65000000000000e+00	6.05901080991479e+07
5.66000000000000e+00	7.28652807462066e+07
5.67000000000000e+00	8.77232361848634e+07
5.68000000000000e+00	1.05019430408246e+08
5.69000000000000e+00	1.24549869532351e+08
5.70000000000000e+00	1.46066175067536e+08
5.71000000000000e+00	1.69275745790625e+08
5.72000000000000e+00	1.93857852186764e+08
5.73000000000000e+00	2.19472470156375e+08
5.74000000000000e+00	2.45749862319258e+08
5.75000000000000e+00	2.72309754376912e+08
5.76000000000000e+00	2.98746934899307e+08
5.77000000000000e+00	3.24640586927341e+08
5.78000000000000e+00	3.49545502694183e+08
5.79000000000000e+00	3.72994317202060e+08
5.80000000000000e+00	3.94508480857832e+08
5.81000000000000e+00	4.13593396980240e+08
5.82000000000000e+00	4.29742198050274e+08
5.83000000000000e+00	4.42452917249289e+08
5.84000000000000e+00	4.51264783250273e+08
5.85000000000000e+00	4.55775564861474e+08
5.86000000000000e+00	4.55689955846550e+08
5.87000000000000e+00	4.50868531341434e+08
5.88000000000000e+00	4.41373649634521e+08
5.89000000000000e+00	4.27455647300975e+08
5.90000000000000e+00	4.09583875607459e+08
5.91000000000000e+00	3.88385126027958e+08
5.92000000000000e+00	3.64644071246233e+08
5.93000000000000e+00	3.39177672285787e+08
5.94000000000000e+00	3.12836006342540e+08
5.95000000000000e+00	2.86405606231236e+08
5.96000000000000e+00	2.60588484439592e+08
5.97000000000000e+00	2.35969778300987e+08
5.98000000000000e+00	2.12996081644857e+08
5.99000000000000e+00	1.91982293690635e+08
6.00000000000000e+00	1.73117234513200e+08
6.01000000000000e+00	1.56479959706989e+08
6.02000000000000e+00	1.42063017564679e+08
6.03000000000000e+00	1.29786999767633e+08
6.04000000000000e+00	1.19520611035995e+08
6.05000000000000e+00	1.11094839121565e+08
6.06000000000000e+00	1.04315750079091e+08
6.07000000000000e+00	9.89795329253607e+07
6.08000000000000e+00	9.48823186563855e+07
6.09000000000000e+00	9.18350198163367e+07
6.10000000000000e+00	8.96713692934856e+07
6.11000000000000e+00	8.82518120020959e+07
6.12000000000000e+00	8.74602602355578e+07
6.13000000000000e+00	8.71952609457811e+07
6.14000000000000e+00	8.73508527435779e+07
6.15000000000000e+00	8.78027221906876e+07
6.16000000000000e+00	8.83939940440336e+07
6.17000000000000e+00	8.89336635330536e+07
6.18000000000000e+00	8.92118645887758e+07
6.19000000000000e+00	8.90198898066932e+07
6.20000000000000e+00	8.81829672893003e+07
6.21000000000000e+00	8.65856592688114e+07
6.22000000000000e+00	8.41911125143092e+07
6.23000000000000e+00	8.10415239746382e+07
6.24000000000000e+00	7.72466829156573e+07
6.25000000000000e+00	7.29566891238341e+07
6.26000000000000e+00	6.83347198629546e+07
6.27000000000000e+00	6.35280692132249e+07
6.28000000000000e+00	5.86500848576085e+07
6.29000000000000e+00	5.37749392439864e+07
6.30000000000000e+00	4.89422674781646e+07
6.31000000000000e+00	4.41691804840138e+07
6.32000000000000e+00	3.94679191178651e+07
6.33000000000000e+00	3.48596479958556e+07
6.34000000000000e+00	3.03815168678880e+07
6.35000000000000e+00	2.60906495226654e+07
6.36000000000000e+00	2.20565302107623e+07
6.37000000000000e+00	1.83516126839047e+07
6.38000000000000e+00	1.50416831666847e+07
6.39000000000000e+00	1.21747179886217e+07
6.40000000000000e+00	9.77515511257328e+06
6.41000000000000e+00	7.84251471132240e+06
6.42000000000000e+00	6.35282643382339e+06
6.43000000000000e+00	5.26341890619393e+06
6.44000000000000e+00	4.51938027420336e+06
6.45000000000000e+00	4.06004836936697e+06
6.46000000000000e+00	3.82466526234881e+06
6.47000000000000e+00	3.75667745362508e+06
6.48000000000000e+00	3.80641007467113e+06
6.49000000000000e+00	3.93246498025058e+06
6.50000000000000e+00	4.10187807136576e+06
6.51000000000000e+00	4.28974380276490e+06
6.52000000000000e+00	4.47831620815513e+06
6.53000000000000e+00	4.65557884391294e+06
6.54000000000000e+00	4.81458082403850e+06
6.55000000000000e+00	4.95202565881272e+06
6.56000000000000e+00	5.06761784628216e+06
6.57000000000000e+00	5.16291108845590e+06
6.58000000000000e+00	5.24094847624960e+06
6.59000000000000e+00	5.30537886224409e+06
6.60000000000000e+00	5.36021140787417e+06
6.61000000000000e+00	5.40901679100282e+06
6.62000000000000e+00	5.45465864486136e+06
6.63000000000000e+00	5.49894965928440e+06
6.64000000000000e+00	5.54246108441606e+06
6.65000000000000e+00	5.58445679903657e+06
6.66000000000000e+00	5.62316429450381e+06
6.67000000000000e+00	5.65596704487665e+06
6.68000000000000e+00	5.67937887907489e+06
6.69000000000000e+00	5.68947176085987e+06
6.70000000000000e+00	5.68235062070251e+06
6.71000000000000e+00	5.65436955112505e+06
6.72000000000000e+00	5.60260737245865e+06
6.73000000000000e+00	5.52531608590597e+06
6.74000000000000e+00	5.42208274861578e+06
6.75000000000000e+00	5.29444205268790e+06
6.76000000000000e+00	5.14580980099896e+06
6.77000000000000e+00	4.98189917222962e+06
6.78000000000000e+00	4.80982029198523e+06
6.79000000000000e+00	4.63873374762113e+06
6.80000000000000e+00	4.47873994703335e+06
6.81000000000000e+00	4.34053698957571e+06
6.82000000000000e+00	4.23454801033835e+06
6.83000000000000e+00	4.17024843048760e+06
6.84000000000000e+00	4.15527467990609e+06
6.85000000000000e+00	4.19478098464484e+06
6.86000000000000e+00	4.29095528149615e+06
6.87000000000000e+00	4.44281950139802e+06
6.88000000000000e+00	4.64617651054538e+06
6.89000000000000e+00	4.89381269183184e+06
6.90000000000000e+00	5.17602709166789e+06
6.91000000000000e+00	5.48127950916898e+06
6.92000000000000e+00	5.79661894029727e+06
6.93000000000000e+00	6.10885451762847e+06
6.94000000000000e+00	6.40457145313682e+06
6.95000000000000e+00	6.67151229577146e+06
6.96000000000000e+00	6.89843919505338e+06
6.97000000000000e+00	7.07607750966677e+06
6.98000000000000e+00	7.19691512985617e+06
6.99000000000000e+00	7.25602937559063e+06
7.00000000000000e+00	7.25076473556762e+06
7.01000000000000e+00	7.18085405020895e+06
7.02000000000000e+00	7.04907086044312e+06
7.03000000000000e+00	6.85995953764086e+06
7.04000000000000e+00	6.62078370636625e+06
7.05000000000000e+00	6.34050655113178e+06
7.06000000000000e+00	6.02933064408595e+06
7.07000000000000e+00	5.69850624647927e+06
7.08000000000000e+00	5.35956149487971e+06
7.09000000000000e+00	5.02367391782048e+06
7.10000000000000e+00	4.70117350284349e+06
7.11000000000000e+00	4.40092747500046e+06
7.12000000000000e+00	4.12980033060847e+06
7.13000000000000e+00	3.89244783525363e+06
7.14000000000000e+00	3.69110286124925e+06
7.15000000000000e+00	3.52561224986073e+06
7.16000000000000e+00	3.39371750810613e+06
7.17000000000000e+00	3.29138820289212e+06
7.18000000000000e+00	3.21335020374885e+06
7.19000000000000e+00	3.15346013624425e+06
7.20000000000000e+00	3.10530308782100e+06
7.21000000000000e+00	3.06246905616527e+06
7.22000000000000e+00	3.01901361570754e+06
7.23000000000000e+00	2.96966424444757e+06
7.24000000000000e+00	2.91008810781136e+06
7.25000000000000e+00	2.83707352812306e+06
7.26000000000000e+00	2.74863654572097e+06
7.27000000000000e+00	2.64414697992087e+06
7.28000000000000e+00	2.52433302143693e+06
7.29000000000000e+00	2.39128694722452e+06
7.30000000000000e+00	2.24836594729267e+06
7.31000000000000e+00	2.09999364487873e+06
7.32000000000000e+00	1.95143689717959e+06
7.33000000000000e+00	1.80846315275078e+06
7.34000000000000e+00	1.67687054730443e+06
7.35000000000000e+00	1.56212040233186e+06
7.36000000000000e+00	1.46883041600910e+06
7.37000000000000e+00	1.40047507050854e+06
7.38000000000000e+00	1.35909008913744e+06
7.39000000000000e+00	1.34517173431981e+06
7.40000000000000e+00	1.35773135825152e+06
7.41000000000000e+00	1.39447645617893e+06
7.42000000000000e+00	1.45210652909112e+06
7.43000000000000e+00	1.52663461727238e+06
7.44000000000000e+00	1.61363553074483e+06
7.45000000000000e+00	1.70849839401660e+06
7.46000000000000e+00	1.80650450684142e+06
7.47000000000000e+00	1.90285805889620e+06
7.48000000000000e+00	1.99263570264611e+06
7.49000000000000e+00	2.07076775931747e+06
7.50000000000000e+00	2.13210155606672e+06
7.51000000000000e+00	2.17156922502192e+06
7.52000000000000e+00	2.18450733086314e+06
7.53000000000000e+00	2.16701043842033e+06
7.54000000000000e+00	2.11640752705654e+06
7.55000000000000e+00	2.03168732786732e+06
7.56000000000000e+00	1.91372113495784e+06
7.57000000000000e+00	1.76544958699232e+06
7.58000000000000e+00	1.59182502867190e+06
7.59000000000000e+00	1.39960770547876e+06
7.60000000000000e+00	1.19697561970424e+06
7.61000000000000e+00	9.93101819547185e+05
7.62000000000000e+00	7.97538814673336e+05
7.63000000000000e+00	6.19665371251484e+05
7.64000000000000e+00	4.68065482864757e+05
7.65000000000000e+00	3.49936403996553e+05
7.66000000000000e+00	2.70515532715971e+05
7.67000000000000e+00	2.32593392736579e+05
7.68000000000000e+00	2.36083266288022e+05
7.69000000000000e+00	2.77753229563933e+05
7.70000000000000e+00	3.51199508181941e+05
7.71000000000000e+00	4.47090285356344e+05
7.72000000000000e+00	5.53784449536523e+05
7.73000000000000e+00	6.58301123285455e+05
7.74000000000000e+00	7.47616075834453e+05
7.75000000000000e+00	8.10038436053164e+05
7.76000000000000e+00	8.36639301866109e+05
7.77000000000000e+00	8.22313967434090e+05
7.78000000000000e+00	7.66459679875423e+05
7.79000000000000e+00	6.73195468467762e+05
7.80000000000000e+00	5.50988097636707e+05
7.81000000000000e+00	4.11960501589040e+05
7.82000000000000e+00	2.70898154710831e+05
7.83000000000000e+00	1.44259487654885e+05
7.84000000000000e+00	4.90101940379980e+04
7.85000000000000e+00	2.17620482285793e+03
7.86000000000000e+00	2.05066095729380e+04
7.87000000000000e+00	1.20700957153300e+05
7.88000000000000e+00	3.20217554707935e+05
7.89000000000000e+00	6.38734502665264e+05
7.90000000000000e+00	1.10032010040403e+06
7.91000000000000e+00	1.73638140773590e+06
7.92000000000000e+00	2.58927910924433e+06
7.93000000000000e+00	3.71649361459334e+06
7.94000000000000e+00	5.19503326334844e+06
7.95000000000000e+00	7.12581146317704e+06
7.96000000000000e+00	9.63694248043663e+06
7.97000000000000e+00	1.28864852071523e+07
7.98000000000000e+00	1.70627494216644e+07
7.99000000000000e+00	2.23834426691199e+07
8.00000000000000e+00	2.90910881025517e+07
8.01000000000000e+00	3.74477517263065e+07
8.02000000000000e+00	4.77222729566278e+07
8.03000000000000e+00	6.01720443647139e+07
8.04000000000000e+00	7.50100998474208e+07
8.05000000000000e+00	9.23614555354796e+07
8.06000000000000e+00	1.12198564929355e+08
8.07000000000000e+00	1.34275747613817e+08
8.08000000000000e+00	1.58062400355282e+08
8.09000000000000e+00	1.82715712703342e+08
8.10000000000000e+00	2.07098128754945e+08
8.11000000000000e+00	2.29871491716319e+08
8.12000000000000e+00	2.49645198868045e+08
8.13000000000000e+00	2.65171309318548e+08
8.14000000000000e+00	2.75518165621802e+08
8.15000000000000e+00	2.80212467253184e+08
8.16000000000000e+00	2.79274519570223e+08
8.17000000000000e+00	2.73180603353118e+08
8.18000000000000e+00	2.62747528577924e+08
8.19000000000000e+00	2.48974859222046e+08
8.20000000000000e+00	2.32903889135820e+08
8.21000000000000e+00	2.15511283930331e+08
8.22000000000000e+00	1.97635168074259e+08
8.23000000000000e+00	1.79954077935203e+08
8.24000000000000e+00	1.62986951458239e+08
8.25000000000000e+00	1.47105806240131e+08
8.26000000000000e+00	1.32548079517844e+08
8.27000000000000e+00	1.19441634572160e+08
8.28000000000000e+00	1.07817710649716e+08
8.29000000000000e+00	9.76311149426666e+07
8.30000000000000e+00	8.87845553532386e+07
8.31000000000000e+00	8.11448625163659e+07
8.32000000000000e+00	7.45633105407549e+07
8.33000000000000e+00	6.88892386601792e+07
8.34000000000000e+00	6.39811015652368e+07
8.35000000000000e+00	5.97123632221581e+07
8.36000000000000e+00	5.59730388050545e+07
8.37000000000000e+00	5.26688805712176e+07
8.38000000000000e+00	4.97209583988469e+07
8.39000000000000e+00	4.70622320911725e+07
8.40000000000000e+00	4.46359900754477e+07
8.41000000000000e+00	4.23934117562617e+07
8.42000000000000e+00	4.02934542283137e+07
8.43000000000000e+00	3.83020652963999e+07
8.44000000000000e+00	3.63912721074778e+07
8.45000000000000e+00	3.45404430374664e+07
8.46000000000000e+00	3.27355475345337e+07
8.47000000000000e+00	3.09698280716279e+07
8.48000000000000e+00	2.92418849614086e+07
8.49000000000000e+00	2.75573349487831e+07
8.50000000000000e+00	2.59267684930570e+07
8.51000000000000e+00	2.43641270770517e+07
8.52000000000000e+00	2.28851677279364e+07
8.53000000000000e+00	2.15059607081901e+07
8.54000000000000e+00	2.02404225286325e+07
8.55000000000000e+00	1.90991124378715e+07
8.56000000000000e+00	1.80881518227959e+07
8.57000000000000e+00	1.72083862190882e+07
8.58000000000000e+00	1.64557695148534e+07
8.59000000000000e+00	1.58213078449561e+07
8.60000000000000e+00	1.52922952571561e+07
8.61000000000000e+00	1.48529170373925e+07
8.62000000000000e+00	1.44857553502853e+07
8.63000000000000e+00	1.41735664677281e+07
8.64000000000000e+00	1.38998244930244e+07
8.65000000000000e+00	1.36495943921129e+07
8.66000000000000e+00	1.34110105288032e+07
8.67000000000000e+00	1.31749232118051e+07
8.68000000000000e+00	1.29356102153695e+07
8.69000000000000e+00	1.26901929258881e+07
8.70000000000000e+00	1.24395897372366e+07
8.71000000000000e+00	1.21864166426723e+07
8.72000000000000e+00	1.19369443433837e+07
8.73000000000000e+00	1.16979632455647e+07
8.74000000000000e+00	1.14785443821723e+07
8.75000000000000e+00	1.12879780086749e+07
8.76000000000000e+00	1.11349420904179e+07
8.77000000000000e+00	1.10272575965961e+07
8.78000000000000e+00	1.09708280961275e+07
8.79000000000000e+00	1.09687652605128e+07
8.80000000000000e+00	1.10205274869153e+07
8.81000000000000e+00	1.11225819029678e+07
8.82000000000000e+00	1.12673606211830e+07
8.83000000000000e+00	1.14444578745487e+07
8.84000000000000e+00	1.16411825385787e+07
8.85000000000000e+00	1.18435133889766e+07
8.86000000000000e+00	1.20373967350499e+07
8.87000000000000e+00	1.22096497696832e+07
8.88000000000000e+00	1.23490886373402e+07
8.89000000000000e+00	1.24476446201070e+07
8.90000000000000e+00	1.24998048393020e+07
8.91000000000000e+00	1.25040616935651e+07
8.92000000000000e+00	1.24610647591569e+07
8.93000000000000e+00	1.23752791828512e+07
8.94000000000000e+00	1.22518165257045e+07
8.95000000000000e+00	1.20979385549822e+07
8.96000000000000e+00	1.19210795817590e+07
8.97000000000000e+00	1.17286564496826e+07
8.98000000000000e+00	1.15274745362604e+07
8.99000000000000e+00	1.13235881796854e+07
9.00000000000000e+00	1.11221815401983e+07
9.01000000000000e+00	1.09269338992637e+07
9.02000000000000e+00	1.07411906225129e+07
9.03000000000000e+00	1.05669222984992e+07
9.04000000000000e+00	1.04052637852209e+07
9.05000000000000e+00	1.02563596891725e+07
9.06000000000000e+00	1.01199823496947e+07
9.07000000000000e+00	9.99469821632622e+06
9.08000000000000e+00	9.87962409915966e+06
9.09000000000000e+00	9.77276456491844e+06
9.10000000000000e+00	9.67287081911750e+06
9.11000000000000e+00	9.57770306824594e+06
9.12000000000000e+00	9.48585121631747e+06
9.13000000000000e+00	9.39528744462068e+06
9.14000000000000e+00	9.30448257573412e+06
9.15000000000000e+00	9.21170646025508e+06
9.16000000000000e+00	9.11533597523613e+06
9.17000000000000e+00	9.01448617030439e+06
9.18000000000000e+00	8.90832095994081e+06
9.19000000000000e+00	8.79640023803494e+06
9.20000000000000e+00	8.67852866702171e+06
9.21000000000000e+00	8.55552674389936e+06
9.22000000000000e+00	8.42808697841853e+06
9.23000000000000e+00	8.29732825000180e+06
9.24000000000000e+00	8.16478701158687e+06
9.25000000000000e+00	8.03167049993829e+06
9.26000000000000e+00	7.89951111354645e+06
9.27000000000000e+00	7.76974535257419e+06
9.28000000000000e+00	7.64407234934566e+06
9.29000000000000e+00	7.52356558036463e+06
9.30000000000000e+00	7.40975488687422e+06
9.31000000000000e+00	7.30416386072581e+06
9.32000000000000e+00	7.20814513305172e+06
9.33000000000000e+00	7.12316599355603e+06
9.34000000000000e+00	7.05081127756601e+06
9.35000000000000e+00	6.99260719448703e+06
9.36000000000000e+00	6.94967267204699e+06
9.37000000000000e+00	6.92303355534510e+06
9.38000000000000e+00	6.91321202231633e+06
9.39000000000000e+00	6.92016131882565e+06
9.40000000000000e+00	6.94286231219602e+06
9.41000000000000e+00	6.97963457218218e+06
9.42000000000000e+00	7.02801504852734e+06
9.43000000000000e+00	7.08471760864578e+06
9.44000000000000e+00	7.14577128597175e+06
9.45000000000000e+00	7.20730809781557e+06
9.46000000000000e+00	7.26503679939254e+06
9.47000000000000e+00	7.31535326019686e+06
9.48000000000000e+00	7.35506411703149e+06
9.49000000000000e+00	7.38193494091827e+06
9.50000000000000e+00	7.39456972913301e+06
9.51000000000000e+00	7.39260734196690e+06
9.52000000000000e+00	7.37650256593453e+06
9.53000000000000e+00	7.34745896622591e+06
9.54000000000000e+00	7.30699682629461e+06
9.55000000000000e+00	7.25717091249517e+06
9.56000000000000e+00	7.19976299040855e+06
9.57000000000000e+00	7.13740851710799e+06
9.58000000000000e+00	7.07231226080293e+06
9.59000000000000e+00	7.00662553968844e+06
9.60000000000000e+00	6.94198696604859e+06
9.61000000000000e+00	6.87963288492082e+06
9.62000000000000e+00	6.82029594263796e+06
9.63000000000000e+00	6.76400594565799e+06
9.64000000000000e+00	6.71055735008711e+06
9.65000000000000e+00	6.65972466518164e+06
9.66000000000000e+00	6.61111925594465e+06
9.67000000000000e+00	6.56447068191545e+06
9.68000000000000e+00	6.51955208944872e+06
9.69000000000000e+00	6.47614481908882e+06
9.70000000000000e+00	6.43413279493874e+06
9.71000000000000e+00	6.39337519370743e+06
9.72000000000000e+00	6.35366064359770e+06
9.73000000000000e+00	6.31488065940903e+06
9.74000000000000e+00	6.27692688540147e+06
9.75000000000000e+00	6.23961480121806e+06
9.76000000000000e+00	6.20288537972962e+06
9.77000000000000e+00	6.16655854758754e+06
9.78000000000000e+00	6.13057259485516e+06
9.79000000000000e+00	6.09484393527039e+06
9.80000000000000e+00	6.05931981252546e+06
9.81000000000000e+00	6.02397714685338e+06
9.82000000000000e+00	5.98883950342954e+06
9.83000000000000e+00	5.95388175718453e+06
9.84000000000000e+00	5.91911716147602e+06
9.85000000000000e+00	5.88455235315003e+06
9.86000000000000e+00	5.85021851706750e+06
9.87000000000000e+00	5.81620903454249e+06
9.88000000000000e+00	5.78277730861010e+06
9.89000000000000e+00	5.75076985978904e+06
9.90000000000000e+00	5.72207045519045e+06
9.91000000000000e+00	5.70086412652444e+06
9.92000000000000e+00	5.69513021538426e+06
9.93000000000000e+00	5.71835945046693e+06
9.94000000000000e+00	5.79062503046007e+06
9.95000000000000e+00	5.93856506135376e+06
9.96000000000000e+00	6.19327557463149e+06
9.97000000000000e+00	6.58585080855396e+06
9.98000000000000e+00	7.13829802801154e+06
9.99000000000000e+00	7.84772617338656e+06
1.00000000000000e+01	8.66501206256252e+06
1.00100000000000e+01	9.47082639835311e+06
1.00200000000000e+01	1.00461938522600e+07
1.00300000000000e+01	1.01130592187889e+07
1.00400000000000e+01	9.49893452686428e+06
1.00500000000000e+01	8.30452316429264e+06
1.00600000000000e+01	6.84769029965489e+06
1.00700000000000e+01	5.43802710529979e+06
1.00800000000000e+01	4.24121375493932e+06
1.00900000000000e+01	3.29432754606176e+06
1.01000000000000e+01	2.57011163255541e+06
1.01100000000000e+01	2.02296913171677e+06
1.01200000000000e+01	1.60968897400068e+06
1.01300000000000e+01	1.29558677387286e+06
1.01400000000000e+01	1.05458772101974e+06
1.01500000000000e+01	8.67671679229533e+05
1.01600000000000e+01	7.21068241437508e+05
1.01700000000000e+01	6.04809019068950e+05
1.01800000000000e+01	5.11633518863288e+05
1.01900000000000e+01	4.36208527308096e+05
1.02000000000000e+01	3.74582073830915e+05
1.02100000000000e+01	3.23787097482622e+05
1.02200000000000e+01	2.81583174301952e+05
1.02300000000000e+01	2.46251524165168e+05
1.02400000000000e+01	2.16466982002371e+05
1.02500000000000e+01	1.91197740418560e+05
1.02600000000000e+01	1.69629222378990e+05
1.02700000000000e+01	1.51116860679676e+05
1.02800000000000e+01	1.35144873654507e+05
1.02900000000000e+01	1.21297385267286e+05
1.03000000000000e+01	1.09237145100319e+05
1.03100000000000e+01	9.86879271712043e+04
1.03200000000000e+01	8.94232671188307e+04
1.03300000000000e+01	8.12558871298672e+04
1.03400000000000e+01	7.40294374580826e+04
1.03500000000000e+01	6.76136059778875e+04
1.03600000000000e+01	6.18989278162499e+04
1.03700000000000e+01	5.67928830949533e+04
1.03800000000000e+01	5.22174108144486e+04
1.03900000000000e+01	4.81060217565581e+04
1.04000000000000e+01	4.44017612937471e+04
1.04100000000000e+01	4.10560097463959e+04
1.04200000000000e+01	3.80269338998912e+04
1.04300000000000e+01	3.52785248006914e+04
1.04400000000000e+01	3.27793764599453e+04
1.04500000000000e+01	3.05024930530146e+04
1.04600000000000e+01	2.84241328313785e+04
1.04700000000000e+01	2.65234578965034e+04
1.04800000000000e+01	2.47823796628055e+04
1.04900000000000e+01	2.31848896328796e+04
1.05000000000000e+01	2.17167447791273e+04
1.05100000000000e+01	2.03654658072069e+04
1.05200000000000e+01	1.91198914858009e+04
1.05300000000000e+01	1.79699901433370e+04
1.05400000000000e+01	1.69070470867616e+04
1.05500000000000e+01	1.59230892438236e+04
1.05600000000000e+01	1.50110723076096e+04
1.05700000000000e+01	1.41646214349267e+04
1.05800000000000e+01	1.33779864280032e+04
1.05900000000000e+01	1.26461069397430e+04
1.06000000000000e+01	1.19643456768192e+04
1.06100000000000e+01	1.13285505771440e+04
1.06200000000000e+01	1.07349902495736e+04
1.06300000000000e+01	1.01802097151609e+04
1.06400000000000e+01	9.66115963237062e+03
1.06500000000000e+01	9.17504799254854e+03
1.06600000000000e+01	8.71932626570295e+03
1.06700000000000e+01	8.29171102381646e+03
1.06800000000000e+01	7.89010771977199e+03
1.06900000000000e+01	7.51261424367825e+03
1.07000000000000e+01	7.15745527121787e+03
1.07100000000000e+01	6.82306200608807e+03
1.07200000000000e+01	6.50799621293697e+03
1.07300000000000e+01	6.21094624342209e+03
1.07400000000000e+01	5.93068170468465e+03
1.07500000000000e+01	5.66609603112444e+03
1.07600000000000e+01	5.41616245885496e+03
1.07700000000000e+01	5.17993352645524e+03
1.07800000000000e+01	4.95652585618180e+03
1.07900000000000e+01	4.74513878115382e+03
1.08000000000000e+01	4.54499047822734e+03
1.08100000000000e+01	4.35537541452181e+03
1.08200000000000e+01	4.17563601778012e+03
1.08300000000000e+01	4.00513948482154e+03
1.08400000000000e+01	3.84332350085012e+03
1.08500000000000e+01	3.68962201360902e+03
1.08600000000000e+01	3.54353750582903e+03
1.08700000000000e+01	3.40461146726082e+03
1.08800000000000e+01	3.27239545979722e+03
1.08900000000000e+01	3.14649114058997e+03
1.09000000000000e+01	3.02651954499678e+03
1.09100000000000e+01	2.91213980313203e+03
1.09200000000000e+01	2.80302142320460e+03
1.09300000000000e+01	2.69886150640542e+03
1.09400000000000e+01	2.59937759035297e+03
1.09500000000000e+01	2.50432612343320e+03
1.09600000000000e+01	2.41346443659809e+03
1.09700000000000e+01	2.32656785257765e+03
1.09800000000000e+01	2.24343250072165e+03
1.09900000000000e+01	2.16388131158383e+03
1.10000000000000e+01	2.08773319776024e+03
1.10100000000000e+01	2.01483389129567e+03
1.10200000000000e+01	1.94503936662953e+03
1.10300000000000e+01	1.87821587311868e+03
1.10400000000000e+01	1.81423387289398e+03
1.10500000000000e+01	1.75296746313785e+03
1.10600000000000e+01	1.69431333083179e+03
1.10700000000000e+01	1.63814369290923e+03
1.10800000000000e+01	1.58436093257426e+03
1.10900000000000e+01	1.53284304572673e+03
1.11000000000000e+01	1.48348811970770e+03
1.11100000000000e+01	1.43619224152913e+03
1.11200000000000e+01	1.39083757138301e+03
1.11300000000000e+01	1.34733198529725e+03
1.11400000000000e+01	1.30557028976539e+03
1.11500000000000e+01	1.26545522800532e+03
1.11600000000000e+01	1.22689627072884e+03
1.11700000000000e+01	1.18981583569881e+03
1.11800000000000e+01	1.15412680816332e+03
1.11900000000000e+01	1.11975770721747e+03
1.12000000000000e+01	1.08663810815626e+03
1.12100000000000e+01	1.05471352348909e+03
1.12200000000000e+01	1.02391931714305e+03
1.12300000000000e+01	9.94208147875906e+02
1.12400000000000e+01	9.65525160454289e+02
1.12500000000000e+01	9.37836131442174e+02
1.12600000000000e+01	9.11093432107106e+02
1.12700000000000e+01	8.85257089813355e+02
1.12800000000000e+01	8.60294841852686e+02
1.12900000000000e+01	8.36172525858520e+02
1.13000000000000e+01	8.12854235140525e+02
1.13100000000000e+01	7.90307006929449e+02
1.13200000000000e+01	7.68505164484529e+02
1.13300000000000e+01	7.47417110097709e+02
1.13400000000000e+01	7.27016478327176e+02
1.13500000000000e+01	7.07272569692707e+02
1.13600000000000e+01	6.88164424737696e+02
1.13700000000000e+01	6.69662904599074e+02
1.13800000000000e+01	6.51750849385487e+02
1.13900000000000e+01	6.34401245679985e+02
1.14000000000000e+01	6.17597517673920e+02
1.14100000000000e+01	6.01319211314748e+02
1.14200000000000e+01	5.85547529137499e+02
1.14300000000000e+01	5.70265552536385e+02
1.14400000000000e+01	5.55457633790197e+02
1.14500000000000e+01	5.41106170066605e+02
1.14600000000000e+01	5.27194828671179e+02
1.14700000000000e+01	5.13709148603403e+02
1.14800000000000e+01	5.00633055192624e+02
1.14900000000000e+01	4.87953807736676e+02
1.15000000000000e+01	4.75657293021356e+02
1.15100000000000e+01	4.63728918260587e+02
1.15200000000000e+01	4.52157537532373e+02
1.15300000000000e+01	4.40934310347829e+02
1.15400000000000e+01	4.30044899492141e+02
1.15500000000000e+01	4.19484953418223e+02
1.15600000000000e+01	4.09243200824244e+02
1.15700000000000e+01	3.99311469106197e+02
1.15800000000000e+01	3.89683976032802e+02
1.15900000000000e+01	3.80348380146270e+02
1.16000000000000e+01	3.71297429303472e+02
1.16100000000000e+01	3.62524288514548e+02
1.16200000000000e+01	3.54015143613151e+02
1.16300000000000e+01	3.45761759877120e+02
1.16400000000000e+01	3.37752923469371e+02
1.16500000000000e+01	3.29976123533766e+02
1.16600000000000e+01	3.22420492085311e+02
1.16700000000000e+01	3.15075017811045e+02
1.16800000000000e+01	3.07928160633284e+02
1.16900000000000e+01	3.00969885412748e+02
1.17000000000000e+01	2.94190688263670e+02
1.17100000000000e+01	2.87581771494785e+02
1.17200000000000e+01	2.81136503532992e+02
1.17300000000000e+01	2.74848794457580e+02
1.17400000000000e+01	2.68714487046067e+02
1.17500000000000e+01	2.62728974879278e+02
1.17600000000000e+01	2.56891384886069e+02
1.17700000000000e+01	2.51197564831497e+02
1.17800000000000e+01	2.45647652020295e+02
1.17900000000000e+01	2.40240009975440e+02
1.18000000000000e+01	2.34974045595094e+02
1.18100000000000e+01	2.29848121388969e+02
1.18200000000000e+01	2.24859643301068e+02
1.18300000000000e+01	2.20006356118844e+02
1.18400000000000e+01	2.15286555866866e+02
1.18500000000000e+01	2.10694630238920e+02
1.18600000000000e+01	2.06228634706942e+02
1.18700000000000e+01	2.01882617473456e+02
1.18800000000000e+01	1.97653422626038e+02
1.18900000000000e+01	1.93534753168666e+02
1.19000000000000e+01	1.89523786594510e+02
1.19100000000000e+01	1.85614058852840e+02
1.19200000000000e+01	1.81802295975084e+02
1.19300000000000e+01	1.78084671726913e+02
1.19400000000000e+01	1.74456093520941e+02
1.19500000000000e+01	1.70913191303623e+02
1.19600000000000e+01	1.67452771213253e+02
1.19700000000000e+01	1.64072418167022e+02
1.19800000000000e+01	1.60768615807618e+02
1.19900000000000e+01	1.57539700052878e+02
1.20000000000000e+01	1.54382764303336e+02
1.20100000000000e+01	1.51296490879293e+02
1.20200000000000e+01	1.48279508196887e+02
1.20300000000000e+01	1.45330554814643e+02
1.20400000000000e+01	1.42449281474624e+02
1.20500000000000e+01	1.39634187523022e+02
1.20600000000000e+01	1.36885094702256e+02
1.20700000000000e+01	1.34201313777884e+02
1.20800000000000e+01	1.31581496576291e+02
1.20900000000000e+01	1.29025555263336e+02
1.21000000000000e+01	1.26532169210204e+02
1.21100000000000e+01	1.24099714367474e+02
1.21200000000000e+01	1.21727382127316e+02
1.21300000000000e+01	1.19412805099490e+02
1.21400000000000e+01	1.17154907437664e+02
1.21500000000000e+01	1.14950609890511e+02
1.21600000000000e+01	1.12797649464701e+02
1.21700000000000e+01	1.10694121888370e+02
1.21800000000000e+01	1.08637406287472e+02
1.21900000000000e+01	1.06625951776272e+02
1.22000000000000e+01	1.04656535510788e+02
1.22100000000000e+01	1.02727728040239e+02
1.22200000000000e+01	1.00837521634787e+02
1.22300000000000e+01	9.89842737312152e+01
1.22400000000000e+01	9.71664045543417e+01
1.22500000000000e+01	9.53826389187809e+01
1.22600000000000e+01	9.36319275560530e+01
1.22700000000000e+01	9.19131727578386e+01
1.22800000000000e+01	9.02251545577753e+01
1.22900000000000e+01	8.85672334500140e+01
1.23000000000000e+01	8.69386404592346e+01
1.23100000000000e+01	8.53394973560478e+01
1.23200000000000e+01	8.37685959271399e+01
1.23300000000000e+01	8.22256357266018e+01
1.23400000000000e+01	8.07112796729773e+01
1.23500000000000e+01	7.92249332893886e+01
1.23600000000000e+01	7.77669128530543e+01
1.23700000000000e+01	7.63374391456733e+01
1.23800000000000e+01	7.49365012517292e+01
1.23900000000000e+01	7.35643540375412e+01
1.24000000000000e+01	7.22212532430017e+01
1.24100000000000e+01	7.09068318879714e+01
1.24200000000000e+01	6.96214257424925e+01
1.24300000000000e+01	6.83643423763111e+01
1.24400000000000e+01	6.71356406405635e+01
1.24500000000000e+01	6.59345482826926e+01
1.24600000000000e+01	6.47602915896372e+01
1.24700000000000e+01	6.36125003886909e+01
1.24800000000000e+01	6.24903415562734e+01
1.24900000000000e+01	6.13931466540583e+01
1.25000000000000e+01	6.03206473142616e+01
1.25100000000000e+01	5.92718283487444e+01
1.25200000000000e+01	5.82463245630792e+01
1.25300000000000e+01	5.72436569470860e+01
1.25400000000000e+01	5.62633259643557e+01
1.25500000000000e+01	5.53046987104327e+01
1.25600000000000e+01	5.43672953738732e+01
1.25700000000000e+01	5.34504044152222e+01
1.25800000000000e+01	5.25539926502096e+01
1.25900000000000e+01	5.16767640594714e+01
1.26000000000000e+01	5.08184756830910e+01
1.26100000000000e+01	4.99784661076756e+01
1.26200000000000e+01	4.91560219053733e+01
1.26300000000000e+01	4.83506883159959e+01
1.26400000000000e+01	4.75616591152501e+01
1.26500000000000e+01	4.67886284945689e+01
1.26600000000000e+01	4.60313851976085e+01
1.26700000000000e+01	4.52893947544714e+01
1.26800000000000e+01	4.45623493185209e+01
1.26900000000000e+01	4.38499431581032e+01
1.27000000000000e+01	4.31519960434131e+01
1.27100000000000e+01	4.24684499148006e+01
1.27200000000000e+01	4.17990812585104e+01
1.27300000000000e+01	4.11433327997141e+01
1.27400000000000e+01	4.05010997450056e+01
1.27500000000000e+01	3.98719522933187e+01
1.27600000000000e+01	3.92557316509883e+01
1.27700000000000e+01	3.86518343580194e+01
1.27800000000000e+01	3.80599155803967e+01
1.27900000000000e+01	3.74796301788565e+01
1.28000000000000e+01	3.69104745251881e+01
1.28100000000000e+01	3.63519957564921e+01
1.28200000000000e+01	3.58041144898911e+01
1.28300000000000e+01	3.52661792534119e+01
1.28400000000000e+01	3.47380384763406e+01
1.28500000000000e+01	3.42194375580472e+01
1.28600000000000e+01	3.37101243989984e+01
1.28700000000000e+01	3.32099195201361e+01
1.28800000000000e+01	3.27184559180723e+01
1.28900000000000e+01	3.22356194585389e+01
1.29000000000000e+01	3.17612660733716e+01
1.29100000000000e+01	3.12949932391643e+01
1.29200000000000e+01	3.08367923863784e+01
1.29300000000000e+01	3.03864059962704e+01
1.29400000000000e+01	2.99435124322867e+01
1.29500000000000e+01	2.95081926144513e+01
1.29600000000000e+01	2.90798616458808e+01
1.29700000000000e+01	2.86587885954646e+01
1.29800000000000e+01	2.82445357349929e+01
1.29900000000000e+01	2.78371263970829e+01
1.30000000000000e+01	2.74362954923294e+01
1.30100000000000e+01	2.70420298640703e+01
1.30200000000000e+01	2.66542777372865e+01
1.30300000000000e+01	2.62726768763176e+01
1.30400000000000e+01	2.58971155857316e+01
1.30500000000000e+01	2.55275729937213e+01
1.30600000000000e+01	2.51636749225612e+01
1.30700000000000e+01	2.48051133784098e+01
1.30800000000000e+01	2.44518504030008e+01
1.30900000000000e+01	2.41036320738677e+01
1.31000000000000e+01	2.37602095883249e+01
1.31100000000000e+01	2.34215417032684e+01
1.31200000000000e+01	2.30873825612979e+01
1.31300000000000e+01	2.27577903059749e+01
1.31400000000000e+01	2.24325866037750e+01
1.31500000000000e+01	2.21120335548732e+01
1.31600000000000e+01	2.17960893410543e+01
1.31700000000000e+01	2.14847783453238e+01
1.31800000000000e+01	2.11781311387595e+01
1.31900000000000e+01	2.08762805481378e+01
1.32000000000000e+01	2.05791270543577e+01
1.32100000000000e+01	2.02866896073816e+01
1.32200000000000e+01	1.99988150499923e+01
1.32300000000000e+01	1.97156022797615e+01
1.32400000000000e+01	1.94368728469978e+01
1.32500000000000e+01	1.91623752716203e+01
1.32600000000000e+01	1.88921599813135e+01
1.32700000000000e+01	1.86260342735619e+01
1.32800000000000e+01	1.83639519588092e+01
1.32900000000000e+01	1.81059378290042e+01
1.33000000000000e+01	1.78518311757374e+01
1.33100000000000e+01	1.76016608634770e+01
1.33200000000000e+01	1.73554026906458e+01
1.33300000000000e+01	1.71131645449094e+01
1.33400000000000e+01	1.68749520800558e+01
1.33500000000000e+01	1.66406658013117e+01
1.33600000000000e+01	1.64103398088135e+01
1.33700000000000e+01	1.61840253294949e+01
1.33800000000000e+01	1.59615686167646e+01
1.33900000000000e+01	1.57428680000159e+01
1.34000000000000e+01	1.55279538402429e+01
1.34100000000000e+01	1.53165969740145e+01
1.34200000000000e+01	1.51088450600543e+01
1.34300000000000e+01	1.49043975466994e+01
1.34400000000000e+01	1.47031787574364e+01
1.34500000000000e+01	1.45052026820654e+01
1.34600000000000e+01	1.43102089656659e+01
1.34700000000000e+01	1.41182164262768e+01
1.34800000000000e+01	1.39290629464221e+01
1.34900000000000e+01	1.37425872554600e+01
1.35000000000000e+01	1.35588986905699e+01
1.35100000000000e+01	1.33777211232644e+01
1.35200000000000e+01	1.31990979823544e+01
1.35300000000000e+01	1.30229400505562e+01
1.35400000000000e+01	1.28491385613375e+01
1.35500000000000e+01	1.26776462021403e+01
1.35600000000000e+01	1.25084717557920e+01
1.35700000000000e+01	1.23415256222372e+01
1.35800000000000e+01	1.21767741454652e+01
1.35900000000000e+01	1.20141770558190e+01
1.36000000000000e+01	1.18537989194222e+01
1.36100000000000e+01	1.16955464895723e+01
1.36200000000000e+01	1.15394871984198e+01
1.36300000000000e+01	1.13856165186613e+01
1.36400000000000e+01	1.12339316430010e+01
1.36500000000000e+01	1.10845625654569e+01
1.36600000000000e+01	1.09373477079227e+01
1.36700000000000e+01	1.07924885128129e+01
1.36800000000000e+01	1.06499318874726e+01
1.36900000000000e+01	1.05096883107586e+01
1.37000000000000e+01	1.03718589237748e+01
1.37100000000000e+01	1.02363917221857e+01
1.37200000000000e+01	1.01032601535779e+01
1.37300000000000e+01	9.97260489697113e+00
1.37400000000000e+01	9.84421046769561e+00
1.37500000000000e+01	9.71822467726618e+00
1.37600000000000e+01	9.59446777951310e+00
1.37700000000000e+01	9.47287283401889e+00
1.37800000000000e+01	9.35346546201287e+00
1.37900000000000e+01	9.23600453868552e+00
1.38000000000000e+01	9.12056726787946e+00
1.38100000000000e+01	9.00692676028164e+00
1.38200000000000e+01	8.89501020286757e+00
1.38300000000000e+01	8.78476869630905e+00
1.38400000000000e+01	8.67612753716511e+00
1.38500000000000e+01	8.56898866882054e+00
1.38600000000000e+01	8.46331222048162e+00
1.38700000000000e+01	8.35900833991413e+00
1.38800000000000e+01	8.25611128122766e+00
1.38900000000000e+01	8.15454170184424e+00
1.39000000000000e+01	8.05419537075790e+00
1.39100000000000e+01	7.95519264292526e+00
1.39200000000000e+01	7.85740969520866e+00
1.39300000000000e+01	7.76083646825730e+00
1.39400000000000e+01	7.66550275482672e+00
1.39500000000000e+01	7.57140196291351e+00
1.39600000000000e+01	7.47846098832044e+00
1.39700000000000e+01	7.38669512819200e+00
1.39800000000000e+01	7.29614037027905e+00
1.39900000000000e+01	7.20674887434352e+00
1.40000000000000e+01	7.11857780564936e+00
1.40100000000000e+01	7.03160411477458e+00
1.40200000000000e+01	6.94577267618308e+00
1.40300000000000e+01	6.86119470032702e+00
1.40400000000000e+01	6.77778452226910e+00
1.40500000000000e+01	6.69561844972635e+00
1.40600000000000e+01	6.61459320234100e+00
1.40700000000000e+01	6.53477546354821e+00
1.40800000000000e+01	6.45613295959691e+00
1.40900000000000e+01	6.37860068689157e+00
1.41000000000000e+01	6.30215692803865e+00
1.41100000000000e+01	6.22679184623546e+00
1.41200000000000e+01	6.15242829046560e+00
1.41300000000000e+01	6.07906546664148e+00
1.41400000000000e+01	6.00662683267515e+00
1.41500000000000e+01	5.93505610510719e+00
1.41600000000000e+01	5.86437592955428e+00
1.41700000000000e+01	5.79451179955354e+00
1.41800000000000e+01	5.72548712171815e+00
1.41900000000000e+01	5.65726711057244e+00
1.42000000000000e+01	5.58984790742607e+00
1.42100000000000e+01	5.52326862836580e+00
1.42200000000000e+01	5.45753427741857e+00
1.42300000000000e+01	5.39266437746312e+00
1.42400000000000e+01	5.32863732121371e+00
1.42500000000000e+01	5.26555020157950e+00
1.42600000000000e+01	5.20331778161555e+00
1.42700000000000e+01	5.14201617630373e+00
1.42800000000000e+01	5.08162057215749e+00
1.42900000000000e+01	5.02212762440020e+00
1.43000000000000e+01	4.96351239715182e+00
1.43100000000000e+01	4.90575535414464e+00
1.43200000000000e+01	4.84884039220304e+00
1.43300000000000e+01	4.79274020378188e+00
1.43400000000000e+01	4.73742506516302e+00
1.43500000000000e+01	4.68290411767902e+00
1.43600000000000e+01	4.62910569073409e+00
1.43700000000000e+01	4.57607797299288e+00
1.43800000000000e+01	4.52375562087653e+00
1.43900000000000e+01	4.47217165897594e+00
1.44000000000000e+01	4.42130139730631e+00
1.44100000000000e+01	4.37111670490775e+00
1.44200000000000e+01	4.32165002462341e+00
1.44300000000000e+01	4.27285912826275e+00
1.44400000000000e+01	4.22475015742541e+00
1.44500000000000e+01	4.17731020704977e+00
1.44600000000000e+01	4.13050006350323e+00
1.44700000000000e+01	4.08433966802818e+00
1.44800000000000e+01	4.03880580471511e+00
1.44900000000000e+01	3.99385679819317e+00
1.45000000000000e+01	3.94950739743906e+00
1.45100000000000e+01	3.90572727534044e+00
1.45200000000000e+01	3.86249878800787e+00
1.45300000000000e+01	3.81982454557185e+00
1.45400000000000e+01	3.77768359625497e+00
1.45500000000000e+01	3.73604729375203e+00
1.45600000000000e+01	3.69491319992674e+00
1.45700000000000e+01	3.65427506719832e+00
1.45800000000000e+01	3.61412279108332e+00
1.45900000000000e+01	3.57445726886122e+00
1.46000000000000e+01	3.53524974390910e+00
1.46100000000000e+01	3.49649258087337e+00
1.46200000000000e+01	3.45822009492372e+00
1.46300000000000e+01	3.42036615587608e+00
1.46400000000000e+01	3.38298735843619e+00
1.46500000000000e+01	3.34605896378151e+00
1.46600000000000e+01	3.30958515168459e+00
1.46700000000000e+01	3.27354479771482e+00
1.46800000000000e+01	3.23796726158808e+00
1.46900000000000e+01	3.20283388743430e+00
1.47000000000000e+01	3.16813605969156e+00
1.47100000000000e+01	3.13387088097768e+00
1.47200000000000e+01	3.10002628710067e+00
1.47300000000000e+01	3.06661615831713e+00
1.47400000000000e+01	3.03361473660304e+00
1.47500000000000e+01	3.00100804051614e+00
1.47600000000000e+01	2.96878659931031e+00
1.47700000000000e+01	2.93693599567587e+00
1.47800000000000e+01	2.90543960267034e+00
1.47900000000000e+01	2.87431169009629e+00
1.48000000000000e+01	2.84350403883351e+00
1.48100000000000e+01	2.81303545939953e+00
1.48200000000000e+01	2.78289785773908e+00
1.48300000000000e+01	2.75306914388638e+00
1.48400000000000e+01	2.72355116180008e+00
1.48500000000000e+01	2.69434647755622e+00
1.48600000000000e+01	2.66546290842529e+00
1.48700000000000e+01	2.63687291206332e+00
1.48800000000000e+01	2.60860505129736e+00
1.48900000000000e+01	2.58062838533534e+00
1.49000000000000e+01	2.55298580797266e+00
1.49100000000000e+01	2.52565051251171e+00
1.49200000000000e+01	2.49863122151617e+00
1.49300000000000e+01	2.47192958647701e+00
1.49400000000000e+01	2.44555731901813e+00
1.49500000000000e+01	2.41948800809136e+00
1.49600000000000e+01	2.39373867193848e+00
1.49700000000000e+01	2.36831963385083e+00
1.49800000000000e+01	2.34320296261120e+00
1.49900000000000e+01	2.31841352691280e+00
1.50000000000000e+01	2.29392809238902e+00
1.50100000000000e+01	2.26973818901320e+00
1.50200000000000e+01	2.24584819586362e+00
1.50300000000000e+01	2.22225261189400e+00
1.50400000000000e+01	2.19893873322716e+00
1.50500000000000e+01	2.17589464997749e+00
1.50600000000000e+01	2.15311629989719e+00
1.50700000000000e+01	2.13059120294103e+00
1.50800000000000e+01	2.10832154346722e+00
1.50900000000000e+01	2.08628621223936e+00
1.51000000000000e+01	2.06447703232458e+00
1.51100000000000e+01	2.04289871267344e+00
1.51200000000000e+01	2.02155699301511e+00
1.51300000000000e+01	2.00041793858984e+00
1.51400000000000e+01	1.97951409372049e+00
1.51500000000000e+01	1.95881077541979e+00
1.51600000000000e+01	1.93833289532859e+00
1.51700000000000e+01	1.91806072637567e+00
1.51800000000000e+01	1.89801959236115e+00
1.51900000000000e+01	1.87817885429879e+00
1.52000000000000e+01	1.85856615520244e+00
1.52100000000000e+01	1.83915386195801e+00
1.52200000000000e+01	1.81996414193540e+00
1.52300000000000e+01	1.80096605824429e+00
1.52400000000000e+01	1.78217118812747e+00
1.52500000000000e+01	1.76355322844587e+00
1.52600000000000e+01	1.74512104826479e+00
1.52700000000000e+01	1.72684408927336e+00
1.52800000000000e+01	1.70873343982170e+00
1.52900000000000e+01	1.69075342360905e+00
1.53000000000000e+01	1.67291770756455e+00
1.53100000000000e+01	1.65519500577741e+00
1.53200000000000e+01	1.63760677451685e+00
1.53300000000000e+01	1.62013046142868e+00
1.53400000000000e+01	1.60278025683155e+00
1.53500000000000e+01	1.58554548642754e+00
1.53600000000000e+01	1.56844709179741e+00
1.53700000000000e+01	1.55148853552865e+00
1.53800000000000e+01	1.53469362671380e+00
1.53900000000000e+01	1.51806156345500e+00
1.54000000000000e+01	1.50161633992668e+00
1.54100000000000e+01	1.48537995190964e+00
1.54200000000000e+01	1.46936818693804e+00
1.54300000000000e+01	1.45360537299002e+00
1.54400000000000e+01	1.43810860263625e+00
1.54500000000000e+01	1.42289903454544e+00
1.54600000000000e+01	1.40799132700672e+00
1.54700000000000e+01	1.39340804893188e+00
1.54800000000000e+01	1.37914358577640e+00
1.54900000000000e+01	1.36522649125868e+00
1.55000000000000e+01	1.35163924470503e+00
1.55100000000000e+01	1.33839859597188e+00
1.55200000000000e+01	1.32547738854476e+00
1.55300000000000e+01	1.31287651366140e+00
1.55400000000000e+01	1.30055428500422e+00
1.55500000000000e+01	1.28850055977598e+00
1.55600000000000e+01	1.27668191389932e+00
1.55700000000000e+01	1.26506948593102e+00
1.55800000000000e+01	1.25363915892369e+00
1.55900000000000e+01	1.24235644053717e+00
1.56000000000000e+01	1.23118566857747e+00
1.56100000000000e+01	1.22012609929529e+00
1.56200000000000e+01	1.20913677006319e+00
1.56300000000000e+01	1.19822114050228e+00
1.56400000000000e+01	1.18735108907866e+00
1.56500000000000e+01	1.17652389836416e+00
1.56600000000000e+01	1.16573398761364e+00
1.56700000000000e+01	1.15498236123056e+00
1.56800000000000e+01	1.14426766021279e+00
1.56900000000000e+01	1.13358708397795e+00
1.57000000000000e+01	1.12295680904566e+00
1.57100000000000e+01	1.11236986432929e+00
1.57200000000000e+01	1.10184992459398e+00
1.57300000000000e+01	1.09139082691484e+00
1.57400000000000e+01	1.08100807424596e+00
1.57500000000000e+01	1.07071471394369e+00
1.57600000000000e+01	1.06051892022952e+00
1.57700000000000e+01	1.05042407892226e+00
1.57800000000000e+01	1.04045407670177e+00
1.57900000000000e+01	1.03060952742130e+00
1.58000000000000e+01	1.02089980506416e+00
1.58100000000000e+01	1.01133389377635e+00
1.58200000000000e+01	1.00191577062585e+00
1.58300000000000e+01	9.92650998889795e-01
1.58400000000000e+01	9.83534321338375e-01
1.58500000000000e+01	9.74574079343863e-01
1.58600000000000e+01	9.65757681749538e-01
1.58700000000000e+01	9.57081830218672e-01
1.58800000000000e+01	9.48540268086978e-01
1.58900000000000e+01	9.40126831720217e-01
1.59000000000000e+01	9.31822430726050e-01
1.59100000000000e+01	9.23624202558280e-01
1.59200000000000e+01	9.15525709510387e-01
1.59300000000000e+01	9.07507252950697e-01
1.59400000000000e+01	8.99565982732713e-01
1.59500000000000e+01	8.91686710129155e-01
1.59600000000000e+01	8.83874071319461e-01
1.59700000000000e+01	8.76117236225919e-01
1.59800000000000e+01	8.68414886709859e-01
1.59900000000000e+01	8.60764143238736e-01
1.60000000000000e+01	8.53169820612963e-01
1.60100000000000e+01	8.45621814046832e-01
1.60200000000000e+01	8.38135748063125e-01
1.60300000000000e+01	8.30699155108652e-01
1.60400000000000e+01	8.23321550973645e-01
1.60500000000000e+01	8.15998003191104e-01
1.60600000000000e+01	8.08741575345214e-01
1.60700000000000e+01	8.01541693739326e-01
1.60800000000000e+01	7.94403164021641e-01
1.60900000000000e+01	7.87331148457341e-01
1.61000000000000e+01	7.80325454199783e-01
1.61100000000000e+01	7.73378734297626e-01
1.61200000000000e+01	7.66500780770542e-01
1.61300000000000e+01	7.59687881401761e-01
1.61400000000000e+01	7.52945762886116e-01
1.61500000000000e+01	7.46272654388046e-01
1.61600000000000e+01	7.39662333392134e-01
1.61700000000000e+01	7.33123607539649e-01
1.61800000000000e+01	7.26654994712687e-01
1.61900000000000e+01	7.20261024427075e-01
1.62000000000000e+01	7.13932293317705e-01
1.62100000000000e+01	7.07678960711234e-01
1.62200000000000e+01	7.01496205862905e-01
1.62300000000000e+01	6.95384326471517e-01
1.62400000000000e+01	6.89337920989703e-01
1.62500000000000e+01	6.83358781836450e-01
1.62600000000000e+01	6.77441280173047e-01
1.62700000000000e+01	6.71583367265485e-01
1.62800000000000e+01	6.65776213152577e-01
1.62900000000000e+01	6.60020432007593e-01
1.63000000000000e+01	6.54310729633397e-01
1.63100000000000e+01	6.48640109541893e-01
1.63200000000000e+01	6.43004357666880e-01
1.63300000000000e+01	6.37399713604272e-01
1.63400000000000e+01	6.31823814110442e-01
1.63500000000000e+01	6.26275258277829e-01
1.63600000000000e+01	6.20745614347659e-01
1.63700000000000e+01	6.15237507605253e-01
1.63800000000000e+01	6.09752266893376e-01
1.63900000000000e+01	6.04283138475671e-01
1.64000000000000e+01	5.98843030068444e-01
1.64100000000000e+01	5.93424537616553e-01
1.64200000000000e+01	5.88033499654897e-01
1.64300000000000e+01	5.82680998304044e-01
1.64400000000000e+01	5.77366619145026e-01
1.64500000000000e+01	5.72097620168910e-01
1.64600000000000e+01	5.66878489618576e-01
1.64700000000000e+01	5.61719687891225e-01
1.64800000000000e+01	5.56624475782039e-01
1.64900000000000e+01	5.51600324242085e-01
1.65000000000000e+01	5.46648237413461e-01
1.65100000000000e+01	5.41770697875857e-01
1.65200000000000e+01	5.36972334428878e-01
1.65300000000000e+01	5.32253501133584e-01
1.65400000000000e+01	5.27609671590020e-01
1.65500000000000e+01	5.23043217653577e-01
1.65600000000000e+01	5.18548778501247e-01
1.65700000000000e+01	5.14125340328237e-01
1.65800000000000e+01	5.09771734598541e-01
1.65900000000000e+01	5.05484399321053e-01
1.66000000000000e+01	5.01258132978379e-01
1.66100000000000e+01	4.97089732337372e-01
1.66200000000000e+01	4.92978837899686e-01
1.66300000000000e+01	4.88916788449523e-01
1.66400000000000e+01	4.84905791171733e-01
1.66500000000000e+01	4.80941983676519e-01
1.66600000000000e+01	4.77020130438284e-01
1.66700000000000e+01	4.73140264519305e-01
1.66800000000000e+01	4.69301046824074e-01
1.66900000000000e+01	4.65494680044645e-01
1.67000000000000e+01	4.61726433746033e-01
1.67100000000000e+01	4.57983931746397e-01
1.67200000000000e+01	4.54276047974041e-01
1.67300000000000e+01	4.50591757447206e-01
1.67400000000000e+01	4.46930292036302e-01
1.67500000000000e+01	4.43296820973961e-01
1.67600000000000e+01	4.39682876040137e-01
1.67700000000000e+01	4.36089956873179e-01
1.67800000000000e+01	4.32515300854552e-01
1.67900000000000e+01	4.28962583061045e-01
1.68000000000000e+01	4.25430037570559e-01
1.68100000000000e+01	4.21916158627467e-01
1.68200000000000e+01	4.18426235887121e-01
1.68300000000000e+01	4.14956793650708e-01
1.68400000000000e+01	4.11515192710600e-01
1.68500000000000e+01	4.08097777537518e-01
1.68600000000000e+01	4.04705323236532e-01
1.68700000000000e+01	4.01341718387605e-01
1.68800000000000e+01	3.98008820156009e-01
1.68900000000000e+01	3.94705917287354e-01
1.69000000000000e+01	3.91432898034968e-01
1.69100000000000e+01	3.88187935845260e-01
1.69200000000000e+01	3.84977767559040e-01
1.69300000000000e+01	3.81797054505637e-01
1.69400000000000e+01	3.78647169596699e-01
1.69500000000000e+01	3.75532635972031e-01
1.69600000000000e+01	3.72447595594413e-01
1.69700000000000e+01	3.69399550862422e-01
1.69800000000000e+01	3.66385414685816e-01
1.69900000000000e+01	3.63408438809329e-01
1.70000000000000e+01	3.60466386818422e-01
1.70100000000000e+01	3.57563665691882e-01
1.70200000000000e+01	3.54699963326436e-01
1.70300000000000e+01	3.51872260195740e-01
1.70400000000000e+01	3.49082269997352e-01
1.70500000000000e+01	3.46327303865831e-01
1.70600000000000e+01	3.43607655508065e-01
1.70700000000000e+01	3.40922042058245e-01
1.70800000000000e+01	3.38264878752709e-01
1.70900000000000e+01	3.35636950932265e-01
1.71000000000000e+01	3.33034284894187e-01
1.71100000000000e+01	3.30456915156964e-01
1.71200000000000e+01	3.27901363151556e-01
1.71300000000000e+01	3.25365457800232e-01
1.71400000000000e+01	3.22850172533175e-01
1.71500000000000e+01	3.20354370806706e-01
1.71600000000000e+01	3.17874312900257e-01
1.71700000000000e+01	3.15410942852271e-01
1.71800000000000e+01	3.12964722690389e-01
1.71900000000000e+01	3.10537723907372e-01
1.72000000000000e+01	3.08128069076556e-01
1.72100000000000e+01	3.05734742458012e-01
1.72200000000000e+01	3.03357553980632e-01
1.72300000000000e+01	3.00997112352565e-01
1.72400000000000e+01	2.98655938788299e-01
1.72500000000000e+01	2.96331307415853e-01
1.72600000000000e+01	2.94020272598482e-01
1.72700000000000e+01	2.91728539691392e-01
1.72800000000000e+01	2.89451321841489e-01
1.72900000000000e+01	2.87190836566018e-01
1.73000000000000e+01	2.84944577569551e-01
1.73100000000000e+01	2.82714688268249e-01
1.73200000000000e+01	2.80499061178305e-01
1.73300000000000e+01	2.78298828572103e-01
1.73400000000000e+01	2.76112074759662e-01
1.73500000000000e+01	2.73943768680532e-01
1.73600000000000e+01	2.71786969514791e-01
1.73700000000000e+01	2.69645925578932e-01
1.73800000000000e+01	2.67520734786413e-01
1.73900000000000e+01	2.65409525567344e-01
1.74000000000000e+01	2.63315173779850e-01
1.74100000000000e+01	2.61236189824083e-01
1.74200000000000e+01	2.59171356391125e-01
1.74300000000000e+01	2.57120746448547e-01
1.74400000000000e+01	2.55086973350648e-01
1.74500000000000e+01	2.53068406285228e-01
1.74600000000000e+01	2.51064494514625e-01
1.74700000000000e+01	2.49076137015681e-01
1.74800000000000e+01	2.47101169278539e-01
1.74900000000000e+01	2.45140642551908e-01
1.75000000000000e+01	2.43195561695318e-01
1.75100000000000e+01	2.41263213935682e-01
1.75200000000000e+01	2.39342762025330e-01
1.75300000000000e+01	2.37436106348640e-01
1.75400000000000e+01	2.35543298723427e-01
1.75500000000000e+01	2.33663473359001e-01
1.75600000000000e+01	2.31797483382557e-01
1.75700000000000e+01	2.29944682891961e-01
1.75800000000000e+01	2.28106741253671e-01
1.75900000000000e+01	2.26283277136234e-01
1.76000000000000e+01	2.24475817449753e-01
1.76100000000000e+01	2.22684538582999e-01
1.76200000000000e+01	2.20910203244090e-01
1.76300000000000e+01	2.19152650822973e-01
1.76400000000000e+01	2.17412973677060e-01
1.76500000000000e+01	2.15691753182785e-01
1.76600000000000e+01	2.13987571053596e-01
1.76700000000000e+01	2.12299437000143e-01
1.76800000000000e+01	2.10629106653193e-01
1.76900000000000e+01	2.08976648459086e-01
1.77000000000000e+01	2.07338538745062e-01
1.77100000000000e+01	2.05715315360700e-01
1.77200000000000e+01	2.04109006243998e-01
1.77300000000000e+01	2.02514269215654e-01
1.77400000000000e+01	2.00934343545097e-01
1.77500000000000e+01	1.99367591796914e-01
1.77600000000000e+01	1.97813167043932e-01
1.77700000000000e+01	1.96271223785536e-01
1.77800000000000e+01	1.94740549884712e-01
1.77900000000000e+01	1.93222552931648e-01
1.78000000000000e+01	1.91714466813342e-01
1.78100000000000e+01	1.90218927872205e-01
1.78200000000000e+01	1.88734030878239e-01
1.78300000000000e+01	1.87260730786637e-01
1.78400000000000e+01	1.85798199898760e-01
1.78500000000000e+01	1.84348112056724e-01
1.78600000000000e+01	1.82908997325702e-01
1.78700000000000e+01	1.81481892936850e-01
1.78800000000000e+01	1.80065267577557e-01
1.78900000000000e+01	1.78661032399469e-01
1.79000000000000e+01	1.77267707984050e-01
1.79100000000000e+01	1.75886051292483e-01
1.79200000000000e+01	1.74514573930176e-01
1.79300000000000e+01	1.73155185372321e-01
1.79400000000000e+01	1.71805532821292e-01
1.79500000000000e+01	1.70467874642078e-01
1.79600000000000e+01	1.69140611453204e-01
1.79700000000000e+01	1.67824945607956e-01
1.79800000000000e+01	1.66523271856486e-01
1.79900000000000e+01	1.65233371978724e-01
1.80000000000000e+01	1.63958281197842e-01
1.80100000000000e+01	1.62699802229151e-01
1.80200000000000e+01	1.61456242420972e-01
1.80300000000000e+01	1.60230809504901e-01
1.80400000000000e+01	1.59022277311313e-01
1.80500000000000e+01	1.57830908040686e-01
1.80600000000000e+01	1.56657426648889e-01
1.80700000000000e+01	1.55502335250591e-01
1.80800000000000e+01	1.54362641804454e-01
1.80900000000000e+01	1.53237469448323e-01
1.81000000000000e+01	1.52126551585119e-01
1.81100000000000e+01	1.51028890094237e-01
1.81200000000000e+01	1.49940483873450e-01
1.81300000000000e+01	1.48863382555703e-01
1.81400000000000e+01	1.47793511582133e-01
1.81500000000000e+01	1.46730510978758e-01
1.81600000000000e+01	1.45674071986295e-01
1.81700000000000e+01	1.44622958353010e-01
1.81800000000000e+01	1.43576950053442e-01
1.81900000000000e+01	1.42535583876970e-01
1.82000000000000e+01	1.41498158007844e-01
1.82100000000000e+01	1.40465582457504e-01
1.82200000000000e+01	1.39438584865955e-01
1.82300000000000e+01	1.38415860362417e-01
1.82400000000000e+01	1.37397462938962e-01
1.82500000000000e+01	1.36384910113204e-01
1.82600000000000e+01	1.35378708896714e-01
1.82700000000000e+01	1.34377073252703e-01
1.82800000000000e+01	1.33383502961631e-01
1.82900000000000e+01	1.32395182242192e-01
1.83000000000000e+01	1.31416760500040e-01
1.83100000000000e+01	1.30444215411661e-01
1.83200000000000e+01	1.29481380724433e-01
1.83300000000000e+01	1.28528154684516e-01
1.83400000000000e+01	1.27584135613950e-01
1.83500000000000e+01	1.26649813407930e-01
1.83600000000000e+01	1.25726608463509e-01
1.83700000000000e+01	1.24813827319515e-01
1.83800000000000e+01	1.23912816468863e-01
1.83900000000000e+01	1.23022615619241e-01
1.84000000000000e+01	1.22144289183487e-01
1.84100000000000e+01	1.21276739413183e-01
1.84200000000000e+01	1.20420723220607e-01
1.84300000000000e+01	1.19573828260791e-01
1.84400000000000e+01	1.18738500893811e-01
1.84500000000000e+01	1.17912113434607e-01
1.84600000000000e+01	1.17093798381159e-01
1.84700000000000e+01	1.16283802079507e-01
1.84800000000000e+01	1.15480227874291e-01
1.84900000000000e+01	1.14682162683222e-01
1.85000000000000e+01	1.13889842481995e-01
1.85100000000000e+01	1.13102495817573e-01
1.85200000000000e+01	1.12318471214785e-01
1.85300000000000e+01	1.11537330200261e-01
1.85400000000000e+01	1.10759605191512e-01
1.85500000000000e+01	1.09984064850093e-01
1.85600000000000e+01	1.09210543676199e-01
1.85700000000000e+01	1.08440061528864e-01
1.85800000000000e+01	1.07672637342559e-01
1.85900000000000e+01	1.06907421554530e-01
1.86000000000000e+01	1.06144715119509e-01
1.86100000000000e+01	1.05385702950589e-01
1.86200000000000e+01	1.04629785555738e-01
1.86300000000000e+01	1.03877252608135e-01
1.86400000000000e+01	1.03129355881057e-01
1.86500000000000e+01	1.02386371207054e-01
1.86600000000000e+01	1.01646778764269e-01
1.86700000000000e+01	1.00913448453367e-01
1.86800000000000e+01	1.00183853700321e-01
1.86900000000000e+01	9.94598450918096e-02
1.87000000000000e+01	9.87415532137785e-02
1.87100000000000e+01	9.80271626235945e-02
1.87200000000000e+01	9.73192331563858e-02
1.87300000000000e+01	9.66151248091295e-02
1.87400000000000e+01	9.59164426169312e-02
1.87500000000000e+01	9.52231014209994e-02
1.87600000000000e+01	9.45340958927866e-02
1.87700000000000e+01	9.38493554005538e-02
1.87800000000000e+01	9.31695948588630e-02
1.87900000000000e+01	9.24938529023204e-02
1.88000000000000e+01	9.18220897469506e-02
1.88100000000000e+01	9.11550242584922e-02
1.88200000000000e+01	9.04925410236049e-02
1.88300000000000e+01	8.98329781566671e-02
1.88400000000000e+01	8.91786789437415e-02
1.88500000000000e+01	8.85272398212028e-02
1.88600000000000e+01	8.78802092108477e-02
1.88700000000000e+01	8.72367685886707e-02
1.88800000000000e+01	8.65977847340240e-02
1.88900000000000e+01	8.59625342712843e-02
1.89000000000000e+01	8.53318667440308e-02
1.89100000000000e+01	8.47043664210427e-02
1.89200000000000e+01	8.40825624375449e-02
1.89300000000000e+01	8.34643465323671e-02
1.89400000000000e+01	8.28514917631067e-02
1.89500000000000e+01	8.22442368415953e-02
1.89600000000000e+01	8.16420871790804e-02
1.89700000000000e+01	8.10452244022624e-02
1.89800000000000e+01	8.04546154662883e-02
1.89900000000000e+01	7.98696607934785e-02
1.90000000000000e+01	7.92903354147281e-02
1.90100000000000e+01	7.87173483636886e-02
1.90200000000000e+01	7.81498007108900e-02
1.90300000000000e+01	7.75881231379700e-02
1.90400000000000e+01	7.70306127904485e-02
1.90500000000000e+01	7.64790064507879e-02
1.90600000000000e+01	7.59308730898605e-02
1.90700000000000e+01	7.53880464857964e-02
1.90800000000000e+01	7.48483611449473e-02
1.90900000000000e+01	7.43132109683481e-02
1.91000000000000e+01	7.37821929801267e-02
1.91100000000000e+01	7.32564907688536e-02
1.91200000000000e+01	7.27360614559394e-02
1.91300000000000e+01	7.22217460562680e-02
1.91400000000000e+01	7.17150479831626e-02
1.91500000000000e+01	7.12160966648917e-02
1.91600000000000e+01	7.07256104612896e-02
1.91700000000000e+01	7.02446525361434e-02
1.91800000000000e+01	6.97726903814048e-02
1.91900000000000e+01	6.93102682029433e-02
1.92000000000000e+01	6.88561942378502e-02
1.92100000000000e+01	6.84096532229124e-02
1.92200000000000e+01	6.79703356881721e-02
1.92300000000000e+01	6.75364114468682e-02
1.92400000000000e+01	6.71067533211801e-02
1.92500000000000e+01	6.66808054632817e-02
1.92600000000000e+01	6.62569859474518e-02
1.92700000000000e+01	6.58344417343213e-02
1.92800000000000e+01	6.54131953413981e-02
1.92900000000000e+01	6.49927974511071e-02
1.93000000000000e+01	6.45718282835466e-02
1.93100000000000e+01	6.41514360988925e-02
1.93200000000000e+01	6.37310962785716e-02
1.93300000000000e+01	6.33115734765725e-02
1.93400000000000e+01	6.28924565971838e-02
1.93500000000000e+01	6.24739776545891e-02
1.93600000000000e+01	6.20569222761860e-02
1.93700000000000e+01	6.16408999218349e-02
1.93800000000000e+01	6.12267137422758e-02
1.93900000000000e+01	6.08139047797861e-02
1.94000000000000e+01	6.04025909824665e-02
1.94100000000000e+01	5.99929387016301e-02
1.94200000000000e+01	5.95855740847797e-02
1.94300000000000e+01	5.91800334203748e-02
1.94400000000000e+01	5.87769334303246e-02
1.94500000000000e+01	5.83757948139812e-02
1.94600000000000e+01	5.79766584733656e-02
1.94700000000000e+01	5.75801670485238e-02
1.94800000000000e+01	5.71857722009602e-02
1.94900000000000e+01	5.67935158898979e-02
1.95000000000000e+01	5.64034691094480e-02
1.95100000000000e+01	5.60161956889294e-02
1.95200000000000e+01	5.56317528681174e-02
1.95300000000000e+01	5.52490739916958e-02
1.95400000000000e+01	5.48698182375605e-02
1.95500000000000e+01	5.44924553989727e-02
1.95600000000000e+01	5.41181447324751e-02
1.95700000000000e+01	5.37463536772975e-02
1.95800000000000e+01	5.33772483693331e-02
1.95900000000000e+01	5.30113220818765e-02
1.96000000000000e+01	5.26481479506173e-02
1.96100000000000e+01	5.22877941412665e-02
1.96200000000000e+01	5.19307658203989e-02
1.96300000000000e+01	5.15765862728530e-02
1.96400000000000e+01	5.12251909631157e-02
1.96500000000000e+01	5.08770967577018e-02
1.96600000000000e+01	5.05317166578054e-02
1.96700000000000e+01	5.01895006224755e-02
1.96800000000000e+01	4.98493788201949e-02
1.96900000000000e+01	4.95127447702452e-02
1.97000000000000e+01	4.91771235560001e-02
1.97100000000000e+01	4.88443496743631e-02
1.97200000000000e+01	4.85124884207950e-02
1.97300000000000e+01	4.81815243935026e-02
1.97400000000000e+01	4.78496304707952e-02
1.97500000000000e+01	4.75141600532688e-02
1.97600000000000e+01	4.71707698747874e-02
1.97700000000000e+01	4.68131246088146e-02
1.97800000000000e+01	4.64301996733681e-02
1.97900000000000e+01	4.60076149092867e-02
1.98000000000000e+01	4.55214833635149e-02
1.98100000000000e+01	4.49413463377510e-02
1.98200000000000e+01	4.42255627508851e-02
1.98300000000000e+01	4.33193867156496e-02
1.98400000000000e+01	4.21589940625365e-02
1.98500000000000e+01	4.06710296307658e-02
1.98600000000000e+01	3.87795149327180e-02
1.98700000000000e+01	3.64160493744173e-02
1.98800000000000e+01	3.35342292726082e-02
1.98900000000000e+01	3.01229849310089e-02
1.99000000000000e+01	2.62262261839198e-02
1.99100000000000e+01	2.19543880988025e-02
1.99200000000000e+01	1.74876338135292e-02
1.99300000000000e+01	1.30669128047361e-02
1.99400000000000e+01	8.96848824097188e-03
1.99500000000000e+01	5.46309848035900e-03
1.99600000000000e+01	2.76691091625260e-03
1.99700000000000e+01	9.95492807064367e-04
1.99800000000000e+01	1.34747900631953e-04
1.99900000000000e+01	4.09872485131967e-05
2.00000000000000e+01	4.73558982848097e-04
