1.00000000000000e-02	1.20235186947483e+17
2.00000000000000e-02	7.51451038614098e+15
3.00000000000000e-02	1.48428081036290e+15
4.00000000000000e-02	4.69607234476398e+14
5.00000000000000e-02	1.92336248433135e+14
6.00000000000000e-02	9.27460112574651e+13
7.00000000000000e-02	5.00564478942665e+13
8.00000000000000e-02	2.93384614430193e+13
9.00000000000000e-02	1.83131613819369e+13
1.00000000000000e-01	1.20132942085916e+13
1.10000000000000e-01	8.20378091671077e+12
1.20000000000000e-01	5.79125804247017e+12
1.30000000000000e-01	4.20369736974582e+12
1.40000000000000e-01	3.12459876339185e+12
1.50000000000000e-01	2.37046202953563e+12
1.60000000000000e-01	1.83062608274269e+12
1.70000000000000e-01	1.43602945579414e+12
1.80000000000000e-01	1.14218985635413e+12
1.90000000000000e-01	9.19762477724188e+11
2.00000000000000e-01	7.48900949424230e+11
2.10000000000000e-01	6.15901727163105e+11
2.20000000000000e-01	5.11144781808736e+11
2.30000000000000e-01	4.27711858998923e+11
2.40000000000000e-01	3.60615410256799e+11
2.50000000000000e-01	3.06155281900170e+11
2.60000000000000e-01	2.61590201974720e+11
2.70000000000000e-01	2.24830674601301e+11
2.80000000000000e-01	1.94303293571971e+11
2.90000000000000e-01	1.68773933522575e+11
3.00000000000000e-01	1.47296138612351e+11
3.10000000000000e-01	1.29122145523504e+11
3.20000000000000e-01	1.13661156612893e+11
3.30000000000000e-01	1.00441675595349e+11
3.40000000000000e-01	8.90839219694748e+10
3.50000000000000e-01	7.92843402932346e+10
3.60000000000000e-01	7.07917020855685e+10
3.70000000000000e-01	6.34031904167048e+10
3.80000000000000e-01	5.69514367394095e+10
3.90000000000000e-01	5.12969052000707e+10
4.00000000000000e-01	4.63246820324828e+10
4.10000000000000e-01	4.19381649209950e+10
4.20000000000000e-01	3.80571996511919e+10
4.30000000000000e-01	3.46128844540581e+10
4.40000000000000e-01	3.15482165025110e+10
4.50000000000000e-01	2.88137786014459e+10
4.60000000000000e-01	2.63677023246209e+10
4.70000000000000e-01	2.41748460165397e+10
4.80000000000000e-01	2.22041185726475e+10
4.90000000000000e-01	2.04290118351745e+10
5.00000000000000e-01	1.88268038130818e+10
5.10000000000000e-01	1.73774362166488e+10
5.20000000000000e-01	1.60646836678212e+10
5.30000000000000e-01	1.48722847592440e+10
5.40000000000000e-01	1.37880205437863e+10
5.50000000000000e-01	1.28002034007891e+10
5.60000000000000e-01	1.18983771331381e+10
5.70000000000000e-01	1.10740221273074e+10
5.80000000000000e-01	1.03195723904600e+10
5.90000000000000e-01	9.62754458765036e+09
6.00000000000000e-01	8.99218571070712e+09
6.10000000000000e-01	8.40776032986172e+09
6.20000000000000e-01	7.86973854148841e+09
6.30000000000000e-01	7.37365512783869e+09
6.40000000000000e-01	6.91581315220053e+09
6.50000000000000e-01	6.49251729404773e+09
6.60000000000000e-01	6.10080872803521e+09
6.70000000000000e-01	5.73770878361860e+09
6.80000000000000e-01	5.40105070636276e+09
6.90000000000000e-01	5.08849787252910e+09
7.00000000000000e-01	4.79794663481109e+09
7.10000000000000e-01	4.52756191621734e+09
7.20000000000000e-01	4.27564745572580e+09
7.30000000000000e-01	4.04090760010115e+09
7.40000000000000e-01	3.82171819607382e+09
7.50000000000000e-01	3.61707774246006e+09
7.60000000000000e-01	3.42565810886613e+09
7.70000000000000e-01	3.24662011654621e+09
7.80000000000000e-01	3.07889609174558e+09
7.90000000000000e-01	2.92171777782783e+09
8.00000000000000e-01	2.77424964538279e+09
8.10000000000000e-01	2.63579770444588e+09
8.20000000000000e-01	2.50574891282280e+09
8.30000000000000e-01	2.38345863857892e+09
8.40000000000000e-01	2.26845584322404e+09
8.50000000000000e-01	2.16009340214093e+09
8.60000000000000e-01	2.05803029709407e+09
8.70000000000000e-01	1.96177924515494e+09
8.80000000000000e-01	1.87094140771001e+09
8.90000000000000e-01	1.78521187315587e+09
9.00000000000000e-01	1.70421569591727e+09
9.10000000000000e-01	1.62762672598259e+09
9.20000000000000e-01	1.55519217017300e+09
9.30000000000000e-01	1.48664736090251e+09
9.40000000000000e-01	1.42173774965562e+09
9.50000000000000e-01	1.36020770374738e+09
9.60000000000000e-01	1.30186217601829e+09
9.70000000000000e-01	1.24652430656472e+09
9.80000000000000e-01	1.19400605288921e+09
9.90000000000000e-01	1.14411332317246e+09
1.00000000000000e+00	1.09673925468576e+09
1.01000000000000e+00	1.05166500341512e+09
1.02000000000000e+00	1.00878113820284e+09
1.03000000000000e+00	9.68000623783460e+08
1.04000000000000e+00	9.29153567989213e+08
1.05000000000000e+00	8.92144154744747e+08
1.06000000000000e+00	8.56864718386048e+08
1.07000000000000e+00	8.23245549104547e+08
1.08000000000000e+00	7.91153653718811e+08
1.09000000000000e+00	7.60513269225546e+08
1.10000000000000e+00	7.31263708141243e+08
1.11000000000000e+00	7.03309679574844e+08
1.12000000000000e+00	6.76585733615890e+08
1.13000000000000e+00	6.51031177322724e+08
1.14000000000000e+00	6.26580943000277e+08
1.15000000000000e+00	6.03173295402937e+08
1.16000000000000e+00	5.80746848296064e+08
1.17000000000000e+00	5.59266230164715e+08
1.18000000000000e+00	5.38668387826851e+08
1.19000000000000e+00	5.18908005408138e+08
1.20000000000000e+00	4.99946325358797e+08
1.21000000000000e+00	4.81730963047793e+08
1.22000000000000e+00	4.64226062605680e+08
1.23000000000000e+00	4.47403259190539e+08
1.24000000000000e+00	4.31202778261883e+08
1.25000000000000e+00	4.15602206239684e+08
1.26000000000000e+00	4.00539896388808e+08
1.27000000000000e+00	3.85998071016733e+08
1.28000000000000e+00	3.71900845118162e+08
1.29000000000000e+00	3.58220789884452e+08
1.30000000000000e+00	3.44889026361975e+08
1.31000000000000e+00	3.31859003271762e+08
1.32000000000000e+00	3.19064744735907e+08
1.33000000000000e+00	3.06447808114255e+08
1.34000000000000e+00	2.93947728670013e+08
1.35000000000000e+00	2.81520265418699e+08
1.36000000000000e+00	2.69127982894251e+08
1.37000000000000e+00	2.56755755142702e+08
1.38000000000000e+00	2.44406638017571e+08
1.39000000000000e+00	2.32114758900225e+08
1.40000000000000e+00	2.19958395298473e+08
1.41000000000000e+00	2.08035666967082e+08
1.42000000000000e+00	1.96487694269451e+08
1.43000000000000e+00	1.85484601839737e+08
1.44000000000000e+00	1.75215545203946e+08
1.45000000000000e+00	1.65877217811954e+08
1.46000000000000e+00	1.57668774752914e+08
1.47000000000000e+00	1.50756444357623e+08
1.48000000000000e+00	1.45288747045241e+08
1.49000000000000e+00	1.41356113916428e+08
1.50000000000000e+00	1.38998076766042e+08
1.51000000000000e+00	1.38194525893844e+08
1.52000000000000e+00	1.38861669509533e+08
1.53000000000000e+00	1.40865450043668e+08
1.54000000000000e+00	1.44018221528026e+08
1.55000000000000e+00	1.48095773828523e+08
1.56000000000000e+00	1.52859259647379e+08
1.57000000000000e+00	1.58051835235310e+08
1.58000000000000e+00	1.63418861443076e+08
1.59000000000000e+00	1.68715444582763e+08
1.60000000000000e+00	1.73713074331561e+08
1.61000000000000e+00	1.78205065558528e+08
1.62000000000000e+00	1.82006187935523e+08
1.63000000000000e+00	1.84956143759807e+08
1.64000000000000e+00	1.86925859129336e+08
1.65000000000000e+00	1.87843987865105e+08
1.66000000000000e+00	1.87689988816941e+08
1.67000000000000e+00	1.86542662753217e+08
1.68000000000000e+00	1.84544162163415e+08
1.69000000000000e+00	1.81915412284520e+08
1.70000000000000e+00	1.78911104612136e+08
1.71000000000000e+00	1.75836805267348e+08
1.72000000000000e+00	1.73048072461311e+08
1.73000000000000e+00	1.70994325628787e+08
1.74000000000000e+00	1.70232711935280e+08
1.75000000000000e+00	1.71384291312017e+08
1.76000000000000e+00	1.75100504583636e+08
1.77000000000000e+00	1.81996223558175e+08
1.78000000000000e+00	1.92591563398016e+08
1.79000000000000e+00	2.07232813427385e+08
1.80000000000000e+00	2.25990774828063e+08
1.81000000000000e+00	2.48596515146175e+08
1.82000000000000e+00	2.74449476178952e+08
1.83000000000000e+00	3.02754111065163e+08
1.84000000000000e+00	3.32735042914693e+08
1.85000000000000e+00	3.63855105600448e+08
1.86000000000000e+00	3.95805944258338e+08
1.87000000000000e+00	4.28494326797182e+08
1.88000000000000e+00	4.61877632749838e+08
1.89000000000000e+00	4.95895576337310e+08
1.90000000000000e+00	5.30424687141651e+08
1.91000000000000e+00	5.65187487928781e+08
1.92000000000000e+00	5.99787803551344e+08
1.93000000000000e+00	6.33604226337240e+08
1.94000000000000e+00	6.65823564496515e+08
1.95000000000000e+00	6.95437272892667e+08
1.96000000000000e+00	7.21305301200215e+08
1.97000000000000e+00	7.42261393562379e+08
1.98000000000000e+00	7.57194876888529e+08
1.99000000000000e+00	7.65170604665033e+08
2.00000000000000e+00	7.65491914166005e+08
2.01000000000000e+00	7.57751490969262e+08
2.02000000000000e+00	7.41909531565113e+08
2.03000000000000e+00	7.18298254395941e+08
2.04000000000000e+00	6.87610613531043e+08
2.05000000000000e+00	6.50917169445412e+08
2.06000000000000e+00	6.09534693695818e+08
2.07000000000000e+00	5.64905372997516e+08
2.08000000000000e+00	5.18481066633483e+08
2.09000000000000e+00	4.71534840540708e+08
2.10000000000000e+00	4.25142710768414e+08
2.11000000000000e+00	3.80172331576212e+08
2.12000000000000e+00	3.37325873106663e+08
2.13000000000000e+00	2.97228815185750e+08
2.14000000000000e+00	2.60442969293990e+08
2.15000000000000e+00	2.27395789017640e+08
2.16000000000000e+00	1.98328896898549e+08
2.17000000000000e+00	1.73204913773011e+08
2.18000000000000e+00	1.51740084866389e+08
2.19000000000000e+00	1.33444028597978e+08
2.20000000000000e+00	1.17742474299304e+08
2.21000000000000e+00	1.04070742401872e+08
2.22000000000000e+00	9.19575983197579e+07
2.23000000000000e+00	8.10943956312160e+07
2.24000000000000e+00	7.13349984403823e+07
2.25000000000000e+00	6.26730700275818e+07
2.26000000000000e+00	5.51635586876158e+07
2.27000000000000e+00	4.88512446929117e+07
2.28000000000000e+00	4.37252841269392e+07
2.29000000000000e+00	3.97050733049011e+07
2.30000000000000e+00	3.66492529021423e+07
2.31000000000000e+00	3.43715174122281e+07
2.32000000000000e+00	3.26561131534581e+07
2.33000000000000e+00	3.12694756775014e+07
2.34000000000000e+00	2.99749818865395e+07
2.35000000000000e+00	2.85598880206221e+07
2.36000000000000e+00	2.68614180921234e+07
2.37000000000000e+00	2.47945457249711e+07
2.38000000000000e+00	2.23612552995128e+07
2.39000000000000e+00	1.96426579755223e+07
2.40000000000000e+00	1.67806055526069e+07
2.41000000000000e+00	1.39536694309246e+07
2.42000000000000e+00	1.13493609171862e+07
2.43000000000000e+00	9.13776339262974e+06
2.44000000000000e+00	7.44805025104018e+06
2.45000000000000e+00	6.35581551015357e+06
2.46000000000000e+00	5.87904657983278e+06
2.47000000000000e+00	5.98500895633868e+06
2.48000000000000e+00	6.59986777829237e+06
2.49000000000000e+00	7.62217969961620e+06
2.50000000000000e+00	8.93420961694803e+06
2.51000000000000e+00	1.04133691643804e+07
2.52000000000000e+00	1.19405447684474e+07
2.53000000000000e+00	1.34062460271318e+07
2.54000000000000e+00	1.47160266753031e+07
2.55000000000000e+00	1.57962461410158e+07
2.56000000000000e+00	1.65958458629632e+07
2.57000000000000e+00	1.70900822615480e+07
2.58000000000000e+00	1.72775996905071e+07
2.59000000000000e+00	1.71778976586918e+07
2.60000000000000e+00	1.68228477188884e+07
2.61000000000000e+00	1.62519159805496e+07
2.62000000000000e+00	1.55059162341308e+07
2.63000000000000e+00	1.46283853640021e+07
2.64000000000000e+00	1.36712462304701e+07
2.65000000000000e+00	1.26980359716719e+07
2.66000000000000e+00	1.17807485746489e+07
2.67000000000000e+00	1.09882049800964e+07
2.68000000000000e+00	1.03733912097467e+07
2.69000000000000e+00	9.96805491062854e+06
2.70000000000000e+00	9.78333401729841e+06
2.71000000000000e+00	9.81661149302487e+06
2.72000000000000e+00	1.00567993967608e+07
2.73000000000000e+00	1.04889546491247e+07
2.74000000000000e+00	1.10965582915696e+07
2.75000000000000e+00	1.18635518511453e+07
2.76000000000000e+00	1.27739423447763e+07
2.77000000000000e+00	1.38120205755178e+07
2.78000000000000e+00	1.49594119903389e+07
2.79000000000000e+00	1.61938279277834e+07
2.80000000000000e+00	1.74844560351342e+07
2.81000000000000e+00	1.87935482438511e+07
2.82000000000000e+00	2.00771955120397e+07
2.83000000000000e+00	2.12894063557247e+07
2.84000000000000e+00	2.23875318258264e+07
2.85000000000000e+00	2.33379246794800e+07
2.86000000000000e+00	2.41187865857648e+07
2.87000000000000e+00	2.47240245455236e+07
2.88000000000000e+00	2.51590014166467e+07
2.89000000000000e+00	2.54385671271772e+07
2.90000000000000e+00	2.55790043375584e+07
2.91000000000000e+00	2.55942724253465e+07
2.92000000000000e+00	2.54918317074333e+07
2.93000000000000e+00	2.52727398880812e+07
2.94000000000000e+00	2.49360129467247e+07
2.95000000000000e+00	2.44817189768048e+07
2.96000000000000e+00	2.39181940635174e+07
2.97000000000000e+00	2.32617604638603e+07
2.98000000000000e+00	2.25385210523625e+07
2.99000000000000e+00	2.17768206708055e+07
3.00000000000000e+00	2.10014127921716e+07
3.01000000000000e+00	2.02286795433295e+07
3.02000000000000e+00	1.94625600506120e+07
3.03000000000000e+00	1.86967247122963e+07
3.04000000000000e+00	1.79193156241731e+07
3.05000000000000e+00	1.71165151397709e+07
3.06000000000000e+00	1.62785547004796e+07
3.07000000000000e+00	1.54031673557051e+07
3.08000000000000e+00	1.44966876142701e+07
3.09000000000000e+00	1.35741927874367e+07
3.10000000000000e+00	1.26582011979181e+07
3.11000000000000e+00	1.17747229463006e+07
3.12000000000000e+00	1.09502388248996e+07
3.13000000000000e+00	1.02074701930345e+07
3.14000000000000e+00	9.56124233291230e+06
3.15000000000000e+00	9.01566603853984e+06
3.16000000000000e+00	8.56423642641818e+06
3.17000000000000e+00	8.19030662829012e+06
3.18000000000000e+00	7.86994035165741e+06
3.19000000000000e+00	7.57730439155749e+06
3.20000000000000e+00	7.28872659152942e+06
3.21000000000000e+00	6.98615254750189e+06
3.22000000000000e+00	6.65815958214234e+06
3.23000000000000e+00	6.29972357926682e+06
3.24000000000000e+00	5.91083627201106e+06
3.25000000000000e+00	5.49578150007614e+06
3.26000000000000e+00	5.06195910960201e+06
3.27000000000000e+00	4.61894186343422e+06
3.28000000000000e+00	4.17733330681954e+06
3.29000000000000e+00	3.74782550746965e+06
3.30000000000000e+00	3.34024306298423e+06
3.31000000000000e+00	2.96288607472755e+06
3.32000000000000e+00	2.62233911895298e+06
3.33000000000000e+00	2.32305300120208e+06
3.34000000000000e+00	2.06745206751697e+06
3.35000000000000e+00	1.85596894660388e+06
3.36000000000000e+00	1.68731217455196e+06
3.37000000000000e+00	1.55884514314429e+06
3.38000000000000e+00	1.46697237498033e+06
3.39000000000000e+00	1.40763967753610e+06
3.40000000000000e+00	1.37680632938381e+06
3.41000000000000e+00	1.37085276469773e+06
3.42000000000000e+00	1.38699859665728e+06
3.43000000000000e+00	1.42355093706812e+06
3.44000000000000e+00	1.47994180094559e+06
3.45000000000000e+00	1.55663932933207e+06
3.46000000000000e+00	1.65496660397948e+06
3.47000000000000e+00	1.77677559033107e+06
3.48000000000000e+00	1.92421120847939e+06
3.49000000000000e+00	2.09943753304030e+06
3.50000000000000e+00	2.30451668335172e+06
3.51000000000000e+00	2.54130521299006e+06
3.52000000000000e+00	2.81142060885546e+06
3.53000000000000e+00	3.11600462354000e+06
3.54000000000000e+00	3.45549186165064e+06
3.55000000000000e+00	3.82903898307467e+06
3.56000000000000e+00	4.23372663747564e+06
3.57000000000000e+00	4.66430985140672e+06
3.58000000000000e+00	5.11220922383745e+06
3.59000000000000e+00	5.56575183548544e+06
3.60000000000000e+00	6.01042011896186e+06
3.61000000000000e+00	6.42898585366145e+06
3.62000000000000e+00	6.80235498255424e+06
3.63000000000000e+00	7.11110386533040e+06
3.64000000000000e+00	7.33579683924998e+06
3.65000000000000e+00	7.45956513603884e+06
3.66000000000000e+00	7.46947920361681e+06
3.67000000000000e+00	7.35888674530382e+06
3.68000000000000e+00	7.12890029707047e+06
3.69000000000000e+00	6.78968121426630e+06
3.70000000000000e+00	6.36064761688215e+06
3.71000000000000e+00	5.86914037646085e+06
3.72000000000000e+00	5.34903511407600e+06
3.73000000000000e+00	4.83678253008632e+06
3.74000000000000e+00	4.36765473384153e+06
3.75000000000000e+00	3.97100550987618e+06
3.76000000000000e+00	3.66687973946178e+06
3.77000000000000e+00	3.46370359619068e+06
3.78000000000000e+00	3.35828519515953e+06
3.79000000000000e+00	3.33719940188182e+06
3.80000000000000e+00	3.37931818604062e+06
3.81000000000000e+00	3.45878908297737e+06
3.82000000000000e+00	3.54781119132240e+06
3.83000000000000e+00	3.61908264112313e+06
3.84000000000000e+00	3.64785083784528e+06
3.85000000000000e+00	3.61376412902511e+06
3.86000000000000e+00	3.50243313398202e+06
3.87000000000000e+00	3.30666578369003e+06
3.88000000000000e+00	3.02776671748836e+06
3.89000000000000e+00	2.67636413731842e+06
3.90000000000000e+00	2.27284307199755e+06
3.91000000000000e+00	1.84710600222551e+06
3.92000000000000e+00	1.43766860081113e+06
3.93000000000000e+00	1.08959470914345e+06
3.94000000000000e+00	8.51343419361894e+05
3.95000000000000e+00	7.70337871555593e+05
3.96000000000000e+00	8.87670649891059e+05
3.97000000000000e+00	1.23273261102346e+06
3.98000000000000e+00	1.81888740760744e+06
3.99000000000000e+00	2.64151706010750e+06
4.00000000000000e+00	3.67888157505288e+06
4.01000000000000e+00	4.89561852553267e+06
4.02000000000000e+00	6.24752409492908e+06
4.03000000000000e+00	7.68593968741937e+06
4.04000000000000e+00	9.16237297385412e+06
4.05000000000000e+00	1.06307103218132e+07
4.06000000000000e+00	1.20506989474402e+07
4.07000000000000e+00	1.33897674112460e+07
4.08000000000000e+00	1.46251405412295e+07
4.09000000000000e+00	1.57454526779936e+07
4.10000000000000e+00	1.67503908955105e+07
4.11000000000000e+00	1.76491845853417e+07
4.12000000000000e+00	1.84576712024153e+07
4.13000000000000e+00	1.91949454041284e+07
4.14000000000000e+00	1.98790226298411e+07
4.15000000000000e+00	2.05239619773246e+07
4.16000000000000e+00	2.11368693309473e+07
4.17000000000000e+00	2.17163593887491e+07
4.18000000000000e+00	2.22524327284762e+07
4.19000000000000e+00	2.27259519213690e+07
4.20000000000000e+00	2.31096584317699e+07
4.21000000000000e+00	2.33690860008043e+07
4.22000000000000e+00	2.34655685998398e+07
4.23000000000000e+00	2.33580703729243e+07
4.24000000000000e+00	2.30091097904106e+07
4.25000000000000e+00	2.23898780845500e+07
4.26000000000000e+00	2.14860412421205e+07
4.27000000000000e+00	2.03032063561724e+07
4.28000000000000e+00	1.88685861958167e+07
4.29000000000000e+00	1.72292811058374e+07
4.30000000000000e+00	1.54472997483433e+07
4.31000000000000e+00	1.35923275560758e+07
4.32000000000000e+00	1.17339334708995e+07
4.33000000000000e+00	9.93510007862062e+06
4.34000000000000e+00	8.24748205316570e+06
4.35000000000000e+00	6.70939108171237e+06
4.36000000000000e+00	5.34454636881815e+06
4.37000000000000e+00	4.16326839724516e+06
4.38000000000000e+00	3.16414778649504e+06
4.39000000000000e+00	2.33685592918549e+06
4.40000000000000e+00	1.66546494345176e+06
4.41000000000000e+00	1.13166263471974e+06
4.42000000000000e+00	7.17681230595251e+05
4.43000000000000e+00	4.08437815433564e+05
4.44000000000000e+00	1.92698576446912e+05
4.45000000000000e+00	6.31954884978347e+04
4.46000000000000e+00	1.57841690684474e+04
4.47000000000000e+00	4.79617770830669e+04
4.48000000000000e+00	1.57166033686669e+05
4.49000000000000e+00	3.39342856974491e+05
4.50000000000000e+00	5.88150141337967e+05
4.51000000000000e+00	8.94983943681669e+05
4.52000000000000e+00	1.24958256994154e+06
4.53000000000000e+00	1.64124562138039e+06
4.54000000000000e+00	2.06008067603822e+06
4.55000000000000e+00	2.49810386966857e+06
4.56000000000000e+00	2.95034205502819e+06
4.57000000000000e+00	3.41569945387868e+06
4.58000000000000e+00	3.89791241094471e+06
4.59000000000000e+00	4.40673445394787e+06
4.60000000000000e+00	4.95926433928262e+06
4.61000000000000e+00	5.58201525575173e+06
4.62000000000000e+00	6.31304322732304e+06
4.63000000000000e+00	7.20542475139304e+06
4.64000000000000e+00	8.33066794440856e+06
4.65000000000000e+00	9.78346442024971e+06
4.66000000000000e+00	1.16867031154662e+07
4.67000000000000e+00	1.41963920589614e+07
4.68000000000000e+00	1.75066792369445e+07
4.69000000000000e+00	2.18520055816882e+07
4.70000000000000e+00	2.75079338083111e+07
4.71000000000000e+00	3.47863465585088e+07
4.72000000000000e+00	4.40238970358957e+07
4.73000000000000e+00	5.55593681382828e+07
4.74000000000000e+00	6.97000732526628e+07
4.75000000000000e+00	8.66656219680890e+07
4.76000000000000e+00	1.06517022827065e+08
4.77000000000000e+00	1.29072418212376e+08
4.78000000000000e+00	1.53817414704653e+08
4.79000000000000e+00	1.79856137479676e+08
4.80000000000000e+00	2.05908617701031e+08
4.81000000000000e+00	2.30404858927866e+08
4.82000000000000e+00	2.51667752150923e+08
4.83000000000000e+00	2.68156191712622e+08
4.84000000000000e+00	2.78719465348235e+08
4.85000000000000e+00	2.82784912472124e+08
4.86000000000000e+00	2.80428565468613e+08
4.87000000000000e+00	2.72295010304283e+08
4.88000000000000e+00	2.59431440384715e+08
4.89000000000000e+00	2.43061043117805e+08
4.90000000000000e+00	2.24399828657920e+08
4.91000000000000e+00	2.04502420121547e+08
4.92000000000000e+00	1.84218418809169e+08
4.93000000000000e+00	1.64177758380371e+08
4.94000000000000e+00	1.44821135632087e+08
4.95000000000000e+00	1.26442619130470e+08
4.96000000000000e+00	1.09218698451131e+08
4.97000000000000e+00	9.32458819222964e+07
4.98000000000000e+00	7.85599268318916e+07
4.99000000000000e+00	6.51597580094316e+07
5.00000000000000e+00	5.30294251395827e+07
5.01000000000000e+00	4.21533599737910e+07
5.02000000000000e+00	3.25317540032340e+07
5.03000000000000e+00	2.41839563479669e+07
5.04000000000000e+00	1.71454617724151e+07
5.05000000000000e+00	1.14582405399589e+07
5.06000000000000e+00	7.15419558763481e+06
5.07000000000000e+00	4.23929505812965e+06
5.08000000000000e+00	2.67832503309214e+06
5.09000000000000e+00	2.38456841867594e+06
5.10000000000000e+00	3.21641403316671e+06
5.11000000000000e+00	4.98161898523359e+06
5.12000000000000e+00	7.44880414176224e+06
5.13000000000000e+00	1.03643640785905e+07
5.14000000000000e+00	1.34738600011989e+07
5.15000000000000e+00	1.65403167645671e+07
5.16000000000000e+00	1.93603728726623e+07
5.17000000000000e+00	2.17747645097384e+07
5.18000000000000e+00	2.36734514770411e+07
5.19000000000000e+00	2.49956541346045e+07
5.20000000000000e+00	2.57256180684589e+07
5.21000000000000e+00	2.58841736433462e+07
5.22000000000000e+00	2.55230924804744e+07
5.23000000000000e+00	2.47165858732721e+07
5.24000000000000e+00	2.35512527390970e+07
5.25000000000000e+00	2.21211043196981e+07
5.26000000000000e+00	2.05203523001275e+07
5.27000000000000e+00	1.88379913121616e+07
5.28000000000000e+00	1.71533532786563e+07
5.29000000000000e+00	1.55328680174237e+07
5.30000000000000e+00	1.40275389552299e+07
5.31000000000000e+00	1.26722175737958e+07
5.32000000000000e+00	1.14857946292667e+07
5.33000000000000e+00	1.04740862439547e+07
5.34000000000000e+00	9.63167356535140e+06
5.35000000000000e+00	8.94542998384240e+06
5.36000000000000e+00	8.39805803553777e+06
5.37000000000000e+00	7.97020914004430e+06
5.38000000000000e+00	7.64310171109822e+06
5.39000000000000e+00	7.39934624748396e+06
5.40000000000000e+00	7.22409434593497e+06
5.41000000000000e+00	7.10429074878836e+06
5.42000000000000e+00	7.02945113466707e+06
5.43000000000000e+00	6.99036355755366e+06
5.44000000000000e+00	6.97916465699016e+06
5.45000000000000e+00	6.98838063978984e+06
5.46000000000000e+00	7.01081207633567e+06
5.47000000000000e+00	7.03886747499237e+06
5.48000000000000e+00	7.06470507156341e+06
5.49000000000000e+00	7.08029360435919e+06
5.50000000000000e+00	7.07735690005344e+06
5.51000000000000e+00	7.04840742195208e+06
5.52000000000000e+00	6.98677598854573e+06
5.53000000000000e+00	6.88719808572758e+06
5.54000000000000e+00	6.74594297787902e+06
5.55000000000000e+00	6.56085446272345e+06
5.56000000000000e+00	6.33137188714380e+06
5.57000000000000e+00	6.05863523108070e+06
5.58000000000000e+00	5.74530661487762e+06
5.59000000000000e+00	5.39599348537281e+06
5.60000000000000e+00	5.01691524699293e+06
5.61000000000000e+00	4.61640176074606e+06
5.62000000000000e+00	4.20418034070592e+06
5.63000000000000e+00	3.79154280469625e+06
5.64000000000000e+00	3.39037726921354e+06
5.65000000000000e+00	3.01285256168377e+06
5.66000000000000e+00	2.67048129447806e+06
5.67000000000000e+00	2.37344269119503e+06
5.68000000000000e+00	2.12976503795092e+06
5.69000000000000e+00	1.94479841241680e+06
5.70000000000000e+00	1.82095879863709e+06
5.71000000000000e+00	1.75760142356242e+06
5.72000000000000e+00	1.75127361444977e+06
5.73000000000000e+00	1.79621820481777e+06
5.74000000000000e+00	1.88491041158573e+06
5.75000000000000e+00	2.00880254581034e+06
5.76000000000000e+00	2.15895490506566e+06
5.77000000000000e+00	2.32663195212835e+06
5.78000000000000e+00	2.50368683819229e+06
5.79000000000000e+00	2.68284637787760e+06
5.80000000000000e+00	2.85794308456942e+06
5.81000000000000e+00	3.02378647454012e+06
5.82000000000000e+00	3.17611434227710e+06
5.83000000000000e+00	3.31168725653174e+06
5.84000000000000e+00	3.42807579030191e+06
5.85000000000000e+00	3.52408835903677e+06
5.86000000000000e+00	3.59987486047289e+06
5.87000000000000e+00	3.65724929119083e+06
5.88000000000000e+00	3.70008251145243e+06
5.89000000000000e+00	3.73412403229182e+06
5.90000000000000e+00	3.76734818234160e+06
5.91000000000000e+00	3.80936266031382e+06
5.92000000000000e+00	3.87131690644693e+06
5.93000000000000e+00	3.96549295429456e+06
5.94000000000000e+00	4.10544335626714e+06
5.95000000000000e+00	4.30587110790946e+06
5.96000000000000e+00	4.58303185508519e+06
5.97000000000000e+00	4.95533235479098e+06
5.98000000000000e+00	5.44350213101699e+06
5.99000000000000e+00	6.07127416007324e+06
6.00000000000000e+00	6.86586068943309e+06
6.01000000000000e+00	7.85866388066090e+06
6.02000000000000e+00	9.08633618329107e+06
6.03000000000000e+00	1.05917679528469e+07
6.04000000000000e+00	1.24257862567601e+07
6.05000000000000e+00	1.46485053455591e+07
6.06000000000000e+00	1.73301748859290e+07
6.07000000000000e+00	2.05513842921952e+07
6.08000000000000e+00	2.44020311977119e+07
6.09000000000000e+00	2.89784445310685e+07
6.10000000000000e+00	3.43787717540328e+07
6.11000000000000e+00	4.06948765630251e+07
6.12000000000000e+00	4.80007382002789e+07
6.13000000000000e+00	5.63365361305565e+07
6.14000000000000e+00	6.56867219470174e+07
6.15000000000000e+00	7.59639769398464e+07
6.16000000000000e+00	8.69817928197114e+07
6.17000000000000e+00	9.84461030701742e+07
6.18000000000000e+00	1.09967959934882e+08
6.19000000000000e+00	1.21068429184556e+08
6.20000000000000e+00	1.31237793268977e+08
6.21000000000000e+00	1.39970144607907e+08
6.22000000000000e+00	1.46830619120448e+08
6.23000000000000e+00	1.51496289989029e+08
6.24000000000000e+00	1.53795394627278e+08
6.25000000000000e+00	1.53715354589325e+08
6.26000000000000e+00	1.51395418476827e+08
6.27000000000000e+00	1.47095032183177e+08
6.28000000000000e+00	1.41149982050680e+08
6.29000000000000e+00	1.33933613254698e+08
6.30000000000000e+00	1.25815813576245e+08
6.31000000000000e+00	1.17136636847115e+08
6.32000000000000e+00	1.08192580186517e+08
6.33000000000000e+00	9.92400123321896e+07
6.34000000000000e+00	9.04866736167900e+07
6.35000000000000e+00	8.21027662822503e+07
6.36000000000000e+00	7.42187740184899e+07
6.37000000000000e+00	6.69244201964119e+07
6.38000000000000e+00	6.02732930885928e+07
6.39000000000000e+00	5.42844608046912e+07
6.40000000000000e+00	4.89436882231889e+07
6.41000000000000e+00	4.42135679364863e+07
6.42000000000000e+00	4.00398052734796e+07
6.43000000000000e+00	3.63591707239569e+07
6.44000000000000e+00	3.31046861558832e+07
6.45000000000000e+00	3.02144076898722e+07
6.46000000000000e+00	2.76316793279280e+07
6.47000000000000e+00	2.53125600630056e+07
6.48000000000000e+00	2.32215620293320e+07
6.49000000000000e+00	2.13361800219890e+07
6.50000000000000e+00	1.96413325345779e+07
6.51000000000000e+00	1.81298553990160e+07
6.52000000000000e+00	1.67986130584165e+07
6.53000000000000e+00	1.56452269343790e+07
6.54000000000000e+00	1.46657740625725e+07
6.55000000000000e+00	1.38531745843067e+07
6.56000000000000e+00	1.31957485853471e+07
6.57000000000000e+00	1.26768189352889e+07
6.58000000000000e+00	1.22756606840127e+07
6.59000000000000e+00	1.19682544405551e+07
6.60000000000000e+00	1.17291191080778e+07
6.61000000000000e+00	1.15327809427103e+07
6.62000000000000e+00	1.13559410289829e+07
6.63000000000000e+00	1.11786243455245e+07
6.64000000000000e+00	1.09860005729347e+07
6.65000000000000e+00	1.07687604589671e+07
6.66000000000000e+00	1.05236975908295e+07
6.67000000000000e+00	1.02533159391395e+07
6.68000000000000e+00	9.96484468585379e+06
6.69000000000000e+00	9.66915114752404e+06
6.70000000000000e+00	9.37928992262073e+06
6.71000000000000e+00	9.10909261672338e+06
6.72000000000000e+00	8.87171688049307e+06
6.73000000000000e+00	8.67868972664925e+06
6.74000000000000e+00	8.53859315781855e+06
6.75000000000000e+00	8.45634003169157e+06
6.76000000000000e+00	8.43300313020751e+06
6.77000000000000e+00	8.46558660834579e+06
6.78000000000000e+00	8.54740764105685e+06
6.79000000000000e+00	8.66901072183534e+06
6.80000000000000e+00	8.81893049079427e+06
6.81000000000000e+00	8.98480400941750e+06
6.82000000000000e+00	9.15426584746992e+06
6.83000000000000e+00	9.31591301370943e+06
6.84000000000000e+00	9.45974747329722e+06
6.85000000000000e+00	9.57748939249412e+06
6.86000000000000e+00	9.66286395701044e+06
6.87000000000000e+00	9.71161279882645e+06
6.88000000000000e+00	9.72120802689522e+06
6.89000000000000e+00	9.69056463912154e+06
6.90000000000000e+00	9.62045277868866e+06
6.91000000000000e+00	9.51282216958563e+06
6.92000000000000e+00	9.37125899219729e+06
6.93000000000000e+00	9.20079977753418e+06
6.94000000000000e+00	9.00759643891836e+06
6.95000000000000e+00	8.79881745686730e+06
6.96000000000000e+00	8.58217972758777e+06
6.97000000000000e+00	8.36521498446858e+06
6.98000000000000e+00	8.15486375241250e+06
6.99000000000000e+00	7.95713123187692e+06
7.00000000000000e+00	7.77664551520620e+06
7.01000000000000e+00	7.61657747350689e+06
7.02000000000000e+00	7.47876697808488e+06
7.03000000000000e+00	7.36391964456378e+06
7.04000000000000e+00	7.27186599976144e+06
7.05000000000000e+00	7.20186303549744e+06
7.06000000000000e+00	7.15313578836936e+06
7.07000000000000e+00	7.12503110878942e+06
7.08000000000000e+00	7.11704280961143e+06
7.09000000000000e+00	7.12919758386762e+06
7.10000000000000e+00	7.16186430390631e+06
7.11000000000000e+00	7.21558586779476e+06
7.12000000000000e+00	7.29069271327060e+06
7.13000000000000e+00	7.38693284066361e+06
7.14000000000000e+00	7.50305922456848e+06
7.15000000000000e+00	7.63618012920503e+06
7.16000000000000e+00	7.78167801329636e+06
7.17000000000000e+00	7.93293319930561e+06
7.18000000000000e+00	8.08173647454842e+06
7.19000000000000e+00	8.21825986029257e+06
7.20000000000000e+00	8.33226657651532e+06
7.21000000000000e+00	8.41320776620485e+06
7.22000000000000e+00	8.45178876698691e+06
7.23000000000000e+00	8.44053471203516e+06
7.24000000000000e+00	8.37495918058654e+06
7.25000000000000e+00	8.25425784317784e+06
7.26000000000000e+00	8.08193748886285e+06
7.27000000000000e+00	7.86589557695917e+06
7.28000000000000e+00	7.61799024950508e+06
7.29000000000000e+00	7.35339408459267e+06
7.30000000000000e+00	7.08916740676423e+06
7.31000000000000e+00	6.84235899823905e+06
7.32000000000000e+00	6.62872477548482e+06
7.33000000000000e+00	6.46087701663517e+06
7.34000000000000e+00	6.34706714666473e+06
7.35000000000000e+00	6.29062887385035e+06
7.36000000000000e+00	6.28986206468786e+06
7.37000000000000e+00	6.33896107635828e+06
7.38000000000000e+00	6.42867747326069e+06
7.39000000000000e+00	6.54804696469573e+06
7.40000000000000e+00	6.68573618613520e+06
7.41000000000000e+00	6.83145933470222e+06
7.42000000000000e+00	6.97695812612346e+06
7.43000000000000e+00	7.11705847808204e+06
7.44000000000000e+00	7.24981219734464e+06
7.45000000000000e+00	7.37664263166262e+06
7.46000000000000e+00	7.50197087207851e+06
7.47000000000000e+00	7.63251380800520e+06
7.48000000000000e+00	7.77676360142828e+06
7.49000000000000e+00	7.94377408919579e+06
7.50000000000000e+00	8.14276420690103e+06
7.51000000000000e+00	8.38212276163224e+06
7.52000000000000e+00	8.66928688636520e+06
7.53000000000000e+00	9.01045958822102e+06
7.54000000000000e+00	9.41084284496004e+06
7.55000000000000e+00	9.87529621456373e+06
7.56000000000000e+00	1.04087526782726e+07
7.57000000000000e+00	1.10173446886632e+07
7.58000000000000e+00	1.17092003932833e+07
7.59000000000000e+00	1.24956955639179e+07
7.60000000000000e+00	1.33919138037905e+07
7.61000000000000e+00	1.44178513842523e+07
7.62000000000000e+00	1.55983478823458e+07
7.63000000000000e+00	1.69632057047091e+07
7.64000000000000e+00	1.85463170438107e+07
7.65000000000000e+00	2.03840343141652e+07
7.66000000000000e+00	2.25130248338167e+07
7.67000000000000e+00	2.49673774869583e+07
7.68000000000000e+00	2.77744556961236e+07
7.69000000000000e+00	3.09508232096869e+07
7.70000000000000e+00	3.44993518344240e+07
7.71000000000000e+00	3.84053294871985e+07
7.72000000000000e+00	4.26344054136027e+07
7.73000000000000e+00	4.71303833808833e+07
7.74000000000000e+00	5.18133984149800e+07
7.75000000000000e+00	5.65775503407818e+07
7.76000000000000e+00	6.12836281601846e+07
7.77000000000000e+00	6.57556774653451e+07
7.78000000000000e+00	6.97812078032559e+07
7.79000000000000e+00	7.31165973499851e+07
7.80000000000000e+00	7.55044912572525e+07
7.81000000000000e+00	7.67063712884081e+07
7.82000000000000e+00	7.65378830396638e+07
7.83000000000000e+00	7.49050671938477e+07
7.84000000000000e+00	7.18287759981004e+07
7.85000000000000e+00	6.74544992643388e+07
7.86000000000000e+00	6.20333361945153e+07
7.87000000000000e+00	5.58914720208412e+07
7.88000000000000e+00	4.93805692345329e+07
7.89000000000000e+00	4.28348280740933e+07
7.90000000000000e+00	3.65361843710252e+07
7.91000000000000e+00	3.06920655012900e+07
7.92000000000000e+00	2.54328425362489e+07
7.93000000000000e+00	2.08183407584731e+07
7.94000000000000e+00	1.68539303412408e+07
7.95000000000000e+00	1.35081540275127e+07
7.96000000000000e+00	1.07269442749755e+07
7.97000000000000e+00	8.44597661969446e+06
7.98000000000000e+00	6.59795723205639e+06
7.99000000000000e+00	5.11773113674358e+06
8.00000000000000e+00	3.94442226818461e+06
8.01000000000000e+00	3.02313979138771e+06
8.02000000000000e+00	2.30554859965985e+06
8.03000000000000e+00	1.75018070197239e+06
8.04000000000000e+00	1.32221843837687e+06
8.05000000000000e+00	9.93285874550059e+05
8.06000000000000e+00	7.40692714986586e+05
8.07000000000000e+00	5.46772254673748e+05
8.08000000000000e+00	3.98009482323192e+05
8.09000000000000e+00	2.84206064658043e+05
8.10000000000000e+00	1.97737077780493e+05
8.11000000000000e+00	1.32886633563454e+05
8.12000000000000e+00	8.53077851395342e+04
8.13000000000000e+00	5.16095785659322e+04
8.14000000000000e+00	2.90517986972908e+04
8.15000000000000e+00	1.53439958215478e+04
8.16000000000000e+00	8.52249747487854e+03
8.17000000000000e+00	6.88576786760234e+03
8.18000000000000e+00	8.97279581091797e+03
8.19000000000000e+00	1.35633993265068e+04
8.20000000000000e+00	1.96847900190757e+04
8.21000000000000e+00	2.66130365469193e+04
8.22000000000000e+00	3.38619313614238e+04
8.23000000000000e+00	4.11564426649635e+04
8.24000000000000e+00	4.83958764693027e+04
8.25000000000000e+00	5.56082833026417e+04
8.26000000000000e+00	6.29033868170103e+04
8.27000000000000e+00	7.04322222633980e+04
8.28000000000000e+00	7.83516422616311e+04
8.29000000000000e+00	8.67997763028092e+04
8.30000000000000e+00	9.58829162646139e+04
8.31000000000000e+00	1.05661488942129e+05
8.32000000000000e+00	1.16152298843267e+05
8.33000000000000e+00	1.27327841127066e+05
8.34000000000000e+00	1.39117475597734e+05
8.35000000000000e+00	1.51415659978622e+05
8.36000000000000e+00	1.64090974697070e+05
8.37000000000000e+00	1.76991316518706e+05
8.38000000000000e+00	1.89958635232272e+05
8.39000000000000e+00	2.02837537294020e+05
8.40000000000000e+00	2.15489483970712e+05
8.41000000000000e+00	2.27797303030755e+05
8.42000000000000e+00	2.39681270593798e+05
8.43000000000000e+00	2.51093695779371e+05
8.44000000000000e+00	2.62024928994868e+05
8.45000000000000e+00	2.72494895143329e+05
8.46000000000000e+00	2.82544160239123e+05
8.47000000000000e+00	2.92226473708966e+05
8.48000000000000e+00	3.01596713506157e+05
8.49000000000000e+00	3.10709117617742e+05
8.50000000000000e+00	3.19605081908919e+05
8.51000000000000e+00	3.28310850519139e+05
8.52000000000000e+00	3.36824949466378e+05
8.53000000000000e+00	3.45128490604267e+05
8.54000000000000e+00	3.53180677146656e+05
8.55000000000000e+00	3.60919840832044e+05
8.56000000000000e+00	3.68281144749209e+05
8.57000000000000e+00	3.75199697360900e+05
8.58000000000000e+00	3.81621619626515e+05
8.59000000000000e+00	3.87508408376011e+05
8.60000000000000e+00	3.92843999731179e+05
8.61000000000000e+00	3.97630558021564e+05
8.62000000000000e+00	4.01882415039542e+05
8.63000000000000e+00	4.05635804734545e+05
8.64000000000000e+00	4.08942992442332e+05
8.65000000000000e+00	4.11870569350912e+05
8.66000000000000e+00	4.14501168374631e+05
8.67000000000000e+00	4.16925221655778e+05
8.68000000000000e+00	4.19254331553302e+05
8.69000000000000e+00	4.21599010549387e+05
8.70000000000000e+00	4.24077664780267e+05
8.71000000000000e+00	4.26793936232173e+05
8.72000000000000e+00	4.29843538714845e+05
8.73000000000000e+00	4.33285489457098e+05
8.74000000000000e+00	4.37159905139917e+05
8.75000000000000e+00	4.41454499686722e+05
8.76000000000000e+00	4.46136959798155e+05
8.77000000000000e+00	4.51122161868317e+05
8.78000000000000e+00	4.56322804647975e+05
8.79000000000000e+00	4.61620392277352e+05
8.80000000000000e+00	4.66901180403026e+05
8.81000000000000e+00	4.72063333769245e+05
8.82000000000000e+00	4.77010838672097e+05
8.83000000000000e+00	4.81666883449094e+05
8.84000000000000e+00	4.85972544231655e+05
8.85000000000000e+00	4.89889143362918e+05
8.86000000000000e+00	4.93398340401997e+05
8.87000000000000e+00	4.96483760296776e+05
8.88000000000000e+00	4.99151352002827e+05
8.89000000000000e+00	5.01423298411619e+05
8.90000000000000e+00	5.03345558938842e+05
8.91000000000000e+00	5.04966169302516e+05
8.92000000000000e+00	5.06320418305387e+05
8.93000000000000e+00	5.07491569746604e+05
8.94000000000000e+00	5.08521062766533e+05
8.95000000000000e+00	5.09464443703333e+05
8.96000000000000e+00	5.10359674086714e+05
8.97000000000000e+00	5.11235519335779e+05
8.98000000000000e+00	5.12093343891995e+05
8.99000000000000e+00	5.12917784328416e+05
9.00000000000000e+00	5.13698617235016e+05
9.01000000000000e+00	5.14433208606710e+05
9.02000000000000e+00	5.15077480911604e+05
9.03000000000000e+00	5.15626782533341e+05
9.04000000000000e+00	5.16050267056656e+05
9.05000000000000e+00	5.16304127635611e+05
9.06000000000000e+00	5.16345564026459e+05
9.07000000000000e+00	5.16155451611566e+05
9.08000000000000e+00	5.15708906844676e+05
9.09000000000000e+00	5.15000122153424e+05
9.10000000000000e+00	5.14064667098087e+05
9.11000000000000e+00	5.12941781403514e+05
9.12000000000000e+00	5.11690208578393e+05
9.13000000000000e+00	5.10372514492778e+05
9.14000000000000e+00	5.09056074762494e+05
9.15000000000000e+00	5.07799388922978e+05
9.16000000000000e+00	5.06652815937383e+05
9.17000000000000e+00	5.05658115729578e+05
9.18000000000000e+00	5.04848029081995e+05
9.19000000000000e+00	5.04237568167474e+05
9.20000000000000e+00	5.03832410816047e+05
9.21000000000000e+00	5.03632091372147e+05
9.22000000000000e+00	5.03614563696990e+05
9.23000000000000e+00	5.03760396960051e+05
9.24000000000000e+00	5.04030166302178e+05
9.25000000000000e+00	5.04384345752819e+05
9.26000000000000e+00	5.04780741442782e+05
9.27000000000000e+00	5.05183264799749e+05
9.28000000000000e+00	5.05559861550534e+05
9.29000000000000e+00	5.05891720861135e+05
9.30000000000000e+00	5.06166613295281e+05
9.31000000000000e+00	5.06388361572849e+05
9.32000000000000e+00	5.06563731395897e+05
9.33000000000000e+00	5.06707826236811e+05
9.34000000000000e+00	5.06834500026156e+05
9.35000000000000e+00	5.06955213597356e+05
9.36000000000000e+00	5.07080359100467e+05
9.37000000000000e+00	5.07210529631875e+05
9.38000000000000e+00	5.07344209147838e+05
9.39000000000000e+00	5.07478446470177e+05
9.40000000000000e+00	5.07601830537831e+05
9.41000000000000e+00	5.07714233493656e+05
9.42000000000000e+00	5.07806085412956e+05
9.43000000000000e+00	5.07880767345730e+05
9.44000000000000e+00	5.07939192148653e+05
9.45000000000000e+00	5.07982317003484e+05
9.46000000000000e+00	5.08022495684103e+05
9.47000000000000e+00	5.08066933590338e+05
9.48000000000000e+00	5.08129803325146e+05
9.49000000000000e+00	5.08218142042096e+05
9.50000000000000e+00	5.08341406858757e+05
9.51000000000000e+00	5.08492371731093e+05
9.52000000000000e+00	5.08655977127742e+05
9.53000000000000e+00	5.08808482148701e+05
9.54000000000000e+00	5.08911075443670e+05
9.55000000000000e+00	5.08933704488224e+05
9.56000000000000e+00	5.08862662214517e+05
9.57000000000000e+00	5.08715758898983e+05
9.58000000000000e+00	5.08533909358202e+05
9.59000000000000e+00	5.08373698314390e+05
9.60000000000000e+00	5.08279245587517e+05
9.61000000000000e+00	5.08277818175590e+05
9.62000000000000e+00	5.08357739211775e+05
9.63000000000000e+00	5.08494405063405e+05
9.64000000000000e+00	5.08645538882559e+05
9.65000000000000e+00	5.08772150443452e+05
9.66000000000000e+00	5.08849798253435e+05
9.67000000000000e+00	5.08865940225153e+05
9.68000000000000e+00	5.08819098200436e+05
9.69000000000000e+00	5.08707174048419e+05
9.70000000000000e+00	5.08532564953813e+05
9.71000000000000e+00	5.08305055791803e+05
9.72000000000000e+00	5.08019815416374e+05
9.73000000000000e+00	5.07683506133450e+05
9.74000000000000e+00	5.07298631148665e+05
9.75000000000000e+00	5.06864506976551e+05
9.76000000000000e+00	5.06385675874162e+05
9.77000000000000e+00	5.05861084703185e+05
9.78000000000000e+00	5.05290003024791e+05
9.79000000000000e+00	5.04678909013788e+05
9.80000000000000e+00	5.04028459788340e+05
9.81000000000000e+00	5.03341759002226e+05
9.82000000000000e+00	5.02626642795624e+05
9.83000000000000e+00	5.01878570879263e+05
9.84000000000000e+00	5.01102288189003e+05
9.85000000000000e+00	5.00296865287865e+05
9.86000000000000e+00	4.99458773429060e+05
9.87000000000000e+00	4.98600785122284e+05
9.88000000000000e+00	4.97750851368219e+05
9.89000000000000e+00	4.97003962776168e+05
9.90000000000000e+00	4.96588741140206e+05
9.91000000000000e+00	4.97002971010165e+05
9.92000000000000e+00	4.99209122402789e+05
9.93000000000000e+00	5.04855922676380e+05
9.94000000000000e+00	5.16421709663235e+05
9.95000000000000e+00	5.37283600803856e+05
9.96000000000000e+00	5.71527861054109e+05
9.97000000000000e+00	6.23499200407986e+05
9.98000000000000e+00	6.96705336239917e+05
9.99000000000000e+00	7.91659416718230e+05
1.00000000000000e+01	9.02768208571528e+05
1.00100000000000e+01	1.01458623154182e+06
1.00200000000000e+01	1.09737737761058e+06
1.00300000000000e+01	1.11238677680573e+06
1.00400000000000e+01	1.03504117325381e+06
1.00500000000000e+01	8.79247346416936e+05
1.00600000000000e+01	6.89937185919614e+05
1.00700000000000e+01	5.10764074000696e+05
1.00800000000000e+01	3.64396185448523e+05
1.00900000000000e+01	2.54782611687504e+05
1.01000000000000e+01	1.76664776409419e+05
1.01100000000000e+01	1.22446842376936e+05
1.01200000000000e+01	8.52697197666031e+04
1.01300000000000e+01	5.98563991198796e+04
1.01400000000000e+01	4.24370588238896e+04
1.01500000000000e+01	3.04211233400491e+04
1.01600000000000e+01	2.20605769841203e+04
1.01700000000000e+01	1.61848233761033e+04
1.01800000000000e+01	1.20108677964817e+04
1.01900000000000e+01	9.01290791320321e+03
1.02000000000000e+01	6.83589864458231e+03
1.02100000000000e+01	5.23773756871227e+03
1.02200000000000e+01	4.05220032344929e+03
1.02300000000000e+01	3.16377617806958e+03
1.02400000000000e+01	2.49156138194412e+03
1.02500000000000e+01	1.97823339072824e+03
1.02600000000000e+01	1.58277596429884e+03
1.02700000000000e+01	1.27557954243558e+03
1.02800000000000e+01	1.03507285637864e+03
1.02900000000000e+01	8.45359768736159e+02
1.03000000000000e+01	6.94646903166928e+02
1.03100000000000e+01	5.74110809638244e+02
1.03200000000000e+01	4.77093668769000e+02
1.03300000000000e+01	3.98533748868148e+02
1.03400000000000e+01	3.34548840991517e+02
1.03500000000000e+01	2.82150119283059e+02
1.03600000000000e+01	2.39014001695078e+02
1.03700000000000e+01	2.03325912565002e+02
1.03800000000000e+01	1.73658979103472e+02
1.03900000000000e+01	1.48886144269895e+02
1.04000000000000e+01	1.28109340277431e+02
1.04100000000000e+01	1.10612009625626e+02
1.04200000000000e+01	9.58192262008609e+01
1.04300000000000e+01	8.32649728082279e+01
1.04400000000000e+01	7.25729328870356e+01
1.04500000000000e+01	6.34357213705068e+01
1.04600000000000e+01	5.56013809515488e+01
1.04700000000000e+01	4.88632949258870e+01
1.04800000000000e+01	4.30505536603391e+01
1.04900000000000e+01	3.80220436716587e+01
1.05000000000000e+01	3.36596328778346e+01
1.05100000000000e+01	2.98653108947390e+01
1.05200000000000e+01	2.65566628569806e+01
1.05300000000000e+01	2.36641533250606e+01
1.05400000000000e+01	2.11296929880716e+01
1.05500000000000e+01	1.89037373301444e+01
1.05600000000000e+01	1.69444329010772e+01
1.05700000000000e+01	1.52160122275117e+01
1.05800000000000e+01	1.36881202646765e+01
1.05900000000000e+01	1.23347347236750e+01
1.06000000000000e+01	1.11335379430870e+01
1.06100000000000e+01	1.00654124701959e+01
1.06200000000000e+01	9.11386028422142e+00
1.06300000000000e+01	8.26459287566840e+00
1.06400000000000e+01	7.50533970852118e+00
1.06500000000000e+01	6.82536142095407e+00
1.06600000000000e+01	6.21542623427698e+00
1.06700000000000e+01	5.66740867110287e+00
1.06800000000000e+01	5.17426876164423e+00
1.06900000000000e+01	4.72985975556399e+00
1.07000000000000e+01	4.32875744546098e+00
1.07100000000000e+01	3.96624910262516e+00
1.07200000000000e+01	3.63818628579928e+00
1.07300000000000e+01	3.34090022558867e+00
1.07400000000000e+01	3.07116860805326e+00
1.07500000000000e+01	2.82612682171728e+00
1.07600000000000e+01	2.60329147940763e+00
1.07700000000000e+01	2.40039190550082e+00
1.07800000000000e+01	2.21546789215191e+00
1.07900000000000e+01	2.04673864523687e+00
1.08000000000000e+01	1.89263386941249e+00
1.08100000000000e+01	1.75173902939055e+00
1.08200000000000e+01	1.62279114053018e+00
1.08300000000000e+01	1.50466281812292e+00
1.08400000000000e+01	1.39633920802114e+00
1.08500000000000e+01	1.29690119328885e+00
1.08600000000000e+01	1.20553182451192e+00
1.08700000000000e+01	1.12150082714574e+00
1.08800000000000e+01	1.04413798913166e+00
1.08900000000000e+01	9.72843686541324e-01
1.09000000000000e+01	9.07085433418221e-01
1.09100000000000e+01	8.46372491882012e-01
1.09200000000000e+01	7.90268504400946e-01
1.09300000000000e+01	7.38376393452417e-01
1.09400000000000e+01	6.90333931806212e-01
1.09500000000000e+01	6.45824793781851e-01
1.09600000000000e+01	6.04547832209695e-01
1.09700000000000e+01	5.66243935729718e-01
1.09800000000000e+01	5.30666789308059e-01
1.09900000000000e+01	4.97599721472896e-01
1.10000000000000e+01	4.66845183604833e-01
1.10100000000000e+01	4.38222555118312e-01
1.10200000000000e+01	4.11569486282443e-01
1.10300000000000e+01	3.86738557095382e-01
1.10400000000000e+01	3.63594308117337e-01
1.10500000000000e+01	3.42011714542369e-01
1.10600000000000e+01	3.21882828031508e-01
1.10700000000000e+01	3.03098998692397e-01
1.10800000000000e+01	2.85564296454839e-01
1.10900000000000e+01	2.69191602286651e-01
1.11000000000000e+01	2.53897547504343e-01
1.11100000000000e+01	2.39605767744589e-01
1.11200000000000e+01	2.26241459423691e-01
1.11300000000000e+01	2.13740168417889e-01
1.11400000000000e+01	2.02039797950551e-01
1.11500000000000e+01	1.91080385698890e-01
1.11600000000000e+01	1.80809127497206e-01
1.11700000000000e+01	1.71177025804585e-01
1.11800000000000e+01	1.62136847611280e-01
1.11900000000000e+01	1.53646916801416e-01
1.12000000000000e+01	1.45666727080325e-01
1.12100000000000e+01	1.38162487889380e-01
1.12200000000000e+01	1.31100482228278e-01
1.12300000000000e+01	1.24450119583737e-01
1.12400000000000e+01	1.18183245532937e-01
1.12500000000000e+01	1.12276111713206e-01
1.12600000000000e+01	1.06703343690166e-01
1.12700000000000e+01	1.01444449013510e-01
1.12800000000000e+01	9.64794513620515e-02
1.12900000000000e+01	9.17891298253740e-02
1.13000000000000e+01	8.73572549217016e-02
1.13100000000000e+01	8.31669617533609e-02
1.13200000000000e+01	7.92036962827009e-02
1.13300000000000e+01	7.54539728095308e-02
1.13400000000000e+01	7.19043101384838e-02
1.13500000000000e+01	6.85432402272701e-02
1.13600000000000e+01	6.53589539393759e-02
1.13700000000000e+01	6.23409026797914e-02
1.13800000000000e+01	5.94797491373904e-02
1.13900000000000e+01	5.67657035535073e-02
1.14000000000000e+01	5.41907956924933e-02
1.14100000000000e+01	5.17470203984473e-02
1.14200000000000e+01	4.94264432403460e-02
1.14300000000000e+01	4.72226855302476e-02
1.14400000000000e+01	4.51290276715162e-02
1.14500000000000e+01	4.31395551359458e-02
1.14600000000000e+01	4.12483563856475e-02
1.14700000000000e+01	3.94501050693217e-02
1.14800000000000e+01	3.77395146223161e-02
1.14900000000000e+01	3.61120808164933e-02
1.15000000000000e+01	3.45632652485823e-02
1.15100000000000e+01	3.30887290761039e-02
1.15200000000000e+01	3.16844850382166e-02
1.15300000000000e+01	3.03469979134495e-02
1.15400000000000e+01	2.90725177413142e-02
1.15500000000000e+01	2.78582422371013e-02
1.15600000000000e+01	2.67009563277753e-02
1.15700000000000e+01	2.55978927879714e-02
1.15800000000000e+01	2.45466481834403e-02
1.15900000000000e+01	2.35445402710009e-02
1.16000000000000e+01	2.25892624896724e-02
1.16100000000000e+01	2.16787897463873e-02
1.16200000000000e+01	2.08107316489831e-02
1.16300000000000e+01	1.99831266773812e-02
1.16400000000000e+01	1.91937548127235e-02
1.16500000000000e+01	1.84407537016606e-02
1.16600000000000e+01	1.77221224007964e-02
1.16700000000000e+01	1.70360533640913e-02
1.16800000000000e+01	1.63805187542430e-02
1.16900000000000e+01	1.57538748882567e-02
1.17000000000000e+01	1.51544730234387e-02
1.17100000000000e+01	1.45807877528731e-02
1.17200000000000e+01	1.40313006530633e-02
1.17300000000000e+01	1.35047451811736e-02
1.17400000000000e+01	1.29999098139683e-02
1.17500000000000e+01	1.25157006254718e-02
1.17600000000000e+01	1.20510778062766e-02
1.17700000000000e+01	1.16051782336687e-02
1.17800000000000e+01	1.11773006136948e-02
1.17900000000000e+01	1.07666484306185e-02
1.18000000000000e+01	1.03725680426615e-02
1.18100000000000e+01	9.99444977457660e-03
1.18200000000000e+01	9.63172097532746e-03
1.18300000000000e+01	9.28381577819777e-03
1.18400000000000e+01	8.95015678150170e-03
1.18500000000000e+01	8.63019682647936e-03
1.18600000000000e+01	8.32334657624389e-03
1.18700000000000e+01	8.02914095074245e-03
1.18800000000000e+01	7.74691201166587e-03
1.18900000000000e+01	7.47619614271174e-03
1.19000000000000e+01	7.21644002020774e-03
1.19100000000000e+01	6.96709964674839e-03
1.19200000000000e+01	6.72772009394959e-03
1.19300000000000e+01	6.49779804819171e-03
1.19400000000000e+01	6.27684592096845e-03
1.19500000000000e+01	6.06445707756037e-03
1.19600000000000e+01	5.86021794896032e-03
1.19700000000000e+01	5.66373938863716e-03
1.19800000000000e+01	5.47461220264383e-03
1.19900000000000e+01	5.29251912857543e-03
1.20000000000000e+01	5.11711325832188e-03
1.20100000000000e+01	4.94811863567320e-03
1.20200000000000e+01	4.78528787544976e-03
1.20300000000000e+01	4.62833059569175e-03
1.20400000000000e+01	4.47704201608954e-03
1.20500000000000e+01	4.33117044086536e-03
1.20600000000000e+01	4.19058240087326e-03
1.20700000000000e+01	4.05505350982428e-03
1.20800000000000e+01	3.92444100760055e-03
1.20900000000000e+01	3.79856369350206e-03
1.21000000000000e+01	3.67728973346144e-03
1.21100000000000e+01	3.56047337589119e-03
1.21200000000000e+01	3.44795034471595e-03
1.21300000000000e+01	3.33954352361696e-03
1.21400000000000e+01	3.23513313294499e-03
1.21500000000000e+01	3.13458311318685e-03
1.21600000000000e+01	3.03768028086459e-03
1.21700000000000e+01	2.94430903517265e-03
1.21800000000000e+01	2.85428285700725e-03
1.21900000000000e+01	2.76748261723064e-03
1.22000000000000e+01	2.68373613456923e-03
1.22100000000000e+01	2.60290246175027e-03
1.22200000000000e+01	2.52484159588467e-03
1.22300000000000e+01	2.44941736858701e-03
1.22400000000000e+01	2.37650652810658e-03
1.22500000000000e+01	2.30599734133580e-03
1.22600000000000e+01	2.23778085453141e-03
1.22700000000000e+01	2.17175519338295e-03
1.22800000000000e+01	2.10779821914483e-03
1.22900000000000e+01	2.04585836453656e-03
1.23000000000000e+01	1.98581566043801e-03
1.23100000000000e+01	1.92761724966820e-03
1.23200000000000e+01	1.87118233467356e-03
1.23300000000000e+01	1.81643227390535e-03
1.23400000000000e+01	1.76331983557398e-03
1.23500000000000e+01	1.71179600164479e-03
1.23600000000000e+01	1.66180773841124e-03
1.23700000000000e+01	1.61330987480140e-03
1.23800000000000e+01	1.56625337647178e-03
1.23900000000000e+01	1.52063805627301e-03
1.24000000000000e+01	1.47639034648880e-03
1.24100000000000e+01	1.43351619883449e-03
1.24200000000000e+01	1.39196565415335e-03
1.24300000000000e+01	1.35170808440571e-03
1.24400000000000e+01	1.31272532236455e-03
1.24500000000000e+01	1.27496953386067e-03
1.24600000000000e+01	1.23840965353899e-03
1.24700000000000e+01	1.20301388374842e-03
1.24800000000000e+01	1.16874454632465e-03
1.24900000000000e+01	1.13555427661552e-03
1.25000000000000e+01	1.10342902840040e-03
1.25100000000000e+01	1.07232429318697e-03
1.25200000000000e+01	1.04220091873316e-03
1.25300000000000e+01	1.01303057441098e-03
1.25400000000000e+01	9.84792417020171e-04
1.25500000000000e+01	9.57444258546261e-04
1.25600000000000e+01	9.30968728918858e-04
1.25700000000000e+01	9.05331816504356e-04
1.25800000000000e+01	8.80510678928059e-04
1.25900000000000e+01	8.56474194932945e-04
1.26000000000000e+01	8.33197072980147e-04
1.26100000000000e+01	8.10647329559306e-04
1.26200000000000e+01	7.88803868623010e-04
1.26300000000000e+01	7.67638343339192e-04
1.26400000000000e+01	7.47119498318642e-04
1.26500000000000e+01	7.27229510311901e-04
1.26600000000000e+01	7.07949671656344e-04
1.26700000000000e+01	6.89247616948826e-04
1.26800000000000e+01	6.71109627721306e-04
1.26900000000000e+01	6.53519210463664e-04
1.27000000000000e+01	6.36454593007470e-04
1.27100000000000e+01	6.19906782925071e-04
1.27200000000000e+01	6.03859356134732e-04
1.27300000000000e+01	5.88290078308396e-04
1.27400000000000e+01	5.73195276386998e-04
1.27500000000000e+01	5.58555638493671e-04
1.27600000000000e+01	5.44358680721748e-04
1.27700000000000e+01	5.30590193171219e-04
1.27800000000000e+01	5.17234393597589e-04
1.27900000000000e+01	5.04277015436884e-04
1.28000000000000e+01	4.91704758715110e-04
1.28100000000000e+01	4.79502862107142e-04
1.28200000000000e+01	4.67658166939556e-04
1.28300000000000e+01	4.56155484485604e-04
1.28400000000000e+01	4.44985260938878e-04
1.28500000000000e+01	4.34136077876641e-04
1.28600000000000e+01	4.23592313921581e-04
1.28700000000000e+01	4.13349138745228e-04
1.28800000000000e+01	4.03393662583026e-04
1.28900000000000e+01	3.93717565684010e-04
1.29000000000000e+01	3.84309535229884e-04
1.29100000000000e+01	3.75163204353223e-04
1.29200000000000e+01	3.66268284223170e-04
1.29300000000000e+01	3.57618922351345e-04
1.29400000000000e+01	3.49202837591264e-04
1.29500000000000e+01	3.41018614852268e-04
1.29600000000000e+01	3.33050101551868e-04
1.29700000000000e+01	3.25299634166228e-04
1.29800000000000e+01	3.17753082372541e-04
1.29900000000000e+01	3.10408939250584e-04
1.30000000000000e+01	3.03256858664158e-04
1.30100000000000e+01	2.96295069549728e-04
1.30200000000000e+01	2.89516325126216e-04
1.30300000000000e+01	2.82916534011350e-04
1.30400000000000e+01	2.76488543205434e-04
1.30500000000000e+01	2.70228596766833e-04
1.30600000000000e+01	2.64130776751603e-04
1.30700000000000e+01	2.58187612243566e-04
1.30800000000000e+01	2.52393767095335e-04
1.30900000000000e+01	2.46745759318426e-04
1.31000000000000e+01	2.41233993151092e-04
1.31100000000000e+01	2.35857323232078e-04
1.31200000000000e+01	2.30607045582172e-04
1.31300000000000e+01	2.25479902849727e-04
1.31400000000000e+01	2.20471978892881e-04
1.31500000000000e+01	2.15579257248137e-04
1.31600000000000e+01	2.10800953275569e-04
1.31700000000000e+01	2.06131913463431e-04
1.31800000000000e+01	2.01570739564559e-04
1.31900000000000e+01	1.97118702796968e-04
1.32000000000000e+01	1.92770175627773e-04
1.32100000000000e+01	1.88524782750659e-04
1.32200000000000e+01	1.84381098256182e-04
1.32300000000000e+01	1.80336404816199e-04
1.32400000000000e+01	1.76389113631316e-04
1.32500000000000e+01	1.72535243271528e-04
1.32600000000000e+01	1.68771273332766e-04
1.32700000000000e+01	1.65096992604185e-04
1.32800000000000e+01	1.61507892673614e-04
1.32900000000000e+01	1.58001380861244e-04
1.33000000000000e+01	1.54576794183001e-04
1.33100000000000e+01	1.51230032228319e-04
1.33200000000000e+01	1.47961777499923e-04
1.33300000000000e+01	1.44768054077357e-04
1.33400000000000e+01	1.41649854555351e-04
1.33500000000000e+01	1.38605474590582e-04
1.33600000000000e+01	1.35633066672936e-04
1.33700000000000e+01	1.32731775817030e-04
1.33800000000000e+01	1.29900943628526e-04
1.33900000000000e+01	1.27139099763899e-04
1.34000000000000e+01	1.24444764853920e-04
1.34100000000000e+01	1.21815692689893e-04
1.34200000000000e+01	1.19251335473109e-04
1.34300000000000e+01	1.16748298405530e-04
1.34400000000000e+01	1.14306556467746e-04
1.34500000000000e+01	1.11923283433327e-04
1.34600000000000e+01	1.09596968069003e-04
1.34700000000000e+01	1.07324986492531e-04
1.34800000000000e+01	1.05106582682700e-04
1.34900000000000e+01	1.02939564023414e-04
1.35000000000000e+01	1.00822576108950e-04
1.35100000000000e+01	9.87534967466790e-05
1.35200000000000e+01	9.67306580938193e-05
1.35300000000000e+01	9.47533437303256e-05
1.35400000000000e+01	9.28200299407841e-05
1.35500000000000e+01	9.09278464028737e-05
1.35600000000000e+01	8.90770114365137e-05
1.35700000000000e+01	8.72652305616927e-05
1.35800000000000e+01	8.54919996994239e-05
1.35900000000000e+01	8.37554230980658e-05
1.36000000000000e+01	8.20552401821296e-05
1.36100000000000e+01	8.03896483849233e-05
1.36200000000000e+01	7.87588114510449e-05
1.36300000000000e+01	7.71608211175575e-05
1.36400000000000e+01	7.55960887799771e-05
1.36500000000000e+01	7.40637160784085e-05
1.36600000000000e+01	7.25633337852694e-05
1.36700000000000e+01	7.10942564827466e-05
1.36800000000000e+01	6.96564977237073e-05
1.36900000000000e+01	6.82501283941787e-05
1.37000000000000e+01	6.68739265292327e-05
1.37100000000000e+01	6.55285462671507e-05
1.37200000000000e+01	6.42130020162556e-05
1.37300000000000e+01	6.29282843682890e-05
1.37400000000000e+01	6.16731487442085e-05
1.37500000000000e+01	6.04478235580166e-05
1.37600000000000e+01	5.92519252328820e-05
1.37700000000000e+01	5.80841638996349e-05
1.37800000000000e+01	5.69448915941358e-05
1.37900000000000e+01	5.58326143935795e-05
1.38000000000000e+01	5.47472705535461e-05
1.38100000000000e+01	5.36876355942403e-05
1.38200000000000e+01	5.26527805598886e-05
1.38300000000000e+01	5.16415342234576e-05
1.38400000000000e+01	5.06534720197337e-05
1.38500000000000e+01	4.96878433712466e-05
1.38600000000000e+01	4.87431538692269e-05
1.38700000000000e+01	4.78190190837222e-05
1.38800000000000e+01	4.69152619336617e-05
1.38900000000000e+01	4.60301754884487e-05
1.39000000000000e+01	4.51635429720917e-05
1.39100000000000e+01	4.43150402978890e-05
1.39200000000000e+01	4.34838319729698e-05
1.39300000000000e+01	4.26695704067160e-05
1.39400000000000e+01	4.18717104370648e-05
1.39500000000000e+01	4.10898786736554e-05
1.39600000000000e+01	4.03233949464836e-05
1.39700000000000e+01	3.95722498133830e-05
1.39800000000000e+01	3.88361514509286e-05
1.39900000000000e+01	3.81141839842886e-05
1.40000000000000e+01	3.74069145333114e-05
1.40100000000000e+01	3.67134253759749e-05
1.40200000000000e+01	3.60335196099264e-05
1.40300000000000e+01	3.53673359830861e-05
1.40400000000000e+01	3.47148996793987e-05
1.40500000000000e+01	3.40755062123470e-05
1.40600000000000e+01	3.34491097261156e-05
1.40700000000000e+01	3.28358373940226e-05
1.40800000000000e+01	3.22353568202213e-05
1.40900000000000e+01	3.16472086634405e-05
1.41000000000000e+01	3.10712627015286e-05
1.41100000000000e+01	3.05073750419980e-05
1.41200000000000e+01	2.99551528513582e-05
1.41300000000000e+01	2.94142002884878e-05
1.41400000000000e+01	2.88841630807601e-05
1.41500000000000e+01	2.83644714834423e-05
1.41600000000000e+01	2.78551163720294e-05
1.41700000000000e+01	2.73552891744372e-05
1.41800000000000e+01	2.68648230686639e-05
1.41900000000000e+01	2.63835008399501e-05
1.42000000000000e+01	2.59108427488711e-05
1.42100000000000e+01	2.54468650379391e-05
1.42200000000000e+01	2.49915281578023e-05
1.42300000000000e+01	2.45443505374214e-05
1.42400000000000e+01	2.41055633443791e-05
1.42500000000000e+01	2.36751824319617e-05
1.42600000000000e+01	2.32528075638261e-05
1.42700000000000e+01	2.28386531504504e-05
1.42800000000000e+01	2.24328379873593e-05
1.42900000000000e+01	2.20348816760226e-05
1.43000000000000e+01	2.16449431932110e-05
1.43100000000000e+01	2.12629475174551e-05
1.43200000000000e+01	2.08884979113176e-05
1.43300000000000e+01	2.05215547112258e-05
1.43400000000000e+01	2.01620528143577e-05
1.43500000000000e+01	1.98096776430662e-05
1.43600000000000e+01	1.94643067827798e-05
1.43700000000000e+01	1.91255400626350e-05
1.43800000000000e+01	1.87936207536391e-05
1.43900000000000e+01	1.84681736614391e-05
1.44000000000000e+01	1.81491933089465e-05
1.44100000000000e+01	1.78363659741027e-05
1.44200000000000e+01	1.75297456834977e-05
1.44300000000000e+01	1.72291364994018e-05
1.44400000000000e+01	1.69345981962439e-05
1.44500000000000e+01	1.66457203034731e-05
1.44600000000000e+01	1.63626984784446e-05
1.44700000000000e+01	1.60851320360044e-05
1.44800000000000e+01	1.58130903801443e-05
1.44900000000000e+01	1.55463621751105e-05
1.45000000000000e+01	1.52848453441363e-05
1.45100000000000e+01	1.50284473739499e-05
1.45200000000000e+01	1.47770109629269e-05
1.45300000000000e+01	1.45303482792070e-05
1.45400000000000e+01	1.42884633649898e-05
1.45500000000000e+01	1.40510279270993e-05
1.45600000000000e+01	1.38181180617501e-05
1.45700000000000e+01	1.35895784425441e-05
1.45800000000000e+01	1.33651668417997e-05
1.45900000000000e+01	1.31449771021077e-05
1.46000000000000e+01	1.29287482823157e-05
1.46100000000000e+01	1.27163995547970e-05
1.46200000000000e+01	1.25079409547818e-05
1.46300000000000e+01	1.23031265937634e-05
1.46400000000000e+01	1.21020325202310e-05
1.46500000000000e+01	1.19046445815146e-05
1.46600000000000e+01	1.17105966475883e-05
1.46700000000000e+01	1.15201352401212e-05
1.46800000000000e+01	1.13331299937612e-05
1.46900000000000e+01	1.11495709639558e-05
1.47000000000000e+01	1.09692841865973e-05
1.47100000000000e+01	1.07923151161714e-05
1.47200000000000e+01	1.06185868950643e-05
1.47300000000000e+01	1.04480005753121e-05
1.47400000000000e+01	1.02806000297180e-05
1.47500000000000e+01	1.01162543608506e-05
1.47600000000000e+01	9.95489003337821e-06
1.47700000000000e+01	9.79643853114128e-06
1.47800000000000e+01	9.64079891185340e-06
1.47900000000000e+01	9.48795053391544e-06
1.48000000000000e+01	9.33774191399796e-06
1.48100000000000e+01	9.19004934742107e-06
1.48200000000000e+01	9.04497981455247e-06
1.48300000000000e+01	8.90230313341175e-06
1.48400000000000e+01	8.76200237934866e-06
1.48500000000000e+01	8.62404841048964e-06
1.48600000000000e+01	8.48833226534232e-06
1.48700000000000e+01	8.35486672903125e-06
1.48800000000000e+01	8.22356798165802e-06
1.48900000000000e+01	8.09430827163996e-06
1.49000000000000e+01	7.96731749682822e-06
1.49100000000000e+01	7.84229713037665e-06
1.49200000000000e+01	7.71933879807756e-06
1.49300000000000e+01	7.59844543714806e-06
1.49400000000000e+01	7.47954725646367e-06
1.49500000000000e+01	7.36257689673580e-06
1.49600000000000e+01	7.24767987638584e-06
1.49700000000000e+01	7.13470002113966e-06
1.49800000000000e+01	7.02364416292083e-06
1.49900000000000e+01	6.91456824856740e-06
1.50000000000000e+01	6.80734303591162e-06
1.50100000000000e+01	6.70200507374988e-06
1.50200000000000e+01	6.59846421572766e-06
1.50300000000000e+01	6.49680544826836e-06
1.50400000000000e+01	6.39690344213785e-06
1.50500000000000e+01	6.29870468325042e-06
1.50600000000000e+01	6.20225244027999e-06
1.50700000000000e+01	6.10742914212608e-06
1.50800000000000e+01	6.01415662353701e-06
1.50900000000000e+01	5.92252642723446e-06
1.51000000000000e+01	5.83236909570959e-06
1.51100000000000e+01	5.74373573109106e-06
1.51200000000000e+01	5.65653917709243e-06
1.51300000000000e+01	5.57068739951428e-06
1.51400000000000e+01	5.48628547095115e-06
1.51500000000000e+01	5.40316106713868e-06
1.51600000000000e+01	5.32135161621217e-06
1.51700000000000e+01	5.24085184889178e-06
1.51800000000000e+01	5.16164913123574e-06
1.51900000000000e+01	5.08367507303749e-06
1.52000000000000e+01	5.00695445244077e-06
1.52100000000000e+01	4.93146411530560e-06
1.52200000000000e+01	4.85722059826154e-06
1.52300000000000e+01	4.78418280623203e-06
1.52400000000000e+01	4.71227162946687e-06
1.52500000000000e+01	4.64151983359097e-06
1.52600000000000e+01	4.57189134868702e-06
1.52700000000000e+01	4.50333185358872e-06
1.52800000000000e+01	4.43578488191469e-06
1.52900000000000e+01	4.36921008103348e-06
1.53000000000000e+01	4.30355529354770e-06
1.53100000000000e+01	4.23873801744339e-06
1.53200000000000e+01	4.17474909958179e-06
1.53300000000000e+01	4.11154460333680e-06
1.53400000000000e+01	4.04902352061859e-06
1.53500000000000e+01	3.98719447372688e-06
1.53600000000000e+01	3.92606249765455e-06
1.53700000000000e+01	3.86554401905281e-06
1.53800000000000e+01	3.80565619391348e-06
1.53900000000000e+01	3.74642117454857e-06
1.54000000000000e+01	3.68782721215209e-06
1.54100000000000e+01	3.62994385469733e-06
1.54200000000000e+01	3.57272353845793e-06
1.54300000000000e+01	3.51626595018441e-06
1.54400000000000e+01	3.46060661315669e-06
1.54500000000000e+01	3.40577601732536e-06
1.54600000000000e+01	3.35182742756606e-06
1.54700000000000e+01	3.29889550029292e-06
1.54800000000000e+01	3.24693007523226e-06
1.54900000000000e+01	3.19604791353014e-06
1.55000000000000e+01	3.14629240971129e-06
1.55100000000000e+01	3.09769932236449e-06
1.55200000000000e+01	3.05029660062849e-06
1.55300000000000e+01	3.00412978800358e-06
1.55400000000000e+01	2.95910838485849e-06
1.55500000000000e+01	2.91529340505607e-06
1.55600000000000e+01	2.87261663018539e-06
1.55700000000000e+01	2.83100966678298e-06
1.55800000000000e+01	2.79046129559581e-06
1.55900000000000e+01	2.75087126197925e-06
1.56000000000000e+01	2.71216522606722e-06
1.56100000000000e+01	2.67429616111644e-06
1.56200000000000e+01	2.63715692459826e-06
1.56300000000000e+01	2.60072159377851e-06
1.56400000000000e+01	2.56490609306325e-06
1.56500000000000e+01	2.52964964213593e-06
1.56600000000000e+01	2.49489971508655e-06
1.56700000000000e+01	2.46063144902828e-06
1.56800000000000e+01	2.42679827071998e-06
1.56900000000000e+01	2.39338107877114e-06
1.57000000000000e+01	2.36034118578405e-06
1.57100000000000e+01	2.32766312530036e-06
1.57200000000000e+01	2.29533947197876e-06
1.57300000000000e+01	2.26338483546351e-06
1.57400000000000e+01	2.23177329179882e-06
1.57500000000000e+01	2.20051778323991e-06
1.57600000000000e+01	2.16963338230139e-06
1.57700000000000e+01	2.13910225652789e-06
1.57800000000000e+01	2.10895875776764e-06
1.57900000000000e+01	2.07924487167405e-06
1.58000000000000e+01	2.04995443327218e-06
1.58100000000000e+01	2.02109758299767e-06
1.58200000000000e+01	1.99270060307417e-06
1.58300000000000e+01	1.96479231410355e-06
1.58400000000000e+01	1.93737004932241e-06
1.58500000000000e+01	1.91045865893594e-06
1.58600000000000e+01	1.88407033095472e-06
1.58700000000000e+01	1.85817309465958e-06
1.58800000000000e+01	1.83279105459267e-06
1.58900000000000e+01	1.80791539729729e-06
1.59000000000000e+01	1.78352316518450e-06
1.59100000000000e+01	1.75960988509601e-06
1.59200000000000e+01	1.73614452400840e-06
1.59300000000000e+01	1.71311116104989e-06
1.59400000000000e+01	1.69049575916940e-06
1.59500000000000e+01	1.66825609559718e-06
1.59600000000000e+01	1.64635800286198e-06
1.59700000000000e+01	1.62482841763659e-06
1.59800000000000e+01	1.60361081946381e-06
1.59900000000000e+01	1.58268336512781e-06
1.60000000000000e+01	1.56207975927707e-06
1.60100000000000e+01	1.54172628940399e-06
1.60200000000000e+01	1.52166521133401e-06
1.60300000000000e+01	1.50186865668036e-06
1.60400000000000e+01	1.48233739008621e-06
1.60500000000000e+01	1.46305744044477e-06
1.60600000000000e+01	1.44403937280137e-06
1.60700000000000e+01	1.42526636911947e-06
1.60800000000000e+01	1.40673609771116e-06
1.60900000000000e+01	1.38846102292965e-06
1.61000000000000e+01	1.37043687081645e-06
1.61100000000000e+01	1.35263923150083e-06
1.61200000000000e+01	1.33509843865329e-06
1.61300000000000e+01	1.31777933194374e-06
1.61400000000000e+01	1.30071330397921e-06
1.61500000000000e+01	1.28388502569831e-06
1.61600000000000e+01	1.26728164740963e-06
1.61700000000000e+01	1.25091380629132e-06
1.61800000000000e+01	1.23478424785673e-06
1.61900000000000e+01	1.21889637790723e-06
1.62000000000000e+01	1.20323264781508e-06
1.62100000000000e+01	1.18782209585163e-06
1.62200000000000e+01	1.17263872055851e-06
1.62300000000000e+01	1.15769082347352e-06
1.62400000000000e+01	1.14298955365119e-06
1.62500000000000e+01	1.12852267148754e-06
1.62600000000000e+01	1.11428111746028e-06
1.62700000000000e+01	1.10026851407245e-06
1.62800000000000e+01	1.08647266714678e-06
1.62900000000000e+01	1.07289980918808e-06
1.63000000000000e+01	1.05952981903842e-06
1.63100000000000e+01	1.04634391273126e-06
1.63200000000000e+01	1.03335753590888e-06
1.63300000000000e+01	1.02053557857267e-06
1.63400000000000e+01	1.00786845978137e-06
1.63500000000000e+01	9.95359675317126e-07
1.63600000000000e+01	9.82988312124244e-07
1.63700000000000e+01	9.70743587267285e-07
1.63800000000000e+01	9.58625820603718e-07
1.63900000000000e+01	9.46601914750096e-07
1.64000000000000e+01	9.34688807327530e-07
1.64100000000000e+01	9.22871903252065e-07
1.64200000000000e+01	9.11153687468133e-07
1.64300000000000e+01	8.99529599498452e-07
1.64400000000000e+01	8.87998929519909e-07
1.64500000000000e+01	8.76561717311592e-07
1.64600000000000e+01	8.65231639321464e-07
1.64700000000000e+01	8.54019586089460e-07
1.64800000000000e+01	8.42914628613919e-07
1.64900000000000e+01	8.31947773535728e-07
1.65000000000000e+01	8.21128073031126e-07
1.65100000000000e+01	8.10446984507433e-07
1.65200000000000e+01	7.99920056265817e-07
1.65300000000000e+01	7.89563488261162e-07
1.65400000000000e+01	7.79369847338011e-07
1.65500000000000e+01	7.69343300309585e-07
1.65600000000000e+01	7.59496911008232e-07
1.65700000000000e+01	7.49814060867180e-07
1.65800000000000e+01	7.40303359690606e-07
1.65900000000000e+01	7.30966127562571e-07
1.66000000000000e+01	7.21798890022892e-07
1.66100000000000e+01	7.12788118298778e-07
1.66200000000000e+01	7.03942755907197e-07
1.66300000000000e+01	6.95250809861942e-07
1.66400000000000e+01	6.86714932399101e-07
1.66500000000000e+01	6.78319792660624e-07
1.66600000000000e+01	6.70072289675056e-07
1.66700000000000e+01	6.61957805199457e-07
1.66800000000000e+01	6.53987865575740e-07
1.66900000000000e+01	6.46137903482903e-07
1.67000000000000e+01	6.38414776806188e-07
1.67100000000000e+01	6.30805620855676e-07
1.67200000000000e+01	6.23321633458933e-07
1.67300000000000e+01	6.15939498363151e-07
1.67400000000000e+01	6.08657333669530e-07
1.67500000000000e+01	6.01481613839765e-07
1.67600000000000e+01	5.94395868803922e-07
1.67700000000000e+01	5.87397250826610e-07
1.67800000000000e+01	5.80484842419790e-07
1.67900000000000e+01	5.73653995284252e-07
1.68000000000000e+01	5.66897063451517e-07
1.68100000000000e+01	5.60213766615722e-07
1.68200000000000e+01	5.53606095463602e-07
1.68300000000000e+01	5.47067453765830e-07
1.68400000000000e+01	5.40597664950549e-07
1.68500000000000e+01	5.34201724463622e-07
1.68600000000000e+01	5.27871739270195e-07
1.68700000000000e+01	5.21610955185560e-07
1.68800000000000e+01	5.15420811018074e-07
1.68900000000000e+01	5.09303117663029e-07
1.69000000000000e+01	5.03259931550811e-07
1.69100000000000e+01	4.97280994033135e-07
1.69200000000000e+01	4.91377560241612e-07
1.69300000000000e+01	4.85542222596917e-07
1.69400000000000e+01	4.79782311476345e-07
1.69500000000000e+01	4.74085396512898e-07
1.69600000000000e+01	4.68463152922580e-07
1.69700000000000e+01	4.62910265622357e-07
1.69800000000000e+01	4.57428766252202e-07
1.69900000000000e+01	4.52023841085705e-07
1.70000000000000e+01	4.46685433208721e-07
1.70100000000000e+01	4.41430623288558e-07
1.70200000000000e+01	4.36252588996350e-07
1.70300000000000e+01	4.31152532106592e-07
1.70400000000000e+01	4.26129796283236e-07
1.70500000000000e+01	4.21192638940664e-07
1.70600000000000e+01	4.16330407332549e-07
1.70700000000000e+01	4.11553219268848e-07
1.70800000000000e+01	4.06848777390249e-07
1.70900000000000e+01	4.02221918228629e-07
1.71000000000000e+01	3.97667601347083e-07
1.71100000000000e+01	3.93186306959039e-07
1.71200000000000e+01	3.88768435619227e-07
1.71300000000000e+01	3.84416696876541e-07
1.71400000000000e+01	3.80126710351864e-07
1.71500000000000e+01	3.75893641141281e-07
1.71600000000000e+01	3.71717972312692e-07
1.71700000000000e+01	3.67597725623452e-07
1.71800000000000e+01	3.63526961798282e-07
1.71900000000000e+01	3.59510330985933e-07
1.72000000000000e+01	3.55542022172924e-07
1.72100000000000e+01	3.51623263382596e-07
1.72200000000000e+01	3.47757821516891e-07
1.72300000000000e+01	3.43930733789118e-07
1.72400000000000e+01	3.40159298143926e-07
1.72500000000000e+01	3.36427821376066e-07
1.72600000000000e+01	3.32744646182017e-07
1.72700000000000e+01	3.29103776405161e-07
1.72800000000000e+01	3.25506458949232e-07
1.72900000000000e+01	3.21952646052005e-07
1.73000000000000e+01	3.18438910250426e-07
1.73100000000000e+01	3.14967308169621e-07
1.73200000000000e+01	3.11537574936174e-07
1.73300000000000e+01	3.08143227319648e-07
1.73400000000000e+01	3.04784677172272e-07
1.73500000000000e+01	3.01468461075352e-07
1.73600000000000e+01	2.98187055938433e-07
1.73700000000000e+01	2.94939951843445e-07
1.73800000000000e+01	2.91731130063228e-07
1.73900000000000e+01	2.88556219267017e-07
1.74000000000000e+01	2.85417728914508e-07
1.74100000000000e+01	2.82311604673249e-07
1.74200000000000e+01	2.79240309907481e-07
1.74300000000000e+01	2.76201674578165e-07
1.74400000000000e+01	2.73200036788284e-07
1.74500000000000e+01	2.70227197873629e-07
1.74600000000000e+01	2.67290733383360e-07
1.74700000000000e+01	2.64387082127909e-07
1.74800000000000e+01	2.61513868732725e-07
1.74900000000000e+01	2.58670287271664e-07
1.75000000000000e+01	2.55860777886554e-07
1.75100000000000e+01	2.53080692849228e-07
1.75200000000000e+01	2.50326842340395e-07
1.75300000000000e+01	2.47601246838228e-07
1.75400000000000e+01	2.44903322330247e-07
1.75500000000000e+01	2.42235708544439e-07
1.75600000000000e+01	2.39591344690948e-07
1.75700000000000e+01	2.36972848260679e-07
1.75800000000000e+01	2.34379491450415e-07
1.75900000000000e+01	2.31814060326227e-07
1.76000000000000e+01	2.29271963987594e-07
1.76100000000000e+01	2.26760074178726e-07
1.76200000000000e+01	2.24273387816677e-07
1.76300000000000e+01	2.21814948760423e-07
1.76400000000000e+01	2.19383625859924e-07
1.76500000000000e+01	2.16980029295676e-07
1.76600000000000e+01	2.14605915110849e-07
1.76700000000000e+01	2.12261729874964e-07
1.76800000000000e+01	2.09946006942553e-07
1.76900000000000e+01	2.07660471800099e-07
1.77000000000000e+01	2.05401774517888e-07
1.77100000000000e+01	2.03173452753574e-07
1.77200000000000e+01	2.00971169721313e-07
1.77300000000000e+01	1.98796271967732e-07
1.77400000000000e+01	1.96648690014568e-07
1.77500000000000e+01	1.94525183957813e-07
1.77600000000000e+01	1.92427908799656e-07
1.77700000000000e+01	1.90354049167169e-07
1.77800000000000e+01	1.88305186689892e-07
1.77900000000000e+01	1.86279545383990e-07
1.78000000000000e+01	1.84274384985287e-07
1.78100000000000e+01	1.82291821385827e-07
1.78200000000000e+01	1.80331513403306e-07
1.78300000000000e+01	1.78389640394371e-07
1.78400000000000e+01	1.76469413587781e-07
1.78500000000000e+01	1.74569466076908e-07
1.78600000000000e+01	1.72690827369515e-07
1.78700000000000e+01	1.70831704872705e-07
1.78800000000000e+01	1.68990346000982e-07
1.78900000000000e+01	1.67168432095790e-07
1.79000000000000e+01	1.65367187731801e-07
1.79100000000000e+01	1.63584545236086e-07
1.79200000000000e+01	1.61819068084045e-07
1.79300000000000e+01	1.60073511955000e-07
1.79400000000000e+01	1.58343108553249e-07
1.79500000000000e+01	1.56630983936839e-07
1.79600000000000e+01	1.54933941362243e-07
1.79700000000000e+01	1.53255289572791e-07
1.79800000000000e+01	1.51590464965827e-07
1.79900000000000e+01	1.49944256896557e-07
1.80000000000000e+01	1.48315160847700e-07
1.80100000000000e+01	1.46705462409971e-07
1.80200000000000e+01	1.45111998789990e-07
1.80300000000000e+01	1.43540629989950e-07
1.80400000000000e+01	1.41991136361853e-07
1.80500000000000e+01	1.40463632803294e-07
1.80600000000000e+01	1.38957544087833e-07
1.80700000000000e+01	1.37477963846749e-07
1.80800000000000e+01	1.36022432229099e-07
1.80900000000000e+01	1.34590654189193e-07
1.81000000000000e+01	1.33182590979840e-07
1.81100000000000e+01	1.31797996370938e-07
1.81200000000000e+01	1.30436821974388e-07
1.81300000000000e+01	1.29095990128261e-07
1.81400000000000e+01	1.27774304545023e-07
1.81500000000000e+01	1.26471706453479e-07
1.81600000000000e+01	1.25184891905162e-07
1.81700000000000e+01	1.23916778585654e-07
1.81800000000000e+01	1.22660254947589e-07
1.81900000000000e+01	1.21420541919017e-07
1.82000000000000e+01	1.20192135183838e-07
1.82100000000000e+01	1.18976429080571e-07
1.82200000000000e+01	1.17771871939047e-07
1.82300000000000e+01	1.16579035105796e-07
1.82400000000000e+01	1.15396841192742e-07
1.82500000000000e+01	1.14224227068794e-07
1.82600000000000e+01	1.13062313403637e-07
1.82700000000000e+01	1.11910276990211e-07
1.82800000000000e+01	1.10767868502126e-07
1.82900000000000e+01	1.09634424161755e-07
1.83000000000000e+01	1.08513236098467e-07
1.83100000000000e+01	1.07399924862200e-07
1.83200000000000e+01	1.06298856398800e-07
1.83300000000000e+01	1.05207638846800e-07
1.83400000000000e+01	1.04128110239932e-07
1.83500000000000e+01	1.03059888276783e-07
1.83600000000000e+01	1.02003233669860e-07
1.83700000000000e+01	1.00959632276876e-07
1.83800000000000e+01	9.99295832443595e-08
1.83900000000000e+01	9.89126205049595e-08
1.84000000000000e+01	9.79099458635469e-08
1.84100000000000e+01	9.69212535149718e-08
1.84200000000000e+01	9.59467319059649e-08
1.84300000000000e+01	9.49875447282476e-08
1.84400000000000e+01	9.40434196636737e-08
1.84500000000000e+01	9.31137811768268e-08
1.84600000000000e+01	9.21980798554778e-08
1.84700000000000e+01	9.12969259624881e-08
1.84800000000000e+01	9.04090077849317e-08
1.84900000000000e+01	8.95343142153762e-08
1.85000000000000e+01	8.86715420714360e-08
1.85100000000000e+01	8.78206074216490e-08
1.85200000000000e+01	8.69799333022788e-08
1.85300000000000e+01	8.61496972066707e-08
1.85400000000000e+01	8.53283042331504e-08
1.85500000000000e+01	8.45158079295018e-08
1.85600000000000e+01	8.37108159483394e-08
1.85700000000000e+01	8.29130752178014e-08
1.85800000000000e+01	8.21227559377607e-08
1.85900000000000e+01	8.13393586514771e-08
1.86000000000000e+01	8.05621031337719e-08
1.86100000000000e+01	7.97908314693219e-08
1.86200000000000e+01	7.90261435741728e-08
1.86300000000000e+01	7.82672864163601e-08
1.86400000000000e+01	7.75149823614736e-08
1.86500000000000e+01	7.67686795011641e-08
1.86600000000000e+01	7.60291926496367e-08
1.86700000000000e+01	7.52958802279747e-08
1.86800000000000e+01	7.45688705849765e-08
1.86900000000000e+01	7.38488283278441e-08
1.87000000000000e+01	7.31360302376442e-08
1.87100000000000e+01	7.24297745834296e-08
1.87200000000000e+01	7.17299954290901e-08
1.87300000000000e+01	7.10374108876012e-08
1.87400000000000e+01	7.03512586373097e-08
1.87500000000000e+01	6.96721742271901e-08
1.87600000000000e+01	6.89993432609249e-08
1.87700000000000e+01	6.83327497382236e-08
1.87800000000000e+01	6.76728333068720e-08
1.87900000000000e+01	6.70193868417710e-08
1.88000000000000e+01	6.63718216329152e-08
1.88100000000000e+01	6.57299557976346e-08
1.88200000000000e+01	6.50941193199501e-08
1.88300000000000e+01	6.44636943624732e-08
1.88400000000000e+01	6.38390153111833e-08
1.88500000000000e+01	6.32194936051871e-08
1.88600000000000e+01	6.26049282201893e-08
1.88700000000000e+01	6.19956205740992e-08
1.88800000000000e+01	6.13910751648706e-08
1.88900000000000e+01	6.07916658330839e-08
1.89000000000000e+01	6.01967092337536e-08
1.89100000000000e+01	5.96066481161711e-08
1.89200000000000e+01	5.90210522052404e-08
1.89300000000000e+01	5.84398651679281e-08
1.89400000000000e+01	5.78636963358612e-08
1.89500000000000e+01	5.72926347624980e-08
1.89600000000000e+01	5.67258243624397e-08
1.89700000000000e+01	5.61648305414112e-08
1.89800000000000e+01	5.56084355623659e-08
1.89900000000000e+01	5.50579021056148e-08
1.90000000000000e+01	5.45132192996079e-08
1.90100000000000e+01	5.39736510109058e-08
1.90200000000000e+01	5.34406635362306e-08
1.90300000000000e+01	5.29127522144989e-08
1.90400000000000e+01	5.23908191927691e-08
1.90500000000000e+01	5.18745699537628e-08
1.90600000000000e+01	5.13632846899556e-08
1.90700000000000e+01	5.08566006991717e-08
1.90800000000000e+01	5.03547489802251e-08
1.90900000000000e+01	4.98568386617951e-08
1.91000000000000e+01	4.93631676194726e-08
1.91100000000000e+01	4.88732929562686e-08
1.91200000000000e+01	4.83872579531712e-08
1.91300000000000e+01	4.79059045656863e-08
1.91400000000000e+01	4.74292406046006e-08
1.91500000000000e+01	4.69578822783361e-08
1.91600000000000e+01	4.64930894287606e-08
1.91700000000000e+01	4.60355086956986e-08
1.91800000000000e+01	4.55853577840996e-08
1.91900000000000e+01	4.51433760034196e-08
1.92000000000000e+01	4.47098642485496e-08
1.92100000000000e+01	4.42852874859417e-08
1.92200000000000e+01	4.38697344076930e-08
1.92300000000000e+01	4.34623980740790e-08
1.92400000000000e+01	4.30628954408250e-08
1.92500000000000e+01	4.26704798940570e-08
1.92600000000000e+01	4.22849704199591e-08
1.92700000000000e+01	4.19055508217494e-08
1.92800000000000e+01	4.15311836183336e-08
1.92900000000000e+01	4.11611683148711e-08
1.93000000000000e+01	4.07949879792878e-08
1.93100000000000e+01	4.04325349833820e-08
1.93200000000000e+01	4.00734809493593e-08
1.93300000000000e+01	3.97168688648926e-08
1.93400000000000e+01	3.93635741260775e-08
1.93500000000000e+01	3.90124489287272e-08
1.93600000000000e+01	3.86640741636433e-08
1.93700000000000e+01	3.83180616031188e-08
1.93800000000000e+01	3.79748307855760e-08
1.93900000000000e+01	3.76339819201933e-08
1.94000000000000e+01	3.72954670765929e-08
1.94100000000000e+01	3.69597481730081e-08
1.94200000000000e+01	3.66263860055029e-08
1.94300000000000e+01	3.62957608718761e-08
1.94400000000000e+01	3.59675024355435e-08
1.94500000000000e+01	3.56416508097764e-08
1.94600000000000e+01	3.53184689439341e-08
1.94700000000000e+01	3.49977245176178e-08
1.94800000000000e+01	3.46793181317385e-08
1.94900000000000e+01	3.43635668327741e-08
1.95000000000000e+01	3.40505265583531e-08
1.95100000000000e+01	3.37394977978078e-08
1.95200000000000e+01	3.34311713927474e-08
1.95300000000000e+01	3.31251367893186e-08
1.95400000000000e+01	3.28217017321611e-08
1.95500000000000e+01	3.25205904918236e-08
1.95600000000000e+01	3.22221707610519e-08
1.95700000000000e+01	3.19257158959802e-08
1.95800000000000e+01	3.16323399641049e-08
1.95900000000000e+01	3.13409926588153e-08
1.96000000000000e+01	3.10523811341807e-08
1.96100000000000e+01	3.07662903768853e-08
1.96200000000000e+01	3.04829898627051e-08
1.96300000000000e+01	3.02022849154537e-08
1.96400000000000e+01	2.99240903274285e-08
1.96500000000000e+01	2.96488002981518e-08
1.96600000000000e+01	2.93760662746489e-08
1.96700000000000e+01	2.91061841559542e-08
1.96800000000000e+01	2.88388607685903e-08
1.96900000000000e+01	2.85740328929898e-08
1.97000000000000e+01	2.83115274391225e-08
1.97100000000000e+01	2.80514459198256e-08
1.97200000000000e+01	2.77939116607703e-08
1.97300000000000e+01	2.75378695739120e-08
1.97400000000000e+01	2.72835213231158e-08
1.97500000000000e+01	2.70301900448011e-08
1.97600000000000e+01	2.67761775284324e-08
1.97700000000000e+01	2.65203289399547e-08
1.97800000000000e+01	2.62597507547491e-08
1.97900000000000e+01	2.59904333060135e-08
1.98000000000000e+01	2.57069497683814e-08
1.98100000000000e+01	2.54010171265950e-08
1.98200000000000e+01	2.50621184948419e-08
1.98300000000000e+01	2.46760036429924e-08
1.98400000000000e+01	2.42251071818715e-08
1.98500000000000e+01	2.36882977287537e-08
1.98600000000000e+01	2.30413654559803e-08
1.98700000000000e+01	2.22584718848496e-08
1.98800000000000e+01	2.13139974303506e-08
1.98900000000000e+01	2.01840107717021e-08
1.99000000000000e+01	1.88515068869114e-08
1.99100000000000e+01	1.73079956847303e-08
1.99200000000000e+01	1.55597605276970e-08
1.99300000000000e+01	1.36299307761898e-08
1.99400000000000e+01	1.15631304675291e-08
1.99500000000000e+01	9.42682508263565e-09
1.99600000000000e+01	7.30895085122438e-09
1.99700000000000e+01	5.31349416521621e-09
1.99800000000000e+01	3.54767100877051e-09
1.99900000000000e+01	2.10531902221987e-09
2.00000000000000e+01	1.04677565887501e-09
