1.00000000000000e-02	7.48638272983471e+17
2.00000000000000e-02	4.68010252112333e+16
3.00000000000000e-02	9.24828873152674e+15
4.00000000000000e-02	2.92783641496816e+15
5.00000000000000e-02	1.20009702832710e+15
6.00000000000000e-02	5.79254955205402e+14
7.00000000000000e-02	3.12988899901022e+14
8.00000000000000e-02	1.83686512788293e+14
9.00000000000000e-02	1.14828729531962e+14
1.00000000000000e-01	7.54526759900078e+13
1.10000000000000e-01	5.16208777681459e+13
1.20000000000000e-01	3.65142810297265e+13
1.30000000000000e-01	2.65627948325620e+13
1.40000000000000e-01	1.97909022605002e+13
1.50000000000000e-01	1.50525492672169e+13
1.60000000000000e-01	1.16563403295335e+13
1.70000000000000e-01	9.17030471134441e+12
1.80000000000000e-01	7.31636251763677e+12
1.90000000000000e-01	5.91079546874298e+12
2.00000000000000e-01	4.82930076872480e+12
2.10000000000000e-01	3.98602063981774e+12
2.20000000000000e-01	3.32056815675462e+12
2.30000000000000e-01	2.78960651240911e+12
2.40000000000000e-01	2.36174403991698e+12
2.50000000000000e-01	2.01376447375453e+12
2.60000000000000e-01	1.72838353262035e+12
2.70000000000000e-01	1.49247564237737e+12
2.80000000000000e-01	1.29609927208386e+12
2.90000000000000e-01	1.13148592330627e+12
3.00000000000000e-01	9.92663910099144e+11
3.10000000000000e-01	8.74893420972584e+11
3.20000000000000e-01	7.74434751522661e+11
3.30000000000000e-01	6.88313191157550e+11
3.40000000000000e-01	6.14117152321905e+11
3.50000000000000e-01	5.49915657214672e+11
3.60000000000000e-01	4.94113957495774e+11
3.70000000000000e-01	4.45421634007078e+11
3.80000000000000e-01	4.02770968847985e+11
3.90000000000000e-01	3.65273883132406e+11
4.00000000000000e-01	3.32196217433110e+11
4.10000000000000e-01	3.02918702443812e+11
4.20000000000000e-01	2.76927968340468e+11
4.30000000000000e-01	2.53783482942370e+11
4.40000000000000e-01	2.33119719109857e+11
4.50000000000000e-01	2.14615024847455e+11
4.60000000000000e-01	1.98003083925902e+11
4.70000000000000e-01	1.83054797390534e+11
4.80000000000000e-01	1.69572593413757e+11
4.90000000000000e-01	1.57381201792276e+11
5.00000000000000e-01	1.46335107632677e+11
5.10000000000000e-01	1.36304742302883e+11
5.20000000000000e-01	1.27183214801556e+11
5.30000000000000e-01	1.18865459451005e+11
5.40000000000000e-01	1.11270543653195e+11
5.50000000000000e-01	1.04323740774397e+11
5.60000000000000e-01	9.79550707284367e+10
5.70000000000000e-01	9.21093831973319e+10
5.80000000000000e-01	8.67368708675569e+10
5.90000000000000e-01	8.17880775262476e+10
6.00000000000000e-01	7.72247343998506e+10
6.10000000000000e-01	7.30095904942287e+10
6.20000000000000e-01	6.91119575134964e+10
6.30000000000000e-01	6.55028205749710e+10
6.40000000000000e-01	6.21577111866742e+10
6.50000000000000e-01	5.90509750922463e+10
6.60000000000000e-01	5.61636359119946e+10
6.70000000000000e-01	5.34753804254063e+10
6.80000000000000e-01	5.09723410543290e+10
6.90000000000000e-01	4.86381718945904e+10
7.00000000000000e-01	4.64589546884896e+10
7.10000000000000e-01	4.44223349287303e+10
7.20000000000000e-01	4.25164244294129e+10
7.30000000000000e-01	4.07331540609167e+10
7.40000000000000e-01	3.90609113076298e+10
7.50000000000000e-01	3.74932445099078e+10
7.60000000000000e-01	3.60208360660024e+10
7.70000000000000e-01	3.46381471045781e+10
7.80000000000000e-01	3.33376775501611e+10
7.90000000000000e-01	3.21143690347052e+10
8.00000000000000e-01	3.09623889475491e+10
8.10000000000000e-01	2.98767729261847e+10
8.20000000000000e-01	2.88537025037516e+10
8.30000000000000e-01	2.78883185808356e+10
8.40000000000000e-01	2.69777856234198e+10
8.50000000000000e-01	2.61172086897080e+10
8.60000000000000e-01	2.53044135062793e+10
8.70000000000000e-01	2.45360193870544e+10
8.80000000000000e-01	2.38088794273506e+10
8.90000000000000e-01	2.31220691154916e+10
9.00000000000000e-01	2.24715881842659e+10
9.10000000000000e-01	2.18557664935715e+10
9.20000000000000e-01	2.12728991289713e+10
9.30000000000000e-01	2.07210896315011e+10
9.40000000000000e-01	2.01984840764101e+10
9.50000000000000e-01	1.97034645996287e+10
9.60000000000000e-01	1.92346925379158e+10
9.70000000000000e-01	1.87912136071275e+10
9.80000000000000e-01	1.83712120724272e+10
9.90000000000000e-01	1.79740252950169e+10
1.00000000000000e+00	1.75987424013363e+10
1.01000000000000e+00	1.72435385742254e+10
1.02000000000000e+00	1.69083857135642e+10
1.03000000000000e+00	1.65924509469886e+10
1.04000000000000e+00	1.62945495332480e+10
1.05000000000000e+00	1.60143632179766e+10
1.06000000000000e+00	1.57507412441227e+10
1.07000000000000e+00	1.55037387116264e+10
1.08000000000000e+00	1.52719911274355e+10
1.09000000000000e+00	1.50546538584051e+10
1.10000000000000e+00	1.48511493830614e+10
1.11000000000000e+00	1.46600229116241e+10
1.12000000000000e+00	1.44803829106753e+10
1.13000000000000e+00	1.43112038761142e+10
1.14000000000000e+00	1.41510440621056e+10
1.15000000000000e+00	1.39988307726160e+10
1.16000000000000e+00	1.38528330602520e+10
1.17000000000000e+00	1.37125276221829e+10
1.18000000000000e+00	1.35762895312582e+10
1.19000000000000e+00	1.34437075566578e+10
1.20000000000000e+00	1.33141799783549e+10
1.21000000000000e+00	1.31875105271711e+10
1.22000000000000e+00	1.30640766005624e+10
1.23000000000000e+00	1.29453166662252e+10
1.24000000000000e+00	1.28321949497570e+10
1.25000000000000e+00	1.27274385855289e+10
1.26000000000000e+00	1.26332503453759e+10
1.27000000000000e+00	1.25544183306025e+10
1.28000000000000e+00	1.24943790223343e+10
1.29000000000000e+00	1.24592908514121e+10
1.30000000000000e+00	1.24546073430416e+10
1.31000000000000e+00	1.24868159920384e+10
1.32000000000000e+00	1.25628139232474e+10
1.33000000000000e+00	1.26892096589657e+10
1.34000000000000e+00	1.28720822404088e+10
1.35000000000000e+00	1.31173674456621e+10
1.36000000000000e+00	1.34297479265329e+10
1.37000000000000e+00	1.38123970368092e+10
1.38000000000000e+00	1.42672369254108e+10
1.39000000000000e+00	1.47944480823238e+10
1.40000000000000e+00	1.53931964433271e+10
1.41000000000000e+00	1.60607238265531e+10
1.42000000000000e+00	1.67934833805661e+10
1.43000000000000e+00	1.75873707002033e+10
1.44000000000000e+00	1.84380240739809e+10
1.45000000000000e+00	1.93404558535204e+10
1.46000000000000e+00	2.02905282295626e+10
1.47000000000000e+00	2.12826464528515e+10
1.48000000000000e+00	2.23130864266326e+10
1.49000000000000e+00	2.33759975322842e+10
1.50000000000000e+00	2.44649350797342e+10
1.51000000000000e+00	2.55719539996164e+10
1.52000000000000e+00	2.66863144563143e+10
1.53000000000000e+00	2.77949902459067e+10
1.54000000000000e+00	2.88803099767919e+10
1.55000000000000e+00	2.99209653443414e+10
1.56000000000000e+00	3.08938660468440e+10
1.57000000000000e+00	3.17710901647448e+10
1.58000000000000e+00	3.25229783108924e+10
1.59000000000000e+00	3.31190672141605e+10
1.60000000000000e+00	3.35285371618782e+10
1.61000000000000e+00	3.37240527795623e+10
1.62000000000000e+00	3.36802419252620e+10
1.63000000000000e+00	3.33786380473110e+10
1.64000000000000e+00	3.28084837848299e+10
1.65000000000000e+00	3.19717980143440e+10
1.66000000000000e+00	3.08823755813664e+10
1.67000000000000e+00	2.95708758442369e+10
1.68000000000000e+00	2.80784446807039e+10
1.69000000000000e+00	2.64569431878157e+10
1.70000000000000e+00	2.47608492465658e+10
1.71000000000000e+00	2.30463764152959e+10
1.72000000000000e+00	2.13668846768728e+10
1.73000000000000e+00	1.97736525220962e+10
1.74000000000000e+00	1.83126938916779e+10
1.75000000000000e+00	1.70193510909476e+10
1.76000000000000e+00	1.59159086574900e+10
1.77000000000000e+00	1.50084540214510e+10
1.78000000000000e+00	1.42884494037180e+10
1.79000000000000e+00	1.37338006085566e+10
1.80000000000000e+00	1.33120402675004e+10
1.81000000000000e+00	1.29854272094294e+10
1.82000000000000e+00	1.27171443786028e+10
1.83000000000000e+00	1.24769499979029e+10
1.84000000000000e+00	1.22451896555028e+10
1.85000000000000e+00	1.20145258146812e+10
1.86000000000000e+00	1.17845676018162e+10
1.87000000000000e+00	1.15602836641593e+10
1.88000000000000e+00	1.13477318887159e+10
1.89000000000000e+00	1.11532136864517e+10
1.90000000000000e+00	1.09831082243644e+10
1.91000000000000e+00	1.08423506059216e+10
1.92000000000000e+00	1.07354506415136e+10
1.93000000000000e+00	1.06642611639312e+10
1.94000000000000e+00	1.06284811616574e+10
1.95000000000000e+00	1.06246969387274e+10
1.96000000000000e+00	1.06466398838819e+10
1.97000000000000e+00	1.06855518365986e+10
1.98000000000000e+00	1.07307123199245e+10
1.99000000000000e+00	1.07705684017981e+10
2.00000000000000e+00	1.07933188971187e+10
2.01000000000000e+00	1.07880494997093e+10
2.02000000000000e+00	1.07459140391279e+10
2.03000000000000e+00	1.06605331417447e+10
2.04000000000000e+00	1.05282988653998e+10
2.05000000000000e+00	1.03490278002868e+10
2.06000000000000e+00	1.01248875533194e+10
2.07000000000000e+00	9.85953755355944e+09
2.08000000000000e+00	9.55747861601341e+09
2.09000000000000e+00	9.22207788601919e+09
2.10000000000000e+00	8.85570135471841e+09
2.11000000000000e+00	8.45991468727528e+09
2.12000000000000e+00	8.03626757244623e+09
2.13000000000000e+00	7.58834497845732e+09
2.14000000000000e+00	7.12295265828786e+09
2.15000000000000e+00	6.64950178836057e+09
2.16000000000000e+00	6.17922183165841e+09
2.17000000000000e+00	5.72202912156399e+09
2.18000000000000e+00	5.28531824908271e+09
2.19000000000000e+00	4.87231863934967e+09
2.20000000000000e+00	4.48313146874512e+09
2.21000000000000e+00	4.11570115325005e+09
2.22000000000000e+00	3.76745582510260e+09
2.23000000000000e+00	3.43727724391116e+09
2.24000000000000e+00	3.12591547425783e+09
2.25000000000000e+00	2.83646450000140e+09
2.26000000000000e+00	2.57289084882502e+09
2.27000000000000e+00	2.33865917149660e+09
2.28000000000000e+00	2.13565876851074e+09
2.29000000000000e+00	1.96357568732732e+09
2.30000000000000e+00	1.81997641132469e+09
2.31000000000000e+00	1.70079695939646e+09
2.32000000000000e+00	1.60094856473881e+09
2.33000000000000e+00	1.51501939686191e+09
2.34000000000000e+00	1.43782490831209e+09
2.35000000000000e+00	1.36522087294765e+09
2.36000000000000e+00	1.29433557391021e+09
2.37000000000000e+00	1.22385371271333e+09
2.38000000000000e+00	1.15379395269574e+09
2.39000000000000e+00	1.08504013629203e+09
2.40000000000000e+00	1.01888972638312e+09
2.41000000000000e+00	9.56750911267628e+08
2.42000000000000e+00	9.00007678404019e+08
2.43000000000000e+00	8.49928727292492e+08
2.44000000000000e+00	8.07624557631691e+08
2.45000000000000e+00	7.74140979635727e+08
2.46000000000000e+00	7.50354362309261e+08
2.47000000000000e+00	7.37104709448676e+08
2.48000000000000e+00	7.35101169142555e+08
2.49000000000000e+00	7.44990254004904e+08
2.50000000000000e+00	7.67206204814245e+08
2.51000000000000e+00	8.01913341963024e+08
2.52000000000000e+00	8.48864515416976e+08
2.53000000000000e+00	9.07302691879985e+08
2.54000000000000e+00	9.75871526335877e+08
2.55000000000000e+00	1.05269864441187e+09
2.56000000000000e+00	1.13539699522539e+09
2.57000000000000e+00	1.22117721263146e+09
2.58000000000000e+00	1.30691531621511e+09
2.59000000000000e+00	1.38921292416506e+09
2.60000000000000e+00	1.46433726194278e+09
2.61000000000000e+00	1.52831929929741e+09
2.62000000000000e+00	1.57704582054253e+09
2.63000000000000e+00	1.60678678044601e+09
2.64000000000000e+00	1.61528772479030e+09
2.65000000000000e+00	1.60273307116309e+09
2.66000000000000e+00	1.57240269878478e+09
2.67000000000000e+00	1.52993521800761e+09
2.68000000000000e+00	1.48177956190507e+09
2.69000000000000e+00	1.43349416808909e+09
2.70000000000000e+00	1.38872777489880e+09
2.71000000000000e+00	1.34903537279082e+09
2.72000000000000e+00	1.31419882051843e+09
2.73000000000000e+00	1.28297411044887e+09
2.74000000000000e+00	1.25364725228676e+09
2.75000000000000e+00	1.22457590767247e+09
2.76000000000000e+00	1.19450412783240e+09
2.77000000000000e+00	1.16268158123836e+09
2.78000000000000e+00	1.12874061498896e+09
2.79000000000000e+00	1.09260778151455e+09
2.80000000000000e+00	1.05428161418310e+09
2.81000000000000e+00	1.01380230219738e+09
2.82000000000000e+00	9.71222284741097e+08
2.83000000000000e+00	9.26608749861137e+08
2.84000000000000e+00	8.80084725159710e+08
2.85000000000000e+00	8.31881647521664e+08
2.86000000000000e+00	7.82329007121313e+08
2.87000000000000e+00	7.31898119921514e+08
2.88000000000000e+00	6.81133732199626e+08
2.89000000000000e+00	6.30636283047907e+08
2.90000000000000e+00	5.81019691840121e+08
2.91000000000000e+00	5.32868746369835e+08
2.92000000000000e+00	4.86725786416255e+08
2.93000000000000e+00	4.43108991045256e+08
2.94000000000000e+00	4.02532502885410e+08
2.95000000000000e+00	3.65522503118181e+08
2.96000000000000e+00	3.32624585207139e+08
2.97000000000000e+00	3.04346566069638e+08
2.98000000000000e+00	2.81144093157355e+08
2.99000000000000e+00	2.63336423412608e+08
3.00000000000000e+00	2.51079043843629e+08
3.01000000000000e+00	2.44334092235075e+08
3.02000000000000e+00	2.42873921825528e+08
3.03000000000000e+00	2.46306722331638e+08
3.04000000000000e+00	2.54098937668699e+08
3.05000000000000e+00	2.65608907194313e+08
3.06000000000000e+00	2.80114775787391e+08
3.07000000000000e+00	2.96868816410031e+08
3.08000000000000e+00	3.15128041007573e+08
3.09000000000000e+00	3.34169634793004e+08
3.10000000000000e+00	3.53339628885739e+08
3.11000000000000e+00	3.72045940319553e+08
3.12000000000000e+00	3.89750169233773e+08
3.13000000000000e+00	4.05973698995546e+08
3.14000000000000e+00	4.20248580274112e+08
3.15000000000000e+00	4.32134823963631e+08
3.16000000000000e+00	4.41248701816941e+08
3.17000000000000e+00	4.47299552080012e+08
3.18000000000000e+00	4.50150317263713e+08
3.19000000000000e+00	4.49892801014717e+08
3.20000000000000e+00	4.46805322410224e+08
3.21000000000000e+00	4.41335409411338e+08
3.22000000000000e+00	4.33996687328032e+08
3.23000000000000e+00	4.25277487413453e+08
3.24000000000000e+00	4.15589655956001e+08
3.25000000000000e+00	4.05254062182413e+08
3.26000000000000e+00	3.94524863672107e+08
3.27000000000000e+00	3.83622975298533e+08
3.28000000000000e+00	3.72749810632493e+08
3.29000000000000e+00	3.62127442096039e+08
3.30000000000000e+00	3.51981071317400e+08
3.31000000000000e+00	3.42531338030800e+08
3.32000000000000e+00	3.33991549002536e+08
3.33000000000000e+00	3.26527815966570e+08
3.34000000000000e+00	3.20245504415944e+08
3.35000000000000e+00	3.15166543164940e+08
3.36000000000000e+00	3.11222663522945e+08
3.37000000000000e+00	3.08269399579671e+08
3.38000000000000e+00	3.06104524290717e+08
3.39000000000000e+00	3.04510571486569e+08
3.40000000000000e+00	3.03285322472446e+08
3.41000000000000e+00	3.02259750692811e+08
3.42000000000000e+00	3.01314097624477e+08
3.43000000000000e+00	3.00379641710955e+08
3.44000000000000e+00	2.99427868747275e+08
3.45000000000000e+00	2.98464963384645e+08
3.46000000000000e+00	2.97523178926838e+08
3.47000000000000e+00	2.96662816976666e+08
3.48000000000000e+00	2.95963418611285e+08
3.49000000000000e+00	2.95531672549306e+08
3.50000000000000e+00	2.95494346354580e+08
3.51000000000000e+00	2.96003895214023e+08
3.52000000000000e+00	2.97235669175385e+08
3.53000000000000e+00	2.99370743435471e+08
3.54000000000000e+00	3.02596139993125e+08
3.55000000000000e+00	3.07083122529887e+08
3.56000000000000e+00	3.12982691810192e+08
3.57000000000000e+00	3.20419898906627e+08
3.58000000000000e+00	3.29501880752241e+08
3.59000000000000e+00	3.40319962422047e+08
3.60000000000000e+00	3.52971341803505e+08
3.61000000000000e+00	3.67559870959015e+08
3.62000000000000e+00	3.84195435092489e+08
3.63000000000000e+00	4.03011467546566e+08
3.64000000000000e+00	4.24156088709250e+08
3.65000000000000e+00	4.47799361426306e+08
3.66000000000000e+00	4.74146152878234e+08
3.67000000000000e+00	5.03441134170469e+08
3.68000000000000e+00	5.35984904176040e+08
3.69000000000000e+00	5.72120972971357e+08
3.70000000000000e+00	6.12251682261942e+08
3.71000000000000e+00	6.56875426383561e+08
3.72000000000000e+00	7.06588202488002e+08
3.73000000000000e+00	7.62143992718704e+08
3.74000000000000e+00	8.24560370176744e+08
3.75000000000000e+00	8.95240099805450e+08
3.76000000000000e+00	9.76103266036252e+08
3.77000000000000e+00	1.06970509665608e+09
3.78000000000000e+00	1.17938563938873e+09
3.79000000000000e+00	1.30931289893169e+09
3.80000000000000e+00	1.46449739358617e+09
3.81000000000000e+00	1.65078526366057e+09
3.82000000000000e+00	1.87464954372602e+09
3.83000000000000e+00	2.14303447672649e+09
3.84000000000000e+00	2.46289439544637e+09
3.85000000000000e+00	2.84073406244660e+09
3.86000000000000e+00	3.28205576235998e+09
3.87000000000000e+00	3.79075814766748e+09
3.88000000000000e+00	4.36857178424498e+09
3.89000000000000e+00	5.01422425716033e+09
3.90000000000000e+00	5.72295222628451e+09
3.91000000000000e+00	6.48481594290174e+09
3.92000000000000e+00	7.28377774305847e+09
3.93000000000000e+00	8.09605305433246e+09
3.94000000000000e+00	8.88922681168675e+09
3.95000000000000e+00	9.62271326286820e+09
3.96000000000000e+00	1.02506950499537e+10
3.97000000000000e+00	1.07268520138096e+10
3.98000000000000e+00	1.10111183587246e+10
3.99000000000000e+00	1.10770319642931e+10
4.00000000000000e+00	1.09160247654106e+10
4.01000000000000e+00	1.05397611288533e+10
4.02000000000000e+00	9.97733467638932e+09
4.03000000000000e+00	9.26995370069198e+09
4.04000000000000e+00	8.46483479040217e+09
4.05000000000000e+00	7.60873662704069e+09
4.06000000000000e+00	6.74308578573602e+09
4.07000000000000e+00	5.90151731669388e+09
4.08000000000000e+00	5.10835582079279e+09
4.09000000000000e+00	4.37960363753820e+09
4.10000000000000e+00	3.72379107554365e+09
4.11000000000000e+00	3.14380661364322e+09
4.12000000000000e+00	2.63849829664065e+09
4.13000000000000e+00	2.20398255069871e+09
4.14000000000000e+00	1.83466251917441e+09
4.15000000000000e+00	1.52394770879454e+09
4.16000000000000e+00	1.26480533037993e+09
4.17000000000000e+00	1.05018216261209e+09
4.18000000000000e+00	8.73337877846466e+08
4.19000000000000e+00	7.27974760571231e+08
4.20000000000000e+00	6.08495621260259e+08
4.21000000000000e+00	5.10034020392999e+08
4.22000000000000e+00	4.28501172666787e+08
4.23000000000000e+00	3.60541394919619e+08
4.24000000000000e+00	3.03473579166954e+08
4.25000000000000e+00	2.55202668073278e+08
4.26000000000000e+00	2.14120496039301e+08
4.27000000000000e+00	1.79016414505362e+08
4.28000000000000e+00	1.48983260024193e+08
4.29000000000000e+00	1.23337753110866e+08
4.30000000000000e+00	1.01554866558217e+08
4.31000000000000e+00	8.32262644772972e+07
4.32000000000000e+00	6.80225741652773e+07
4.33000000000000e+00	5.56626452147598e+07
4.34000000000000e+00	4.59071899727299e+07
4.35000000000000e+00	3.85407933069805e+07
4.36000000000000e+00	3.33594616453057e+07
4.37000000000000e+00	3.01557560853862e+07
4.38000000000000e+00	2.87068907814926e+07
4.39000000000000e+00	2.87613894724082e+07
4.40000000000000e+00	3.00372893573446e+07
4.41000000000000e+00	3.22219108146484e+07
4.42000000000000e+00	3.49842966974049e+07
4.43000000000000e+00	3.79911218128134e+07
4.44000000000000e+00	4.09308689301694e+07
4.45000000000000e+00	4.35350587988157e+07
4.46000000000000e+00	4.55985142876347e+07
4.47000000000000e+00	4.69900948252230e+07
4.48000000000000e+00	4.76558300814681e+07
4.49000000000000e+00	4.76095219336463e+07
4.50000000000000e+00	4.69190253951216e+07
4.51000000000000e+00	4.56872414771668e+07
4.52000000000000e+00	4.40348957374521e+07
4.53000000000000e+00	4.20843067262486e+07
4.54000000000000e+00	3.99470939238225e+07
4.55000000000000e+00	3.77180997299955e+07
4.56000000000000e+00	3.54701818674631e+07
4.57000000000000e+00	3.32552984386756e+07
4.58000000000000e+00	3.11044233602620e+07
4.59000000000000e+00	2.90313076926930e+07
4.60000000000000e+00	2.70347338255042e+07
4.61000000000000e+00	2.51030571529650e+07
4.62000000000000e+00	2.32164507238275e+07
4.63000000000000e+00	2.13511555407393e+07
4.64000000000000e+00	1.94824010843740e+07
4.65000000000000e+00	1.75877311096404e+07
4.66000000000000e+00	1.56514150711015e+07
4.67000000000000e+00	1.36675094328632e+07
4.68000000000000e+00	1.16434603930732e+07
4.69000000000000e+00	9.60383946575296e+06
4.70000000000000e+00	7.59403425510123e+06
4.71000000000000e+00	5.68319394301050e+06
4.72000000000000e+00	3.96811603624270e+06
4.73000000000000e+00	2.57412820403198e+06
4.74000000000000e+00	1.65507960788640e+06
4.75000000000000e+00	1.38865842387473e+06
4.76000000000000e+00	1.96753954190736e+06
4.77000000000000e+00	3.58623731469111e+06
4.78000000000000e+00	6.42372733536052e+06
4.79000000000000e+00	1.06243426099123e+07
4.80000000000000e+00	1.62786237620009e+07
4.81000000000000e+00	2.34071894456794e+07
4.82000000000000e+00	3.19513673480817e+07
4.83000000000000e+00	4.17692363592598e+07
4.84000000000000e+00	5.26448015373039e+07
4.85000000000000e+00	6.43031022977958e+07
4.86000000000000e+00	7.64318604755958e+07
4.87000000000000e+00	8.87067372653968e+07
4.88000000000000e+00	1.00812402159634e+08
4.89000000000000e+00	1.12459234541326e+08
4.90000000000000e+00	1.23396778886633e+08
4.91000000000000e+00	1.33416015792708e+08
4.92000000000000e+00	1.42354312934470e+08
4.93000000000000e+00	1.50094132274851e+08
4.94000000000000e+00	1.56560658837259e+08
4.95000000000000e+00	1.61723053938799e+08
4.96000000000000e+00	1.65578957428405e+08
4.97000000000000e+00	1.68169033920582e+08
4.98000000000000e+00	1.69556518607691e+08
4.99000000000000e+00	1.69831576854519e+08
5.00000000000000e+00	1.69102319386640e+08
5.01000000000000e+00	1.67496276002064e+08
5.02000000000000e+00	1.65154934377126e+08
5.03000000000000e+00	1.62230682014317e+08
5.04000000000000e+00	1.58882310713952e+08
5.05000000000000e+00	1.55268649678001e+08
5.06000000000000e+00	1.51545061211159e+08
5.07000000000000e+00	1.47849275579379e+08
5.08000000000000e+00	1.44301592919430e+08
5.09000000000000e+00	1.40995324128338e+08
5.10000000000000e+00	1.37999671329890e+08
5.11000000000000e+00	1.35364112278188e+08
5.12000000000000e+00	1.33114458962231e+08
5.13000000000000e+00	1.31266023815844e+08
5.14000000000000e+00	1.29825156733939e+08
5.15000000000000e+00	1.28789849418831e+08
5.16000000000000e+00	1.28152440458441e+08
5.17000000000000e+00	1.27903720139346e+08
5.18000000000000e+00	1.28025962556068e+08
5.19000000000000e+00	1.28494196309173e+08
5.20000000000000e+00	1.29276163898293e+08
5.21000000000000e+00	1.30322737274634e+08
5.22000000000000e+00	1.31570586694540e+08
5.23000000000000e+00	1.32947706102431e+08
5.24000000000000e+00	1.34363794481050e+08
5.25000000000000e+00	1.35717444974209e+08
5.26000000000000e+00	1.36907324097994e+08
5.27000000000000e+00	1.37830174038391e+08
5.28000000000000e+00	1.38398359944293e+08
5.29000000000000e+00	1.38540409676767e+08
5.30000000000000e+00	1.38216599674955e+08
5.31000000000000e+00	1.37414844942938e+08
5.32000000000000e+00	1.36148244055536e+08
5.33000000000000e+00	1.34458248597127e+08
5.34000000000000e+00	1.32394431328678e+08
5.35000000000000e+00	1.30011768664455e+08
5.36000000000000e+00	1.27361317953837e+08
5.37000000000000e+00	1.24481058452086e+08
5.38000000000000e+00	1.21390057915263e+08
5.39000000000000e+00	1.18091146744582e+08
5.40000000000000e+00	1.14569356787805e+08
5.41000000000000e+00	1.10790434114586e+08
5.42000000000000e+00	1.06713610493538e+08
5.43000000000000e+00	1.02294515897615e+08
5.44000000000000e+00	9.74927747965276e+07
5.45000000000000e+00	9.22820184514624e+07
5.46000000000000e+00	8.66601981519261e+07
5.47000000000000e+00	8.06475969779299e+07
5.48000000000000e+00	7.42985273004010e+07
5.49000000000000e+00	6.76955549900891e+07
5.50000000000000e+00	6.09441903138528e+07
5.51000000000000e+00	5.41700994365187e+07
5.52000000000000e+00	4.75058433506871e+07
5.53000000000000e+00	4.10814486362401e+07
5.54000000000000e+00	3.50131715775481e+07
5.55000000000000e+00	2.93957626192907e+07
5.56000000000000e+00	2.42973499871297e+07
5.57000000000000e+00	1.97582679045056e+07
5.58000000000000e+00	1.57926869322614e+07
5.59000000000000e+00	1.23916840606093e+07
5.60000000000000e+00	9.52783037203460e+06
5.61000000000000e+00	7.16102165735617e+06
5.62000000000000e+00	5.24221353104795e+06
5.63000000000000e+00	3.71868925569154e+06
5.64000000000000e+00	2.53675244765047e+06
5.65000000000000e+00	1.64479226304064e+06
5.66000000000000e+00	9.94740037790091e+05
5.67000000000000e+00	5.43172440229974e+05
5.68000000000000e+00	2.51535313894554e+05
5.69000000000000e+00	8.61333802835570e+04
5.70000000000000e+00	1.78144596807001e+04
5.71000000000000e+00	2.15424590778247e+04
5.72000000000000e+00	7.60298564400308e+04
5.73000000000000e+00	1.63459774529391e+05
5.74000000000000e+00	2.69298417420693e+05
5.75000000000000e+00	3.82198090204779e+05
5.76000000000000e+00	4.93904738535049e+05
5.77000000000000e+00	5.99179114387534e+05
5.78000000000000e+00	6.95556642803547e+05
5.79000000000000e+00	7.83011860619764e+05
5.80000000000000e+00	8.63540521144476e+05
5.81000000000000e+00	9.40460935266598e+05
5.82000000000000e+00	1.01775327488514e+06
5.83000000000000e+00	1.09939195207371e+06
5.84000000000000e+00	1.18865802477380e+06
5.85000000000000e+00	1.28778282016518e+06
5.86000000000000e+00	1.39763807320433e+06
5.87000000000000e+00	1.51769513404441e+06
5.88000000000000e+00	1.64626531077633e+06
5.89000000000000e+00	1.78068591959098e+06
5.90000000000000e+00	1.91794472875871e+06
5.91000000000000e+00	2.05483990570845e+06
5.92000000000000e+00	2.18853462387455e+06
5.93000000000000e+00	2.31665224544309e+06
5.94000000000000e+00	2.43756236356819e+06
5.95000000000000e+00	2.55031546825486e+06
5.96000000000000e+00	2.65466514661074e+06
5.97000000000000e+00	2.75102448840074e+06
5.98000000000000e+00	2.84027236221981e+06
5.99000000000000e+00	2.92361826653390e+06
6.00000000000000e+00	3.00240772599580e+06
6.01000000000000e+00	3.07801681839355e+06
6.02000000000000e+00	3.15166186223088e+06
6.03000000000000e+00	3.22431717463653e+06
6.04000000000000e+00	3.29661155135908e+06
6.05000000000000e+00	3.36883113341797e+06
6.06000000000000e+00	3.44078905614265e+06
6.07000000000000e+00	3.51202095908220e+06
6.08000000000000e+00	3.58161341163262e+06
6.09000000000000e+00	3.64857801107848e+06
6.10000000000000e+00	3.71177705485756e+06
6.11000000000000e+00	3.77025799106265e+06
6.12000000000000e+00	3.82324837979742e+06
6.13000000000000e+00	3.87037669815778e+06
6.14000000000000e+00	3.91140050186725e+06
6.15000000000000e+00	3.94660700096290e+06
6.16000000000000e+00	3.97622009255741e+06
6.17000000000000e+00	4.00044990100837e+06
6.18000000000000e+00	4.01952240675471e+06
6.19000000000000e+00	4.03326695435358e+06
6.20000000000000e+00	4.04130470033465e+06
6.21000000000000e+00	4.04276866686583e+06
6.22000000000000e+00	4.03665865022940e+06
6.23000000000000e+00	4.02170245947246e+06
6.24000000000000e+00	3.99671329908297e+06
6.25000000000000e+00	3.96076591431998e+06
6.26000000000000e+00	3.91345473980511e+06
6.27000000000000e+00	3.85510610181884e+06
6.28000000000000e+00	3.78672519143806e+06
6.29000000000000e+00	3.71019595073723e+06
6.30000000000000e+00	3.62799823272889e+06
6.31000000000000e+00	3.54298936878498e+06
6.32000000000000e+00	3.45811276887508e+06
6.33000000000000e+00	3.37612772652679e+06
6.34000000000000e+00	3.29914096685715e+06
6.35000000000000e+00	3.22862345644352e+06
6.36000000000000e+00	3.16497076661723e+06
6.37000000000000e+00	3.10747697723058e+06
6.38000000000000e+00	3.05457414347147e+06
6.39000000000000e+00	3.00393544471804e+06
6.40000000000000e+00	2.95275758919570e+06
6.41000000000000e+00	2.89822984355705e+06
6.42000000000000e+00	2.83772279920537e+06
6.43000000000000e+00	2.76924672043211e+06
6.44000000000000e+00	2.69146103417556e+06
6.45000000000000e+00	2.60386433319367e+06
6.46000000000000e+00	2.50676289010225e+06
6.47000000000000e+00	2.40117455648750e+06
6.48000000000000e+00	2.28869141494638e+06
6.49000000000000e+00	2.17144751216266e+06
6.50000000000000e+00	2.05185416267192e+06
6.51000000000000e+00	1.93254618891847e+06
6.52000000000000e+00	1.81617638816734e+06
6.53000000000000e+00	1.70538094777799e+06
6.54000000000000e+00	1.60253957259238e+06
6.55000000000000e+00	1.50980020560637e+06
6.56000000000000e+00	1.42888659807882e+06
6.57000000000000e+00	1.36114016293735e+06
6.58000000000000e+00	1.30741760960486e+06
6.59000000000000e+00	1.26815191467197e+06
6.60000000000000e+00	1.24337283145408e+06
6.61000000000000e+00	1.23290376040855e+06
6.62000000000000e+00	1.23639764928961e+06
6.63000000000000e+00	1.25357137658798e+06
6.64000000000000e+00	1.28432639608338e+06
6.65000000000000e+00	1.32883079957872e+06
6.66000000000000e+00	1.38751204476240e+06
6.67000000000000e+00	1.46100149738533e+06
6.68000000000000e+00	1.54996220728458e+06
6.69000000000000e+00	1.65478224638691e+06
6.70000000000000e+00	1.77536575317524e+06
6.71000000000000e+00	1.91079236862999e+06
6.72000000000000e+00	2.05914085413486e+06
6.73000000000000e+00	2.21741339760906e+06
6.74000000000000e+00	2.38149836400336e+06
6.75000000000000e+00	2.54639002192695e+06
6.76000000000000e+00	2.70651981337072e+06
6.77000000000000e+00	2.85620926997668e+06
6.78000000000000e+00	2.98995382499080e+06
6.79000000000000e+00	3.10312973272884e+06
6.80000000000000e+00	3.19212189100360e+06
6.81000000000000e+00	3.25484285736206e+06
6.82000000000000e+00	3.29063668420874e+06
6.83000000000000e+00	3.30045413104018e+06
6.84000000000000e+00	3.28662664797586e+06
6.85000000000000e+00	3.25256722358051e+06
6.86000000000000e+00	3.20251240233237e+06
6.87000000000000e+00	3.14122277904078e+06
6.88000000000000e+00	3.07342453666577e+06
6.89000000000000e+00	3.00362071324998e+06
6.90000000000000e+00	2.93574975398661e+06
6.91000000000000e+00	2.87305609272961e+06
6.92000000000000e+00	2.81793574301195e+06
6.93000000000000e+00	2.77201159187597e+06
6.94000000000000e+00	2.73616253996473e+06
6.95000000000000e+00	2.71059747075742e+06
6.96000000000000e+00	2.69519890023851e+06
6.97000000000000e+00	2.68945995183644e+06
6.98000000000000e+00	2.69286948408543e+06
6.99000000000000e+00	2.70488704374317e+06
7.00000000000000e+00	2.72513260330637e+06
7.01000000000000e+00	2.75342569002936e+06
7.02000000000000e+00	2.78966957579117e+06
7.03000000000000e+00	2.83383404504456e+06
7.04000000000000e+00	2.88574802118398e+06
7.05000000000000e+00	2.94492143789004e+06
7.06000000000000e+00	3.01040814726355e+06
7.07000000000000e+00	3.08066375343264e+06
7.08000000000000e+00	3.15351796967432e+06
7.09000000000000e+00	3.22623950759017e+06
7.10000000000000e+00	3.29560288725892e+06
7.11000000000000e+00	3.35831199572771e+06
7.12000000000000e+00	3.41105212110938e+06
7.13000000000000e+00	3.45106159737236e+06
7.14000000000000e+00	3.47614680543357e+06
7.15000000000000e+00	3.48507099763635e+06
7.16000000000000e+00	3.47767941764504e+06
7.17000000000000e+00	3.45488956975340e+06
7.18000000000000e+00	3.41882492677239e+06
7.19000000000000e+00	3.37246983689481e+06
7.20000000000000e+00	3.31965220733631e+06
7.21000000000000e+00	3.26450664671229e+06
7.22000000000000e+00	3.21125954253274e+06
7.23000000000000e+00	3.16371941854287e+06
7.24000000000000e+00	3.12496990779332e+06
7.25000000000000e+00	3.09716768173735e+06
7.26000000000000e+00	3.08131989774909e+06
7.27000000000000e+00	3.07729455494252e+06
7.28000000000000e+00	3.08385617300454e+06
7.29000000000000e+00	3.09891485569298e+06
7.30000000000000e+00	3.11973110728052e+06
7.31000000000000e+00	3.14310339709839e+06
7.32000000000000e+00	3.16569790737794e+06
7.33000000000000e+00	3.18420032352667e+06
7.34000000000000e+00	3.19555735281383e+06
7.35000000000000e+00	3.19692978752667e+06
7.36000000000000e+00	3.18592065701205e+06
7.37000000000000e+00	3.16049174498302e+06
7.38000000000000e+00	3.11918811411190e+06
7.39000000000000e+00	3.06102324004237e+06
7.40000000000000e+00	2.98566526440900e+06
7.41000000000000e+00	2.89362371796092e+06
7.42000000000000e+00	2.78619398172111e+06
7.43000000000000e+00	2.66563518491116e+06
7.44000000000000e+00	2.53501607203561e+06
7.45000000000000e+00	2.39821028650372e+06
7.46000000000000e+00	2.25961807215460e+06
7.47000000000000e+00	2.12390704309304e+06
7.48000000000000e+00	1.99554750206469e+06
7.49000000000000e+00	1.87861309712054e+06
7.50000000000000e+00	1.77632481745469e+06
7.51000000000000e+00	1.69099153815557e+06
7.52000000000000e+00	1.62391750941280e+06
7.53000000000000e+00	1.57540689412638e+06
7.54000000000000e+00	1.54505416640540e+06
7.55000000000000e+00	1.53192970358135e+06
7.56000000000000e+00	1.53484009414102e+06
7.57000000000000e+00	1.55259263385396e+06
7.58000000000000e+00	1.58408454085987e+06
7.59000000000000e+00	1.62842100705140e+06
7.60000000000000e+00	1.68484658158706e+06
7.61000000000000e+00	1.75266240080714e+06
7.62000000000000e+00	1.83112049207016e+06
7.63000000000000e+00	1.91926703149140e+06
7.64000000000000e+00	2.01572155708012e+06
7.65000000000000e+00	2.11882459282724e+06
7.66000000000000e+00	2.22635952861529e+06
7.67000000000000e+00	2.33589213133289e+06
7.68000000000000e+00	2.44465901000215e+06
7.69000000000000e+00	2.54987357989807e+06
7.70000000000000e+00	2.64886629460817e+06
7.71000000000000e+00	2.73931678844404e+06
7.72000000000000e+00	2.81927545488984e+06
7.73000000000000e+00	2.88743931194834e+06
7.74000000000000e+00	2.94315449462989e+06
7.75000000000000e+00	2.98624755415778e+06
7.76000000000000e+00	3.01721921332676e+06
7.77000000000000e+00	3.03681300329531e+06
7.78000000000000e+00	3.04593714832220e+06
7.79000000000000e+00	3.04560461773011e+06
7.80000000000000e+00	3.03664773198976e+06
7.81000000000000e+00	3.01964599132760e+06
7.82000000000000e+00	2.99503178387850e+06
7.83000000000000e+00	2.96275723798627e+06
7.84000000000000e+00	2.92258398231535e+06
7.85000000000000e+00	2.87400487098872e+06
7.86000000000000e+00	2.81636398516831e+06
7.87000000000000e+00	2.74894761117988e+06
7.88000000000000e+00	2.67123763218829e+06
7.89000000000000e+00	2.58300199650384e+06
7.90000000000000e+00	2.48444676352303e+06
7.91000000000000e+00	2.37631302703391e+06
7.92000000000000e+00	2.25995594976967e+06
7.93000000000000e+00	2.13724545561467e+06
7.94000000000000e+00	2.01055060964090e+06
7.95000000000000e+00	1.88263620123343e+06
7.96000000000000e+00	1.75651066190114e+06
7.97000000000000e+00	1.63518715341946e+06
7.98000000000000e+00	1.52156869784600e+06
7.99000000000000e+00	1.41822938075544e+06
8.00000000000000e+00	1.32721587143742e+06
8.01000000000000e+00	1.24993603722607e+06
8.02000000000000e+00	1.18713281308518e+06
8.03000000000000e+00	1.13878846016634e+06
8.04000000000000e+00	1.10424528640499e+06
8.05000000000000e+00	1.08232724836503e+06
8.06000000000000e+00	1.07144143283727e+06
8.07000000000000e+00	1.06974675172281e+06
8.08000000000000e+00	1.07539482429693e+06
8.09000000000000e+00	1.08656459299680e+06
8.10000000000000e+00	1.10163393406497e+06
8.11000000000000e+00	1.11920945358321e+06
8.12000000000000e+00	1.13818238789300e+06
8.13000000000000e+00	1.15769312990356e+06
8.14000000000000e+00	1.17709116528966e+06
8.15000000000000e+00	1.19593546753236e+06
8.16000000000000e+00	1.21386220342475e+06
8.17000000000000e+00	1.23060840120480e+06
8.18000000000000e+00	1.24595413882371e+06
8.19000000000000e+00	1.25967001408052e+06
8.20000000000000e+00	1.27158330295294e+06
8.21000000000000e+00	1.28151571980249e+06
8.22000000000000e+00	1.28939827470733e+06
8.23000000000000e+00	1.29519477180827e+06
8.24000000000000e+00	1.29901070869778e+06
8.25000000000000e+00	1.30105027172362e+06
8.26000000000000e+00	1.30162358689741e+06
8.27000000000000e+00	1.30114979966948e+06
8.28000000000000e+00	1.30013517737093e+06
8.29000000000000e+00	1.29910736311218e+06
8.30000000000000e+00	1.29868285338107e+06
8.31000000000000e+00	1.29940499574807e+06
8.32000000000000e+00	1.30179379314229e+06
8.33000000000000e+00	1.30627587063749e+06
8.34000000000000e+00	1.31314894074150e+06
8.35000000000000e+00	1.32252799691852e+06
8.36000000000000e+00	1.33437326616928e+06
8.37000000000000e+00	1.34842923221451e+06
8.38000000000000e+00	1.36426994558080e+06
8.39000000000000e+00	1.38135833507295e+06
8.40000000000000e+00	1.39901664209325e+06
8.41000000000000e+00	1.41654659095898e+06
8.42000000000000e+00	1.43325239027046e+06
8.43000000000000e+00	1.44850548757958e+06
8.44000000000000e+00	1.46181550752155e+06
8.45000000000000e+00	1.47279377164706e+06
8.46000000000000e+00	1.48120903020911e+06
8.47000000000000e+00	1.48696648904834e+06
8.48000000000000e+00	1.49010264825547e+06
8.49000000000000e+00	1.49074957996847e+06
8.50000000000000e+00	1.48913342343296e+06
8.51000000000000e+00	1.48547977529522e+06
8.52000000000000e+00	1.48003908447560e+06
8.53000000000000e+00	1.47303242808599e+06
8.54000000000000e+00	1.46462165511058e+06
8.55000000000000e+00	1.45491020491813e+06
8.56000000000000e+00	1.44396162837211e+06
8.57000000000000e+00	1.43184223209590e+06
8.58000000000000e+00	1.41863094446069e+06
8.59000000000000e+00	1.40441671473091e+06
8.60000000000000e+00	1.38936030179964e+06
8.61000000000000e+00	1.37367478488715e+06
8.62000000000000e+00	1.35760147648854e+06
8.63000000000000e+00	1.34141104765505e+06
8.64000000000000e+00	1.32541637394366e+06
8.65000000000000e+00	1.30989846369596e+06
8.66000000000000e+00	1.29508950822546e+06
8.67000000000000e+00	1.28120243974617e+06
8.68000000000000e+00	1.26836594720167e+06
8.69000000000000e+00	1.25665637221926e+06
8.70000000000000e+00	1.24605076469190e+06
8.71000000000000e+00	1.23643975005601e+06
8.72000000000000e+00	1.22768129390272e+06
8.73000000000000e+00	1.21951568460081e+06
8.74000000000000e+00	1.21167976865749e+06
8.75000000000000e+00	1.20384606142185e+06
8.76000000000000e+00	1.19573682444746e+06
8.77000000000000e+00	1.18704384371639e+06
8.78000000000000e+00	1.17754562204964e+06
8.79000000000000e+00	1.16705465415861e+06
8.80000000000000e+00	1.15548354812941e+06
8.81000000000000e+00	1.14285925444336e+06
8.82000000000000e+00	1.12926083708542e+06
8.83000000000000e+00	1.11492509507605e+06
8.84000000000000e+00	1.10007395303881e+06
8.85000000000000e+00	1.08503571548334e+06
8.86000000000000e+00	1.07012900696503e+06
8.87000000000000e+00	1.05568056392602e+06
8.88000000000000e+00	1.04200798755779e+06
8.89000000000000e+00	1.02936045104525e+06
8.90000000000000e+00	1.01794064902057e+06
8.91000000000000e+00	1.00787429697264e+06
8.92000000000000e+00	9.99195893785605e+05
8.93000000000000e+00	9.91931846840202e+05
8.94000000000000e+00	9.85990535560864e+05
8.95000000000000e+00	9.81282671790180e+05
8.96000000000000e+00	9.77641303493828e+05
8.97000000000000e+00	9.74913813630156e+05
8.98000000000000e+00	9.72918532063480e+05
8.99000000000000e+00	9.71538770400231e+05
9.00000000000000e+00	9.70613565481675e+05
9.01000000000000e+00	9.70024526985324e+05
9.02000000000000e+00	9.69716585614024e+05
9.03000000000000e+00	9.69592243989740e+05
9.04000000000000e+00	9.69584431611434e+05
9.05000000000000e+00	9.69602481483188e+05
9.06000000000000e+00	9.69545775870899e+05
9.07000000000000e+00	9.69308788221080e+05
9.08000000000000e+00	9.68757894586589e+05
9.09000000000000e+00	9.67802733313253e+05
9.10000000000000e+00	9.66347791646770e+05
9.11000000000000e+00	9.64333701529965e+05
9.12000000000000e+00	9.61705578718248e+05
9.13000000000000e+00	9.58470968188294e+05
9.14000000000000e+00	9.54634952668945e+05
9.15000000000000e+00	9.50257803907006e+05
9.16000000000000e+00	9.45381196605974e+05
9.17000000000000e+00	9.40112826656592e+05
9.18000000000000e+00	9.34521578728028e+05
9.19000000000000e+00	9.28732225711656e+05
9.20000000000000e+00	9.22855440335106e+05
9.21000000000000e+00	9.16973784687404e+05
9.22000000000000e+00	9.11194863154707e+05
9.23000000000000e+00	9.05587236720272e+05
9.24000000000000e+00	9.00221031505328e+05
9.25000000000000e+00	8.95124032356366e+05
9.26000000000000e+00	8.90321264112160e+05
9.27000000000000e+00	8.85798089549086e+05
9.28000000000000e+00	8.81538796989139e+05
9.29000000000000e+00	8.77504599822729e+05
9.30000000000000e+00	8.73664952041963e+05
9.31000000000000e+00	8.69949691493452e+05
9.32000000000000e+00	8.66334633511313e+05
9.33000000000000e+00	8.62768962928700e+05
9.34000000000000e+00	8.59209666603358e+05
9.35000000000000e+00	8.55630350338488e+05
9.36000000000000e+00	8.52013428955502e+05
9.37000000000000e+00	8.48349557823664e+05
9.38000000000000e+00	8.44645603893200e+05
9.39000000000000e+00	8.40923328596668e+05
9.40000000000000e+00	8.37188582472385e+05
9.41000000000000e+00	8.33495002824141e+05
9.42000000000000e+00	8.29880468718929e+05
9.43000000000000e+00	8.26351935808378e+05
9.44000000000000e+00	8.22962588363194e+05
9.45000000000000e+00	8.19709486539264e+05
9.46000000000000e+00	8.16612158098838e+05
9.47000000000000e+00	8.13660164520085e+05
9.48000000000000e+00	8.10855795501668e+05
9.49000000000000e+00	8.08206224004478e+05
9.50000000000000e+00	8.05719257274003e+05
9.51000000000000e+00	8.03344457727374e+05
9.52000000000000e+00	8.01091721771037e+05
9.53000000000000e+00	7.98924422961931e+05
9.54000000000000e+00	7.96807186171650e+05
9.55000000000000e+00	7.94710285294808e+05
9.56000000000000e+00	7.92602546974141e+05
9.57000000000000e+00	7.90496667334695e+05
9.58000000000000e+00	7.88416105480180e+05
9.59000000000000e+00	7.86400709996363e+05
9.60000000000000e+00	7.84495632897534e+05
9.61000000000000e+00	7.82706114124823e+05
9.62000000000000e+00	7.81025959051630e+05
9.63000000000000e+00	7.79404322626374e+05
9.64000000000000e+00	7.77794943080635e+05
9.65000000000000e+00	7.76153526561779e+05
9.66000000000000e+00	7.74431785856982e+05
9.67000000000000e+00	7.72593383084700e+05
9.68000000000000e+00	7.70647313511802e+05
9.69000000000000e+00	7.68603285908550e+05
9.70000000000000e+00	7.66432490663586e+05
9.71000000000000e+00	7.64191336820549e+05
9.72000000000000e+00	7.61858679805707e+05
9.73000000000000e+00	7.59459208592661e+05
9.74000000000000e+00	7.56994799229256e+05
9.75000000000000e+00	7.54496727028135e+05
9.76000000000000e+00	7.51953389773930e+05
9.77000000000000e+00	7.49375498237573e+05
9.78000000000000e+00	7.46761178487113e+05
9.79000000000000e+00	7.44112815298998e+05
9.80000000000000e+00	7.41442928772494e+05
9.81000000000000e+00	7.38746560359894e+05
9.82000000000000e+00	7.36033093657088e+05
9.83000000000000e+00	7.33296842759384e+05
9.84000000000000e+00	7.30540791149935e+05
9.85000000000000e+00	7.27766543080062e+05
9.86000000000000e+00	7.24970882505798e+05
9.87000000000000e+00	7.22168032998974e+05
9.88000000000000e+00	7.19391393080410e+05
9.89000000000000e+00	7.16741649174193e+05
9.90000000000000e+00	7.14461714504555e+05
9.91000000000000e+00	7.13072503843012e+05
9.92000000000000e+00	7.13587309272205e+05
9.93000000000000e+00	7.17712783861352e+05
9.94000000000000e+00	7.27995010512821e+05
9.95000000000000e+00	7.47824420557947e+05
9.96000000000000e+00	7.81179646449867e+05
9.97000000000000e+00	8.32054574209889e+05
9.98000000000000e+00	9.03331132884125e+05
9.99000000000000e+00	9.94747889034080e+05
1.00000000000000e+01	1.10017647517340e+06
1.00100000000000e+01	1.20451283892200e+06
1.00200000000000e+01	1.27986839440947e+06
1.00300000000000e+01	1.29060559566580e+06
1.00400000000000e+01	1.21433947591492e+06
1.00500000000000e+01	1.06350026329129e+06
1.00600000000000e+01	8.78470204504601e+05
1.00700000000000e+01	6.98851308994706e+05
1.00800000000000e+01	5.45999540925771e+05
1.00900000000000e+01	4.24839608554468e+05
1.01000000000000e+01	3.32017141369642e+05
1.01100000000000e+01	2.61783155052571e+05
1.01200000000000e+01	2.08656543716774e+05
1.01300000000000e+01	1.68224536763666e+05
1.01400000000000e+01	1.37161238923755e+05
1.01500000000000e+01	1.13038478803696e+05
1.01600000000000e+01	9.40949287630770e+04
1.01700000000000e+01	7.90536964649276e+04
1.01800000000000e+01	6.69845216801564e+04
1.01900000000000e+01	5.72026904721830e+04
1.02000000000000e+01	4.92012009345743e+04
1.02100000000000e+01	4.25978640652040e+04
1.02200000000000e+01	3.71048728498153e+04
1.02300000000000e+01	3.25005967200036e+04
1.02400000000000e+01	2.86145533739936e+04
1.02500000000000e+01	2.53134436599416e+04
1.02600000000000e+01	2.24922921554508e+04
1.02700000000000e+01	2.00677610421124e+04
1.02800000000000e+01	1.79734169110797e+04
1.02900000000000e+01	1.61554769544698e+04
1.03000000000000e+01	1.45702478255094e+04
1.03100000000000e+01	1.31820425297204e+04
1.03200000000000e+01	1.19615581871619e+04
1.03300000000000e+01	1.08844764992730e+04
1.03400000000000e+01	9.93050691317572e+03
1.03500000000000e+01	9.08272557737109e+03
1.03600000000000e+01	8.32687546286132e+03
1.03700000000000e+01	7.65092320373677e+03
1.03800000000000e+01	7.04464045440927e+03
1.03900000000000e+01	6.49934952553162e+03
1.04000000000000e+01	6.00757713117137e+03
1.04100000000000e+01	5.56295006129240e+03
1.04200000000000e+01	5.16000054295079e+03
1.04300000000000e+01	4.79396103873514e+03
1.04400000000000e+01	4.46077203035596e+03
1.04500000000000e+01	4.15685861049035e+03
1.04600000000000e+01	3.87909266094447e+03
1.04700000000000e+01	3.62476322535042e+03
1.04800000000000e+01	3.39149301501164e+03
1.04900000000000e+01	3.17720634596179e+03
1.05000000000000e+01	2.98001977708082e+03
1.05100000000000e+01	2.79831136692824e+03
1.05200000000000e+01	2.63062957582112e+03
1.05300000000000e+01	2.47564867559008e+03
1.05400000000000e+01	2.33223554649650e+03
1.05500000000000e+01	2.19934570471166e+03
1.05600000000000e+01	2.07605620668415e+03
1.05700000000000e+01	1.96151355878606e+03
1.05800000000000e+01	1.85497362898523e+03
1.05900000000000e+01	1.75575764579155e+03
1.06000000000000e+01	1.66325142497503e+03
1.06100000000000e+01	1.57691246776594e+03
1.06200000000000e+01	1.49623784269011e+03
1.06300000000000e+01	1.42077156071518e+03
1.06400000000000e+01	1.35010473980397e+03
1.06500000000000e+01	1.28386220118837e+03
1.06600000000000e+01	1.22170478446942e+03
1.06700000000000e+01	1.16332847441730e+03
1.06800000000000e+01	1.10844475934585e+03
1.06900000000000e+01	1.05680356692853e+03
1.07000000000000e+01	1.00816197463008e+03
1.07100000000000e+01	9.62313370281315e+02
1.07200000000000e+01	9.19065108045207e+02
1.07300000000000e+01	8.78234634000975e+02
1.07400000000000e+01	8.39662583460340e+02
1.07500000000000e+01	8.03195743891788e+02
1.07600000000000e+01	7.68706387222248e+02
1.07700000000000e+01	7.36059290896002e+02
1.07800000000000e+01	7.05148603424232e+02
1.07900000000000e+01	6.75863498431786e+02
1.08000000000000e+01	6.48103467400821e+02
1.08100000000000e+01	6.21776030119649e+02
1.08200000000000e+01	5.96797162574882e+02
1.08300000000000e+01	5.73081981830904e+02
1.08400000000000e+01	5.50555768808966e+02
1.08500000000000e+01	5.29143843342085e+02
1.08600000000000e+01	5.08782371025383e+02
1.08700000000000e+01	4.89405589423854e+02
1.08800000000000e+01	4.70955489154511e+02
1.08900000000000e+01	4.53374337251422e+02
1.09000000000000e+01	4.36610831457625e+02
1.09100000000000e+01	4.20619033928384e+02
1.09200000000000e+01	4.05352453536293e+02
1.09300000000000e+01	3.90767510077889e+02
1.09400000000000e+01	3.76823918915487e+02
1.09500000000000e+01	3.63488386516777e+02
1.09600000000000e+01	3.50724684948283e+02
1.09700000000000e+01	3.38504188466307e+02
1.09800000000000e+01	3.26792910553566e+02
1.09900000000000e+01	3.15566970421954e+02
1.10000000000000e+01	3.04802184047111e+02
1.10100000000000e+01	2.94475612583134e+02
1.10200000000000e+01	2.84566734505188e+02
1.10300000000000e+01	2.75058645394373e+02
1.10400000000000e+01	2.65933725894923e+02
1.10500000000000e+01	2.57177019287695e+02
1.10600000000000e+01	2.48776162325539e+02
1.10700000000000e+01	2.40715191823430e+02
1.10800000000000e+01	2.32982084532060e+02
1.10900000000000e+01	2.25565844023389e+02
1.11000000000000e+01	2.18452345365196e+02
1.11100000000000e+01	2.11631026401508e+02
1.11200000000000e+01	2.05086132977781e+02
1.11300000000000e+01	1.98807824102949e+02
1.11400000000000e+01	1.92782682018015e+02
1.11500000000000e+01	1.86997970184845e+02
1.11600000000000e+01	1.81440729559310e+02
1.11700000000000e+01	1.76100416568110e+02
1.11800000000000e+01	1.70964816801661e+02
1.11900000000000e+01	1.66022802818122e+02
1.12000000000000e+01	1.61263422742953e+02
1.12100000000000e+01	1.56678367622955e+02
1.12200000000000e+01	1.52258741916862e+02
1.12300000000000e+01	1.47995390802720e+02
1.12400000000000e+01	1.43880175565693e+02
1.12500000000000e+01	1.39907803487839e+02
1.12600000000000e+01	1.36070672547742e+02
1.12700000000000e+01	1.32362645814759e+02
1.12800000000000e+01	1.28779011531228e+02
1.12900000000000e+01	1.25313989866907e+02
1.13000000000000e+01	1.21962892966568e+02
1.13100000000000e+01	1.18721283051554e+02
1.13200000000000e+01	1.15584116248632e+02
1.13300000000000e+01	1.12548090890683e+02
1.13400000000000e+01	1.09608360842371e+02
1.13500000000000e+01	1.06761675514024e+02
1.13600000000000e+01	1.04003844270973e+02
1.13700000000000e+01	1.01330980734920e+02
1.13800000000000e+01	9.87411127448580e+01
1.13900000000000e+01	9.62297204015372e+01
1.14000000000000e+01	9.37944840862092e+01
1.14100000000000e+01	9.14325648165125e+01
1.14200000000000e+01	8.91407131428225e+01
1.14300000000000e+01	8.69174407779492e+01
1.14400000000000e+01	8.47599967730694e+01
1.14500000000000e+01	8.26662258249547e+01
1.14600000000000e+01	8.06338708923364e+01
1.14700000000000e+01	7.86607156860156e+01
1.14800000000000e+01	7.67445401761516e+01
1.14900000000000e+01	7.48836851173176e+01
1.15000000000000e+01	7.30766181902971e+01
1.15100000000000e+01	7.13206128885418e+01
1.15200000000000e+01	6.96143253221650e+01
1.15300000000000e+01	6.79563122313595e+01
1.15400000000000e+01	6.63444585297510e+01
1.15500000000000e+01	6.47787903342027e+01
1.15600000000000e+01	6.32570578583161e+01
1.15700000000000e+01	6.17786881203145e+01
1.15800000000000e+01	6.03432753468581e+01
1.15900000000000e+01	5.89492620718642e+01
1.16000000000000e+01	5.75959030888040e+01
1.16100000000000e+01	5.62830757636650e+01
1.16200000000000e+01	5.50091014660503e+01
1.16300000000000e+01	5.37733172698696e+01
1.16400000000000e+01	5.25742667687171e+01
1.16500000000000e+01	5.14108528022897e+01
1.16600000000000e+01	5.02816610739527e+01
1.16700000000000e+01	4.91849278473850e+01
1.16800000000000e+01	4.81190697698753e+01
1.16900000000000e+01	4.70824125087261e+01
1.17000000000000e+01	4.60733357204616e+01
1.17100000000000e+01	4.50904895491317e+01
1.17200000000000e+01	4.41320246350492e+01
1.17300000000000e+01	4.31968018411692e+01
1.17400000000000e+01	4.22836669438615e+01
1.17500000000000e+01	4.13916646602116e+01
1.17600000000000e+01	4.05199794901028e+01
1.17700000000000e+01	3.96678491839438e+01
1.17800000000000e+01	3.88354562673342e+01
1.17900000000000e+01	3.80221677002833e+01
1.18000000000000e+01	3.72278682976931e+01
1.18100000000000e+01	3.64525087492786e+01
1.18200000000000e+01	3.56960896590467e+01
1.18300000000000e+01	3.49586672699734e+01
1.18400000000000e+01	3.42398325498372e+01
1.18500000000000e+01	3.35395448802304e+01
1.18600000000000e+01	3.28575039522022e+01
1.18700000000000e+01	3.21934901500673e+01
1.18800000000000e+01	3.15468103394956e+01
1.18900000000000e+01	3.09171766973317e+01
1.19000000000000e+01	3.03038559582568e+01
1.19100000000000e+01	2.97064461983378e+01
1.19200000000000e+01	2.91241436068699e+01
1.19300000000000e+01	2.85565287445671e+01
1.19400000000000e+01	2.80027683689911e+01
1.19500000000000e+01	2.74623956371668e+01
1.19600000000000e+01	2.69347456867437e+01
1.19700000000000e+01	2.64193656908849e+01
1.19800000000000e+01	2.59156238182477e+01
1.19900000000000e+01	2.54230708071649e+01
1.20000000000000e+01	2.49410563246333e+01
1.20100000000000e+01	2.44694572640998e+01
1.20200000000000e+01	2.40078300847532e+01
1.20300000000000e+01	2.35560292432175e+01
1.20400000000000e+01	2.31137286264821e+01
1.20500000000000e+01	2.26806368440124e+01
1.20600000000000e+01	2.22569577158055e+01
1.20700000000000e+01	2.18423855176244e+01
1.20800000000000e+01	2.14369403777916e+01
1.20900000000000e+01	2.10406224572309e+01
1.21000000000000e+01	2.06533843119333e+01
1.21100000000000e+01	2.02752913499527e+01
1.21200000000000e+01	1.99062020104256e+01
1.21300000000000e+01	1.95458645198395e+01
1.21400000000000e+01	1.91943278244456e+01
1.21500000000000e+01	1.88514570419497e+01
1.21600000000000e+01	1.85167477872747e+01
1.21700000000000e+01	1.81901785684119e+01
1.21800000000000e+01	1.78712593319372e+01
1.21900000000000e+01	1.75598801730476e+01
1.22000000000000e+01	1.72555035375976e+01
1.22100000000000e+01	1.69578700371172e+01
1.22200000000000e+01	1.66666300146321e+01
1.22300000000000e+01	1.63814219808469e+01
1.22400000000000e+01	1.61018806571391e+01
1.22500000000000e+01	1.58278002450588e+01
1.22600000000000e+01	1.55589068403368e+01
1.22700000000000e+01	1.52948947158185e+01
1.22800000000000e+01	1.50354463879096e+01
1.22900000000000e+01	1.47805060414341e+01
1.23000000000000e+01	1.45296655740317e+01
1.23100000000000e+01	1.42829255782543e+01
1.23200000000000e+01	1.40399658201439e+01
1.23300000000000e+01	1.38007089954277e+01
1.23400000000000e+01	1.35650964575458e+01
1.23500000000000e+01	1.33330954023927e+01
1.23600000000000e+01	1.31045358949049e+01
1.23700000000000e+01	1.28795313229275e+01
1.23800000000000e+01	1.26579641245282e+01
1.23900000000000e+01	1.24400626690930e+01
1.24000000000000e+01	1.22256759005942e+01
1.24100000000000e+01	1.20150745866766e+01
1.24200000000000e+01	1.18081529536814e+01
1.24300000000000e+01	1.16050398699460e+01
1.24400000000000e+01	1.14057964970586e+01
1.24500000000000e+01	1.12103484173504e+01
1.24600000000000e+01	1.10186729362551e+01
1.24700000000000e+01	1.08308150514115e+01
1.24800000000000e+01	1.06467160934790e+01
1.24900000000000e+01	1.04661796178265e+01
1.25000000000000e+01	1.02893823333696e+01
1.25100000000000e+01	1.01161357556883e+01
1.25200000000000e+01	9.94636249872064e+00
1.25300000000000e+01	9.78000355324854e+00
1.25400000000000e+01	9.61717310281903e+00
1.25500000000000e+01	9.45759173570740e+00
1.25600000000000e+01	9.30142443099313e+00
1.25700000000000e+01	9.14845621951147e+00
1.25800000000000e+01	8.99877974605100e+00
1.25900000000000e+01	8.85222591717951e+00
1.26000000000000e+01	8.70874492999213e+00
1.26100000000000e+01	8.56823912956894e+00
1.26200000000000e+01	8.43068287130988e+00
1.26300000000000e+01	8.29593503894191e+00
1.26400000000000e+01	8.16384402124970e+00
1.26500000000000e+01	8.03445541380360e+00
1.26600000000000e+01	7.90764788262348e+00
1.26700000000000e+01	7.78329040760197e+00
1.26800000000000e+01	7.66139115822501e+00
1.26900000000000e+01	7.54186573233148e+00
1.27000000000000e+01	7.42473316540659e+00
1.27100000000000e+01	7.30992861621125e+00
1.27200000000000e+01	7.19743869596155e+00
1.27300000000000e+01	7.08719881000366e+00
1.27400000000000e+01	6.97922705560077e+00
1.27500000000000e+01	6.87348394403869e+00
1.27600000000000e+01	6.76995294193296e+00
1.27700000000000e+01	6.66856639939335e+00
1.27800000000000e+01	6.56928204233222e+00
1.27900000000000e+01	6.47202123824320e+00
1.28000000000000e+01	6.37676161396314e+00
1.28100000000000e+01	6.28338320154984e+00
1.28200000000000e+01	6.19190227927550e+00
1.28300000000000e+01	6.10215861547714e+00
1.28400000000000e+01	6.01418081236302e+00
1.28500000000000e+01	5.92792035144209e+00
1.28600000000000e+01	5.84326608807275e+00
1.28700000000000e+01	5.76022765795855e+00
1.28800000000000e+01	5.67870159369692e+00
1.28900000000000e+01	5.59873168545889e+00
1.29000000000000e+01	5.52018259744377e+00
1.29100000000000e+01	5.44311727619222e+00
1.29200000000000e+01	5.36743005723058e+00
1.29300000000000e+01	5.29312014134059e+00
1.29400000000000e+01	5.22010913253980e+00
1.29500000000000e+01	5.14841489908030e+00
1.29600000000000e+01	5.07793260527673e+00
1.29700000000000e+01	5.00873263057082e+00
1.29800000000000e+01	4.94067207550084e+00
1.29900000000000e+01	4.87379915323842e+00
1.30000000000000e+01	4.80804131091386e+00
1.30100000000000e+01	4.74343809475614e+00
1.30200000000000e+01	4.67992173345132e+00
1.30300000000000e+01	4.61749188899627e+00
1.30400000000000e+01	4.55611452300373e+00
1.30500000000000e+01	4.49577147475122e+00
1.30600000000000e+01	4.43640800133587e+00
1.30700000000000e+01	4.37801079019685e+00
1.30800000000000e+01	4.32052769261687e+00
1.30900000000000e+01	4.26391950136538e+00
1.31000000000000e+01	4.20810794437131e+00
1.31100000000000e+01	4.15310672564151e+00
1.31200000000000e+01	4.09881269896756e+00
1.31300000000000e+01	4.04524748213386e+00
1.31400000000000e+01	3.99232099810994e+00
1.31500000000000e+01	3.94007038393659e+00
1.31600000000000e+01	3.88847680851660e+00
1.31700000000000e+01	3.83753592404676e+00
1.31800000000000e+01	3.78723174834870e+00
1.31900000000000e+01	3.73761544533170e+00
1.32000000000000e+01	3.68866848527854e+00
1.32100000000000e+01	3.64039384026070e+00
1.32200000000000e+01	3.59280525817101e+00
1.32300000000000e+01	3.54589067701479e+00
1.32400000000000e+01	3.49967366070517e+00
1.32500000000000e+01	3.45409981106110e+00
1.32600000000000e+01	3.40913665914257e+00
1.32700000000000e+01	3.36481717233262e+00
1.32800000000000e+01	3.32110025938248e+00
1.32900000000000e+01	3.27795331313869e+00
1.33000000000000e+01	3.23539784339515e+00
1.33100000000000e+01	3.19340853008704e+00
1.33200000000000e+01	3.15197941369677e+00
1.33300000000000e+01	3.11111199754762e+00
1.33400000000000e+01	3.07082030128200e+00
1.33500000000000e+01	3.03112641605256e+00
1.33600000000000e+01	2.99202180025044e+00
1.33700000000000e+01	2.95349385842817e+00
1.33800000000000e+01	2.91558482344695e+00
1.33900000000000e+01	2.87829328743547e+00
1.34000000000000e+01	2.84159257425075e+00
1.34100000000000e+01	2.80547398107189e+00
1.34200000000000e+01	2.76996717734051e+00
1.34300000000000e+01	2.73502225949267e+00
1.34400000000000e+01	2.70064414698018e+00
1.34500000000000e+01	2.66682892757952e+00
1.34600000000000e+01	2.63352216242955e+00
1.34700000000000e+01	2.60072143176159e+00
1.34800000000000e+01	2.56844492207461e+00
1.34900000000000e+01	2.53663104721097e+00
1.35000000000000e+01	2.50528163068582e+00
1.35100000000000e+01	2.47436821180097e+00
1.35200000000000e+01	2.44388175522611e+00
1.35300000000000e+01	2.41381629418929e+00
1.35400000000000e+01	2.38415470787632e+00
1.35500000000000e+01	2.35485434883224e+00
1.35600000000000e+01	2.32593062992508e+00
1.35700000000000e+01	2.29733344896125e+00
1.35800000000000e+01	2.26909878073796e+00
1.35900000000000e+01	2.24116512587322e+00
1.36000000000000e+01	2.21356304225091e+00
1.36100000000000e+01	2.18625168899902e+00
1.36200000000000e+01	2.15925327241560e+00
1.36300000000000e+01	2.13254164409726e+00
1.36400000000000e+01	2.10612592237967e+00
1.36500000000000e+01	2.08002584049976e+00
1.36600000000000e+01	2.05421983682039e+00
1.36700000000000e+01	2.02871385951294e+00
1.36800000000000e+01	2.00353361418897e+00
1.36900000000000e+01	1.97868894467673e+00
1.37000000000000e+01	1.95416047303591e+00
1.37100000000000e+01	1.92998383327524e+00
1.37200000000000e+01	1.90615496084598e+00
1.37300000000000e+01	1.88271122237409e+00
1.37400000000000e+01	1.85963229700920e+00
1.37500000000000e+01	1.83694978874107e+00
1.37600000000000e+01	1.81464423468367e+00
1.37700000000000e+01	1.79273338436814e+00
1.37800000000000e+01	1.77120371107968e+00
1.37900000000000e+01	1.75004901951986e+00
1.38000000000000e+01	1.72928275880406e+00
1.38100000000000e+01	1.70886622921141e+00
1.38200000000000e+01	1.68880005587679e+00
1.38300000000000e+01	1.66905302923940e+00
1.38400000000000e+01	1.64962539409038e+00
1.38500000000000e+01	1.63051376199040e+00
1.38600000000000e+01	1.61167414669749e+00
1.38700000000000e+01	1.59309890106534e+00
1.38800000000000e+01	1.57480911450893e+00
1.38900000000000e+01	1.55675160582666e+00
1.39000000000000e+01	1.53893022624327e+00
1.39100000000000e+01	1.52135175475395e+00
1.39200000000000e+01	1.50399113322265e+00
1.39300000000000e+01	1.48683965112692e+00
1.39400000000000e+01	1.46990906705276e+00
1.39500000000000e+01	1.45318202783952e+00
1.39600000000000e+01	1.43663745878863e+00
1.39700000000000e+01	1.42029789946399e+00
1.39800000000000e+01	1.40414874857532e+00
1.39900000000000e+01	1.38818543171087e+00
1.40000000000000e+01	1.37241807891183e+00
1.40100000000000e+01	1.35682823522862e+00
1.40200000000000e+01	1.34142350811333e+00
1.40300000000000e+01	1.32621128824356e+00
1.40400000000000e+01	1.31119499192986e+00
1.40500000000000e+01	1.29637521419147e+00
1.40600000000000e+01	1.28173980805295e+00
1.40700000000000e+01	1.26731457731737e+00
1.40800000000000e+01	1.25308301037995e+00
1.40900000000000e+01	1.23904744946985e+00
1.41000000000000e+01	1.22521071828085e+00
1.41100000000000e+01	1.21156353774244e+00
1.41200000000000e+01	1.19810422146157e+00
1.41300000000000e+01	1.18482448549331e+00
1.41400000000000e+01	1.17172888178113e+00
1.41500000000000e+01	1.15877885363590e+00
1.41600000000000e+01	1.14599798591505e+00
1.41700000000000e+01	1.13335395200316e+00
1.41800000000000e+01	1.12085163593934e+00
1.41900000000000e+01	1.10847740295619e+00
1.42000000000000e+01	1.09622785060317e+00
1.42100000000000e+01	1.08409888738608e+00
1.42200000000000e+01	1.07211048686131e+00
1.42300000000000e+01	1.06023185872158e+00
1.42400000000000e+01	1.04848924595373e+00
1.42500000000000e+01	1.03687881116337e+00
1.42600000000000e+01	1.02539387034809e+00
1.42700000000000e+01	1.01405456859178e+00
1.42800000000000e+01	1.00286712805725e+00
1.42900000000000e+01	9.91815814090029e-01
1.43000000000000e+01	9.80918364379245e-01
1.43100000000000e+01	9.70167582224245e-01
1.43200000000000e+01	9.59556017023992e-01
1.43300000000000e+01	9.49091826460169e-01
1.43400000000000e+01	9.38768468786579e-01
1.43500000000000e+01	9.28590405610099e-01
1.43600000000000e+01	9.18543399250018e-01
1.43700000000000e+01	9.08618251572037e-01
1.43800000000000e+01	8.98831675095735e-01
1.43900000000000e+01	8.89175164056877e-01
1.44000000000000e+01	8.79648805321847e-01
1.44100000000000e+01	8.70237992210225e-01
1.44200000000000e+01	8.60958778705450e-01
1.44300000000000e+01	8.51801981221460e-01
1.44400000000000e+01	8.42775099319564e-01
1.44500000000000e+01	8.33862338727525e-01
1.44600000000000e+01	8.25078108111827e-01
1.44700000000000e+01	8.16414780709501e-01
1.44800000000000e+01	8.07863862756638e-01
1.44900000000000e+01	7.99430992463483e-01
1.45000000000000e+01	7.91111224197180e-01
1.45100000000000e+01	7.82903786829153e-01
1.45200000000000e+01	7.74804687150784e-01
1.45300000000000e+01	7.66807890834430e-01
1.45400000000000e+01	7.58921380432489e-01
1.45500000000000e+01	7.51127522090069e-01
1.45600000000000e+01	7.43430286806330e-01
1.45700000000000e+01	7.35832573966981e-01
1.45800000000000e+01	7.28321014390337e-01
1.45900000000000e+01	7.20903877254775e-01
1.46000000000000e+01	7.13574219266097e-01
1.46100000000000e+01	7.06319667874618e-01
1.46200000000000e+01	6.99158538678925e-01
1.46300000000000e+01	6.92069444068584e-01
1.46400000000000e+01	6.85066854441808e-01
1.46500000000000e+01	6.78146004356335e-01
1.46600000000000e+01	6.71299484000857e-01
1.46700000000000e+01	6.64533857773467e-01
1.46800000000000e+01	6.57848071482349e-01
1.46900000000000e+01	6.51244619859029e-01
1.47000000000000e+01	6.44719434927833e-01
1.47100000000000e+01	6.38271406066307e-01
1.47200000000000e+01	6.31902286932783e-01
1.47300000000000e+01	6.25612084809626e-01
1.47400000000000e+01	6.19399748755885e-01
1.47500000000000e+01	6.13266674160533e-01
1.47600000000000e+01	6.07207763094147e-01
1.47700000000000e+01	6.01224672938433e-01
1.47800000000000e+01	5.95307428207985e-01
1.47900000000000e+01	5.89460384049029e-01
1.48000000000000e+01	5.83676580302598e-01
1.48100000000000e+01	5.77953701658814e-01
1.48200000000000e+01	5.72297598759544e-01
1.48300000000000e+01	5.66693053223078e-01
1.48400000000000e+01	5.61147148997465e-01
1.48500000000000e+01	5.55657068885463e-01
1.48600000000000e+01	5.50217876291576e-01
1.48700000000000e+01	5.44832525170519e-01
1.48800000000000e+01	5.39497466131741e-01
1.48900000000000e+01	5.34209045401895e-01
1.49000000000000e+01	5.28975951581499e-01
1.49100000000000e+01	5.23791648550128e-01
1.49200000000000e+01	5.18658376251407e-01
1.49300000000000e+01	5.13575541907369e-01
1.49400000000000e+01	5.08545886372758e-01
1.49500000000000e+01	5.03566511382683e-01
1.49600000000000e+01	4.98641239058945e-01
1.49700000000000e+01	4.93769266497648e-01
1.49800000000000e+01	4.88952929590005e-01
1.49900000000000e+01	4.84190011390328e-01
1.50000000000000e+01	4.79481341728146e-01
1.50100000000000e+01	4.74833780245194e-01
1.50200000000000e+01	4.70232391334513e-01
1.50300000000000e+01	4.65690332718339e-01
1.50400000000000e+01	4.61202837718314e-01
1.50500000000000e+01	4.56765258304379e-01
1.50600000000000e+01	4.52380012754340e-01
1.50700000000000e+01	4.48045218049929e-01
1.50800000000000e+01	4.43756588289686e-01
1.50900000000000e+01	4.39517656010951e-01
1.51000000000000e+01	4.35319864321774e-01
1.51100000000000e+01	4.31168610573429e-01
1.51200000000000e+01	4.27058693196787e-01
1.51300000000000e+01	4.22987049567133e-01
1.51400000000000e+01	4.18958348697280e-01
1.51500000000000e+01	4.14965430057212e-01
1.51600000000000e+01	4.11010254631605e-01
1.51700000000000e+01	4.07091364334791e-01
1.51800000000000e+01	4.03213756236555e-01
1.51900000000000e+01	3.99371075452867e-01
1.52000000000000e+01	3.95566544775616e-01
1.52100000000000e+01	3.91799634109772e-01
1.52200000000000e+01	3.88075170786382e-01
1.52300000000000e+01	3.84384607997037e-01
1.52400000000000e+01	3.80731501136434e-01
1.52500000000000e+01	3.77115344192277e-01
1.52600000000000e+01	3.73532361719504e-01
1.52700000000000e+01	3.69981390695434e-01
1.52800000000000e+01	3.66460934472186e-01
1.52900000000000e+01	3.62964624908440e-01
1.53000000000000e+01	3.59493252917909e-01
1.53100000000000e+01	3.56038734961234e-01
1.53200000000000e+01	3.52599105894491e-01
1.53300000000000e+01	3.49175583795394e-01
1.53400000000000e+01	3.45758275110658e-01
1.53500000000000e+01	3.42348577214382e-01
1.53600000000000e+01	3.38949575738934e-01
1.53700000000000e+01	3.35550736806318e-01
1.53800000000000e+01	3.32158068152683e-01
1.53900000000000e+01	3.28770219898543e-01
1.54000000000000e+01	3.25390665254815e-01
1.54100000000000e+01	3.22022446009282e-01
1.54200000000000e+01	3.18663840267969e-01
1.54300000000000e+01	3.15326392553064e-01
1.54400000000000e+01	3.12010472986654e-01
1.54500000000000e+01	3.08723288394660e-01
1.54600000000000e+01	3.05470651947261e-01
1.54700000000000e+01	3.02260575884701e-01
1.54800000000000e+01	2.99094953794127e-01
1.54900000000000e+01	2.95985786577402e-01
1.55000000000000e+01	2.92933258229289e-01
1.55100000000000e+01	2.89947280952548e-01
1.55200000000000e+01	2.87031996042294e-01
1.55300000000000e+01	2.84189882205207e-01
1.55400000000000e+01	2.81415552749571e-01
1.55500000000000e+01	2.78718075292460e-01
1.55600000000000e+01	2.76089208185679e-01
1.55700000000000e+01	2.73527053138603e-01
1.55800000000000e+01	2.71030334870553e-01
1.55900000000000e+01	2.68589059875046e-01
1.56000000000000e+01	2.66198905522811e-01
1.56100000000000e+01	2.63857864728945e-01
1.56200000000000e+01	2.61554856123663e-01
1.56300000000000e+01	2.59288237571501e-01
1.56400000000000e+01	2.57050492343561e-01
1.56500000000000e+01	2.54836282122724e-01
1.56600000000000e+01	2.52640983403302e-01
1.56700000000000e+01	2.50462683667589e-01
1.56800000000000e+01	2.48298716581716e-01
1.56900000000000e+01	2.46144591739328e-01
1.57000000000000e+01	2.43998324474118e-01
1.57100000000000e+01	2.41858738715661e-01
1.57200000000000e+01	2.39726881775578e-01
1.57300000000000e+01	2.37601852273890e-01
1.57400000000000e+01	2.35482766908855e-01
1.57500000000000e+01	2.33372769431500e-01
1.57600000000000e+01	2.31271108218651e-01
1.57700000000000e+01	2.29179066830844e-01
1.57800000000000e+01	2.27099380385828e-01
1.57900000000000e+01	2.25037069922378e-01
1.58000000000000e+01	2.22990686184187e-01
1.58100000000000e+01	2.20964549293180e-01
1.58200000000000e+01	2.18960773386540e-01
1.58300000000000e+01	2.16983154529562e-01
1.58400000000000e+01	2.15033350787323e-01
1.58500000000000e+01	2.13110883352686e-01
1.58600000000000e+01	2.11221802988966e-01
1.58700000000000e+01	2.09363164105103e-01
1.58800000000000e+01	2.07534557013835e-01
1.58900000000000e+01	2.05740838260470e-01
1.59000000000000e+01	2.03976255410621e-01
1.59100000000000e+01	2.02243563713847e-01
1.59200000000000e+01	2.00537311637631e-01
1.59300000000000e+01	1.98858832979531e-01
1.59400000000000e+01	1.97204588204746e-01
1.59500000000000e+01	1.95571492404492e-01
1.59600000000000e+01	1.93957231743303e-01
1.59700000000000e+01	1.92363101296490e-01
1.59800000000000e+01	1.90785255795544e-01
1.59900000000000e+01	1.89220334199985e-01
1.60000000000000e+01	1.87671633355071e-01
1.60100000000000e+01	1.86134157402712e-01
1.60200000000000e+01	1.84609918978973e-01
1.60300000000000e+01	1.83095905019808e-01
1.60400000000000e+01	1.81594925262001e-01
1.60500000000000e+01	1.80104397937944e-01
1.60600000000000e+01	1.78626022135300e-01
1.60700000000000e+01	1.77158073233473e-01
1.60800000000000e+01	1.75701731483090e-01
1.60900000000000e+01	1.74256623567048e-01
1.61000000000000e+01	1.72822595634505e-01
1.61100000000000e+01	1.71400218578993e-01
1.61200000000000e+01	1.69990408210789e-01
1.61300000000000e+01	1.68590065311391e-01
1.61400000000000e+01	1.67204669334187e-01
1.61500000000000e+01	1.65830429369952e-01
1.61600000000000e+01	1.64467118058001e-01
1.61700000000000e+01	1.63117467377972e-01
1.61800000000000e+01	1.61780134824397e-01
1.61900000000000e+01	1.60457957366605e-01
1.62000000000000e+01	1.59147956297790e-01
1.62100000000000e+01	1.57853287102106e-01
1.62200000000000e+01	1.56572947605801e-01
1.62300000000000e+01	1.55307308852001e-01
1.62400000000000e+01	1.54057305706627e-01
1.62500000000000e+01	1.52823618679521e-01
1.62600000000000e+01	1.51604400551484e-01
1.62700000000000e+01	1.50399501232421e-01
1.62800000000000e+01	1.49210550257409e-01
1.62900000000000e+01	1.48034861005504e-01
1.63000000000000e+01	1.46872880917977e-01
1.63100000000000e+01	1.45721363263556e-01
1.63200000000000e+01	1.44582751338131e-01
1.63300000000000e+01	1.43452424244067e-01
1.63400000000000e+01	1.42330187489299e-01
1.63500000000000e+01	1.41214900594399e-01
1.63600000000000e+01	1.40104779420433e-01
1.63700000000000e+01	1.38998479872929e-01
1.63800000000000e+01	1.37896227988504e-01
1.63900000000000e+01	1.36794303791812e-01
1.64000000000000e+01	1.35693476924952e-01
1.64100000000000e+01	1.34593605092380e-01
1.64200000000000e+01	1.33493354956654e-01
1.64300000000000e+01	1.32393099459242e-01
1.64400000000000e+01	1.31292817686073e-01
1.64500000000000e+01	1.30193558460410e-01
1.64600000000000e+01	1.29095713333004e-01
1.64700000000000e+01	1.28001955157558e-01
1.64800000000000e+01	1.26911640163878e-01
1.64900000000000e+01	1.25828772994226e-01
1.65000000000000e+01	1.24754947729146e-01
1.65100000000000e+01	1.23688254252174e-01
1.65200000000000e+01	1.22632959805916e-01
1.65300000000000e+01	1.21590203905790e-01
1.65400000000000e+01	1.20560729137393e-01
1.65500000000000e+01	1.19544623097923e-01
1.65600000000000e+01	1.18544285471055e-01
1.65700000000000e+01	1.17557358514833e-01
1.65800000000000e+01	1.16585519469427e-01
1.65900000000000e+01	1.15628484333960e-01
1.66000000000000e+01	1.14688373213754e-01
1.66100000000000e+01	1.13760971123813e-01
1.66200000000000e+01	1.12848788971762e-01
1.66300000000000e+01	1.11950195062695e-01
1.66400000000000e+01	1.11065121836018e-01
1.66500000000000e+01	1.10192877940677e-01
1.66600000000000e+01	1.09334097659286e-01
1.66700000000000e+01	1.08487377915639e-01
1.66800000000000e+01	1.07653401845585e-01
1.66900000000000e+01	1.06829068899657e-01
1.67000000000000e+01	1.06015764517104e-01
1.67100000000000e+01	1.05212278654127e-01
1.67200000000000e+01	1.04418540603677e-01
1.67300000000000e+01	1.03633735609100e-01
1.67400000000000e+01	1.02856248953201e-01
1.67500000000000e+01	1.02085979759372e-01
1.67600000000000e+01	1.01323137875432e-01
1.67700000000000e+01	1.00565263853642e-01
1.67800000000000e+01	9.98130711477727e-02
1.67900000000000e+01	9.90665784463755e-02
1.68000000000000e+01	9.83239206068978e-02
1.68100000000000e+01	9.75844795711393e-02
1.68200000000000e+01	9.68500895014878e-02
1.68300000000000e+01	9.61183693347518e-02
1.68400000000000e+01	9.53907784016481e-02
1.68500000000000e+01	9.46669524844357e-02
1.68600000000000e+01	9.39469427494229e-02
1.68700000000000e+01	9.32301223340801e-02
1.68800000000000e+01	9.25181796692718e-02
1.68900000000000e+01	9.18102927320467e-02
1.69000000000000e+01	9.11082266633210e-02
1.69100000000000e+01	9.04102386672201e-02
1.69200000000000e+01	8.97166003971960e-02
1.69300000000000e+01	8.90279872341489e-02
1.69400000000000e+01	8.83446104091054e-02
1.69500000000000e+01	8.76655643632457e-02
1.69600000000000e+01	8.69925149780056e-02
1.69700000000000e+01	8.63246111093063e-02
1.69800000000000e+01	8.56623335632492e-02
1.69900000000000e+01	8.50062294221766e-02
1.70000000000000e+01	8.43563185448838e-02
1.70100000000000e+01	8.37135818075050e-02
1.70200000000000e+01	8.30792809980185e-02
1.70300000000000e+01	8.24513891284969e-02
1.70400000000000e+01	8.18323270644347e-02
1.70500000000000e+01	8.12214907163710e-02
1.70600000000000e+01	8.06193005076950e-02
1.70700000000000e+01	8.00261680968903e-02
1.70800000000000e+01	7.94404096863096e-02
1.70900000000000e+01	7.88631469434599e-02
1.71000000000000e+01	7.82935204382891e-02
1.71100000000000e+01	7.77323738788880e-02
1.71200000000000e+01	7.71762286217608e-02
1.71300000000000e+01	7.66274750320418e-02
1.71400000000000e+01	7.60847710062907e-02
1.71500000000000e+01	7.55478309931931e-02
1.71600000000000e+01	7.50157921221991e-02
1.71700000000000e+01	7.44888821289892e-02
1.71800000000000e+01	7.39660294416179e-02
1.71900000000000e+01	7.34488042546763e-02
1.72000000000000e+01	7.29350496902610e-02
1.72100000000000e+01	7.24261825666890e-02
1.72200000000000e+01	7.19215051224374e-02
1.72300000000000e+01	7.14206425969658e-02
1.72400000000000e+01	7.09246568315060e-02
1.72500000000000e+01	7.04314074367763e-02
1.72600000000000e+01	6.99427498855254e-02
1.72700000000000e+01	6.94580171983560e-02
1.72800000000000e+01	6.89770526231100e-02
1.72900000000000e+01	6.84994162795618e-02
1.73000000000000e+01	6.80249642814684e-02
1.73100000000000e+01	6.75547538078485e-02
1.73200000000000e+01	6.70877870538639e-02
1.73300000000000e+01	6.66237455545827e-02
1.73400000000000e+01	6.61622766493574e-02
1.73500000000000e+01	6.57044224276562e-02
1.73600000000000e+01	6.52490847412242e-02
1.73700000000000e+01	6.47972106710083e-02
1.73800000000000e+01	6.43473165596347e-02
1.73900000000000e+01	6.39009386119113e-02
1.74000000000000e+01	6.34577140164004e-02
1.74100000000000e+01	6.30168361026789e-02
1.74200000000000e+01	6.25784412633347e-02
1.74300000000000e+01	6.21430552963149e-02
1.74400000000000e+01	6.17107885886102e-02
1.74500000000000e+01	6.12812643980928e-02
1.74600000000000e+01	6.08543913259752e-02
1.74700000000000e+01	6.04308510832118e-02
1.74800000000000e+01	6.00096731057021e-02
1.74900000000000e+01	5.95902947711894e-02
1.75000000000000e+01	5.91747303197221e-02
1.75100000000000e+01	5.87614882006517e-02
1.75200000000000e+01	5.83498864885489e-02
1.75300000000000e+01	5.79404724876211e-02
1.75400000000000e+01	5.75331678098729e-02
1.75500000000000e+01	5.71282065437147e-02
1.75600000000000e+01	5.67248559374235e-02
1.75700000000000e+01	5.63233358762892e-02
1.75800000000000e+01	5.59235473664129e-02
1.75900000000000e+01	5.55262096948343e-02
1.76000000000000e+01	5.51302584806711e-02
1.76100000000000e+01	5.47374207692821e-02
1.76200000000000e+01	5.43465513200303e-02
1.76300000000000e+01	5.39584238738592e-02
1.76400000000000e+01	5.35724220338422e-02
1.76500000000000e+01	5.31895833325954e-02
1.76600000000000e+01	5.28103943296054e-02
1.76700000000000e+01	5.24342338096853e-02
1.76800000000000e+01	5.20611875343570e-02
1.76900000000000e+01	5.16917501965134e-02
1.77000000000000e+01	5.13251746665523e-02
1.77100000000000e+01	5.09624092934461e-02
1.77200000000000e+01	5.06024143782491e-02
1.77300000000000e+01	5.02456091495627e-02
1.77400000000000e+01	4.98920205949234e-02
1.77500000000000e+01	4.95409066837577e-02
1.77600000000000e+01	4.91932483758242e-02
1.77700000000000e+01	4.88476131787268e-02
1.77800000000000e+01	4.85048584526649e-02
1.77900000000000e+01	4.81645649123235e-02
1.78000000000000e+01	4.78260937450453e-02
1.78100000000000e+01	4.74900236788701e-02
1.78200000000000e+01	4.71563364616455e-02
1.78300000000000e+01	4.68244410663831e-02
1.78400000000000e+01	4.64944837547353e-02
1.78500000000000e+01	4.61665160370602e-02
1.78600000000000e+01	4.58408760794415e-02
1.78700000000000e+01	4.55171362876062e-02
1.78800000000000e+01	4.51948551844020e-02
1.78900000000000e+01	4.48748895836627e-02
1.79000000000000e+01	4.45572630066338e-02
1.79100000000000e+01	4.42411045744609e-02
1.79200000000000e+01	4.39264154601984e-02
1.79300000000000e+01	4.36140031955968e-02
1.79400000000000e+01	4.33029489170819e-02
1.79500000000000e+01	4.29934503576354e-02
1.79600000000000e+01	4.26850097466752e-02
1.79700000000000e+01	4.23789412042518e-02
1.79800000000000e+01	4.20733068138850e-02
1.79900000000000e+01	4.17701824830645e-02
1.80000000000000e+01	4.14681606022277e-02
1.80100000000000e+01	4.11692790316470e-02
1.80200000000000e+01	4.08720072947693e-02
1.80300000000000e+01	4.05777214234158e-02
1.80400000000000e+01	4.02867561090622e-02
1.80500000000000e+01	3.99991845798537e-02
1.80600000000000e+01	3.97152299608606e-02
1.80700000000000e+01	3.94360917652638e-02
1.80800000000000e+01	3.91608079974626e-02
1.80900000000000e+01	3.88896722605751e-02
1.81000000000000e+01	3.86230759358235e-02
1.81100000000000e+01	3.83603495752114e-02
1.81200000000000e+01	3.81018831214448e-02
1.81300000000000e+01	3.78471399690346e-02
1.81400000000000e+01	3.75952028183133e-02
1.81500000000000e+01	3.73467224776635e-02
1.81600000000000e+01	3.71004543554151e-02
1.81700000000000e+01	3.68570278462602e-02
1.81800000000000e+01	3.66149470475349e-02
1.81900000000000e+01	3.63752310594493e-02
1.82000000000000e+01	3.61368400362834e-02
1.82100000000000e+01	3.58996553605385e-02
1.82200000000000e+01	3.56638031541169e-02
1.82300000000000e+01	3.54292091507781e-02
1.82400000000000e+01	3.51952753388489e-02
1.82500000000000e+01	3.49622865063309e-02
1.82600000000000e+01	3.47300285566170e-02
1.82700000000000e+01	3.44988520286565e-02
1.82800000000000e+01	3.42681290570300e-02
1.82900000000000e+01	3.40382482805462e-02
1.83000000000000e+01	3.38096882945134e-02
1.83100000000000e+01	3.35816771201337e-02
1.83200000000000e+01	3.33550405584362e-02
1.83300000000000e+01	3.31296167808307e-02
1.83400000000000e+01	3.29057381192824e-02
1.83500000000000e+01	3.26830192768685e-02
1.83600000000000e+01	3.24624161157428e-02
1.83700000000000e+01	3.22433272688592e-02
1.83800000000000e+01	3.20267869005905e-02
1.83900000000000e+01	3.18121151269267e-02
1.84000000000000e+01	3.16000279471568e-02
1.84100000000000e+01	3.13907252400000e-02
1.84200000000000e+01	3.11840336296811e-02
1.84300000000000e+01	3.09803870784579e-02
1.84400000000000e+01	3.07794740427296e-02
1.84500000000000e+01	3.05816727086904e-02
1.84600000000000e+01	3.03865758911824e-02
1.84700000000000e+01	3.01941764083813e-02
1.84800000000000e+01	3.00045968256164e-02
1.84900000000000e+01	2.98176209386341e-02
1.85000000000000e+01	2.96328392638601e-02
1.85100000000000e+01	2.94500135171451e-02
1.85200000000000e+01	2.92691519219270e-02
1.85300000000000e+01	2.90900974162746e-02
1.85400000000000e+01	2.89123268413706e-02
1.85500000000000e+01	2.87356430126984e-02
1.85600000000000e+01	2.85600901186611e-02
1.85700000000000e+01	2.83853476944534e-02
1.85800000000000e+01	2.82115062736236e-02
1.85900000000000e+01	2.80381658715905e-02
1.86000000000000e+01	2.78655595532444e-02
1.86100000000000e+01	2.76933992798159e-02
1.86200000000000e+01	2.75219217203368e-02
1.86300000000000e+01	2.73508689254577e-02
1.86400000000000e+01	2.71802797711156e-02
1.86500000000000e+01	2.70104500530762e-02
1.86600000000000e+01	2.68414524568731e-02
1.86700000000000e+01	2.66730663450949e-02
1.86800000000000e+01	2.65053539773351e-02
1.86900000000000e+01	2.63385815234104e-02
1.87000000000000e+01	2.61726332362231e-02
1.87100000000000e+01	2.60077358268617e-02
1.87200000000000e+01	2.58436483549648e-02
1.87300000000000e+01	2.56804296456370e-02
1.87400000000000e+01	2.55182749248232e-02
1.87500000000000e+01	2.53572134521599e-02
1.87600000000000e+01	2.51969567959065e-02
1.87700000000000e+01	2.50375168862999e-02
1.87800000000000e+01	2.48790846335611e-02
1.87900000000000e+01	2.47213793922289e-02
1.88000000000000e+01	2.45646390787770e-02
1.88100000000000e+01	2.44085881418652e-02
1.88200000000000e+01	2.42533769693634e-02
1.88300000000000e+01	2.40987807653952e-02
1.88400000000000e+01	2.39447335379942e-02
1.88500000000000e+01	2.37914560218302e-02
1.88600000000000e+01	2.36388833744689e-02
1.88700000000000e+01	2.34865079365865e-02
1.88800000000000e+01	2.33350052385477e-02
1.88900000000000e+01	2.31836866213043e-02
1.89000000000000e+01	2.30329341650222e-02
1.89100000000000e+01	2.28827275513114e-02
1.89200000000000e+01	2.27329041487455e-02
1.89300000000000e+01	2.25834545842697e-02
1.89400000000000e+01	2.24346379581355e-02
1.89500000000000e+01	2.22862981018756e-02
1.89600000000000e+01	2.21387107275479e-02
1.89700000000000e+01	2.19917131793373e-02
1.89800000000000e+01	2.18454260520249e-02
1.89900000000000e+01	2.17001770181621e-02
1.90000000000000e+01	2.15559799259139e-02
1.90100000000000e+01	2.14125404528721e-02
1.90200000000000e+01	2.12704885110661e-02
1.90300000000000e+01	2.11292139170647e-02
1.90400000000000e+01	2.09891140167638e-02
1.90500000000000e+01	2.08500894942642e-02
1.90600000000000e+01	2.07116649274413e-02
1.90700000000000e+01	2.05742885234120e-02
1.90800000000000e+01	2.04373073908208e-02
1.90900000000000e+01	2.03009401640311e-02
1.91000000000000e+01	2.01651377826327e-02
1.91100000000000e+01	2.00297216734835e-02
1.91200000000000e+01	1.98947207598354e-02
1.91300000000000e+01	1.97605033310596e-02
1.91400000000000e+01	1.96270776674234e-02
1.91500000000000e+01	1.94948981492771e-02
1.91600000000000e+01	1.93639653994694e-02
1.91700000000000e+01	1.92351230601217e-02
1.91800000000000e+01	1.91082944818666e-02
1.91900000000000e+01	1.89838168586913e-02
1.92000000000000e+01	1.88618465400665e-02
1.92100000000000e+01	1.87426203319199e-02
1.92200000000000e+01	1.86262085537258e-02
1.92300000000000e+01	1.85121155268952e-02
1.92400000000000e+01	1.84005605531006e-02
1.92500000000000e+01	1.82912497148605e-02
1.92600000000000e+01	1.81837906611613e-02
1.92700000000000e+01	1.80778588316601e-02
1.92800000000000e+01	1.79733640968827e-02
1.92900000000000e+01	1.78698466495672e-02
1.93000000000000e+01	1.77672664911514e-02
1.93100000000000e+01	1.76652571038543e-02
1.93200000000000e+01	1.75636892903565e-02
1.93300000000000e+01	1.74626416490913e-02
1.93400000000000e+01	1.73618609153658e-02
1.93500000000000e+01	1.72613273318228e-02
1.93600000000000e+01	1.71611545204292e-02
1.93700000000000e+01	1.70611695076410e-02
1.93800000000000e+01	1.69615753399746e-02
1.93900000000000e+01	1.68621930634576e-02
1.94000000000000e+01	1.67630083476381e-02
1.94100000000000e+01	1.66642450032824e-02
1.94200000000000e+01	1.65657048559409e-02
1.94300000000000e+01	1.64675760918676e-02
1.94400000000000e+01	1.63696905436992e-02
1.94500000000000e+01	1.62720738667226e-02
1.94600000000000e+01	1.61748623460342e-02
1.94700000000000e+01	1.60779495844601e-02
1.94800000000000e+01	1.59812975371830e-02
1.94900000000000e+01	1.58850683365869e-02
1.95000000000000e+01	1.57891419558739e-02
1.95100000000000e+01	1.56936496155826e-02
1.95200000000000e+01	1.55984721252269e-02
1.95300000000000e+01	1.55035729071466e-02
1.95400000000000e+01	1.54091118229994e-02
1.95500000000000e+01	1.53149596764092e-02
1.95600000000000e+01	1.52211556354908e-02
1.95700000000000e+01	1.51277988387118e-02
1.95800000000000e+01	1.50348499282813e-02
1.95900000000000e+01	1.49423911027890e-02
1.96000000000000e+01	1.48503370820251e-02
1.96100000000000e+01	1.47587349810236e-02
1.96200000000000e+01	1.46675853357718e-02
1.96300000000000e+01	1.45770881317219e-02
1.96400000000000e+01	1.44872089989282e-02
1.96500000000000e+01	1.43978668915080e-02
1.96600000000000e+01	1.43090397066314e-02
1.96700000000000e+01	1.42207467467130e-02
1.96800000000000e+01	1.41331316125389e-02
1.96900000000000e+01	1.40460297856157e-02
1.97000000000000e+01	1.39594971176105e-02
1.97100000000000e+01	1.38734583619040e-02
1.97200000000000e+01	1.37879833836640e-02
1.97300000000000e+01	1.37030775291938e-02
1.97400000000000e+01	1.36184272935819e-02
1.97500000000000e+01	1.35342134174216e-02
1.97600000000000e+01	1.34501884643949e-02
1.97700000000000e+01	1.33662210325945e-02
1.97800000000000e+01	1.32821590465284e-02
1.97900000000000e+01	1.31975757687213e-02
1.98000000000000e+01	1.31119841305438e-02
1.98100000000000e+01	1.30244135970725e-02
1.98200000000000e+01	1.29338128794081e-02
1.98300000000000e+01	1.28383089168294e-02
1.98400000000000e+01	1.27353639016703e-02
1.98500000000000e+01	1.26219610299120e-02
1.98600000000000e+01	1.24935166654147e-02
1.98700000000000e+01	1.23443769657932e-02
1.98800000000000e+01	1.21676352945781e-02
1.98900000000000e+01	1.19546874140531e-02
1.99000000000000e+01	1.16954192313912e-02
1.99100000000000e+01	1.13783304057862e-02
1.99200000000000e+01	1.09913611144665e-02
1.99300000000000e+01	1.05215788097787e-02
1.99400000000000e+01	9.95756549544744e-03
1.99500000000000e+01	9.29051487766724e-03
1.99600000000000e+01	8.51705505427535e-03
1.99700000000000e+01	7.64171255259623e-03
1.99800000000000e+01	6.68062976735885e-03
1.99900000000000e+01	5.66230197745990e-03
2.00000000000000e+01	4.62837569556220e-03
