1.00000000000000e-02	1.20739081337030e+19
2.00000000000000e-02	7.54634762542338e+17
3.00000000000000e-02	1.49070208201700e+17
4.00000000000000e-02	4.71692350945479e+16
5.00000000000000e-02	1.93217089644744e+16
6.00000000000000e-02	9.31874565936000e+15
7.00000000000000e-02	5.03054091145858e+15
8.00000000000000e-02	2.94915835656097e+15
9.00000000000000e-02	1.84137264482367e+15
1.00000000000000e-01	1.20830576345833e+15
1.10000000000000e-01	8.25418803180850e+14
1.20000000000000e-01	5.82905913451779e+14
1.30000000000000e-01	4.23283324619842e+14
1.40000000000000e-01	3.14764149441526e+14
1.50000000000000e-01	2.38907414627332e+14
1.60000000000000e-01	1.84592932413536e+14
1.70000000000000e-01	1.44881065055388e+14
1.80000000000000e-01	1.15302207890564e+14
1.90000000000000e-01	9.29043952971224e+13
2.00000000000000e-01	7.56942682195976e+13
2.10000000000000e-01	6.22935507750829e+13
2.20000000000000e-01	5.17345871828378e+13
2.30000000000000e-01	4.33219698082143e+13
2.40000000000000e-01	3.65542732685672e+13
2.50000000000000e-01	3.10591053687232e+13
2.60000000000000e-01	2.65603720259968e+13
2.70000000000000e-01	2.28480948364457e+13
2.80000000000000e-01	1.97637189040993e+13
2.90000000000000e-01	1.71832123856772e+13
3.00000000000000e-01	1.50113202413874e+13
3.10000000000000e-01	1.31725159915037e+13
3.20000000000000e-01	1.16073852452684e+13
3.30000000000000e-01	1.02685605890993e+13
3.40000000000000e-01	9.11773433892392e+12
3.50000000000000e-01	8.12412818720344e+12
3.60000000000000e-01	7.26259418437649e+12
3.70000000000000e-01	6.51266426617066e+12
3.80000000000000e-01	5.85736564915144e+12
3.90000000000000e-01	5.28267041459825e+12
4.00000000000000e-01	4.77705890257912e+12
4.10000000000000e-01	4.33071894287821e+12
4.20000000000000e-01	3.93551188382451e+12
4.30000000000000e-01	3.58457140866565e+12
4.40000000000000e-01	3.27210299084139e+12
4.50000000000000e-01	2.99309201811294e+12
4.60000000000000e-01	2.74332680902651e+12
4.70000000000000e-01	2.51923928167566e+12
4.80000000000000e-01	2.31772340531692e+12
4.90000000000000e-01	2.13605705142378e+12
5.00000000000000e-01	1.97195480527626e+12
5.10000000000000e-01	1.82339789350291e+12
5.20000000000000e-01	1.68872303868663e+12
5.30000000000000e-01	1.56631057778254e+12
5.40000000000000e-01	1.45488547919373e+12
5.50000000000000e-01	1.35329133839823e+12
5.60000000000000e-01	1.26046737539488e+12
5.70000000000000e-01	1.17553993177739e+12
5.80000000000000e-01	1.09774428173886e+12
5.90000000000000e-01	1.02631533499851e+12
6.00000000000000e-01	9.60676730649372e+11
6.10000000000000e-01	9.00249861698934e+11
6.20000000000000e-01	8.44558568915967e+11
6.30000000000000e-01	7.93168019907269e+11
6.40000000000000e-01	7.45687456879813e+11
6.50000000000000e-01	7.01742688040431e+11
6.60000000000000e-01	6.61042766950981e+11
6.70000000000000e-01	6.23271664745110e+11
6.80000000000000e-01	5.88223609658669e+11
6.90000000000000e-01	5.55643225596108e+11
7.00000000000000e-01	5.25326474682843e+11
7.10000000000000e-01	4.97089014924620e+11
7.20000000000000e-01	4.70747479374247e+11
7.30000000000000e-01	4.46178151696959e+11
7.40000000000000e-01	4.23214074782142e+11
7.50000000000000e-01	4.01748104458481e+11
7.60000000000000e-01	3.81649386531958e+11
7.70000000000000e-01	3.62827106903068e+11
7.80000000000000e-01	3.45177514352806e+11
7.90000000000000e-01	3.28618656944994e+11
8.00000000000000e-01	3.13067764771934e+11
8.10000000000000e-01	2.98450347789673e+11
8.20000000000000e-01	2.84705073965479e+11
8.30000000000000e-01	2.71764305642200e+11
8.40000000000000e-01	2.59582541922573e+11
8.50000000000000e-01	2.48094735987848e+11
8.60000000000000e-01	2.37258918366196e+11
8.70000000000000e-01	2.27032847770494e+11
8.80000000000000e-01	2.17370190878072e+11
8.90000000000000e-01	2.08242534617484e+11
9.00000000000000e-01	1.99608832047187e+11
9.10000000000000e-01	1.91439020622401e+11
9.20000000000000e-01	1.83704082432971e+11
9.30000000000000e-01	1.76376910424885e+11
9.40000000000000e-01	1.69433829688862e+11
9.50000000000000e-01	1.62845370764375e+11
9.60000000000000e-01	1.56594109957323e+11
9.70000000000000e-01	1.50660318588660e+11
9.80000000000000e-01	1.45025549464680e+11
9.90000000000000e-01	1.39668834978429e+11
1.00000000000000e+00	1.34579328147901e+11
1.01000000000000e+00	1.29736281588020e+11
1.02000000000000e+00	1.25125826249692e+11
1.03000000000000e+00	1.20740613055309e+11
1.04000000000000e+00	1.16563847074325e+11
1.05000000000000e+00	1.12584470017515e+11
1.06000000000000e+00	1.08791224378723e+11
1.07000000000000e+00	1.05177929434793e+11
1.08000000000000e+00	1.01730193920251e+11
1.09000000000000e+00	9.84404359173854e+10
1.10000000000000e+00	9.53030853346717e+10
1.11000000000000e+00	9.23063119422372e+10
1.12000000000000e+00	8.94442332888229e+10
1.13000000000000e+00	8.67094303522292e+10
1.14000000000000e+00	8.40955818437262e+10
1.15000000000000e+00	8.15956003573961e+10
1.16000000000000e+00	7.92023401566990e+10
1.17000000000000e+00	7.69115795195150e+10
1.18000000000000e+00	7.47159307610110e+10
1.19000000000000e+00	7.26110847873024e+10
1.20000000000000e+00	7.05927344064741e+10
1.21000000000000e+00	6.86552448532315e+10
1.22000000000000e+00	6.67951046786307e+10
1.23000000000000e+00	6.50116535948801e+10
1.24000000000000e+00	6.32993288628854e+10
1.25000000000000e+00	6.16587956497572e+10
1.26000000000000e+00	6.00857255715489e+10
1.27000000000000e+00	5.85839403053046e+10
1.28000000000000e+00	5.71491336172111e+10
1.29000000000000e+00	5.57856958405439e+10
1.30000000000000e+00	5.44924224939960e+10
1.31000000000000e+00	5.32726422358530e+10
1.32000000000000e+00	5.21275482783573e+10
1.33000000000000e+00	5.10584999326548e+10
1.34000000000000e+00	5.00668593623875e+10
1.35000000000000e+00	4.91542382691013e+10
1.36000000000000e+00	4.83206169059469e+10
1.37000000000000e+00	4.75657746374720e+10
1.38000000000000e+00	4.68873817789702e+10
1.39000000000000e+00	4.62825524704206e+10
1.40000000000000e+00	4.57494163317786e+10
1.41000000000000e+00	4.52820217561739e+10
1.42000000000000e+00	4.48762295124881e+10
1.43000000000000e+00	4.45267170341924e+10
1.44000000000000e+00	4.42293430486802e+10
1.45000000000000e+00	4.39783730351453e+10
1.46000000000000e+00	4.37703609324465e+10
1.47000000000000e+00	4.36002515255577e+10
1.48000000000000e+00	4.34660329634623e+10
1.49000000000000e+00	4.33636599929729e+10
1.50000000000000e+00	4.32903084955003e+10
1.51000000000000e+00	4.32416464217606e+10
1.52000000000000e+00	4.32114835592146e+10
1.53000000000000e+00	4.31924508868783e+10
1.54000000000000e+00	4.31718776519149e+10
1.55000000000000e+00	4.31335475285901e+10
1.56000000000000e+00	4.30592004660126e+10
1.57000000000000e+00	4.29251147463205e+10
1.58000000000000e+00	4.27044426317007e+10
1.59000000000000e+00	4.23686381210352e+10
1.60000000000000e+00	4.18883049988703e+10
1.61000000000000e+00	4.12365681420173e+10
1.62000000000000e+00	4.03881936160190e+10
1.63000000000000e+00	3.93249046273365e+10
1.64000000000000e+00	3.80358877149696e+10
1.65000000000000e+00	3.65240917501685e+10
1.66000000000000e+00	3.48041575561653e+10
1.67000000000000e+00	3.29085739024833e+10
1.68000000000000e+00	3.08805814709713e+10
1.69000000000000e+00	2.87742889392931e+10
1.70000000000000e+00	2.66465075461332e+10
1.71000000000000e+00	2.45557582135938e+10
1.72000000000000e+00	2.25571952383811e+10
1.73000000000000e+00	2.07034625187631e+10
1.74000000000000e+00	1.90409553683500e+10
1.75000000000000e+00	1.76037190167600e+10
1.76000000000000e+00	1.64116083705278e+10
1.77000000000000e+00	1.54674061245067e+10
1.78000000000000e+00	1.47587568891427e+10
1.79000000000000e+00	1.42591830610129e+10
1.80000000000000e+00	1.39310923837721e+10
1.81000000000000e+00	1.37300578968599e+10
1.82000000000000e+00	1.36104281025809e+10
1.83000000000000e+00	1.35314919730552e+10
1.84000000000000e+00	1.34621741943925e+10
1.85000000000000e+00	1.33847894053266e+10
1.86000000000000e+00	1.32902497188076e+10
1.87000000000000e+00	1.31775768134826e+10
1.88000000000000e+00	1.30494926633987e+10
1.89000000000000e+00	1.29115468145657e+10
1.90000000000000e+00	1.27715195298857e+10
1.91000000000000e+00	1.26374295728991e+10
1.92000000000000e+00	1.25180459839163e+10
1.93000000000000e+00	1.24199715815455e+10
1.94000000000000e+00	1.23474796963520e+10
1.95000000000000e+00	1.23014853149570e+10
1.96000000000000e+00	1.22791770271138e+10
1.97000000000000e+00	1.22743050514279e+10
1.98000000000000e+00	1.22778054906361e+10
1.99000000000000e+00	1.22784882101725e+10
2.00000000000000e+00	1.22639570810746e+10
2.01000000000000e+00	1.22216715917599e+10
2.02000000000000e+00	1.21401728626970e+10
2.03000000000000e+00	1.20100631752222e+10
2.04000000000000e+00	1.18243893782358e+10
2.05000000000000e+00	1.15799714257495e+10
2.06000000000000e+00	1.12769308247986e+10
2.07000000000000e+00	1.09180105637659e+10
2.08000000000000e+00	1.05084102646158e+10
2.09000000000000e+00	1.00536851424892e+10
2.10000000000000e+00	9.55980487663478e+09
2.11000000000000e+00	9.03305764903214e+09
2.12000000000000e+00	8.48020638445243e+09
2.13000000000000e+00	7.91009012821944e+09
2.14000000000000e+00	7.33401163244146e+09
2.15000000000000e+00	6.76449817653153e+09
2.16000000000000e+00	6.21434105671144e+09
2.17000000000000e+00	5.69334993736705e+09
2.18000000000000e+00	5.20768066136871e+09
2.19000000000000e+00	4.75864644637448e+09
2.20000000000000e+00	4.34432880970026e+09
2.21000000000000e+00	3.96078470747179e+09
2.22000000000000e+00	3.60390037347659e+09
2.23000000000000e+00	3.27124935411849e+09
2.24000000000000e+00	2.96254425898446e+09
2.25000000000000e+00	2.67987986536518e+09
2.26000000000000e+00	2.42637094495110e+09
2.27000000000000e+00	2.20475559981083e+09
2.28000000000000e+00	2.01636823418467e+09
2.29000000000000e+00	1.86058734564544e+09
2.30000000000000e+00	1.73482533107841e+09
2.31000000000000e+00	1.63496281709489e+09
2.32000000000000e+00	1.55574713541635e+09
2.33000000000000e+00	1.49125573902933e+09
2.34000000000000e+00	1.43525597739226e+09
2.35000000000000e+00	1.38185463091917e+09
2.36000000000000e+00	1.32576325908923e+09
2.37000000000000e+00	1.26277652592435e+09
2.38000000000000e+00	1.18997061463780e+09
2.39000000000000e+00	1.10564547101583e+09
2.40000000000000e+00	1.00939593741312e+09
2.41000000000000e+00	9.02154202467201e+08
2.42000000000000e+00	7.86235100212476e+08
2.43000000000000e+00	6.65231974588190e+08
2.44000000000000e+00	5.43711452022619e+08
2.45000000000000e+00	4.26848235209666e+08
2.46000000000000e+00	3.19886483410592e+08
2.47000000000000e+00	2.27808374581702e+08
2.48000000000000e+00	1.54906811062775e+08
2.49000000000000e+00	1.04534536718254e+08
2.50000000000000e+00	7.88658945761734e+07
2.51000000000000e+00	7.87624579291314e+07
2.52000000000000e+00	1.03713678109293e+08
2.53000000000000e+00	1.51879275597730e+08
2.54000000000000e+00	2.20216987326023e+08
2.55000000000000e+00	3.04719062779411e+08
2.56000000000000e+00	4.00707774062242e+08
2.57000000000000e+00	5.03165360789980e+08
2.58000000000000e+00	6.07054233380800e+08
2.59000000000000e+00	7.07554331443128e+08
2.60000000000000e+00	8.00121123990169e+08
2.61000000000000e+00	8.80639372288266e+08
2.62000000000000e+00	9.45402964339622e+08
2.63000000000000e+00	9.91454073743494e+08
2.64000000000000e+00	1.01726012328817e+09
2.65000000000000e+00	1.02329609473488e+09
2.66000000000000e+00	1.01243038787059e+09
2.67000000000000e+00	9.89316953746789e+08
2.68000000000000e+00	9.59239894347435e+08
2.69000000000000e+00	9.26818973599161e+08
2.70000000000000e+00	8.95288254404149e+08
2.71000000000000e+00	8.66340917334281e+08
2.72000000000000e+00	8.40416291822785e+08
2.73000000000000e+00	8.17235332146539e+08
2.74000000000000e+00	7.96188339985864e+08
2.75000000000000e+00	7.76798485907963e+08
2.76000000000000e+00	7.58887084999405e+08
2.77000000000000e+00	7.42710499924123e+08
2.78000000000000e+00	7.28879387074358e+08
2.79000000000000e+00	7.18250287517857e+08
2.80000000000000e+00	7.11763395375681e+08
2.81000000000000e+00	7.10323279856473e+08
2.82000000000000e+00	7.14701748160362e+08
2.83000000000000e+00	7.25395808842578e+08
2.84000000000000e+00	7.42597306938661e+08
2.85000000000000e+00	7.66118002907232e+08
2.86000000000000e+00	7.95371447632722e+08
2.87000000000000e+00	8.29442181755343e+08
2.88000000000000e+00	8.67119461588916e+08
2.89000000000000e+00	9.06965515436773e+08
2.90000000000000e+00	9.47436303129937e+08
2.91000000000000e+00	9.86926576673688e+08
2.92000000000000e+00	1.02382828196308e+09
2.93000000000000e+00	1.05665343986492e+09
2.94000000000000e+00	1.08412344884508e+09
2.95000000000000e+00	1.10528208249706e+09
2.96000000000000e+00	1.11968514324377e+09
2.97000000000000e+00	1.12735327635696e+09
2.98000000000000e+00	1.12892748907337e+09
2.99000000000000e+00	1.12536124062352e+09
3.00000000000000e+00	1.11781992338106e+09
3.01000000000000e+00	1.10738284581617e+09
3.02000000000000e+00	1.09486218837094e+09
3.03000000000000e+00	1.08078271794839e+09
3.04000000000000e+00	1.06536056235608e+09
3.05000000000000e+00	1.04860161161921e+09
3.06000000000000e+00	1.03038618087372e+09
3.07000000000000e+00	1.01057701222236e+09
3.08000000000000e+00	9.89035784156326e+08
3.09000000000000e+00	9.65621518782743e+08
3.10000000000000e+00	9.40220463791201e+08
3.11000000000000e+00	9.12702191116202e+08
3.12000000000000e+00	8.82898076667460e+08
3.13000000000000e+00	8.50614525535469e+08
3.14000000000000e+00	8.15624207867506e+08
3.15000000000000e+00	7.77717873388826e+08
3.16000000000000e+00	7.36857548191880e+08
3.17000000000000e+00	6.93222797293115e+08
3.18000000000000e+00	6.47303752522679e+08
3.19000000000000e+00	5.99935154277333e+08
3.20000000000000e+00	5.52165288806038e+08
3.21000000000000e+00	5.05143423627452e+08
3.22000000000000e+00	4.59939889541722e+08
3.23000000000000e+00	4.17443637019910e+08
3.24000000000000e+00	3.78328593107959e+08
3.25000000000000e+00	3.43077475900121e+08
3.26000000000000e+00	3.12043056473207e+08
3.27000000000000e+00	2.85512290005833e+08
3.28000000000000e+00	2.63743482298584e+08
3.29000000000000e+00	2.47010797381021e+08
3.30000000000000e+00	2.35615043774600e+08
3.31000000000000e+00	2.29894920012300e+08
3.32000000000000e+00	2.30238104141318e+08
3.33000000000000e+00	2.37074134047294e+08
3.34000000000000e+00	2.50871006011554e+08
3.35000000000000e+00	2.72115006631760e+08
3.36000000000000e+00	3.01283501399686e+08
3.37000000000000e+00	3.38814557221520e+08
3.38000000000000e+00	3.85058418864823e+08
3.39000000000000e+00	4.40261345395856e+08
3.40000000000000e+00	5.04549663924641e+08
3.41000000000000e+00	5.77910197705412e+08
3.42000000000000e+00	6.60211017674000e+08
3.43000000000000e+00	7.51194555917927e+08
3.44000000000000e+00	8.50493219048613e+08
3.45000000000000e+00	9.57583342814845e+08
3.46000000000000e+00	1.07181151046326e+09
3.47000000000000e+00	1.19235814205692e+09
3.48000000000000e+00	1.31824310060059e+09
3.49000000000000e+00	1.44832959586659e+09
3.50000000000000e+00	1.58131389765224e+09
3.51000000000000e+00	1.71574408632774e+09
3.52000000000000e+00	1.85007933184100e+09
3.53000000000000e+00	1.98247536364585e+09
3.54000000000000e+00	2.11099116601325e+09
3.55000000000000e+00	2.23320099801086e+09
3.56000000000000e+00	2.34646736548467e+09
3.57000000000000e+00	2.44766309145055e+09
3.58000000000000e+00	2.53357890127876e+09
3.59000000000000e+00	2.60105972262503e+09
3.60000000000000e+00	2.64739787262220e+09
3.61000000000000e+00	2.67049536960919e+09
3.62000000000000e+00	2.66918181141882e+09
3.63000000000000e+00	2.64333833082428e+09
3.64000000000000e+00	2.59381932195639e+09
3.65000000000000e+00	2.52251577942466e+09
3.66000000000000e+00	2.43208247921647e+09
3.67000000000000e+00	2.32579481185832e+09
3.68000000000000e+00	2.20727182370879e+09
3.69000000000000e+00	2.08018164576130e+09
3.70000000000000e+00	1.94797746143459e+09
3.71000000000000e+00	1.81373447918259e+09
3.72000000000000e+00	1.68011081226111e+09
3.73000000000000e+00	1.54928603552425e+09
3.74000000000000e+00	1.42306138350507e+09
3.75000000000000e+00	1.30288913070637e+09
3.76000000000000e+00	1.18989886857745e+09
3.77000000000000e+00	1.08484857578270e+09
3.78000000000000e+00	9.88188573364293e+08
3.79000000000000e+00	9.00009211008044e+08
3.80000000000000e+00	8.20115259266838e+08
3.81000000000000e+00	7.48083102432493e+08
3.82000000000000e+00	6.83345832814482e+08
3.83000000000000e+00	6.25255990937053e+08
3.84000000000000e+00	5.73130821713572e+08
3.85000000000000e+00	5.26325559156123e+08
3.86000000000000e+00	4.84236989776563e+08
3.87000000000000e+00	4.46321787139184e+08
3.88000000000000e+00	4.12106533977610e+08
3.89000000000000e+00	3.81198455336855e+08
3.90000000000000e+00	3.53267846743792e+08
3.91000000000000e+00	3.28040751790218e+08
3.92000000000000e+00	3.05297307125000e+08
3.93000000000000e+00	2.84852904032189e+08
3.94000000000000e+00	2.66561557217741e+08
3.95000000000000e+00	2.50297002752496e+08
3.96000000000000e+00	2.35954818471228e+08
3.97000000000000e+00	2.23444837767248e+08
3.98000000000000e+00	2.12681899001976e+08
3.99000000000000e+00	2.03575878791309e+08
4.00000000000000e+00	1.96011773485536e+08
4.01000000000000e+00	1.89845057949365e+08
4.02000000000000e+00	1.84875407832540e+08
4.03000000000000e+00	1.80841506322103e+08
4.04000000000000e+00	1.77428994426521e+08
4.05000000000000e+00	1.74279178620318e+08
4.06000000000000e+00	1.71012363369436e+08
4.07000000000000e+00	1.67259107749699e+08
4.08000000000000e+00	1.62688469375390e+08
4.09000000000000e+00	1.57041125641810e+08
4.10000000000000e+00	1.50142693208269e+08
4.11000000000000e+00	1.41921065595656e+08
4.12000000000000e+00	1.32403404725616e+08
4.13000000000000e+00	1.21718313846134e+08
4.14000000000000e+00	1.10083440418349e+08
4.15000000000000e+00	9.77904590481316e+07
4.16000000000000e+00	8.51842641921829e+07
4.17000000000000e+00	7.26367789303818e+07
4.18000000000000e+00	6.05153010622892e+07
4.19000000000000e+00	4.91508669872241e+07
4.20000000000000e+00	3.88132887775794e+07
4.21000000000000e+00	2.96931413412916e+07
4.22000000000000e+00	2.18966789295235e+07
4.23000000000000e+00	1.54490231955710e+07
4.24000000000000e+00	1.03063630377360e+07
4.25000000000000e+00	6.37329216790803e+06
4.26000000000000e+00	3.52227991197814e+06
4.27000000000000e+00	1.60937949306070e+06
4.28000000000000e+00	4.90156587898794e+05
4.29000000000000e+00	3.05127858735801e+04
4.30000000000000e+00	1.14438449628082e+05
4.31000000000000e+00	6.48462181414992e+05
4.32000000000000e+00	1.56339425252955e+06
4.33000000000000e+00	2.81397563704940e+06
4.34000000000000e+00	4.37713600718165e+06
4.35000000000000e+00	6.24958879646273e+06
4.36000000000000e+00	8.44493499258970e+06
4.37000000000000e+00	1.09904259025442e+07
4.38000000000000e+00	1.39240999603918e+07
4.39000000000000e+00	1.72907183463663e+07
4.40000000000000e+00	2.11361604122222e+07
4.41000000000000e+00	2.55010756230701e+07
4.42000000000000e+00	3.04127323896589e+07
4.43000000000000e+00	3.58747074011372e+07
4.44000000000000e+00	4.18575253225417e+07
4.45000000000000e+00	4.82888637753018e+07
4.46000000000000e+00	5.50487257698193e+07
4.47000000000000e+00	6.19686960758876e+07
4.48000000000000e+00	6.88387732738857e+07
4.49000000000000e+00	7.54213702690404e+07
4.50000000000000e+00	8.14717264710728e+07
4.51000000000000e+00	8.67641151582468e+07
4.52000000000000e+00	9.11128685959253e+07
4.53000000000000e+00	9.43957118123699e+07
4.54000000000000e+00	9.65618946116998e+07
4.55000000000000e+00	9.76314455639369e+07
4.56000000000000e+00	9.76861008048757e+07
4.57000000000000e+00	9.68526434161546e+07
4.58000000000000e+00	9.52794296194011e+07
4.59000000000000e+00	9.31219082161058e+07
4.60000000000000e+00	9.05263317817193e+07
4.61000000000000e+00	8.76203244617265e+07
4.62000000000000e+00	8.45124251964573e+07
4.63000000000000e+00	8.12935498963885e+07
4.64000000000000e+00	7.80382004525166e+07
4.65000000000000e+00	7.48123013069591e+07
4.66000000000000e+00	7.16732475914452e+07
4.67000000000000e+00	6.86722220054251e+07
4.68000000000000e+00	6.58515925034099e+07
4.69000000000000e+00	6.32420548845465e+07
4.70000000000000e+00	6.08620879684623e+07
4.71000000000000e+00	5.87132687041352e+07
4.72000000000000e+00	5.67828644288483e+07
4.73000000000000e+00	5.50449542918949e+07
4.74000000000000e+00	5.34669823456806e+07
4.75000000000000e+00	5.20110553989958e+07
4.76000000000000e+00	5.06417385942585e+07
4.77000000000000e+00	4.93298389618357e+07
4.78000000000000e+00	4.80526255997190e+07
4.79000000000000e+00	4.67983305753702e+07
4.80000000000000e+00	4.55638992170135e+07
4.81000000000000e+00	4.43558614934371e+07
4.82000000000000e+00	4.31882518198945e+07
4.83000000000000e+00	4.20825375996151e+07
4.84000000000000e+00	4.10644570464468e+07
4.85000000000000e+00	4.01635859260674e+07
4.86000000000000e+00	3.94107004686688e+07
4.87000000000000e+00	3.88353049124112e+07
4.88000000000000e+00	3.84650564518635e+07
4.89000000000000e+00	3.83227395309072e+07
4.90000000000000e+00	3.84270523860679e+07
4.91000000000000e+00	3.87901170440043e+07
4.92000000000000e+00	3.94197376379017e+07
4.93000000000000e+00	4.03179326751473e+07
4.94000000000000e+00	4.14797347276295e+07
4.95000000000000e+00	4.28961559537588e+07
4.96000000000000e+00	4.45485956789134e+07
4.97000000000000e+00	4.64127975373635e+07
4.98000000000000e+00	4.84530984467371e+07
4.99000000000000e+00	5.06259762118760e+07
5.00000000000000e+00	5.28785040431747e+07
5.01000000000000e+00	5.51470215004769e+07
5.02000000000000e+00	5.73627900241126e+07
5.03000000000000e+00	5.94531732969023e+07
5.04000000000000e+00	6.13451208853556e+07
5.05000000000000e+00	6.29696714254069e+07
5.06000000000000e+00	6.42649327754394e+07
5.07000000000000e+00	6.51776770941534e+07
5.08000000000000e+00	6.56686090875287e+07
5.09000000000000e+00	6.57101747883357e+07
5.10000000000000e+00	6.52891611386339e+07
5.11000000000000e+00	6.44065060859136e+07
5.12000000000000e+00	6.30775153677584e+07
5.13000000000000e+00	6.13337110448171e+07
5.14000000000000e+00	5.92174752922262e+07
5.15000000000000e+00	5.67798536539866e+07
5.16000000000000e+00	5.40780037522851e+07
5.17000000000000e+00	5.11751075072469e+07
5.18000000000000e+00	4.81312863347520e+07
5.19000000000000e+00	4.50058885604387e+07
5.20000000000000e+00	4.18558174945205e+07
5.21000000000000e+00	3.87312021863558e+07
5.22000000000000e+00	3.56778112165971e+07
5.23000000000000e+00	3.27343424483982e+07
5.24000000000000e+00	2.99355195518798e+07
5.25000000000000e+00	2.73092225175629e+07
5.26000000000000e+00	2.48795845848477e+07
5.27000000000000e+00	2.26659913309880e+07
5.28000000000000e+00	2.06844382009096e+07
5.29000000000000e+00	1.89461938578358e+07
5.30000000000000e+00	1.74583587768946e+07
5.31000000000000e+00	1.62212966697984e+07
5.32000000000000e+00	1.52287771573085e+07
5.33000000000000e+00	1.44680384023199e+07
5.34000000000000e+00	1.39192385097988e+07
5.35000000000000e+00	1.35576084299874e+07
5.36000000000000e+00	1.33548826794985e+07
5.37000000000000e+00	1.32813178464022e+07
5.38000000000000e+00	1.33073254498212e+07
5.39000000000000e+00	1.34054738176983e+07
5.40000000000000e+00	1.35513381557002e+07
5.41000000000000e+00	1.37238584681018e+07
5.42000000000000e+00	1.39062401657013e+07
5.43000000000000e+00	1.40856116019507e+07
5.44000000000000e+00	1.42524876436470e+07
5.45000000000000e+00	1.44013150532887e+07
5.46000000000000e+00	1.45291481034941e+07
5.47000000000000e+00	1.46361707064246e+07
5.48000000000000e+00	1.47236981606271e+07
5.49000000000000e+00	1.47951658770014e+07
5.50000000000000e+00	1.48535972722606e+07
5.51000000000000e+00	1.49036544514665e+07
5.52000000000000e+00	1.49490965199164e+07
5.53000000000000e+00	1.49937007149635e+07
5.54000000000000e+00	1.50406110780152e+07
5.55000000000000e+00	1.50920114052065e+07
5.56000000000000e+00	1.51491636761973e+07
5.57000000000000e+00	1.52123577754407e+07
5.58000000000000e+00	1.52804904146637e+07
5.59000000000000e+00	1.53517974350626e+07
5.60000000000000e+00	1.54231482539875e+07
5.61000000000000e+00	1.54913124163650e+07
5.62000000000000e+00	1.55518097032543e+07
5.63000000000000e+00	1.56005805971162e+07
5.64000000000000e+00	1.56328584288453e+07
5.65000000000000e+00	1.56447063248576e+07
5.66000000000000e+00	1.56327812152451e+07
5.67000000000000e+00	1.55951263530915e+07
5.68000000000000e+00	1.55311021783666e+07
5.69000000000000e+00	1.54415314476357e+07
5.70000000000000e+00	1.53293811573996e+07
5.71000000000000e+00	1.51989535359324e+07
5.72000000000000e+00	1.50556962887738e+07
5.73000000000000e+00	1.49061588319470e+07
5.74000000000000e+00	1.47560767889798e+07
5.75000000000000e+00	1.46111606721838e+07
5.76000000000000e+00	1.44758441753617e+07
5.77000000000000e+00	1.43535799416333e+07
5.78000000000000e+00	1.42462323771978e+07
5.79000000000000e+00	1.41545470452936e+07
5.80000000000000e+00	1.40785759871807e+07
5.81000000000000e+00	1.40169962709249e+07
5.82000000000000e+00	1.39677972653587e+07
5.83000000000000e+00	1.39284976773319e+07
5.84000000000000e+00	1.38957509524334e+07
5.85000000000000e+00	1.38665300205399e+07
5.86000000000000e+00	1.38376589248745e+07
5.87000000000000e+00	1.38064853163443e+07
5.88000000000000e+00	1.37714517700961e+07
5.89000000000000e+00	1.37312674776306e+07
5.90000000000000e+00	1.36865040362907e+07
5.91000000000000e+00	1.36380734380751e+07
5.92000000000000e+00	1.35877149940456e+07
5.93000000000000e+00	1.35371930048313e+07
5.94000000000000e+00	1.34887139816117e+07
5.95000000000000e+00	1.34437571068433e+07
5.96000000000000e+00	1.34033825921058e+07
5.97000000000000e+00	1.33681866282171e+07
5.98000000000000e+00	1.33379145583256e+07
5.99000000000000e+00	1.33112649881928e+07
6.00000000000000e+00	1.32860723817685e+07
6.01000000000000e+00	1.32592607635504e+07
6.02000000000000e+00	1.32273751365846e+07
6.03000000000000e+00	1.31862477731322e+07
6.04000000000000e+00	1.31318418159247e+07
6.05000000000000e+00	1.30603089468427e+07
6.06000000000000e+00	1.29681390307845e+07
6.07000000000000e+00	1.28526711175334e+07
6.08000000000000e+00	1.27116153259640e+07
6.09000000000000e+00	1.25441316886677e+07
6.10000000000000e+00	1.23501985803259e+07
6.11000000000000e+00	1.21311805645746e+07
6.12000000000000e+00	1.18898420052658e+07
6.13000000000000e+00	1.16302532933662e+07
6.14000000000000e+00	1.13572145420229e+07
6.15000000000000e+00	1.10770794605120e+07
6.16000000000000e+00	1.07962212548464e+07
6.17000000000000e+00	1.05214185574159e+07
6.18000000000000e+00	1.02597155300114e+07
6.19000000000000e+00	1.00173692893522e+07
6.20000000000000e+00	9.80039608362191e+06
6.21000000000000e+00	9.61333362777407e+06
6.22000000000000e+00	9.45974638751465e+06
6.23000000000000e+00	9.34142365141329e+06
6.24000000000000e+00	9.25882486260747e+06
6.25000000000000e+00	9.21086789222227e+06
6.26000000000000e+00	9.19524415557002e+06
6.27000000000000e+00	9.20876020737226e+06
6.28000000000000e+00	9.24728199367571e+06
6.29000000000000e+00	9.30643584801308e+06
6.30000000000000e+00	9.38158716434090e+06
6.31000000000000e+00	9.46806828935519e+06
6.32000000000000e+00	9.56138705059444e+06
6.33000000000000e+00	9.65795532133998e+06
6.34000000000000e+00	9.75444372045482e+06
6.35000000000000e+00	9.84916491869444e+06
6.36000000000000e+00	9.94138691365058e+06
6.37000000000000e+00	1.00314897376547e+07
6.38000000000000e+00	1.01211551585433e+07
6.39000000000000e+00	1.02128251632937e+07
6.40000000000000e+00	1.03096176056900e+07
6.41000000000000e+00	1.04149029434421e+07
6.42000000000000e+00	1.05319002714250e+07
6.43000000000000e+00	1.06632397916771e+07
6.44000000000000e+00	1.08103388553336e+07
6.45000000000000e+00	1.09731163211816e+07
6.46000000000000e+00	1.11495915907930e+07
6.47000000000000e+00	1.13357315378261e+07
6.48000000000000e+00	1.15256343538891e+07
6.49000000000000e+00	1.17116852441670e+07
6.50000000000000e+00	1.18852892685823e+07
6.51000000000000e+00	1.20374381884642e+07
6.52000000000000e+00	1.21591969728324e+07
6.53000000000000e+00	1.22426428182143e+07
6.54000000000000e+00	1.22809768459260e+07
6.55000000000000e+00	1.22692790436071e+07
6.56000000000000e+00	1.22045935327035e+07
6.57000000000000e+00	1.20861274081236e+07
6.58000000000000e+00	1.19153760620712e+07
6.59000000000000e+00	1.16957354995900e+07
6.60000000000000e+00	1.14323298555127e+07
6.61000000000000e+00	1.11313219885562e+07
6.62000000000000e+00	1.07999157973369e+07
6.63000000000000e+00	1.04458310215460e+07
6.64000000000000e+00	1.00774569869626e+07
6.65000000000000e+00	9.70370851337259e+06
6.66000000000000e+00	9.33434992280202e+06
6.67000000000000e+00	8.97978749605404e+06
6.68000000000000e+00	8.65096040438137e+06
6.69000000000000e+00	8.35917609295876e+06
6.70000000000000e+00	8.11547706445401e+06
6.71000000000000e+00	7.93045146401624e+06
6.72000000000000e+00	7.81337402554626e+06
6.73000000000000e+00	7.77181605299629e+06
6.74000000000000e+00	7.81097143949156e+06
6.75000000000000e+00	7.93307370391072e+06
6.76000000000000e+00	8.13736560111214e+06
6.77000000000000e+00	8.41970723450605e+06
6.78000000000000e+00	8.77302714296240e+06
6.79000000000000e+00	9.18756310045357e+06
6.80000000000000e+00	9.65175111429061e+06
6.81000000000000e+00	1.01528686574973e+07
6.82000000000000e+00	1.06778022188240e+07
6.83000000000000e+00	1.12139737610357e+07
6.84000000000000e+00	1.17497301494526e+07
6.85000000000000e+00	1.22748533763241e+07
6.86000000000000e+00	1.27808814404351e+07
6.87000000000000e+00	1.32611074907378e+07
6.88000000000000e+00	1.37105565756432e+07
6.89000000000000e+00	1.41256234379927e+07
6.90000000000000e+00	1.45039457664296e+07
6.91000000000000e+00	1.48441953072036e+07
6.92000000000000e+00	1.51457880193322e+07
6.93000000000000e+00	1.54091323085020e+07
6.94000000000000e+00	1.56348554855243e+07
6.95000000000000e+00	1.58243940082509e+07
6.96000000000000e+00	1.59795716421358e+07
6.97000000000000e+00	1.61022703337270e+07
6.98000000000000e+00	1.61949234478188e+07
6.99000000000000e+00	1.62598887380859e+07
7.00000000000000e+00	1.62997396105186e+07
7.01000000000000e+00	1.63172412201630e+07
7.02000000000000e+00	1.63154773404686e+07
7.03000000000000e+00	1.62973615333948e+07
7.04000000000000e+00	1.62662642933826e+07
7.05000000000000e+00	1.62250560540708e+07
7.06000000000000e+00	1.61767110893455e+07
7.07000000000000e+00	1.61238631159883e+07
7.08000000000000e+00	1.60685279738969e+07
7.09000000000000e+00	1.60127584129911e+07
7.10000000000000e+00	1.59581516169383e+07
7.11000000000000e+00	1.59062849313443e+07
7.12000000000000e+00	1.58585572181292e+07
7.13000000000000e+00	1.58162836866905e+07
7.14000000000000e+00	1.57806337760061e+07
7.15000000000000e+00	1.57522489835097e+07
7.16000000000000e+00	1.57315377031508e+07
7.17000000000000e+00	1.57183985088246e+07
7.18000000000000e+00	1.57121959029518e+07
7.19000000000000e+00	1.57115490463071e+07
7.20000000000000e+00	1.57148144323388e+07
7.21000000000000e+00	1.57192342179599e+07
7.22000000000000e+00	1.57215203000114e+07
7.23000000000000e+00	1.57175318067494e+07
7.24000000000000e+00	1.57023911330433e+07
7.25000000000000e+00	1.56709967645489e+07
7.26000000000000e+00	1.56180426342342e+07
7.27000000000000e+00	1.55388886801012e+07
7.28000000000000e+00	1.54299528758294e+07
7.29000000000000e+00	1.52893940860757e+07
7.30000000000000e+00	1.51175223315437e+07
7.31000000000000e+00	1.49169737936555e+07
7.32000000000000e+00	1.46931952450667e+07
7.33000000000000e+00	1.44542544783931e+07
7.34000000000000e+00	1.42101560836878e+07
7.35000000000000e+00	1.39723297809465e+07
7.36000000000000e+00	1.37527365667013e+07
7.37000000000000e+00	1.35630234545557e+07
7.38000000000000e+00	1.34131173328944e+07
7.39000000000000e+00	1.33107979540774e+07
7.40000000000000e+00	1.32610294943900e+07
7.41000000000000e+00	1.32653850024677e+07
7.42000000000000e+00	1.33222664957902e+07
7.43000000000000e+00	1.34270152193244e+07
7.44000000000000e+00	1.35722884325684e+07
7.45000000000000e+00	1.37486890002673e+07
7.46000000000000e+00	1.39453603712866e+07
7.47000000000000e+00	1.41505767420546e+07
7.48000000000000e+00	1.43526637726572e+07
7.49000000000000e+00	1.45401957076516e+07
7.50000000000000e+00	1.47031612281273e+07
7.51000000000000e+00	1.48329138841369e+07
7.52000000000000e+00	1.49229895368996e+07
7.53000000000000e+00	1.49690981457110e+07
7.54000000000000e+00	1.49694147136336e+07
7.55000000000000e+00	1.49248053679560e+07
7.56000000000000e+00	1.48382332391119e+07
7.57000000000000e+00	1.47147038657510e+07
7.58000000000000e+00	1.45606446004533e+07
7.59000000000000e+00	1.43836735206856e+07
7.60000000000000e+00	1.41915257067549e+07
7.61000000000000e+00	1.39921031319157e+07
7.62000000000000e+00	1.37922519039416e+07
7.63000000000000e+00	1.35977340109777e+07
7.64000000000000e+00	1.34129756261064e+07
7.65000000000000e+00	1.32408424156954e+07
7.66000000000000e+00	1.30827170045713e+07
7.67000000000000e+00	1.29389121696410e+07
7.68000000000000e+00	1.28086322186458e+07
7.69000000000000e+00	1.26903427815713e+07
7.70000000000000e+00	1.25819875099745e+07
7.71000000000000e+00	1.24813731243506e+07
7.72000000000000e+00	1.23860091573261e+07
7.73000000000000e+00	1.22935343182315e+07
7.74000000000000e+00	1.22019066129498e+07
7.75000000000000e+00	1.21089824595666e+07
7.76000000000000e+00	1.20131253227388e+07
7.77000000000000e+00	1.19127839872583e+07
7.78000000000000e+00	1.18063735387201e+07
7.79000000000000e+00	1.16927176999712e+07
7.80000000000000e+00	1.15707871323559e+07
7.81000000000000e+00	1.14403618725217e+07
7.82000000000000e+00	1.13016932100470e+07
7.83000000000000e+00	1.11556480697296e+07
7.84000000000000e+00	1.10037896145414e+07
7.85000000000000e+00	1.08481956983073e+07
7.86000000000000e+00	1.06909292960122e+07
7.87000000000000e+00	1.05343586476814e+07
7.88000000000000e+00	1.03807992886218e+07
7.89000000000000e+00	1.02321748083580e+07
7.90000000000000e+00	1.00904980327867e+07
7.91000000000000e+00	9.95718900480565e+06
7.92000000000000e+00	9.83354252142281e+06
7.93000000000000e+00	9.72052854054040e+06
7.94000000000000e+00	9.61861569495507e+06
7.95000000000000e+00	9.52810097570408e+06
7.96000000000000e+00	9.44887477875426e+06
7.97000000000000e+00	9.38063857999560e+06
7.98000000000000e+00	9.32282651424159e+06
7.99000000000000e+00	9.27507740226158e+06
8.00000000000000e+00	9.23674942784213e+06
8.01000000000000e+00	9.20743623421545e+06
8.02000000000000e+00	9.18674057330830e+06
8.03000000000000e+00	9.17438471287051e+06
8.04000000000000e+00	9.16997458449296e+06
8.05000000000000e+00	9.17331743923577e+06
8.06000000000000e+00	9.18406001774625e+06
8.07000000000000e+00	9.20200690053675e+06
8.08000000000000e+00	9.22680541246496e+06
8.09000000000000e+00	9.25794023812318e+06
8.10000000000000e+00	9.29459511594545e+06
8.11000000000000e+00	9.33555416318526e+06
8.12000000000000e+00	9.37889819651591e+06
8.13000000000000e+00	9.42196274580177e+06
8.14000000000000e+00	9.46075067544433e+06
8.15000000000000e+00	9.49059829414449e+06
8.16000000000000e+00	9.50545370762516e+06
8.17000000000000e+00	9.49887020355682e+06
8.18000000000000e+00	9.46433898530613e+06
8.19000000000000e+00	9.39557425312847e+06
8.20000000000000e+00	9.28757264587986e+06
8.21000000000000e+00	9.13764358339399e+06
8.22000000000000e+00	8.94551897771491e+06
8.23000000000000e+00	8.71421966906582e+06
8.24000000000000e+00	8.44990512798229e+06
8.25000000000000e+00	8.16181695993298e+06
8.26000000000000e+00	7.86124091709694e+06
8.27000000000000e+00	7.56073309548010e+06
8.28000000000000e+00	7.27289213208619e+06
8.29000000000000e+00	7.00917839072481e+06
8.30000000000000e+00	6.77905172256577e+06
8.31000000000000e+00	6.58894761119654e+06
8.32000000000000e+00	6.44219607203644e+06
8.33000000000000e+00	6.33896485460568e+06
8.34000000000000e+00	6.27652485686602e+06
8.35000000000000e+00	6.24997365136383e+06
8.36000000000000e+00	6.25320409032765e+06
8.37000000000000e+00	6.27929653233782e+06
8.38000000000000e+00	6.32150860275036e+06
8.39000000000000e+00	6.37382717803458e+06
8.40000000000000e+00	6.43113755067419e+06
8.41000000000000e+00	6.48945328341470e+06
8.42000000000000e+00	6.54591863947799e+06
8.43000000000000e+00	6.59874052118805e+06
8.44000000000000e+00	6.64691636812953e+06
8.45000000000000e+00	6.69000511110395e+06
8.46000000000000e+00	6.72785822686323e+06
8.47000000000000e+00	6.76060841291381e+06
8.48000000000000e+00	6.78836436575381e+06
8.49000000000000e+00	6.81129316151197e+06
8.50000000000000e+00	6.82947589874553e+06
8.51000000000000e+00	6.84306259188444e+06
8.52000000000000e+00	6.85198972213550e+06
8.53000000000000e+00	6.85611637044989e+06
8.54000000000000e+00	6.85536748282145e+06
8.55000000000000e+00	6.84944611118612e+06
8.56000000000000e+00	6.83816659481178e+06
8.57000000000000e+00	6.82135018152405e+06
8.58000000000000e+00	6.79900960973758e+06
8.59000000000000e+00	6.77125317283853e+06
8.60000000000000e+00	6.73840822927179e+06
8.61000000000000e+00	6.70084498385624e+06
8.62000000000000e+00	6.65907515825418e+06
8.63000000000000e+00	6.61352075289954e+06
8.64000000000000e+00	6.56468283977873e+06
8.65000000000000e+00	6.51289026919622e+06
8.66000000000000e+00	6.45841947100529e+06
8.67000000000000e+00	6.40137543925602e+06
8.68000000000000e+00	6.34177118674169e+06
8.69000000000000e+00	6.27953307697101e+06
8.70000000000000e+00	6.21465545328378e+06
8.71000000000000e+00	6.14704191455329e+06
8.72000000000000e+00	6.07684012081584e+06
8.73000000000000e+00	6.00415255905183e+06
8.74000000000000e+00	5.92965140990587e+06
8.75000000000000e+00	5.85396888599923e+06
8.76000000000000e+00	5.77835184137178e+06
8.77000000000000e+00	5.70412095508154e+06
8.78000000000000e+00	5.63312012419889e+06
8.79000000000000e+00	5.56729609533020e+06
8.80000000000000e+00	5.50867065919024e+06
8.81000000000000e+00	5.45939847105729e+06
8.82000000000000e+00	5.42132776911327e+06
8.83000000000000e+00	5.39602018912613e+06
8.84000000000000e+00	5.38453323537200e+06
8.85000000000000e+00	5.38743504241613e+06
8.86000000000000e+00	5.40456838670171e+06
8.87000000000000e+00	5.43521554132956e+06
8.88000000000000e+00	5.47805376643617e+06
8.89000000000000e+00	5.53139256004853e+06
8.90000000000000e+00	5.59319308398995e+06
8.91000000000000e+00	5.66119117681637e+06
8.92000000000000e+00	5.73295303898108e+06
8.93000000000000e+00	5.80629881883544e+06
8.94000000000000e+00	5.87894191894352e+06
8.95000000000000e+00	5.94894125178847e+06
8.96000000000000e+00	6.01451632132648e+06
8.97000000000000e+00	6.07406745042280e+06
8.98000000000000e+00	6.12635762321518e+06
8.99000000000000e+00	6.17038010538121e+06
9.00000000000000e+00	6.20546994775060e+06
9.01000000000000e+00	6.23141102328926e+06
9.02000000000000e+00	6.24818016067941e+06
9.03000000000000e+00	6.25605993369385e+06
9.04000000000000e+00	6.25569350100850e+06
9.05000000000000e+00	6.24757014072995e+06
9.06000000000000e+00	6.23256139236514e+06
9.07000000000000e+00	6.21132089712393e+06
9.08000000000000e+00	6.18467456640833e+06
9.09000000000000e+00	6.15352661418427e+06
9.10000000000000e+00	6.11880182148767e+06
9.11000000000000e+00	6.08146453872155e+06
9.12000000000000e+00	6.04244421593816e+06
9.13000000000000e+00	6.00249598482189e+06
9.14000000000000e+00	5.96249958969525e+06
9.15000000000000e+00	5.92295783276827e+06
9.16000000000000e+00	5.88445869822320e+06
9.17000000000000e+00	5.84736501043478e+06
9.18000000000000e+00	5.81193980032259e+06
9.19000000000000e+00	5.77836145773064e+06
9.20000000000000e+00	5.74666671014596e+06
9.21000000000000e+00	5.71691950842579e+06
9.22000000000000e+00	5.68885254968438e+06
9.23000000000000e+00	5.66233459343550e+06
9.24000000000000e+00	5.63705195934290e+06
9.25000000000000e+00	5.61264596460911e+06
9.26000000000000e+00	5.58868501699157e+06
9.27000000000000e+00	5.56486400771628e+06
9.28000000000000e+00	5.54079580729428e+06
9.29000000000000e+00	5.51626412644056e+06
9.30000000000000e+00	5.49110711745834e+06
9.31000000000000e+00	5.46522759086688e+06
9.32000000000000e+00	5.43871928417066e+06
9.33000000000000e+00	5.41164339356281e+06
9.34000000000000e+00	5.38426063775191e+06
9.35000000000000e+00	5.35671885232512e+06
9.36000000000000e+00	5.32929324154597e+06
9.37000000000000e+00	5.30217175521204e+06
9.38000000000000e+00	5.27562129056998e+06
9.39000000000000e+00	5.24979014662885e+06
9.40000000000000e+00	5.22480308985595e+06
9.41000000000000e+00	5.20083704007505e+06
9.42000000000000e+00	5.17793463471049e+06
9.43000000000000e+00	5.15609835723848e+06
9.44000000000000e+00	5.13531877073066e+06
9.45000000000000e+00	5.11548281622636e+06
9.46000000000000e+00	5.09659940436127e+06
9.47000000000000e+00	5.07847198172447e+06
9.48000000000000e+00	5.06105885824389e+06
9.49000000000000e+00	5.04429262772526e+06
9.50000000000000e+00	5.02812865978466e+06
9.51000000000000e+00	5.01243989714203e+06
9.52000000000000e+00	4.99713842050199e+06
9.53000000000000e+00	4.98212709906515e+06
9.54000000000000e+00	4.96714818324107e+06
9.55000000000000e+00	4.95209185884243e+06
9.56000000000000e+00	4.93678324388406e+06
9.57000000000000e+00	4.92137715783617e+06
9.58000000000000e+00	4.90607620927371e+06
9.59000000000000e+00	4.89118439838072e+06
9.60000000000000e+00	4.87705684535623e+06
9.61000000000000e+00	4.86379939100434e+06
9.62000000000000e+00	4.85140976335160e+06
9.63000000000000e+00	4.83975734679128e+06
9.64000000000000e+00	4.82851692080352e+06
9.65000000000000e+00	4.81745059753363e+06
9.66000000000000e+00	4.80627695522665e+06
9.67000000000000e+00	4.79490096720070e+06
9.68000000000000e+00	4.78324784448892e+06
9.69000000000000e+00	4.77132184233534e+06
9.70000000000000e+00	4.75913004428974e+06
9.71000000000000e+00	4.74670536174561e+06
9.72000000000000e+00	4.73400916322172e+06
9.73000000000000e+00	4.72113849309368e+06
9.74000000000000e+00	4.70806709675390e+06
9.75000000000000e+00	4.69480270495355e+06
9.76000000000000e+00	4.68140320820809e+06
9.77000000000000e+00	4.66784165813983e+06
9.78000000000000e+00	4.65403135278223e+06
9.79000000000000e+00	4.64008920562765e+06
9.80000000000000e+00	4.62598117158981e+06
9.81000000000000e+00	4.61164803929604e+06
9.82000000000000e+00	4.59721321207883e+06
9.83000000000000e+00	4.58256651818687e+06
9.84000000000000e+00	4.56780991807025e+06
9.85000000000000e+00	4.55286961035520e+06
9.86000000000000e+00	4.53778090069078e+06
9.87000000000000e+00	4.52263254171913e+06
9.88000000000000e+00	4.50762436579463e+06
9.89000000000000e+00	4.49336931829618e+06
9.90000000000000e+00	4.48141994882685e+06
9.91000000000000e+00	4.47503046684498e+06
9.92000000000000e+00	4.48055326235363e+06
9.93000000000000e+00	4.50878372769673e+06
9.94000000000000e+00	4.57571307022640e+06
9.95000000000000e+00	4.70273964102030e+06
9.96000000000000e+00	4.91495599294498e+06
9.97000000000000e+00	5.23770221032255e+06
9.98000000000000e+00	5.68925586152382e+06
9.99000000000000e+00	6.26813561666857e+06
1.00000000000000e+01	6.93591513068973e+06
1.00100000000000e+01	7.59751830038782e+06
1.00200000000000e+01	8.07679604401068e+06
1.00300000000000e+01	8.14856058059704e+06
1.00400000000000e+01	7.67084006839728e+06
1.00500000000000e+01	6.72134126060080e+06
1.00600000000000e+01	5.55464523426371e+06
1.00700000000000e+01	4.42108413514563e+06
1.00800000000000e+01	3.45581186021959e+06
1.00900000000000e+01	2.69024595773343e+06
1.01000000000000e+01	2.10348988120187e+06
1.01100000000000e+01	1.65933691495179e+06
1.01200000000000e+01	1.32322620948155e+06
1.01300000000000e+01	1.06734163618589e+06
1.01400000000000e+01	8.70672255338118e+05
1.01500000000000e+01	7.17896150221182e+05
1.01600000000000e+01	5.97874100819156e+05
1.01700000000000e+01	5.02549263681622e+05
1.01800000000000e+01	4.26028897506030e+05
1.01900000000000e+01	3.63990551400679e+05
1.02000000000000e+01	3.13225707499754e+05
1.02100000000000e+01	2.71316120033811e+05
1.02200000000000e+01	2.36443623644454e+05
1.02300000000000e+01	2.07203833121082e+05
1.02400000000000e+01	1.82515300225253e+05
1.02500000000000e+01	1.61536354683672e+05
1.02600000000000e+01	1.43601643606187e+05
1.02700000000000e+01	1.28183506131348e+05
1.02800000000000e+01	1.14859887366596e+05
1.02900000000000e+01	1.03290864532848e+05
1.03000000000000e+01	9.31996583595659e+04
1.03100000000000e+01	8.43599292010125e+04
1.03200000000000e+01	7.65856211866697e+04
1.03300000000000e+01	6.97221746266493e+04
1.03400000000000e+01	6.36412261545514e+04
1.03500000000000e+01	5.82356464830848e+04
1.03600000000000e+01	5.34141394270718e+04
1.03700000000000e+01	4.91011089498626e+04
1.03800000000000e+01	4.52313345473357e+04
1.03900000000000e+01	4.17495131292303e+04
1.04000000000000e+01	3.86084745727002e+04
1.04100000000000e+01	3.57677010820230e+04
1.04200000000000e+01	3.31921971890631e+04
1.04300000000000e+01	3.08519020209638e+04
1.04400000000000e+01	2.87209936678872e+04
1.04500000000000e+01	2.67764762721053e+04
1.04600000000000e+01	2.49987835798401e+04
1.04700000000000e+01	2.33706470822934e+04
1.04800000000000e+01	2.18766645595775e+04
1.04900000000000e+01	2.05036593354963e+04
1.05000000000000e+01	1.92398939399873e+04
1.05100000000000e+01	1.80750262944135e+04
1.05200000000000e+01	1.69997579569589e+04
1.05300000000000e+01	1.60053716283748e+04
1.05400000000000e+01	1.50851204236121e+04
1.05500000000000e+01	1.42320402191689e+04
1.05600000000000e+01	1.34402286593701e+04
1.05700000000000e+01	1.27044109247316e+04
1.05800000000000e+01	1.20198324373092e+04
1.05900000000000e+01	1.13820455315782e+04
1.06000000000000e+01	1.07871668835646e+04
1.06100000000000e+01	1.02317879954238e+04
1.06200000000000e+01	9.71271872091047e+03
1.06300000000000e+01	9.22695155467292e+03
1.06400000000000e+01	8.77188261974497e+03
1.06500000000000e+01	8.34520269145555e+03
1.06600000000000e+01	7.94468152160748e+03
1.06700000000000e+01	7.56841603207815e+03
1.06800000000000e+01	7.21452446055778e+03
1.06900000000000e+01	6.88146175767882e+03
1.07000000000000e+01	6.56762127030655e+03
1.07100000000000e+01	6.27166919251530e+03
1.07200000000000e+01	5.99243707279046e+03
1.07300000000000e+01	5.72871076540296e+03
1.07400000000000e+01	5.47951366313635e+03
1.07500000000000e+01	5.24380972866645e+03
1.07600000000000e+01	5.02079916126655e+03
1.07700000000000e+01	4.80966504217544e+03
1.07800000000000e+01	4.60966917055092e+03
1.07900000000000e+01	4.42014896499110e+03
1.08000000000000e+01	4.24043756311375e+03
1.08100000000000e+01	4.06992198231939e+03
1.08200000000000e+01	3.90806684873391e+03
1.08300000000000e+01	3.75438729291414e+03
1.08400000000000e+01	3.60834495318189e+03
1.08500000000000e+01	3.46950674351719e+03
1.08600000000000e+01	3.33741806430175e+03
1.08700000000000e+01	3.21167512428062e+03
1.08800000000000e+01	3.09188940084606e+03
1.08900000000000e+01	2.97772963418993e+03
1.09000000000000e+01	2.86884191613346e+03
1.09100000000000e+01	2.76491678174346e+03
1.09200000000000e+01	2.66569109300672e+03
1.09300000000000e+01	2.57085575888955e+03
1.09400000000000e+01	2.48015221428706e+03
1.09500000000000e+01	2.39337376445035e+03
1.09600000000000e+01	2.31029863356154e+03
1.09700000000000e+01	2.23072468684977e+03
1.09800000000000e+01	2.15443887982486e+03
1.09900000000000e+01	2.08128249574880e+03
1.10000000000000e+01	2.01112168169324e+03
1.10100000000000e+01	1.94376672449473e+03
1.10200000000000e+01	1.87913282605426e+03
1.10300000000000e+01	1.81710506499590e+03
1.10400000000000e+01	1.75753205095695e+03
1.10500000000000e+01	1.70035628064006e+03
1.10600000000000e+01	1.64548493117003e+03
1.10700000000000e+01	1.59281107197012e+03
1.10800000000000e+01	1.54226261828181e+03
1.10900000000000e+01	1.49376543278988e+03
1.11000000000000e+01	1.44724838992403e+03
1.11100000000000e+01	1.40262383257534e+03
1.11200000000000e+01	1.35977931793310e+03
1.11300000000000e+01	1.31869197554818e+03
1.11400000000000e+01	1.27923517701556e+03
1.11500000000000e+01	1.24133762524815e+03
1.11600000000000e+01	1.20493192690224e+03
1.11700000000000e+01	1.16992355987730e+03
1.11800000000000e+01	1.13625567354709e+03
1.11900000000000e+01	1.10384635887058e+03
1.12000000000000e+01	1.07262440761669e+03
1.12100000000000e+01	1.04253607509475e+03
1.12200000000000e+01	1.01353183512415e+03
1.12300000000000e+01	9.85532687025536e+02
1.12400000000000e+01	9.58497089923686e+02
1.12500000000000e+01	9.32401258673206e+02
1.12600000000000e+01	9.07182360072630e+02
1.12700000000000e+01	8.82805839890025e+02
1.12800000000000e+01	8.59229214552780e+02
1.12900000000000e+01	8.36431802077602e+02
1.13000000000000e+01	8.14378411861335e+02
1.13100000000000e+01	7.93035632508055e+02
1.13200000000000e+01	7.72381680181964e+02
1.13300000000000e+01	7.52380113399168e+02
1.13400000000000e+01	7.33003795684828e+02
1.13500000000000e+01	7.14244087213340e+02
1.13600000000000e+01	6.96055352942063e+02
1.13700000000000e+01	6.78420518365010e+02
1.13800000000000e+01	6.61334542241039e+02
1.13900000000000e+01	6.44752750618376e+02
1.14000000000000e+01	6.28674999303239e+02
1.14100000000000e+01	6.13077246154594e+02
1.14200000000000e+01	5.97929644184940e+02
1.14300000000000e+01	5.83236545454032e+02
1.14400000000000e+01	5.68966627636387e+02
1.14500000000000e+01	5.55120744181007e+02
1.14600000000000e+01	5.41675918239892e+02
1.14700000000000e+01	5.28611715884754e+02
1.14800000000000e+01	5.15927513945740e+02
1.14900000000000e+01	5.03604831938338e+02
1.15000000000000e+01	4.91628160630690e+02
1.15100000000000e+01	4.79992512931846e+02
1.15200000000000e+01	4.68676547634312e+02
1.15300000000000e+01	4.57683317814456e+02
1.15400000000000e+01	4.46993347315452e+02
1.15500000000000e+01	4.36599395407135e+02
1.15600000000000e+01	4.26495948612590e+02
1.15700000000000e+01	4.16681684444064e+02
1.15800000000000e+01	4.07144381635824e+02
1.15900000000000e+01	3.97884742846869e+02
1.16000000000000e+01	3.88888568726608e+02
1.16100000000000e+01	3.80158899831592e+02
1.16200000000000e+01	3.71685869617497e+02
1.16300000000000e+01	3.63465249420652e+02
1.16400000000000e+01	3.55490556746596e+02
1.16500000000000e+01	3.47747242470779e+02
1.16600000000000e+01	3.40225168257983e+02
1.16700000000000e+01	3.32922914262974e+02
1.16800000000000e+01	3.25823758423063e+02
1.16900000000000e+01	3.18917611672850e+02
1.17000000000000e+01	3.12189943475210e+02
1.17100000000000e+01	3.05638379132609e+02
1.17200000000000e+01	2.99245064621189e+02
1.17300000000000e+01	2.93004272716842e+02
1.17400000000000e+01	2.86909270801499e+02
1.17500000000000e+01	2.80957109005552e+02
1.17600000000000e+01	2.75135522072771e+02
1.17700000000000e+01	2.69439651215526e+02
1.17800000000000e+01	2.63877460293734e+02
1.17900000000000e+01	2.58440615971083e+02
1.18000000000000e+01	2.53127022337000e+02
1.18100000000000e+01	2.47938832128720e+02
1.18200000000000e+01	2.42879140932160e+02
1.18300000000000e+01	2.37941680941149e+02
1.18400000000000e+01	2.33128354479075e+02
1.18500000000000e+01	2.28435410756540e+02
1.18600000000000e+01	2.23866598915611e+02
1.18700000000000e+01	2.19417670583239e+02
1.18800000000000e+01	2.15081349941502e+02
1.18900000000000e+01	2.10858542731603e+02
1.19000000000000e+01	2.06745022349294e+02
1.19100000000000e+01	2.02736791740497e+02
1.19200000000000e+01	1.98829792944520e+02
1.19300000000000e+01	1.95018146416376e+02
1.19400000000000e+01	1.91301168959574e+02
1.19500000000000e+01	1.87670921289881e+02
1.19600000000000e+01	1.84125981908991e+02
1.19700000000000e+01	1.80662705482285e+02
1.19800000000000e+01	1.77274608444830e+02
1.19900000000000e+01	1.73963197590906e+02
1.20000000000000e+01	1.70720218844022e+02
1.20100000000000e+01	1.67546542999350e+02
1.20200000000000e+01	1.64439740795275e+02
1.20300000000000e+01	1.61397771596381e+02
1.20400000000000e+01	1.58417523648799e+02
1.20500000000000e+01	1.55499117139213e+02
1.20600000000000e+01	1.52643466284562e+02
1.20700000000000e+01	1.49848529453081e+02
1.20800000000000e+01	1.47114993822136e+02
1.20900000000000e+01	1.44440545267574e+02
1.21000000000000e+01	1.41827311596448e+02
1.21100000000000e+01	1.39275300839474e+02
1.21200000000000e+01	1.36783594714520e+02
1.21300000000000e+01	1.34349231723302e+02
1.21400000000000e+01	1.31976089286871e+02
1.21500000000000e+01	1.29659373853723e+02
1.21600000000000e+01	1.27396183229292e+02
1.21700000000000e+01	1.25189314758416e+02
1.21800000000000e+01	1.23032570521052e+02
1.21900000000000e+01	1.20926462835217e+02
1.22000000000000e+01	1.18867742225023e+02
1.22100000000000e+01	1.16853107527869e+02
1.22200000000000e+01	1.14882868606979e+02
1.22300000000000e+01	1.12951912243131e+02
1.22400000000000e+01	1.11057804504947e+02
1.22500000000000e+01	1.09201718821564e+02
1.22600000000000e+01	1.07379256449610e+02
1.22700000000000e+01	1.05589787039513e+02
1.22800000000000e+01	1.03830766187929e+02
1.22900000000000e+01	1.02100830678352e+02
1.23000000000000e+01	1.00398572355654e+02
1.23100000000000e+01	9.87236548970777e+01
1.23200000000000e+01	9.70732701316470e+01
1.23300000000000e+01	9.54488216217416e+01
1.23400000000000e+01	9.38476732723275e+01
1.23500000000000e+01	9.22693338928669e+01
1.23600000000000e+01	9.07157968862662e+01
1.23700000000000e+01	8.91847344181802e+01
1.23800000000000e+01	8.76757198892920e+01
1.23900000000000e+01	8.61927336145519e+01
1.24000000000000e+01	8.47323775375094e+01
1.24100000000000e+01	8.32977218314734e+01
1.24200000000000e+01	8.18869235408748e+01
1.24300000000000e+01	8.05028452490020e+01
1.24400000000000e+01	7.91432030164352e+01
1.24500000000000e+01	7.78102138966110e+01
1.24600000000000e+01	7.65021447657553e+01
1.24700000000000e+01	7.52198417360109e+01
1.24800000000000e+01	7.39631873019092e+01
1.24900000000000e+01	7.27300860305015e+01
1.25000000000000e+01	7.15222755081674e+01
1.25100000000000e+01	7.03387230941468e+01
1.25200000000000e+01	6.91779390236605e+01
1.25300000000000e+01	6.80407592762143e+01
1.25400000000000e+01	6.69274837471592e+01
1.25500000000000e+01	6.58357535760376e+01
1.25600000000000e+01	6.47671824480211e+01
1.25700000000000e+01	6.37198709275902e+01
1.25800000000000e+01	6.26949157147496e+01
1.25900000000000e+01	6.16916139613278e+01
1.26000000000000e+01	6.07093907022019e+01
1.26100000000000e+01	5.97467306204919e+01
1.26200000000000e+01	5.88043282935019e+01
1.26300000000000e+01	5.78803876900112e+01
1.26400000000000e+01	5.69749121221544e+01
1.26500000000000e+01	5.60877960169228e+01
1.26600000000000e+01	5.52178369973584e+01
1.26700000000000e+01	5.43647192301226e+01
1.26800000000000e+01	5.35285047579085e+01
1.26900000000000e+01	5.27080550639828e+01
1.27000000000000e+01	5.19038811241683e+01
1.27100000000000e+01	5.11151973798919e+01
1.27200000000000e+01	5.03424688006446e+01
1.27300000000000e+01	4.95852483140296e+01
1.27400000000000e+01	4.88431497594670e+01
1.27500000000000e+01	4.81164332964897e+01
1.27600000000000e+01	4.74043026840099e+01
1.27700000000000e+01	4.67076689542682e+01
1.27800000000000e+01	4.60243878349784e+01
1.27900000000000e+01	4.53557609788299e+01
1.28000000000000e+01	4.46996583481029e+01
1.28100000000000e+01	4.40573903272485e+01
1.28200000000000e+01	4.34276071882658e+01
1.28300000000000e+01	4.28100051693804e+01
1.28400000000000e+01	4.22039996994100e+01
1.28500000000000e+01	4.16098877168989e+01
1.28600000000000e+01	4.10262888547358e+01
1.28700000000000e+01	4.04540495474858e+01
1.28800000000000e+01	3.98924399145323e+01
1.28900000000000e+01	3.93408749275801e+01
1.29000000000000e+01	3.87994640754274e+01
1.29100000000000e+01	3.82676223129275e+01
1.29200000000000e+01	3.77454929246645e+01
1.29300000000000e+01	3.72330669036196e+01
1.29400000000000e+01	3.67290971914649e+01
1.29500000000000e+01	3.62344152285532e+01
1.29600000000000e+01	3.57476037120499e+01
1.29700000000000e+01	3.52697068100419e+01
1.29800000000000e+01	3.47993364494901e+01
1.29900000000000e+01	3.43373628891766e+01
1.30000000000000e+01	3.38826263357069e+01
1.30100000000000e+01	3.34359285230559e+01
1.30200000000000e+01	3.29969252919470e+01
1.30300000000000e+01	3.25651184433770e+01
1.30400000000000e+01	3.21406392426866e+01
1.30500000000000e+01	3.17230072235184e+01
1.30600000000000e+01	3.13123251524348e+01
1.30700000000000e+01	3.09079001351845e+01
1.30800000000000e+01	3.05098459934664e+01
1.30900000000000e+01	3.01175486397346e+01
1.31000000000000e+01	2.97309217955248e+01
1.31100000000000e+01	2.93500583204465e+01
1.31200000000000e+01	2.89736624639024e+01
1.31300000000000e+01	2.86019018705042e+01
1.31400000000000e+01	2.82348201758471e+01
1.31500000000000e+01	2.78724430399715e+01
1.31600000000000e+01	2.75143249241502e+01
1.31700000000000e+01	2.71607537683245e+01
1.31800000000000e+01	2.68113110785551e+01
1.31900000000000e+01	2.64667799914368e+01
1.32000000000000e+01	2.61265111276341e+01
1.32100000000000e+01	2.57910477468062e+01
1.32200000000000e+01	2.54600863973885e+01
1.32300000000000e+01	2.51339442001777e+01
1.32400000000000e+01	2.48122930046913e+01
1.32500000000000e+01	2.44952465148413e+01
1.32600000000000e+01	2.41821912124329e+01
1.32700000000000e+01	2.38737456346740e+01
1.32800000000000e+01	2.35695159173909e+01
1.32900000000000e+01	2.32687318705606e+01
1.33000000000000e+01	2.29724596663598e+01
1.33100000000000e+01	2.26797891681360e+01
1.33200000000000e+01	2.23908791035623e+01
1.33300000000000e+01	2.21059093877197e+01
1.33400000000000e+01	2.18248173963334e+01
1.33500000000000e+01	2.15479257656747e+01
1.33600000000000e+01	2.12748343642900e+01
1.33700000000000e+01	2.10059796803046e+01
1.33800000000000e+01	2.07415676962741e+01
1.33900000000000e+01	2.04808415769712e+01
1.34000000000000e+01	2.02246943347384e+01
1.34100000000000e+01	1.99724939625908e+01
1.34200000000000e+01	1.97242874214458e+01
1.34300000000000e+01	1.94801282178480e+01
1.34400000000000e+01	1.92397379668709e+01
1.34500000000000e+01	1.90033219126367e+01
1.34600000000000e+01	1.87703504742555e+01
1.34700000000000e+01	1.85407306545002e+01
1.34800000000000e+01	1.83151153806212e+01
1.34900000000000e+01	1.80922506703548e+01
1.35000000000000e+01	1.78728267576993e+01
1.35100000000000e+01	1.76564813950349e+01
1.35200000000000e+01	1.74430169875199e+01
1.35300000000000e+01	1.72322440843834e+01
1.35400000000000e+01	1.70244033214400e+01
1.35500000000000e+01	1.68191874503520e+01
1.35600000000000e+01	1.66164301739049e+01
1.35700000000000e+01	1.64158519007278e+01
1.35800000000000e+01	1.62178378723015e+01
1.35900000000000e+01	1.60217538210341e+01
1.36000000000000e+01	1.58280860744051e+01
1.36100000000000e+01	1.56363496866173e+01
1.36200000000000e+01	1.54468261606464e+01
1.36300000000000e+01	1.52591417390957e+01
1.36400000000000e+01	1.50734342453239e+01
1.36500000000000e+01	1.48899637239010e+01
1.36600000000000e+01	1.47086411217167e+01
1.36700000000000e+01	1.45293280992245e+01
1.36800000000000e+01	1.43521475177569e+01
1.36900000000000e+01	1.41773497090728e+01
1.37000000000000e+01	1.40046859569905e+01
1.37100000000000e+01	1.38343524136388e+01
1.37200000000000e+01	1.36667867255419e+01
1.37300000000000e+01	1.35015623952630e+01
1.37400000000000e+01	1.33389981466856e+01
1.37500000000000e+01	1.31790951793386e+01
1.37600000000000e+01	1.30219996041020e+01
1.37700000000000e+01	1.28677178837828e+01
1.37800000000000e+01	1.27158358363078e+01
1.37900000000000e+01	1.25666904619780e+01
1.38000000000000e+01	1.24203767058108e+01
1.38100000000000e+01	1.22764048854232e+01
1.38200000000000e+01	1.21347842523445e+01
1.38300000000000e+01	1.19955564154992e+01
1.38400000000000e+01	1.18584611533023e+01
1.38500000000000e+01	1.17236263712869e+01
1.38600000000000e+01	1.15906430001857e+01
1.38700000000000e+01	1.14594586140055e+01
1.38800000000000e+01	1.13303183528776e+01
1.38900000000000e+01	1.12029435816563e+01
1.39000000000000e+01	1.10769225164202e+01
1.39100000000000e+01	1.09528847186128e+01
1.39200000000000e+01	1.08300767095354e+01
1.39300000000000e+01	1.07088685939932e+01
1.39400000000000e+01	1.05890575658242e+01
1.39500000000000e+01	1.04708051513961e+01
1.39600000000000e+01	1.03537748559490e+01
1.39700000000000e+01	1.02382143577434e+01
1.39800000000000e+01	1.01239356814961e+01
1.39900000000000e+01	1.00108605652162e+01
1.40000000000000e+01	9.89923991183757e+00
1.40100000000000e+01	9.78881248799866e+00
1.40200000000000e+01	9.67976028754143e+00
1.40300000000000e+01	9.57196548452871e+00
1.40400000000000e+01	9.46550113732704e+00
1.40500000000000e+01	9.36045041405973e+00
1.40600000000000e+01	9.25669339434896e+00
1.40700000000000e+01	9.15444869977532e+00
1.40800000000000e+01	9.05352216404891e+00
1.40900000000000e+01	8.95388963532612e+00
1.41000000000000e+01	8.85573311053931e+00
1.41100000000000e+01	8.75886933178250e+00
1.41200000000000e+01	8.66340164194960e+00
1.41300000000000e+01	8.56915613388452e+00
1.41400000000000e+01	8.47608546330258e+00
1.41500000000000e+01	8.38418787527057e+00
1.41600000000000e+01	8.29335967644792e+00
1.41700000000000e+01	8.20345066146799e+00
1.41800000000000e+01	8.11460514927108e+00
1.41900000000000e+01	8.02661652733680e+00
1.42000000000000e+01	7.93956705895424e+00
1.42100000000000e+01	7.85332118858207e+00
1.42200000000000e+01	7.76794891334563e+00
1.42300000000000e+01	7.68348416368164e+00
1.42400000000000e+01	7.59986248547264e+00
1.42500000000000e+01	7.51713373614867e+00
1.42600000000000e+01	7.43538717384368e+00
1.42700000000000e+01	7.35459513196817e+00
1.42800000000000e+01	7.27480527662146e+00
1.42900000000000e+01	7.19607411242250e+00
1.43000000000000e+01	7.11849271268764e+00
1.43100000000000e+01	7.04178266711216e+00
1.43200000000000e+01	6.96611791023032e+00
1.43300000000000e+01	6.89159084147128e+00
1.43400000000000e+01	6.81786491110950e+00
1.43500000000000e+01	6.74522894143824e+00
1.43600000000000e+01	6.67361180739399e+00
1.43700000000000e+01	6.60282160656903e+00
1.43800000000000e+01	6.53294827494581e+00
1.43900000000000e+01	6.46393223928514e+00
1.44000000000000e+01	6.39592825001154e+00
1.44100000000000e+01	6.32870953048489e+00
1.44200000000000e+01	6.26247991415431e+00
1.44300000000000e+01	6.19705509681844e+00
1.44400000000000e+01	6.13252287975152e+00
1.44500000000000e+01	6.06888395839984e+00
1.44600000000000e+01	6.00609739546369e+00
1.44700000000000e+01	5.94410972795215e+00
1.44800000000000e+01	5.88289115284968e+00
1.44900000000000e+01	5.82259425916034e+00
1.45000000000000e+01	5.76315172693633e+00
1.45100000000000e+01	5.70436933719672e+00
1.45200000000000e+01	5.64640797911530e+00
1.45300000000000e+01	5.58925147287640e+00
1.45400000000000e+01	5.53271647496481e+00
1.45500000000000e+01	5.47702150409104e+00
1.45600000000000e+01	5.42187957912119e+00
1.45700000000000e+01	5.36749367223254e+00
1.45800000000000e+01	5.31366326423792e+00
1.45900000000000e+01	5.26050504282956e+00
1.46000000000000e+01	5.20798764332685e+00
1.46100000000000e+01	5.15600166551610e+00
1.46200000000000e+01	5.10462776881871e+00
1.46300000000000e+01	5.05383561806627e+00
1.46400000000000e+01	5.00360613627156e+00
1.46500000000000e+01	4.95393209464813e+00
1.46600000000000e+01	4.90482980249086e+00
1.46700000000000e+01	4.85627737073878e+00
1.46800000000000e+01	4.80826799206801e+00
1.46900000000000e+01	4.76088857197493e+00
1.47000000000000e+01	4.71404131392194e+00
1.47100000000000e+01	4.66771896587620e+00
1.47200000000000e+01	4.62200129464806e+00
1.47300000000000e+01	4.57682200740771e+00
1.47400000000000e+01	4.53217426976340e+00
1.47500000000000e+01	4.48813357422991e+00
1.47600000000000e+01	4.44451031795392e+00
1.47700000000000e+01	4.40155676708822e+00
1.47800000000000e+01	4.35896176343577e+00
1.47900000000000e+01	4.31693102531669e+00
1.48000000000000e+01	4.27532747564314e+00
1.48100000000000e+01	4.23419620886843e+00
1.48200000000000e+01	4.19343514391604e+00
1.48300000000000e+01	4.15310092916914e+00
1.48400000000000e+01	4.11322192800785e+00
1.48500000000000e+01	4.07371741077735e+00
1.48600000000000e+01	4.03455188458738e+00
1.48700000000000e+01	3.99571802625306e+00
1.48800000000000e+01	3.95728410898727e+00
1.48900000000000e+01	3.91917520232410e+00
1.49000000000000e+01	3.88147092854188e+00
1.49100000000000e+01	3.84408677548615e+00
1.49200000000000e+01	3.80707611661502e+00
1.49300000000000e+01	3.77041926532763e+00
1.49400000000000e+01	3.73413125878147e+00
1.49500000000000e+01	3.69819653598921e+00
1.49600000000000e+01	3.66265829252254e+00
1.49700000000000e+01	3.62749581141765e+00
1.49800000000000e+01	3.59272134294779e+00
1.49900000000000e+01	3.55834379817895e+00
1.50000000000000e+01	3.52433729279692e+00
1.50100000000000e+01	3.49075996148456e+00
1.50200000000000e+01	3.45752661119866e+00
1.50300000000000e+01	3.42470276298764e+00
1.50400000000000e+01	3.39227280621855e+00
1.50500000000000e+01	3.36020265366998e+00
1.50600000000000e+01	3.32851018928252e+00
1.50700000000000e+01	3.29716323842591e+00
1.50800000000000e+01	3.26614906413591e+00
1.50900000000000e+01	3.23549374936668e+00
1.51000000000000e+01	3.20512775746315e+00
1.51100000000000e+01	3.17508636395457e+00
1.51200000000000e+01	3.14535396514635e+00
1.51300000000000e+01	3.11587914812659e+00
1.51400000000000e+01	3.08671420726600e+00
1.51500000000000e+01	3.05780644904042e+00
1.51600000000000e+01	3.02914690748562e+00
1.51700000000000e+01	3.00077200512617e+00
1.51800000000000e+01	2.97267188741389e+00
1.51900000000000e+01	2.94482322637022e+00
1.52000000000000e+01	2.91724983407565e+00
1.52100000000000e+01	2.88994178987865e+00
1.52200000000000e+01	2.86292457816021e+00
1.52300000000000e+01	2.83617401253114e+00
1.52400000000000e+01	2.80966588717189e+00
1.52500000000000e+01	2.78343078881251e+00
1.52600000000000e+01	2.75742910095725e+00
1.52700000000000e+01	2.73166398656748e+00
1.52800000000000e+01	2.70610708277390e+00
1.52900000000000e+01	2.68072874212717e+00
1.53000000000000e+01	2.65550804736394e+00
1.53100000000000e+01	2.63040661931352e+00
1.53200000000000e+01	2.60542502140572e+00
1.53300000000000e+01	2.58053640845002e+00
1.53400000000000e+01	2.55568845640402e+00
1.53500000000000e+01	2.53089144509208e+00
1.53600000000000e+01	2.50614816482951e+00
1.53700000000000e+01	2.48141548252371e+00
1.53800000000000e+01	2.45670867054698e+00
1.53900000000000e+01	2.43204130235754e+00
1.54000000000000e+01	2.40741574878837e+00
1.54100000000000e+01	2.38286883564756e+00
1.54200000000000e+01	2.35839655590663e+00
1.54300000000000e+01	2.33406165871276e+00
1.54400000000000e+01	2.30988087576310e+00
1.54500000000000e+01	2.28590261343373e+00
1.54600000000000e+01	2.26215671047847e+00
1.54700000000000e+01	2.23873930961535e+00
1.54800000000000e+01	2.21563640709175e+00
1.54900000000000e+01	2.19293859546535e+00
1.55000000000000e+01	2.17066391641745e+00
1.55100000000000e+01	2.14887295242631e+00
1.55200000000000e+01	2.12758866328692e+00
1.55300000000000e+01	2.10684251060169e+00
1.55400000000000e+01	2.08660263901405e+00
1.55500000000000e+01	2.06691606193947e+00
1.55600000000000e+01	2.04772992861072e+00
1.55700000000000e+01	2.02903491646596e+00
1.55800000000000e+01	2.01081729557520e+00
1.55900000000000e+01	1.99301518742651e+00
1.56000000000000e+01	1.97558139681693e+00
1.56100000000000e+01	1.95850011996260e+00
1.56200000000000e+01	1.94169802229917e+00
1.56300000000000e+01	1.92516299132919e+00
1.56400000000000e+01	1.90883503479893e+00
1.56500000000000e+01	1.89267886661936e+00
1.56600000000000e+01	1.87665598716866e+00
1.56700000000000e+01	1.86075229632892e+00
1.56800000000000e+01	1.84494095716539e+00
1.56900000000000e+01	1.82921119499159e+00
1.57000000000000e+01	1.81352877099485e+00
1.57100000000000e+01	1.79789318329479e+00
1.57200000000000e+01	1.78231219656170e+00
1.57300000000000e+01	1.76677510917104e+00
1.57400000000000e+01	1.75127541987824e+00
1.57500000000000e+01	1.73584049860036e+00
1.57600000000000e+01	1.72046084841811e+00
1.57700000000000e+01	1.70514995464005e+00
1.57800000000000e+01	1.68992432574167e+00
1.57900000000000e+01	1.67482141627354e+00
1.58000000000000e+01	1.65983431524961e+00
1.58100000000000e+01	1.64499144819427e+00
1.58200000000000e+01	1.63030866670729e+00
1.58300000000000e+01	1.61581804483363e+00
1.58400000000000e+01	1.60152831411237e+00
1.58500000000000e+01	1.58744595931420e+00
1.58600000000000e+01	1.57359988554276e+00
1.58700000000000e+01	1.55997462543154e+00
1.58800000000000e+01	1.54657696803226e+00
1.58900000000000e+01	1.53342729834166e+00
1.59000000000000e+01	1.52049864724311e+00
1.59100000000000e+01	1.50779248755209e+00
1.59200000000000e+01	1.49528737787995e+00
1.59300000000000e+01	1.48297788353199e+00
1.59400000000000e+01	1.47085305566240e+00
1.59500000000000e+01	1.45888056329806e+00
1.59600000000000e+01	1.44704660910485e+00
1.59700000000000e+01	1.43535754610938e+00
1.59800000000000e+01	1.42378477821939e+00
1.59900000000000e+01	1.41230330664286e+00
1.60000000000000e+01	1.40093781809216e+00
1.60100000000000e+01	1.38965434906408e+00
1.60200000000000e+01	1.37846470499922e+00
1.60300000000000e+01	1.36735521963459e+00
1.60400000000000e+01	1.35633255259234e+00
1.60500000000000e+01	1.34538856412301e+00
1.60600000000000e+01	1.33453360253630e+00
1.60700000000000e+01	1.32375167064453e+00
1.60800000000000e+01	1.31304318695223e+00
1.60900000000000e+01	1.30242550303707e+00
1.61000000000000e+01	1.29189119205708e+00
1.61100000000000e+01	1.28143395653673e+00
1.61200000000000e+01	1.27106604891884e+00
1.61300000000000e+01	1.26077255177527e+00
1.61400000000000e+01	1.25057807995394e+00
1.61500000000000e+01	1.24047067499383e+00
1.61600000000000e+01	1.23044344937739e+00
1.61700000000000e+01	1.22051102479348e+00
1.61800000000000e+01	1.21066927595060e+00
1.61900000000000e+01	1.20093657281452e+00
1.62000000000000e+01	1.19129069663577e+00
1.62100000000000e+01	1.18176309754690e+00
1.62200000000000e+01	1.17233078137845e+00
1.62300000000000e+01	1.16301206650301e+00
1.62400000000000e+01	1.15380905130568e+00
1.62500000000000e+01	1.14472133453728e+00
1.62600000000000e+01	1.13574069739595e+00
1.62700000000000e+01	1.12686804335958e+00
1.62800000000000e+01	1.11810615867617e+00
1.62900000000000e+01	1.10944711204310e+00
1.63000000000000e+01	1.10088686875037e+00
1.63100000000000e+01	1.09239850508600e+00
1.63200000000000e+01	1.08400572663524e+00
1.63300000000000e+01	1.07567127852670e+00
1.63400000000000e+01	1.06739375503995e+00
1.63500000000000e+01	1.05917432748098e+00
1.63600000000000e+01	1.05098729280082e+00
1.63700000000000e+01	1.04282521470609e+00
1.63800000000000e+01	1.03468982876405e+00
1.63900000000000e+01	1.02655325911992e+00
1.64000000000000e+01	1.01842817087753e+00
1.64100000000000e+01	1.01029976383549e+00
1.64200000000000e+01	1.00217420251008e+00
1.64300000000000e+01	9.94042498471217e-01
1.64400000000000e+01	9.85913686302857e-01
1.64500000000000e+01	9.77782274246325e-01
1.64600000000000e+01	9.69664540754580e-01
1.64700000000000e+01	9.61573922335540e-01
1.64800000000000e+01	9.53505623427772e-01
1.64900000000000e+01	9.45489774612724e-01
1.65000000000000e+01	9.37538406096135e-01
1.65100000000000e+01	9.29643569926936e-01
1.65200000000000e+01	9.21830947921673e-01
1.65300000000000e+01	9.14109168705568e-01
1.65400000000000e+01	9.06483880210410e-01
1.65500000000000e+01	8.98959731305468e-01
1.65600000000000e+01	8.91546959521138e-01
1.65700000000000e+01	8.84235724106409e-01
1.65800000000000e+01	8.77036989169135e-01
1.65900000000000e+01	8.69950269414994e-01
1.66000000000000e+01	8.62981748152533e-01
1.66100000000000e+01	8.56113918161001e-01
1.66200000000000e+01	8.49355393671370e-01
1.66300000000000e+01	8.42696136226653e-01
1.66400000000000e+01	8.36139394699372e-01
1.66500000000000e+01	8.29678388664644e-01
1.66600000000000e+01	8.23315822531373e-01
1.66700000000000e+01	8.17039113159008e-01
1.66800000000000e+01	8.10857632813182e-01
1.66900000000000e+01	8.04749571993577e-01
1.67000000000000e+01	7.98721793730403e-01
1.67100000000000e+01	7.92765233896124e-01
1.67200000000000e+01	7.86884937944109e-01
1.67300000000000e+01	7.81061721304785e-01
1.67400000000000e+01	7.75298498863639e-01
1.67500000000000e+01	7.69590461027147e-01
1.67600000000000e+01	7.63930343077759e-01
1.67700000000000e+01	7.58310465761956e-01
1.67800000000000e+01	7.52730816271643e-01
1.67900000000000e+01	7.47189643410036e-01
1.68000000000000e+01	7.41676784895105e-01
1.68100000000000e+01	7.36188996729478e-01
1.68200000000000e+01	7.30736778803535e-01
1.68300000000000e+01	7.25307368211299e-01
1.68400000000000e+01	7.19899565241706e-01
1.68500000000000e+01	7.14524712619810e-01
1.68600000000000e+01	7.09174329445720e-01
1.68700000000000e+01	7.03850627328609e-01
1.68800000000000e+01	6.98561278471702e-01
1.68900000000000e+01	6.93298297346970e-01
1.69000000000000e+01	6.88076881772772e-01
1.69100000000000e+01	6.82883904219236e-01
1.69200000000000e+01	6.77726335133655e-01
1.69300000000000e+01	6.72604360414658e-01
1.69400000000000e+01	6.67522680238512e-01
1.69500000000000e+01	6.62471377125301e-01
1.69600000000000e+01	6.57463073219087e-01
1.69700000000000e+01	6.52489648818059e-01
1.69800000000000e+01	6.47561222151926e-01
1.69900000000000e+01	6.42677199011277e-01
1.70000000000000e+01	6.37837765757000e-01
1.70100000000000e+01	6.33053314496358e-01
1.70200000000000e+01	6.28327530734399e-01
1.70300000000000e+01	6.23653885927882e-01
1.70400000000000e+01	6.19041967431747e-01
1.70500000000000e+01	6.14493034766411e-01
1.70600000000000e+01	6.10007406730027e-01
1.70700000000000e+01	6.05588239416015e-01
1.70800000000000e+01	6.01225647564634e-01
1.70900000000000e+01	5.96925308150409e-01
1.71000000000000e+01	5.92685128500066e-01
1.71100000000000e+01	5.88501180607625e-01
1.71200000000000e+01	5.84361807856579e-01
1.71300000000000e+01	5.80272097033623e-01
1.71400000000000e+01	5.76228988435646e-01
1.71500000000000e+01	5.72227599602079e-01
1.71600000000000e+01	5.68261425442407e-01
1.71700000000000e+01	5.64334895197591e-01
1.71800000000000e+01	5.60437213748780e-01
1.71900000000000e+01	5.56578797149690e-01
1.72000000000000e+01	5.52750487190749e-01
1.72100000000000e+01	5.48954368131617e-01
1.72200000000000e+01	5.45193765349620e-01
1.72300000000000e+01	5.41454695909672e-01
1.72400000000000e+01	5.37754874677664e-01
1.72500000000000e+01	5.34076572466042e-01
1.72600000000000e+01	5.30431296639288e-01
1.72700000000000e+01	5.26814015487771e-01
1.72800000000000e+01	5.23222131002311e-01
1.72900000000000e+01	5.19657708877933e-01
1.73000000000000e+01	5.16118196975632e-01
1.73100000000000e+01	5.12605240364859e-01
1.73200000000000e+01	5.09119082893222e-01
1.73300000000000e+01	5.05652030195734e-01
1.73400000000000e+01	5.02206657413603e-01
1.73500000000000e+01	4.98785655264562e-01
1.73600000000000e+01	4.95385881822775e-01
1.73700000000000e+01	4.92005609893567e-01
1.73800000000000e+01	4.88646243803702e-01
1.73900000000000e+01	4.85308200803602e-01
1.74000000000000e+01	4.81994858072951e-01
1.74100000000000e+01	4.78697730194308e-01
1.74200000000000e+01	4.75420200793073e-01
1.74300000000000e+01	4.72163931876684e-01
1.74400000000000e+01	4.68932085354860e-01
1.74500000000000e+01	4.65715901442044e-01
1.74600000000000e+01	4.62524184978482e-01
1.74700000000000e+01	4.59352674538569e-01
1.74800000000000e+01	4.56201136135852e-01
1.74900000000000e+01	4.53063978582530e-01
1.75000000000000e+01	4.49949515644861e-01
1.75100000000000e+01	4.46854710893336e-01
1.75200000000000e+01	4.43774338253389e-01
1.75300000000000e+01	4.40707842597898e-01
1.75400000000000e+01	4.37655905573750e-01
1.75500000000000e+01	4.34622489916746e-01
1.75600000000000e+01	4.31598628796268e-01
1.75700000000000e+01	4.28590604768345e-01
1.75800000000000e+01	4.25594289224497e-01
1.75900000000000e+01	4.22613972581366e-01
1.76000000000000e+01	4.19646085002513e-01
1.76100000000000e+01	4.16699267821272e-01
1.76200000000000e+01	4.13764843660603e-01
1.76300000000000e+01	4.10853156356382e-01
1.76400000000000e+01	4.07959475070512e-01
1.76500000000000e+01	4.05087301440343e-01
1.76600000000000e+01	4.02240382879912e-01
1.76700000000000e+01	3.99415176090807e-01
1.76800000000000e+01	3.96614360981930e-01
1.76900000000000e+01	3.93842825390127e-01
1.77000000000000e+01	3.91090606441283e-01
1.77100000000000e+01	3.88366090727592e-01
1.77200000000000e+01	3.85663336787201e-01
1.77300000000000e+01	3.82982468509128e-01
1.77400000000000e+01	3.80327871203679e-01
1.77500000000000e+01	3.77690833328436e-01
1.77600000000000e+01	3.75077764325632e-01
1.77700000000000e+01	3.72480767790129e-01
1.77800000000000e+01	3.69903395733832e-01
1.77900000000000e+01	3.67347580424474e-01
1.78000000000000e+01	3.64802270848059e-01
1.78100000000000e+01	3.62276969440587e-01
1.78200000000000e+01	3.59767549836954e-01
1.78300000000000e+01	3.57270583268534e-01
1.78400000000000e+01	3.54789032892151e-01
1.78500000000000e+01	3.52324309559338e-01
1.78600000000000e+01	3.49875097238076e-01
1.78700000000000e+01	3.47438167191871e-01
1.78800000000000e+01	3.45014002775250e-01
1.78900000000000e+01	3.42605314261389e-01
1.79000000000000e+01	3.40212315901336e-01
1.79100000000000e+01	3.37832145490390e-01
1.79200000000000e+01	3.35463787140677e-01
1.79300000000000e+01	3.33111654529530e-01
1.79400000000000e+01	3.30767765725402e-01
1.79500000000000e+01	3.28436355580661e-01
1.79600000000000e+01	3.26114574254205e-01
1.79700000000000e+01	3.23806144757274e-01
1.79800000000000e+01	3.21505231977989e-01
1.79900000000000e+01	3.19217827966353e-01
1.80000000000000e+01	3.16943004989054e-01
1.80100000000000e+01	3.14688465289730e-01
1.80200000000000e+01	3.12446805504273e-01
1.80300000000000e+01	3.10228531191557e-01
1.80400000000000e+01	3.08033637660503e-01
1.80500000000000e+01	3.05866175042162e-01
1.80600000000000e+01	3.03724388401111e-01
1.80700000000000e+01	3.01618393866641e-01
1.80800000000000e+01	2.99542446529682e-01
1.80900000000000e+01	2.97498784225532e-01
1.81000000000000e+01	2.95485461786249e-01
1.81100000000000e+01	2.93505677711546e-01
1.81200000000000e+01	2.91556592896262e-01
1.81300000000000e+01	2.89635011731454e-01
1.81400000000000e+01	2.87734600019436e-01
1.81500000000000e+01	2.85859679202583e-01
1.81600000000000e+01	2.84003126244045e-01
1.81700000000000e+01	2.82165644393073e-01
1.81800000000000e+01	2.80339892941565e-01
1.81900000000000e+01	2.78530450958954e-01
1.82000000000000e+01	2.76732565219777e-01
1.82100000000000e+01	2.74941296894540e-01
1.82200000000000e+01	2.73161634506733e-01
1.82300000000000e+01	2.71390683807374e-01
1.82400000000000e+01	2.69624510003445e-01
1.82500000000000e+01	2.67864664030857e-01
1.82600000000000e+01	2.66110962286205e-01
1.82700000000000e+01	2.64364640090835e-01
1.82800000000000e+01	2.62621518434810e-01
1.82900000000000e+01	2.60883957841817e-01
1.83000000000000e+01	2.59157852433400e-01
1.83100000000000e+01	2.57433465768116e-01
1.83200000000000e+01	2.55720938497040e-01
1.83300000000000e+01	2.54016040064342e-01
1.83400000000000e+01	2.52321343399157e-01
1.83500000000000e+01	2.50638228229126e-01
1.83600000000000e+01	2.48968323623203e-01
1.83700000000000e+01	2.47312689402197e-01
1.83800000000000e+01	2.45672854654171e-01
1.83900000000000e+01	2.44049988731680e-01
1.84000000000000e+01	2.42446104995445e-01
1.84100000000000e+01	2.40861998389505e-01
1.84200000000000e+01	2.39298439031239e-01
1.84300000000000e+01	2.37756686782231e-01
1.84400000000000e+01	2.36237170009682e-01
1.84500000000000e+01	2.34739257481648e-01
1.84600000000000e+01	2.33263358343001e-01
1.84700000000000e+01	2.31808670160896e-01
1.84800000000000e+01	2.30374842736447e-01
1.84900000000000e+01	2.28958785420163e-01
1.85000000000000e+01	2.27560815914396e-01
1.85100000000000e+01	2.26178371567453e-01
1.85200000000000e+01	2.24809536968150e-01
1.85300000000000e+01	2.23453835338774e-01
1.85400000000000e+01	2.22107802041936e-01
1.85500000000000e+01	2.20771325835940e-01
1.85600000000000e+01	2.19442096407062e-01
1.85700000000000e+01	2.18119594753159e-01
1.85800000000000e+01	2.16802592899192e-01
1.85900000000000e+01	2.15490628044348e-01
1.86000000000000e+01	2.14182208264856e-01
1.86100000000000e+01	2.12878395371549e-01
1.86200000000000e+01	2.11578434692150e-01
1.86300000000000e+01	2.10282229205732e-01
1.86400000000000e+01	2.08990067831556e-01
1.86500000000000e+01	2.07703033073119e-01
1.86600000000000e+01	2.06420365663531e-01
1.86700000000000e+01	2.05143547947400e-01
1.86800000000000e+01	2.03872382516607e-01
1.86900000000000e+01	2.02607095607861e-01
1.87000000000000e+01	2.01348618338053e-01
1.87100000000000e+01	2.00097539044342e-01
1.87200000000000e+01	1.98852510645817e-01
1.87300000000000e+01	1.97615266838065e-01
1.87400000000000e+01	1.96384888371435e-01
1.87500000000000e+01	1.95161619229967e-01
1.87600000000000e+01	1.93945006433449e-01
1.87700000000000e+01	1.92735133052556e-01
1.87800000000000e+01	1.91531729528399e-01
1.87900000000000e+01	1.90334995768608e-01
1.88000000000000e+01	1.89143797714401e-01
1.88100000000000e+01	1.87958973632875e-01
1.88200000000000e+01	1.86779356989900e-01
1.88300000000000e+01	1.85604920910179e-01
1.88400000000000e+01	1.84435148206656e-01
1.88500000000000e+01	1.83270061025437e-01
1.88600000000000e+01	1.82109177392841e-01
1.88700000000000e+01	1.80951907214071e-01
1.88800000000000e+01	1.79799082221645e-01
1.88900000000000e+01	1.78649744862206e-01
1.89000000000000e+01	1.77502966494701e-01
1.89100000000000e+01	1.76359782130937e-01
1.89200000000000e+01	1.75219975073928e-01
1.89300000000000e+01	1.74083463864372e-01
1.89400000000000e+01	1.72950645301122e-01
1.89500000000000e+01	1.71821915326151e-01
1.89600000000000e+01	1.70697816566314e-01
1.89700000000000e+01	1.69578677758481e-01
1.89800000000000e+01	1.68465980929981e-01
1.89900000000000e+01	1.67359571544436e-01
1.90000000000000e+01	1.66260692511152e-01
1.90100000000000e+01	1.65169042560058e-01
1.90200000000000e+01	1.64085983305173e-01
1.90300000000000e+01	1.63010841425735e-01
1.90400000000000e+01	1.61943093263287e-01
1.90500000000000e+01	1.60883078050591e-01
1.90600000000000e+01	1.59829580086457e-01
1.90700000000000e+01	1.58781578001765e-01
1.90800000000000e+01	1.57738497589783e-01
1.90900000000000e+01	1.56699060747673e-01
1.91000000000000e+01	1.55662904876885e-01
1.91100000000000e+01	1.54630117716132e-01
1.91200000000000e+01	1.53601433134136e-01
1.91300000000000e+01	1.52577211035464e-01
1.91400000000000e+01	1.51559479964454e-01
1.91500000000000e+01	1.50550833279249e-01
1.91600000000000e+01	1.49553090183436e-01
1.91700000000000e+01	1.48569041682884e-01
1.91800000000000e+01	1.47601429402297e-01
1.91900000000000e+01	1.46651846385789e-01
1.92000000000000e+01	1.45722497956610e-01
1.92100000000000e+01	1.44812840857635e-01
1.92200000000000e+01	1.43924427600488e-01
1.92300000000000e+01	1.43055179477135e-01
1.92400000000000e+01	1.42205042322383e-01
1.92500000000000e+01	1.41370785481136e-01
1.92600000000000e+01	1.40551704061491e-01
1.92700000000000e+01	1.39744798611530e-01
1.92800000000000e+01	1.38947562327534e-01
1.92900000000000e+01	1.38158734001382e-01
1.93000000000000e+01	1.37376203257625e-01
1.93100000000000e+01	1.36597987807850e-01
1.93200000000000e+01	1.35824027138688e-01
1.93300000000000e+01	1.35053151680985e-01
1.93400000000000e+01	1.34284242141811e-01
1.93500000000000e+01	1.33518070781776e-01
1.93600000000000e+01	1.32753302837908e-01
1.93700000000000e+01	1.31990808928832e-01
1.93800000000000e+01	1.31230422722543e-01
1.93900000000000e+01	1.30471579891512e-01
1.94000000000000e+01	1.29715072978884e-01
1.94100000000000e+01	1.28960471495115e-01
1.94200000000000e+01	1.28208399338597e-01
1.94300000000000e+01	1.27458616310055e-01
1.94400000000000e+01	1.26710622132654e-01
1.94500000000000e+01	1.25965056486818e-01
1.94600000000000e+01	1.25222186044065e-01
1.94700000000000e+01	1.24481534038957e-01
1.94800000000000e+01	1.23743675238247e-01
1.94900000000000e+01	1.23007784291084e-01
1.95000000000000e+01	1.22274577546990e-01
1.95100000000000e+01	1.21544301699668e-01
1.95200000000000e+01	1.20816372516831e-01
1.95300000000000e+01	1.20090930887895e-01
1.95400000000000e+01	1.19368034905995e-01
1.95500000000000e+01	1.18647863610790e-01
1.95600000000000e+01	1.17930714407864e-01
1.95700000000000e+01	1.17216192730456e-01
1.95800000000000e+01	1.16505156152832e-01
1.95900000000000e+01	1.15797090595837e-01
1.96000000000000e+01	1.15092486205017e-01
1.96100000000000e+01	1.14391702358796e-01
1.96200000000000e+01	1.13694332341778e-01
1.96300000000000e+01	1.13001610804010e-01
1.96400000000000e+01	1.12312474610676e-01
1.96500000000000e+01	1.11628222465246e-01
1.96600000000000e+01	1.10947877328727e-01
1.96700000000000e+01	1.10272379640549e-01
1.96800000000000e+01	1.09600950912736e-01
1.96900000000000e+01	1.08933812890475e-01
1.97000000000000e+01	1.08269836958958e-01
1.97100000000000e+01	1.07610006493651e-01
1.97200000000000e+01	1.06952546890721e-01
1.97300000000000e+01	1.06296762962368e-01
1.97400000000000e+01	1.05640018256298e-01
1.97500000000000e+01	1.04979207065219e-01
1.97600000000000e+01	1.04308802842145e-01
1.97700000000000e+01	1.03620419327132e-01
1.97800000000000e+01	1.02899901321293e-01
1.97900000000000e+01	1.02127415776683e-01
1.98000000000000e+01	1.01273753503587e-01
1.98100000000000e+01	1.00298015295135e-01
1.98200000000000e+01	9.91444853947772e-02
1.98300000000000e+01	9.77411820146459e-02
1.98400000000000e+01	9.59982717655890e-02
1.98500000000000e+01	9.38090707420997e-02
1.98600000000000e+01	9.10532563202765e-02
1.98700000000000e+01	8.76047276266666e-02
1.98800000000000e+01	8.33421131518439e-02
1.98900000000000e+01	7.81638293264236e-02
1.99000000000000e+01	7.20081313757075e-02
1.99100000000000e+01	6.48723472278581e-02
1.99200000000000e+01	5.68371400849192e-02
1.99300000000000e+01	4.80831266518364e-02
1.99400000000000e+01	3.89056206653675e-02
1.99500000000000e+01	2.97116354500025e-02
1.99600000000000e+01	2.09992809912349e-02
1.99700000000000e+01	1.33072011237319e-02
1.99800000000000e+01	7.13531782180682e-03
1.99900000000000e+01	2.84093539575067e-03
2.00000000000000e+01	5.35352467442905e-04
