1.00000000000000e-02	2.13216605977451e+18
2.00000000000000e-02	1.33266852154275e+17
3.00000000000000e-02	2.63265941718334e+16
4.00000000000000e-02	8.33079007307050e+15
5.00000000000000e-02	3.41278862042723e+15
6.00000000000000e-02	1.64612990700483e+15
7.00000000000000e-02	8.88721783377732e+14
8.00000000000000e-02	5.21088201900558e+14
9.00000000000000e-02	3.25397292811241e+14
1.00000000000000e-01	2.13561200646189e+14
1.10000000000000e-01	1.45914381128331e+14
1.20000000000000e-01	1.03063918346515e+14
1.30000000000000e-01	7.48577264231534e+13
1.40000000000000e-01	5.56793542832956e+13
1.50000000000000e-01	4.22711042736589e+13
1.60000000000000e-01	3.26704192096147e+13
1.70000000000000e-01	2.56492787235044e+13
1.80000000000000e-01	2.04188420962921e+13
1.90000000000000e-01	1.64578222278741e+13
2.00000000000000e-01	1.34136732639071e+13
2.10000000000000e-01	1.10429654425327e+13
2.20000000000000e-01	9.17460647860489e+12
2.30000000000000e-01	7.68583361882504e+12
2.40000000000000e-01	6.48783532702769e+12
2.50000000000000e-01	5.51491213214674e+12
2.60000000000000e-01	4.71821332010399e+12
2.70000000000000e-01	4.06072884055148e+12
2.80000000000000e-01	3.51430060868041e+12
2.90000000000000e-01	3.05700717373555e+12
3.00000000000000e-01	2.67201211182444e+12
3.10000000000000e-01	2.34602294865634e+12
3.20000000000000e-01	2.06848241830769e+12
3.30000000000000e-01	1.83095876816909e+12
3.40000000000000e-01	1.62676577352985e+12
3.50000000000000e-01	1.45041564866526e+12
3.60000000000000e-01	1.29746229792792e+12
3.70000000000000e-01	1.16426218770016e+12
3.80000000000000e-01	1.04786177144924e+12
3.90000000000000e-01	9.45735514307036e+11
4.00000000000000e-01	8.55849449469874e+11
4.10000000000000e-01	7.76473447484161e+11
4.20000000000000e-01	7.06183648603575e+11
4.30000000000000e-01	6.43726912375531e+11
4.40000000000000e-01	5.88106444055782e+11
4.50000000000000e-01	5.38426929408479e+11
4.60000000000000e-01	4.93927410051690e+11
4.70000000000000e-01	4.53998474951961e+11
4.80000000000000e-01	4.18072167118921e+11
4.90000000000000e-01	3.85673565534411e+11
5.00000000000000e-01	3.56390751075078e+11
5.10000000000000e-01	3.29877948517681e+11
5.20000000000000e-01	3.05831157931249e+11
5.30000000000000e-01	2.83962905071653e+11
5.40000000000000e-01	2.64049263838637e+11
5.50000000000000e-01	2.45887222766199e+11
5.60000000000000e-01	2.29285990374638e+11
5.70000000000000e-01	2.14088279319022e+11
5.80000000000000e-01	2.00160646114974e+11
5.90000000000000e-01	1.87371274248114e+11
6.00000000000000e-01	1.75608571311538e+11
6.10000000000000e-01	1.64777109136082e+11
6.20000000000000e-01	1.54789175132202e+11
6.30000000000000e-01	1.45567850196262e+11
6.40000000000000e-01	1.37045569057572e+11
6.50000000000000e-01	1.29154345374256e+11
6.60000000000000e-01	1.21840684067144e+11
6.70000000000000e-01	1.15052649227699e+11
6.80000000000000e-01	1.08748500604370e+11
6.90000000000000e-01	1.02886790752457e+11
7.00000000000000e-01	9.74310743031442e+10
7.10000000000000e-01	9.23460598450859e+10
7.20000000000000e-01	8.76002600240494e+10
7.30000000000000e-01	8.31713376577243e+10
7.40000000000000e-01	7.90298175864319e+10
7.50000000000000e-01	7.51578397022219e+10
7.60000000000000e-01	7.15300199227138e+10
7.70000000000000e-01	6.81324511299054e+10
7.80000000000000e-01	6.49437410863195e+10
7.90000000000000e-01	6.19523401485434e+10
8.00000000000000e-01	5.91408569019185e+10
8.10000000000000e-01	5.64968945289687e+10
8.20000000000000e-01	5.40111469514588e+10
8.30000000000000e-01	5.16692095022820e+10
8.40000000000000e-01	4.94642692866253e+10
8.50000000000000e-01	4.73840732820509e+10
8.60000000000000e-01	4.54216955814691e+10
8.70000000000000e-01	4.35689504407157e+10
8.80000000000000e-01	4.18179539895995e+10
8.90000000000000e-01	4.01636832891105e+10
9.00000000000000e-01	3.85991567339558e+10
9.10000000000000e-01	3.71183514338115e+10
9.20000000000000e-01	3.57162149087451e+10
9.30000000000000e-01	3.43885721150384e+10
9.40000000000000e-01	3.31298910957484e+10
9.50000000000000e-01	3.19360980315748e+10
9.60000000000000e-01	3.08038053324431e+10
9.70000000000000e-01	2.97293375658645e+10
9.80000000000000e-01	2.87093113599391e+10
9.90000000000000e-01	2.77405680495461e+10
1.00000000000000e+00	2.68209019463863e+10
1.01000000000000e+00	2.59462057899725e+10
1.02000000000000e+00	2.51143743467200e+10
1.03000000000000e+00	2.43246040115174e+10
1.04000000000000e+00	2.35729664987251e+10
1.05000000000000e+00	2.28586107858912e+10
1.06000000000000e+00	2.21786952009224e+10
1.07000000000000e+00	2.15326582754480e+10
1.08000000000000e+00	2.09174692673674e+10
1.09000000000000e+00	2.03318021519756e+10
1.10000000000000e+00	1.97749651840065e+10
1.11000000000000e+00	1.92440367154135e+10
1.12000000000000e+00	1.87381645747722e+10
1.13000000000000e+00	1.82556150560924e+10
1.14000000000000e+00	1.77950811116321e+10
1.15000000000000e+00	1.73545331212711e+10
1.16000000000000e+00	1.69327517173311e+10
1.17000000000000e+00	1.65285999788389e+10
1.18000000000000e+00	1.61403066450527e+10
1.19000000000000e+00	1.57670883059054e+10
1.20000000000000e+00	1.54079743214906e+10
1.21000000000000e+00	1.50618985931720e+10
1.22000000000000e+00	1.47285126108081e+10
1.23000000000000e+00	1.44083255192701e+10
1.24000000000000e+00	1.41005345838993e+10
1.25000000000000e+00	1.38068603648360e+10
1.26000000000000e+00	1.35273698539753e+10
1.27000000000000e+00	1.32643892198343e+10
1.28000000000000e+00	1.30191922250994e+10
1.29000000000000e+00	1.27945310238080e+10
1.30000000000000e+00	1.25929407053566e+10
1.31000000000000e+00	1.24177935918738e+10
1.32000000000000e+00	1.22722471171615e+10
1.33000000000000e+00	1.21597364902514e+10
1.34000000000000e+00	1.20830596714174e+10
1.35000000000000e+00	1.20455891869584e+10
1.36000000000000e+00	1.20493223880024e+10
1.37000000000000e+00	1.20959177394398e+10
1.38000000000000e+00	1.21861107436026e+10
1.39000000000000e+00	1.23191249150853e+10
1.40000000000000e+00	1.24940927644030e+10
1.41000000000000e+00	1.27081073229804e+10
1.42000000000000e+00	1.29577661401388e+10
1.43000000000000e+00	1.32388025432073e+10
1.44000000000000e+00	1.35462836599095e+10
1.45000000000000e+00	1.38744280447188e+10
1.46000000000000e+00	1.42176587212725e+10
1.47000000000000e+00	1.45690080479707e+10
1.48000000000000e+00	1.49224611424206e+10
1.49000000000000e+00	1.52711211159662e+10
1.50000000000000e+00	1.56081415969666e+10
1.51000000000000e+00	1.59262587466873e+10
1.52000000000000e+00	1.62176850092187e+10
1.53000000000000e+00	1.64745460109146e+10
1.54000000000000e+00	1.66878156277354e+10
1.55000000000000e+00	1.68477197386387e+10
1.56000000000000e+00	1.69447425181845e+10
1.57000000000000e+00	1.69684960736141e+10
1.58000000000000e+00	1.69088884212226e+10
1.59000000000000e+00	1.67563489906110e+10
1.60000000000000e+00	1.65025838747097e+10
1.61000000000000e+00	1.61417487885936e+10
1.62000000000000e+00	1.56700129890584e+10
1.63000000000000e+00	1.50874543736201e+10
1.64000000000000e+00	1.43984837781620e+10
1.65000000000000e+00	1.36133652523992e+10
1.66000000000000e+00	1.27469330410739e+10
1.67000000000000e+00	1.18203301755703e+10
1.68000000000000e+00	1.08570153869293e+10
1.69000000000000e+00	9.88209321081589e+09
1.70000000000000e+00	8.91862162048510e+09
1.71000000000000e+00	7.98723830250742e+09
1.72000000000000e+00	7.10425925572149e+09
1.73000000000000e+00	6.28250698724561e+09
1.74000000000000e+00	5.53063884626988e+09
1.75000000000000e+00	4.85185206992354e+09
1.76000000000000e+00	4.24430611230443e+09
1.77000000000000e+00	3.70120908151253e+09
1.78000000000000e+00	3.21273475959343e+09
1.79000000000000e+00	2.76792181311226e+09
1.80000000000000e+00	2.35696756225811e+09
1.81000000000000e+00	1.97385689810834e+09
1.82000000000000e+00	1.61768219451136e+09
1.83000000000000e+00	1.29297166589785e+09
1.84000000000000e+00	1.00814178496018e+09
1.85000000000000e+00	7.73215862551285e+08
1.86000000000000e+00	5.97360398381337e+08
1.87000000000000e+00	4.87635150362015e+08
1.88000000000000e+00	4.48524352903861e+08
1.89000000000000e+00	4.82142844824255e+08
1.90000000000000e+00	5.88655036131915e+08
1.91000000000000e+00	7.66635385848368e+08
1.92000000000000e+00	1.01343469452774e+09
1.93000000000000e+00	1.32518822052729e+09
1.94000000000000e+00	1.69686309842070e+09
1.95000000000000e+00	2.12212699402233e+09
1.96000000000000e+00	2.59317498245537e+09
1.97000000000000e+00	3.10075755509537e+09
1.98000000000000e+00	3.63409910363120e+09
1.99000000000000e+00	4.18114642678392e+09
2.00000000000000e+00	4.72842742925242e+09
2.01000000000000e+00	5.26140134460112e+09
2.02000000000000e+00	5.76481457584827e+09
2.03000000000000e+00	6.22318835377280e+09
2.04000000000000e+00	6.62141135472888e+09
2.05000000000000e+00	6.94608172400320e+09
2.06000000000000e+00	7.18624981712676e+09
2.07000000000000e+00	7.33383481183298e+09
2.08000000000000e+00	7.38434608937789e+09
2.09000000000000e+00	7.33617553554377e+09
2.10000000000000e+00	7.19074018053373e+09
2.11000000000000e+00	6.95262341087481e+09
2.12000000000000e+00	6.62972514680393e+09
2.13000000000000e+00	6.23431243140941e+09
2.14000000000000e+00	5.78298847726868e+09
2.15000000000000e+00	5.29514320342426e+09
2.16000000000000e+00	4.79108239126192e+09
2.17000000000000e+00	4.28864465037632e+09
2.18000000000000e+00	3.80181528936793e+09
2.19000000000000e+00	3.33959105804740e+09
2.20000000000000e+00	2.90715709858276e+09
2.21000000000000e+00	2.50705095276843e+09
2.22000000000000e+00	2.14055626598247e+09
2.23000000000000e+00	1.80895090070073e+09
2.24000000000000e+00	1.51345326036186e+09
2.25000000000000e+00	1.25513032115332e+09
2.26000000000000e+00	1.03399560419722e+09
2.27000000000000e+00	8.48545508410237e+08
2.28000000000000e+00	6.95773046731888e+08
2.29000000000000e+00	5.71557709670328e+08
2.30000000000000e+00	4.71286247322944e+08
2.31000000000000e+00	3.90440523091631e+08
2.32000000000000e+00	3.25006218395319e+08
2.33000000000000e+00	2.71669733093008e+08
2.34000000000000e+00	2.27879855904685e+08
2.35000000000000e+00	1.91802011513171e+08
2.36000000000000e+00	1.62135771567386e+08
2.37000000000000e+00	1.37949486322169e+08
2.38000000000000e+00	1.18483039837362e+08
2.39000000000000e+00	1.03006320586322e+08
2.40000000000000e+00	9.07698404212576e+07
2.41000000000000e+00	8.10001870577201e+07
2.42000000000000e+00	7.29692713484679e+07
2.43000000000000e+00	6.60651639187143e+07
2.44000000000000e+00	5.98608656382496e+07
2.45000000000000e+00	5.41680258719014e+07
2.46000000000000e+00	4.90457607968688e+07
2.47000000000000e+00	4.47957280123786e+07
2.48000000000000e+00	4.19137967022907e+07
2.49000000000000e+00	4.10326629314409e+07
2.50000000000000e+00	4.28358686409337e+07
2.51000000000000e+00	4.79678840178433e+07
2.52000000000000e+00	5.69337180166836e+07
2.53000000000000e+00	7.00046833243923e+07
2.54000000000000e+00	8.71401824193213e+07
2.55000000000000e+00	1.07946876953217e+08
2.56000000000000e+00	1.31674839425296e+08
2.57000000000000e+00	1.57259567765420e+08
2.58000000000000e+00	1.83412583377344e+08
2.59000000000000e+00	2.08726437323166e+08
2.60000000000000e+00	2.31760848408909e+08
2.61000000000000e+00	2.51172801874212e+08
2.62000000000000e+00	2.65793082069780e+08
2.63000000000000e+00	2.74785066619515e+08
2.64000000000000e+00	2.77833234562715e+08
2.65000000000000e+00	2.75279787217863e+08
2.66000000000000e+00	2.68161037573455e+08
2.67000000000000e+00	2.57952541111730e+08
2.68000000000000e+00	2.46195233946286e+08
2.69000000000000e+00	2.34135793565578e+08
2.70000000000000e+00	2.22561822746452e+08
2.71000000000000e+00	2.11780556966711e+08
2.72000000000000e+00	2.01732588552754e+08
2.73000000000000e+00	1.92152109292761e+08
2.74000000000000e+00	1.82690507878845e+08
2.75000000000000e+00	1.73039683259819e+08
2.76000000000000e+00	1.62997434352859e+08
2.77000000000000e+00	1.52498457488976e+08
2.78000000000000e+00	1.41598370565660e+08
2.79000000000000e+00	1.30453987879225e+08
2.80000000000000e+00	1.19272743931796e+08
2.81000000000000e+00	1.08293946507762e+08
2.82000000000000e+00	9.77501299896899e+07
2.83000000000000e+00	8.78488095245619e+07
2.84000000000000e+00	7.87572609122216e+07
2.85000000000000e+00	7.05836368455232e+07
2.86000000000000e+00	6.33696996941243e+07
2.87000000000000e+00	5.70932270963992e+07
2.88000000000000e+00	5.16679867617432e+07
2.89000000000000e+00	4.69589509022123e+07
2.90000000000000e+00	4.28021461400949e+07
2.91000000000000e+00	3.90264779962674e+07
2.92000000000000e+00	3.54735788219312e+07
2.93000000000000e+00	3.20187829446903e+07
2.94000000000000e+00	2.85820695492786e+07
2.95000000000000e+00	2.51335761208212e+07
2.96000000000000e+00	2.16921542298770e+07
2.97000000000000e+00	1.83131526734985e+07
2.98000000000000e+00	1.50768303824478e+07
2.99000000000000e+00	1.20687903361105e+07
3.00000000000000e+00	9.36767996457244e+06
3.01000000000000e+00	7.03456476884841e+06
3.02000000000000e+00	5.10834977747058e+06
3.03000000000000e+00	3.60504091985324e+06
3.04000000000000e+00	2.51853381172995e+06
3.05000000000000e+00	1.82254861287971e+06
3.06000000000000e+00	1.47384195795677e+06
3.07000000000000e+00	1.41649882179578e+06
3.08000000000000e+00	1.58746217524517e+06
3.09000000000000e+00	1.92277068967529e+06
3.10000000000000e+00	2.36362488439351e+06
3.11000000000000e+00	2.86111640707769e+06
3.12000000000000e+00	3.37923325578910e+06
3.13000000000000e+00	3.89603533054550e+06
3.14000000000000e+00	4.40288864620062e+06
3.15000000000000e+00	4.90258909770347e+06
3.16000000000000e+00	5.40748686690453e+06
3.17000000000000e+00	5.93644594988476e+06
3.18000000000000e+00	6.51300613313863e+06
3.19000000000000e+00	7.16346867103856e+06
3.20000000000000e+00	7.91487245057502e+06
3.21000000000000e+00	8.79348316208575e+06
3.22000000000000e+00	9.82266729139541e+06
3.23000000000000e+00	1.10210911739371e+07
3.24000000000000e+00	1.24003234994165e+07
3.25000000000000e+00	1.39622006386190e+07
3.26000000000000e+00	1.56973099250273e+07
3.27000000000000e+00	1.75834854988852e+07
3.28000000000000e+00	1.95846314610747e+07
3.29000000000000e+00	2.16522548030409e+07
3.30000000000000e+00	2.37269603440018e+07
3.31000000000000e+00	2.57416690322796e+07
3.32000000000000e+00	2.76277759722114e+07
3.33000000000000e+00	2.93186703152574e+07
3.34000000000000e+00	3.07536487045781e+07
3.35000000000000e+00	3.18816850991496e+07
3.36000000000000e+00	3.26639030410413e+07
3.37000000000000e+00	3.30740851780544e+07
3.38000000000000e+00	3.31027514587470e+07
3.39000000000000e+00	3.27583632791699e+07
3.40000000000000e+00	3.20683384329005e+07
3.41000000000000e+00	3.10754863374623e+07
3.42000000000000e+00	2.98346629947487e+07
3.43000000000000e+00	2.84063661804082e+07
3.44000000000000e+00	2.68523214282223e+07
3.45000000000000e+00	2.52283532601278e+07
3.46000000000000e+00	2.35853624268684e+07
3.47000000000000e+00	2.19643613032753e+07
3.48000000000000e+00	2.04006129219377e+07
3.49000000000000e+00	1.89204746123255e+07
3.50000000000000e+00	1.75458831194168e+07
3.51000000000000e+00	1.62932161645381e+07
3.52000000000000e+00	1.51749088887535e+07
3.53000000000000e+00	1.41994814805504e+07
3.54000000000000e+00	1.33718330905171e+07
3.55000000000000e+00	1.26932021083361e+07
3.56000000000000e+00	1.21610518500724e+07
3.57000000000000e+00	1.17692934821905e+07
3.58000000000000e+00	1.15082653422740e+07
3.59000000000000e+00	1.13646547022558e+07
3.60000000000000e+00	1.13215534900336e+07
3.61000000000000e+00	1.13582768039419e+07
3.62000000000000e+00	1.14505657419287e+07
3.63000000000000e+00	1.15718934558521e+07
3.64000000000000e+00	1.16960022320098e+07
3.65000000000000e+00	1.17980140768181e+07
3.66000000000000e+00	1.18589904984217e+07
3.67000000000000e+00	1.18668045737554e+07
3.68000000000000e+00	1.18172706958553e+07
3.69000000000000e+00	1.17128019781883e+07
3.70000000000000e+00	1.15600613971574e+07
3.71000000000000e+00	1.13669660761650e+07
3.72000000000000e+00	1.11405730304383e+07
3.73000000000000e+00	1.08855622527831e+07
3.74000000000000e+00	1.06048470470113e+07
3.75000000000000e+00	1.03006932969789e+07
3.76000000000000e+00	9.97607168236375e+06
3.77000000000000e+00	9.63564007712825e+06
3.78000000000000e+00	9.28662411939485e+06
3.79000000000000e+00	8.93825541064816e+06
3.80000000000000e+00	8.60132365882508e+06
3.81000000000000e+00	8.28754386807568e+06
3.82000000000000e+00	8.00850165948791e+06
3.83000000000000e+00	7.77498065304723e+06
3.84000000000000e+00	7.59572769778740e+06
3.85000000000000e+00	7.47712900124216e+06
3.86000000000000e+00	7.42220621959576e+06
3.87000000000000e+00	7.43009183531810e+06
3.88000000000000e+00	7.49593510022721e+06
3.89000000000000e+00	7.61070344257056e+06
3.90000000000000e+00	7.76138858511437e+06
3.91000000000000e+00	7.93115466672508e+06
3.92000000000000e+00	8.09981418090605e+06
3.93000000000000e+00	8.24481836702781e+06
3.94000000000000e+00	8.34188702450496e+06
3.95000000000000e+00	8.36694393685453e+06
3.96000000000000e+00	8.29821980447998e+06
3.97000000000000e+00	8.11873690603753e+06
3.98000000000000e+00	7.81875923421641e+06
3.99000000000000e+00	7.39781018150626e+06
4.00000000000000e+00	6.86537145488799e+06
4.01000000000000e+00	6.24051417450937e+06
4.02000000000000e+00	5.55011078359762e+06
4.03000000000000e+00	4.82620714634064e+06
4.04000000000000e+00	4.10355786979420e+06
4.05000000000000e+00	3.41684235274167e+06
4.06000000000000e+00	2.79823413948318e+06
4.07000000000000e+00	2.27560624245963e+06
4.08000000000000e+00	1.87131358689866e+06
4.09000000000000e+00	1.60186664049623e+06
4.10000000000000e+00	1.47828244253658e+06
4.11000000000000e+00	1.50694701513227e+06
4.12000000000000e+00	1.69058130293850e+06
4.13000000000000e+00	2.02887059288005e+06
4.14000000000000e+00	2.51857712151684e+06
4.15000000000000e+00	3.15308118809937e+06
4.16000000000000e+00	3.92160709249043e+06
4.17000000000000e+00	4.80837008603940e+06
4.18000000000000e+00	5.79221251137675e+06
4.19000000000000e+00	6.84655363318163e+06
4.20000000000000e+00	7.94028552171277e+06
4.21000000000000e+00	9.03887262807671e+06
4.22000000000000e+00	1.01060211036571e+07
4.23000000000000e+00	1.11052068282723e+07
4.24000000000000e+00	1.20017559468668e+07
4.25000000000000e+00	1.27641080321212e+07
4.26000000000000e+00	1.33663689406483e+07
4.27000000000000e+00	1.37905707221232e+07
4.28000000000000e+00	1.40282707278948e+07
4.29000000000000e+00	1.40821446928096e+07
4.30000000000000e+00	1.39659007528008e+07
4.31000000000000e+00	1.37037011140983e+07
4.32000000000000e+00	1.33266503934610e+07
4.33000000000000e+00	1.28705097207492e+07
4.34000000000000e+00	1.23724356054053e+07
4.35000000000000e+00	1.18678190085279e+07
4.36000000000000e+00	1.13881620196442e+07
4.37000000000000e+00	1.09591571760807e+07
4.38000000000000e+00	1.06000414759041e+07
4.39000000000000e+00	1.03221616543279e+07
4.40000000000000e+00	1.01297717102273e+07
4.41000000000000e+00	1.00190620200985e+07
4.42000000000000e+00	9.97991776503243e+06
4.43000000000000e+00	9.99549120007858e+06
4.44000000000000e+00	1.00445717083954e+07
4.45000000000000e+00	1.01021570651873e+07
4.46000000000000e+00	1.01425092340985e+07
4.47000000000000e+00	1.01404858862718e+07
4.48000000000000e+00	1.00749717042799e+07
4.49000000000000e+00	9.93025503895752e+06
4.50000000000000e+00	9.69870768401387e+06
4.51000000000000e+00	9.38204346577423e+06
4.52000000000000e+00	8.99138419860122e+06
4.53000000000000e+00	8.54714020022152e+06
4.54000000000000e+00	8.07684551533182e+06
4.55000000000000e+00	7.61363396137688e+06
4.56000000000000e+00	7.19354902878842e+06
4.57000000000000e+00	6.85352173720803e+06
4.58000000000000e+00	6.62961116502569e+06
4.59000000000000e+00	6.55618461265094e+06
4.60000000000000e+00	6.66513369265004e+06
4.61000000000000e+00	6.98543483209886e+06
4.62000000000000e+00	7.54275786047051e+06
4.63000000000000e+00	8.35781139418490e+06
4.64000000000000e+00	9.44450450835741e+06
4.65000000000000e+00	1.08064816367481e+07
4.66000000000000e+00	1.24347965653807e+07
4.67000000000000e+00	1.43037086168932e+07
4.68000000000000e+00	1.63695983490619e+07
4.69000000000000e+00	1.85702795165367e+07
4.70000000000000e+00	2.08267336169611e+07
4.71000000000000e+00	2.30479633386205e+07
4.72000000000000e+00	2.51365580878698e+07
4.73000000000000e+00	2.69962681552501e+07
4.74000000000000e+00	2.85420208625919e+07
4.75000000000000e+00	2.97059329918718e+07
4.76000000000000e+00	3.04443932620815e+07
4.77000000000000e+00	3.07409398935744e+07
4.78000000000000e+00	3.06047104364595e+07
4.79000000000000e+00	3.00674287863413e+07
4.80000000000000e+00	2.91768977221100e+07
4.81000000000000e+00	2.79913823313805e+07
4.82000000000000e+00	2.65731455568685e+07
4.83000000000000e+00	2.49845156759356e+07
4.84000000000000e+00	2.32849451791229e+07
4.85000000000000e+00	2.15290268190230e+07
4.86000000000000e+00	1.97667712675704e+07
4.87000000000000e+00	1.80422777991913e+07
4.88000000000000e+00	1.63940079129916e+07
4.89000000000000e+00	1.48555415475396e+07
4.90000000000000e+00	1.34574382177564e+07
4.91000000000000e+00	1.22267953779391e+07
4.92000000000000e+00	1.11896327795781e+07
4.93000000000000e+00	1.03715374515918e+07
4.94000000000000e+00	9.79856490559879e+06
4.95000000000000e+00	9.49852118837538e+06
4.96000000000000e+00	9.50112785528516e+06
4.97000000000000e+00	9.83936369874466e+06
4.98000000000000e+00	1.05493416142977e+07
4.99000000000000e+00	1.16708654700742e+07
5.00000000000000e+00	1.32475425830946e+07
5.01000000000000e+00	1.53260541341692e+07
5.02000000000000e+00	1.79562398459925e+07
5.03000000000000e+00	2.11894591809356e+07
5.04000000000000e+00	2.50785462222796e+07
5.05000000000000e+00	2.96748309810041e+07
5.06000000000000e+00	3.50276787599580e+07
5.07000000000000e+00	4.11816676934439e+07
5.08000000000000e+00	4.81717380474635e+07
5.09000000000000e+00	5.60210123986073e+07
5.10000000000000e+00	6.47350775591820e+07
5.11000000000000e+00	7.42983158476676e+07
5.12000000000000e+00	8.46658731388050e+07
5.13000000000000e+00	9.57620106122427e+07
5.14000000000000e+00	1.07477789186362e+08
5.15000000000000e+00	1.19656345670125e+08
5.16000000000000e+00	1.32099633601778e+08
5.17000000000000e+00	1.44557826072901e+08
5.18000000000000e+00	1.56729298808846e+08
5.19000000000000e+00	1.68267815263378e+08
5.20000000000000e+00	1.78793712769368e+08
5.21000000000000e+00	1.87907415852648e+08
5.22000000000000e+00	1.95223355547656e+08
5.23000000000000e+00	2.00400261801039e+08
5.24000000000000e+00	2.03174311289370e+08
5.25000000000000e+00	2.03386053375471e+08
5.26000000000000e+00	2.01010289822901e+08
5.27000000000000e+00	1.96157887690611e+08
5.28000000000000e+00	1.89078013028949e+08
5.29000000000000e+00	1.80126469326691e+08
5.30000000000000e+00	1.69746217236407e+08
5.31000000000000e+00	1.58411568802653e+08
5.32000000000000e+00	1.46589809065956e+08
5.33000000000000e+00	1.34710920144428e+08
5.34000000000000e+00	1.23130087490978e+08
5.35000000000000e+00	1.12120648226120e+08
5.36000000000000e+00	1.01875516321480e+08
5.37000000000000e+00	9.25087856356098e+07
5.38000000000000e+00	8.40700980250795e+07
5.39000000000000e+00	7.65617725306683e+07
5.40000000000000e+00	6.99496635387148e+07
5.41000000000000e+00	6.41731408062753e+07
5.42000000000000e+00	5.91581319461670e+07
5.43000000000000e+00	5.48233153732197e+07
5.44000000000000e+00	5.10855364922447e+07
5.45000000000000e+00	4.78620071363500e+07
5.46000000000000e+00	4.50758277737275e+07
5.47000000000000e+00	4.26561914132173e+07
5.48000000000000e+00	4.05372920909624e+07
5.49000000000000e+00	3.86641624294842e+07
5.50000000000000e+00	3.69853398366580e+07
5.51000000000000e+00	3.54586394482276e+07
5.52000000000000e+00	3.40478247828367e+07
5.53000000000000e+00	3.27211865164351e+07
5.54000000000000e+00	3.14514473521849e+07
5.55000000000000e+00	3.02153384214058e+07
5.56000000000000e+00	2.89908989046948e+07
5.57000000000000e+00	2.77593527767617e+07
5.58000000000000e+00	2.65033274518646e+07
5.59000000000000e+00	2.52091285495610e+07
5.60000000000000e+00	2.38662949948973e+07
5.61000000000000e+00	2.24685240572212e+07
5.62000000000000e+00	2.10136562719993e+07
5.63000000000000e+00	1.95040262641965e+07
5.64000000000000e+00	1.79456451372990e+07
5.65000000000000e+00	1.63487248486188e+07
5.66000000000000e+00	1.47263178152576e+07
5.67000000000000e+00	1.30944454078269e+07
5.68000000000000e+00	1.14708320037380e+07
5.69000000000000e+00	9.87485301724670e+06
5.70000000000000e+00	8.32734579511834e+06
5.71000000000000e+00	6.84992949832764e+06
5.72000000000000e+00	5.46471811545654e+06
5.73000000000000e+00	4.19410506027984e+06
5.74000000000000e+00	3.05979262114209e+06
5.75000000000000e+00	2.08238786259556e+06
5.76000000000000e+00	1.28034302277946e+06
5.77000000000000e+00	6.68789115383948e+05
5.78000000000000e+00	2.58074541267332e+05
5.79000000000000e+00	5.24790013797731e+04
5.80000000000000e+00	4.89979470638886e+04
5.81000000000000e+00	2.36692757535995e+05
5.82000000000000e+00	5.96638959806928e+05
5.83000000000000e+00	1.10264595458287e+06
5.84000000000000e+00	1.72257780851204e+06
5.85000000000000e+00	2.42045905413281e+06
5.86000000000000e+00	3.15880158925305e+06
5.87000000000000e+00	3.90123011322777e+06
5.88000000000000e+00	4.61484301532370e+06
5.89000000000000e+00	5.27190156448363e+06
5.90000000000000e+00	5.85147211935203e+06
5.91000000000000e+00	6.33927413082758e+06
5.92000000000000e+00	6.72762752836440e+06
5.93000000000000e+00	7.01432509262528e+06
5.94000000000000e+00	7.20171585669884e+06
5.95000000000000e+00	7.29527379853388e+06
5.96000000000000e+00	7.30262536795932e+06
5.97000000000000e+00	7.23263441625960e+06
5.98000000000000e+00	7.09481950473705e+06
5.99000000000000e+00	6.89861137781329e+06
6.00000000000000e+00	6.65311394588785e+06
6.01000000000000e+00	6.36692314128499e+06
6.02000000000000e+00	6.04811034448062e+06
6.03000000000000e+00	5.70396980141880e+06
6.04000000000000e+00	5.34133781842521e+06
6.05000000000000e+00	4.96638477963847e+06
6.06000000000000e+00	4.58467780271871e+06
6.07000000000000e+00	4.20126485527973e+06
6.08000000000000e+00	3.82056109867943e+06
6.09000000000000e+00	3.44660031345908e+06
6.10000000000000e+00	3.08287744044599e+06
6.11000000000000e+00	2.73256864668142e+06
6.12000000000000e+00	2.39843400495535e+06
6.13000000000000e+00	2.08290362523329e+06
6.14000000000000e+00	1.78794559714398e+06
6.15000000000000e+00	1.51520942353024e+06
6.16000000000000e+00	1.26581379014565e+06
6.17000000000000e+00	1.04042204672958e+06
6.18000000000000e+00	8.39277997141463e+05
6.19000000000000e+00	6.62131140190841e+05
6.20000000000000e+00	5.08344478478723e+05
6.21000000000000e+00	3.76946514706299e+05
6.22000000000000e+00	2.66807156810067e+05
6.23000000000000e+00	1.76773394992014e+05
6.24000000000000e+00	1.05880329222106e+05
6.25000000000000e+00	5.35242133954196e+04
6.26000000000000e+00	1.96191783795934e+04
6.27000000000000e+00	4.69786162563906e+03
6.28000000000000e+00	9.95216436816905e+03
6.29000000000000e+00	3.72038964739715e+04
6.30000000000000e+00	8.88067712519880e+04
6.31000000000000e+00	1.67493444515837e+05
6.32000000000000e+00	2.76178742521043e+05
6.33000000000000e+00	4.17770698077226e+05
6.34000000000000e+00	5.94974032775720e+05
6.35000000000000e+00	8.10228421194848e+05
6.36000000000000e+00	1.06565460130733e+06
6.37000000000000e+00	1.36309112651892e+06
6.38000000000000e+00	1.70435409299774e+06
6.39000000000000e+00	2.09132259030031e+06
6.40000000000000e+00	2.52620930898312e+06
6.41000000000000e+00	3.01165358561770e+06
6.42000000000000e+00	3.55095053794263e+06
6.43000000000000e+00	4.14792171848255e+06
6.44000000000000e+00	4.80676305539901e+06
6.45000000000000e+00	5.53175120367613e+06
6.46000000000000e+00	6.32655136563457e+06
6.47000000000000e+00	7.19374201210157e+06
6.48000000000000e+00	8.13374569008741e+06
6.49000000000000e+00	9.14403271337915e+06
6.50000000000000e+00	1.02181597443447e+07
6.51000000000000e+00	1.13451724472729e+07
6.52000000000000e+00	1.25089037448490e+07
6.53000000000000e+00	1.36878497513548e+07
6.54000000000000e+00	1.48553825091808e+07
6.55000000000000e+00	1.59810680294764e+07
6.56000000000000e+00	1.70321443371925e+07
6.57000000000000e+00	1.79757844537285e+07
6.58000000000000e+00	1.87821856526933e+07
6.59000000000000e+00	1.94266995235571e+07
6.60000000000000e+00	1.98922083003469e+07
6.61000000000000e+00	2.01700777164217e+07
6.62000000000000e+00	2.02604421245573e+07
6.63000000000000e+00	2.01718788658986e+07
6.64000000000000e+00	1.99200633699602e+07
6.65000000000000e+00	1.95262095692878e+07
6.66000000000000e+00	1.90154756687557e+07
6.67000000000000e+00	1.84148829975764e+07
6.68000000000000e+00	1.77513732720468e+07
6.69000000000000e+00	1.70503077983030e+07
6.70000000000000e+00	1.63341633312319e+07
6.71000000000000e+00	1.56218628303790e+07
6.72000000000000e+00	1.49283564687491e+07
6.73000000000000e+00	1.42647488337182e+07
6.74000000000000e+00	1.36381900734101e+07
6.75000000000000e+00	1.30524261775471e+07
6.76000000000000e+00	1.25083252971920e+07
6.77000000000000e+00	1.20042538722478e+07
6.78000000000000e+00	1.15365309601998e+07
6.79000000000000e+00	1.11003750338028e+07
6.80000000000000e+00	1.06901418915425e+07
6.81000000000000e+00	1.03001898480982e+07
6.82000000000000e+00	9.92501273026884e+06
6.83000000000000e+00	9.55997995320406e+06
6.84000000000000e+00	9.20126141091722e+06
6.85000000000000e+00	8.84617644870987e+06
6.86000000000000e+00	8.49313652276571e+06
6.87000000000000e+00	8.14178940234514e+06
6.88000000000000e+00	7.79268934883516e+06
6.89000000000000e+00	7.44715143367259e+06
6.90000000000000e+00	7.10724643909839e+06
6.91000000000000e+00	6.77525635850833e+06
6.92000000000000e+00	6.45380752337294e+06
6.93000000000000e+00	6.14543400322723e+06
6.94000000000000e+00	5.85244499652680e+06
6.95000000000000e+00	5.57674466754408e+06
6.96000000000000e+00	5.31968491469902e+06
6.97000000000000e+00	5.08190670541143e+06
6.98000000000000e+00	4.86330672980865e+06
6.99000000000000e+00	4.66311283387490e+06
7.00000000000000e+00	4.47997775443679e+06
7.01000000000000e+00	4.31218039886226e+06
7.02000000000000e+00	4.15771521888492e+06
7.03000000000000e+00	4.01458654141218e+06
7.04000000000000e+00	3.88093000719141e+06
7.05000000000000e+00	3.75508008738058e+06
7.06000000000000e+00	3.63588573396636e+06
7.07000000000000e+00	3.52259870034577e+06
7.08000000000000e+00	3.41495025832366e+06
7.09000000000000e+00	3.31312634602463e+06
7.10000000000000e+00	3.21782240367785e+06
7.11000000000000e+00	3.12996637948658e+06
7.12000000000000e+00	3.05067157063818e+06
7.13000000000000e+00	2.98100739205675e+06
7.14000000000000e+00	2.92178042186425e+06
7.15000000000000e+00	2.87335910571702e+06
7.16000000000000e+00	2.83565216484172e+06
7.17000000000000e+00	2.80784749943801e+06
7.18000000000000e+00	2.78869179441081e+06
7.19000000000000e+00	2.77636195004576e+06
7.20000000000000e+00	2.76871852433895e+06
7.21000000000000e+00	2.76342872606982e+06
7.22000000000000e+00	2.75809529329787e+06
7.23000000000000e+00	2.75046356306351e+06
7.24000000000000e+00	2.73846760368757e+06
7.25000000000000e+00	2.72037830984203e+06
7.26000000000000e+00	2.69482823948518e+06
7.27000000000000e+00	2.66081046523920e+06
7.28000000000000e+00	2.61768777424199e+06
7.29000000000000e+00	2.56520450265671e+06
7.30000000000000e+00	2.50341830154053e+06
7.31000000000000e+00	2.43265505134154e+06
7.32000000000000e+00	2.35345162515947e+06
7.33000000000000e+00	2.26665254881222e+06
7.34000000000000e+00	2.17320334267774e+06
7.35000000000000e+00	2.07424538071991e+06
7.36000000000000e+00	1.97098864719991e+06
7.37000000000000e+00	1.86475258588940e+06
7.38000000000000e+00	1.75689273254971e+06
7.39000000000000e+00	1.64877729935140e+06
7.40000000000000e+00	1.54173752480878e+06
7.41000000000000e+00	1.43701051050596e+06
7.42000000000000e+00	1.33579775911356e+06
7.43000000000000e+00	1.23909344346866e+06
7.44000000000000e+00	1.14771897980776e+06
7.45000000000000e+00	1.06231613039710e+06
7.46000000000000e+00	9.83257684412210e+05
7.47000000000000e+00	9.10676306358704e+05
7.48000000000000e+00	8.44465556239974e+05
7.49000000000000e+00	7.84271701538657e+05
7.50000000000000e+00	7.29590616759603e+05
7.51000000000000e+00	6.79742057947044e+05
7.52000000000000e+00	6.33978620857659e+05
7.53000000000000e+00	5.91476927689410e+05
7.54000000000000e+00	5.51455641513685e+05
7.55000000000000e+00	5.13181863484526e+05
7.56000000000000e+00	4.76018385114749e+05
7.57000000000000e+00	4.39441002859208e+05
7.58000000000000e+00	4.03062046019351e+05
7.59000000000000e+00	3.66633481932414e+05
7.60000000000000e+00	3.30041550042510e+05
7.61000000000000e+00	2.93309273849862e+05
7.62000000000000e+00	2.56584354555330e+05
7.63000000000000e+00	2.20142005839963e+05
7.64000000000000e+00	1.84379030097844e+05
7.65000000000000e+00	1.49814880621542e+05
7.66000000000000e+00	1.17091642126322e+05
7.67000000000000e+00	8.69664279425564e+04
7.68000000000000e+00	6.02942788357153e+04
7.69000000000000e+00	3.80075372310494e+04
7.70000000000000e+00	2.10843329074218e+04
7.71000000000000e+00	1.05116240584461e+04
7.72000000000000e+00	7.24925082858385e+03
7.73000000000000e+00	1.21956694054282e+04
7.74000000000000e+00	2.61639156412517e+04
7.75000000000000e+00	4.98687445918977e+04
7.76000000000000e+00	8.39321705861356e+04
7.77000000000000e+00	1.28901995358257e+05
7.78000000000000e+00	1.85289136312702e+05
7.79000000000000e+00	2.53625657650511e+05
7.80000000000000e+00	3.34536361369515e+05
7.81000000000000e+00	4.28849668799482e+05
7.82000000000000e+00	5.37733983042727e+05
7.83000000000000e+00	6.62874297165245e+05
7.84000000000000e+00	8.06718603848307e+05
7.85000000000000e+00	9.72669061974058e+05
7.86000000000000e+00	1.16551389104647e+06
7.87000000000000e+00	1.39179040887119e+06
7.88000000000000e+00	1.66040275635910e+06
7.89000000000000e+00	1.98327101086809e+06
7.90000000000000e+00	2.37639198384895e+06
7.91000000000000e+00	2.86082624699930e+06
7.92000000000000e+00	3.46423561148600e+06
7.93000000000000e+00	4.22239259981242e+06
7.94000000000000e+00	5.18069065609021e+06
7.95000000000000e+00	6.39575019280950e+06
7.96000000000000e+00	7.93629656064347e+06
7.97000000000000e+00	9.88374506894829e+06
7.98000000000000e+00	1.23317807478827e+07
7.99000000000000e+00	1.53851949430757e+07
8.00000000000000e+00	1.91571521468616e+07
8.01000000000000e+00	2.37660254326974e+07
8.02000000000000e+00	2.93295748205623e+07
8.03000000000000e+00	3.59573887126076e+07
8.04000000000000e+00	4.37377430406255e+07
8.05000000000000e+00	5.27211597037432e+07
8.06000000000000e+00	6.28960322846968e+07
8.07000000000000e+00	7.41619979133576e+07
8.08000000000000e+00	8.63028229387021e+07
8.09000000000000e+00	9.89675547993555e+07
8.10000000000000e+00	1.11669278423673e+08
8.11000000000000e+00	1.23810573915833e+08
8.12000000000000e+00	1.34732574840573e+08
8.13000000000000e+00	1.43790941660611e+08
8.14000000000000e+00	1.50439238796448e+08
8.15000000000000e+00	1.54304963491412e+08
8.16000000000000e+00	1.55228958029292e+08
8.17000000000000e+00	1.53292330530671e+08
8.18000000000000e+00	1.48776611009692e+08
8.19000000000000e+00	1.42113746355732e+08
8.20000000000000e+00	1.33810814215529e+08
8.21000000000000e+00	1.24395603566829e+08
8.22000000000000e+00	1.14354611604205e+08
8.23000000000000e+00	1.04109751285128e+08
8.24000000000000e+00	9.40000987233830e+07
8.25000000000000e+00	8.42903213670756e+07
8.26000000000000e+00	7.51688658527182e+07
8.27000000000000e+00	6.67666540206106e+07
8.28000000000000e+00	5.91547569402091e+07
8.29000000000000e+00	5.23651659638894e+07
8.30000000000000e+00	4.63901383954631e+07
8.31000000000000e+00	4.11924724739816e+07
8.32000000000000e+00	3.67144191096383e+07
8.33000000000000e+00	3.28845451438591e+07
8.34000000000000e+00	2.96246860439291e+07
8.35000000000000e+00	2.68564507447383e+07
8.36000000000000e+00	2.45054824568155e+07
8.37000000000000e+00	2.25043271291405e+07
8.38000000000000e+00	2.07936010151124e+07
8.39000000000000e+00	1.93231735178609e+07
8.40000000000000e+00	1.80509438665190e+07
8.41000000000000e+00	1.69424272622998e+07
8.42000000000000e+00	1.59697330911697e+07
8.43000000000000e+00	1.51101326881022e+07
8.44000000000000e+00	1.43454512073176e+07
8.45000000000000e+00	1.36606320118491e+07
8.46000000000000e+00	1.30435501521327e+07
8.47000000000000e+00	1.24838452231704e+07
8.48000000000000e+00	1.19732176612573e+07
8.49000000000000e+00	1.15045664228066e+07
8.50000000000000e+00	1.10721801753203e+07
8.51000000000000e+00	1.06712561452376e+07
8.52000000000000e+00	1.02978122555248e+07
8.53000000000000e+00	9.94858723009286e+06
8.54000000000000e+00	9.62090963206513e+06
8.55000000000000e+00	9.31246273664524e+06
8.56000000000000e+00	9.02132680847899e+06
8.57000000000000e+00	8.74590890364505e+06
8.58000000000000e+00	8.48505231389103e+06
8.59000000000000e+00	8.23765397087706e+06
8.60000000000000e+00	8.00311922129619e+06
8.61000000000000e+00	7.78076468228939e+06
8.62000000000000e+00	7.56988997920514e+06
8.63000000000000e+00	7.36993399350383e+06
8.64000000000000e+00	7.18033937924856e+06
8.65000000000000e+00	7.00038277917420e+06
8.66000000000000e+00	6.82939294078489e+06
8.67000000000000e+00	6.66646600497178e+06
8.68000000000000e+00	6.51092550180014e+06
8.69000000000000e+00	6.36195361374197e+06
8.70000000000000e+00	6.21879467656907e+06
8.71000000000000e+00	6.08078973579811e+06
8.72000000000000e+00	5.94735234870761e+06
8.73000000000000e+00	5.81795177417455e+06
8.74000000000000e+00	5.69236455916589e+06
8.75000000000000e+00	5.57041383736698e+06
8.76000000000000e+00	5.45221997414387e+06
8.77000000000000e+00	5.33797555367425e+06
8.78000000000000e+00	5.22821481923716e+06
8.79000000000000e+00	5.12356133859776e+06
8.80000000000000e+00	5.02462393002538e+06
8.81000000000000e+00	4.93223522398636e+06
8.82000000000000e+00	4.84693751196861e+06
8.83000000000000e+00	4.76922160889114e+06
8.84000000000000e+00	4.69912808701015e+06
8.85000000000000e+00	4.63651360741830e+06
8.86000000000000e+00	4.58074723044046e+06
8.87000000000000e+00	4.53093330230114e+06
8.88000000000000e+00	4.48588130726512e+06
8.89000000000000e+00	4.44421230244445e+06
8.90000000000000e+00	4.40458748186308e+06
8.91000000000000e+00	4.36565852276082e+06
8.92000000000000e+00	4.32623615518673e+06
8.93000000000000e+00	4.28550889639888e+06
8.94000000000000e+00	4.24276561419531e+06
8.95000000000000e+00	4.19782953962333e+06
8.96000000000000e+00	4.15057205141848e+06
8.97000000000000e+00	4.10129091521976e+06
8.98000000000000e+00	4.05028905626871e+06
8.99000000000000e+00	3.99819302047573e+06
9.00000000000000e+00	3.94556434626903e+06
9.01000000000000e+00	3.89308879127329e+06
9.02000000000000e+00	3.84136538835728e+06
9.03000000000000e+00	3.79099549577127e+06
9.04000000000000e+00	3.74236521737825e+06
9.05000000000000e+00	3.69572533466362e+06
9.06000000000000e+00	3.65121730403756e+06
9.07000000000000e+00	3.60874674254180e+06
9.08000000000000e+00	3.56814473247852e+06
9.09000000000000e+00	3.52925939867279e+06
9.10000000000000e+00	3.49182950098137e+06
9.11000000000000e+00	3.45567717607455e+06
9.12000000000000e+00	3.42061070478713e+06
9.13000000000000e+00	3.38640482127318e+06
9.14000000000000e+00	3.35300579276888e+06
9.15000000000000e+00	3.32020979070717e+06
9.16000000000000e+00	3.28795270513508e+06
9.17000000000000e+00	3.25617905463057e+06
9.18000000000000e+00	3.22483679121978e+06
9.19000000000000e+00	3.19390768010203e+06
9.20000000000000e+00	3.16338179574314e+06
9.21000000000000e+00	3.13329199385435e+06
9.22000000000000e+00	3.10359574041440e+06
9.23000000000000e+00	3.07430950624687e+06
9.24000000000000e+00	3.04537831442765e+06
9.25000000000000e+00	3.01673643260079e+06
9.26000000000000e+00	2.98831557402664e+06
9.27000000000000e+00	2.96007401801558e+06
9.28000000000000e+00	2.93191179713518e+06
9.29000000000000e+00	2.90387166315364e+06
9.30000000000000e+00	2.87588350075074e+06
9.31000000000000e+00	2.84806402537330e+06
9.32000000000000e+00	2.82041432398664e+06
9.33000000000000e+00	2.79308131073499e+06
9.34000000000000e+00	2.76612149281139e+06
9.35000000000000e+00	2.73964642710665e+06
9.36000000000000e+00	2.71370914210186e+06
9.37000000000000e+00	2.68841855073846e+06
9.38000000000000e+00	2.66380180899173e+06
9.39000000000000e+00	2.63993764782476e+06
9.40000000000000e+00	2.61679989526454e+06
9.41000000000000e+00	2.59439684008614e+06
9.42000000000000e+00	2.57274218327086e+06
9.43000000000000e+00	2.55182170354467e+06
9.44000000000000e+00	2.53155176135284e+06
9.45000000000000e+00	2.51192306859149e+06
9.46000000000000e+00	2.49284426401508e+06
9.47000000000000e+00	2.47431124936458e+06
9.48000000000000e+00	2.45625430551369e+06
9.49000000000000e+00	2.43867849617425e+06
9.50000000000000e+00	2.42155830674619e+06
9.51000000000000e+00	2.40485504618765e+06
9.52000000000000e+00	2.38855748334805e+06
9.53000000000000e+00	2.37259881312114e+06
9.54000000000000e+00	2.35687258406695e+06
9.55000000000000e+00	2.34134217784823e+06
9.56000000000000e+00	2.32590892375631e+06
9.57000000000000e+00	2.31063659070169e+06
9.58000000000000e+00	2.29561191495089e+06
9.59000000000000e+00	2.28096756430313e+06
9.60000000000000e+00	2.26680596254095e+06
9.61000000000000e+00	2.25324999851288e+06
9.62000000000000e+00	2.24020070253432e+06
9.63000000000000e+00	2.22756875957025e+06
9.64000000000000e+00	2.21524431821977e+06
9.65000000000000e+00	2.20307434879977e+06
9.66000000000000e+00	2.19093885855170e+06
9.67000000000000e+00	2.17875295792698e+06
9.68000000000000e+00	2.16655118303562e+06
9.69000000000000e+00	2.15426939379400e+06
9.70000000000000e+00	2.14193728644854e+06
9.71000000000000e+00	2.12958765422002e+06
9.72000000000000e+00	2.11720415062944e+06
9.73000000000000e+00	2.10481445805521e+06
9.74000000000000e+00	2.09244922614887e+06
9.75000000000000e+00	2.08011247897101e+06
9.76000000000000e+00	2.06778904541274e+06
9.77000000000000e+00	2.05551717721019e+06
9.78000000000000e+00	2.04326724948569e+06
9.79000000000000e+00	2.03103369675968e+06
9.80000000000000e+00	2.01885141128666e+06
9.81000000000000e+00	2.00667827450973e+06
9.82000000000000e+00	1.99456057822054e+06
9.83000000000000e+00	1.98248303423778e+06
9.84000000000000e+00	1.97045786756558e+06
9.85000000000000e+00	1.95846113939374e+06
9.86000000000000e+00	1.94649239068476e+06
9.87000000000000e+00	1.93461411860414e+06
9.88000000000000e+00	1.92286308715962e+06
9.89000000000000e+00	1.91156341595534e+06
9.90000000000000e+00	1.90133094555688e+06
9.91000000000000e+00	1.89352617674837e+06
9.92000000000000e+00	1.89085910486788e+06
9.93000000000000e+00	1.89777025433458e+06
9.94000000000000e+00	1.92091406874542e+06
9.95000000000000e+00	1.96915070920055e+06
9.96000000000000e+00	2.05274517728599e+06
9.97000000000000e+00	2.18199748790965e+06
9.98000000000000e+00	2.36415395029818e+06
9.99000000000000e+00	2.59821125309024e+06
1.00000000000000e+01	2.86790465753393e+06
1.00100000000000e+01	3.13374098355059e+06
1.00200000000000e+01	3.32333310424483e+06
1.00300000000000e+01	3.34478768353813e+06
1.00400000000000e+01	3.14115529667147e+06
1.00500000000000e+01	2.74581322249692e+06
1.00600000000000e+01	2.26388067879351e+06
1.00700000000000e+01	1.79766442060743e+06
1.00800000000000e+01	1.40191825152073e+06
1.00900000000000e+01	1.08885823890031e+06
1.01000000000000e+01	8.49429436367282e+05
1.01100000000000e+01	6.68558603692745e+05
1.01200000000000e+01	5.31950764547875e+05
1.01300000000000e+01	4.28122785417475e+05
1.01400000000000e+01	3.48471892550538e+05
1.01500000000000e+01	2.86693661895857e+05
1.01600000000000e+01	2.38245399121043e+05
1.01700000000000e+01	1.99829309222266e+05
1.01800000000000e+01	1.69039598893669e+05
1.01900000000000e+01	1.44118529744235e+05
1.02000000000000e+01	1.23757903796453e+05
1.02100000000000e+01	1.06976016255771e+05
1.02200000000000e+01	9.30326865804460e+04
1.02300000000000e+01	8.13595711617615e+04
1.02400000000000e+01	7.15192224615073e+04
1.02500000000000e+01	6.31711227127351e+04
1.02600000000000e+01	5.60444250691897e+04
1.02700000000000e+01	4.99270599193549e+04
1.02800000000000e+01	4.46491514872021e+04
1.02900000000000e+01	4.00732032697214e+04
1.03000000000000e+01	3.60877849250638e+04
1.03100000000000e+01	3.26013870838751e+04
1.03200000000000e+01	2.95402382541047e+04
1.03300000000000e+01	2.68416282815936e+04
1.03400000000000e+01	2.44538954572564e+04
1.03500000000000e+01	2.23348594217478e+04
1.03600000000000e+01	2.04474843618861e+04
1.03700000000000e+01	1.87616621693544e+04
1.03800000000000e+01	1.72510861722428e+04
1.03900000000000e+01	1.58941266858399e+04
1.04000000000000e+01	1.46715806820692e+04
1.04100000000000e+01	1.35675568017448e+04
1.04200000000000e+01	1.25682395243040e+04
1.04300000000000e+01	1.16613603326935e+04
1.04400000000000e+01	1.08366885621597e+04
1.04500000000000e+01	1.00853769221183e+04
1.04600000000000e+01	9.39940428347880e+03
1.04700000000000e+01	8.77194974786255e+03
1.04800000000000e+01	8.19714134539080e+03
1.04900000000000e+01	7.66962323881111e+03
1.05000000000000e+01	7.18480111472543e+03
1.05100000000000e+01	6.73837517203851e+03
1.05200000000000e+01	6.32690574287278e+03
1.05300000000000e+01	5.94698098141500e+03
1.05400000000000e+01	5.59584913791835e+03
1.05500000000000e+01	5.27071854866623e+03
1.05600000000000e+01	4.96943976254848e+03
1.05700000000000e+01	4.68980958451246e+03
1.05800000000000e+01	4.42997045079472e+03
1.05900000000000e+01	4.18822997716824e+03
1.06000000000000e+01	3.96306778997144e+03
1.06100000000000e+01	3.75311204182566e+03
1.06200000000000e+01	3.55712178682222e+03
1.06300000000000e+01	3.37396343653434e+03
1.06400000000000e+01	3.20262067240546e+03
1.06500000000000e+01	3.04221100415152e+03
1.06600000000000e+01	2.89179950774680e+03
1.06700000000000e+01	2.75066830732302e+03
1.06800000000000e+01	2.61811710170460e+03
1.06900000000000e+01	2.49351846119022e+03
1.07000000000000e+01	2.37627790970045e+03
1.07100000000000e+01	2.26583968448822e+03
1.07200000000000e+01	2.16180286937116e+03
1.07300000000000e+01	2.06364894414808e+03
1.07400000000000e+01	1.97101480031892e+03
1.07500000000000e+01	1.88352215869849e+03
1.07600000000000e+01	1.80085877931439e+03
1.07700000000000e+01	1.72269121558977e+03
1.07800000000000e+01	1.64872449560730e+03
1.07900000000000e+01	1.57871534995889e+03
1.08000000000000e+01	1.51242366821679e+03
1.08100000000000e+01	1.44958860808563e+03
1.08200000000000e+01	1.39002924125174e+03
1.08300000000000e+01	1.33354402269017e+03
1.08400000000000e+01	1.27994165881219e+03
1.08500000000000e+01	1.22902148237807e+03
1.08600000000000e+01	1.18064561424495e+03
1.08700000000000e+01	1.13463973487195e+03
1.08800000000000e+01	1.09087620406480e+03
1.08900000000000e+01	1.04921684309990e+03
1.09000000000000e+01	1.00952112627212e+03
1.09100000000000e+01	9.71689545174009e+02
1.09200000000000e+01	9.35594991507782e+02
1.09300000000000e+01	9.01148448242961e+02
1.09400000000000e+01	8.68251535004473e+02
1.09500000000000e+01	8.36809982033694e+02
1.09600000000000e+01	8.06732521480181e+02
1.09700000000000e+01	7.77966143514744e+02
1.09800000000000e+01	7.50430402416047e+02
1.09900000000000e+01	7.24051442222985e+02
1.10000000000000e+01	6.98771191353959e+02
1.10100000000000e+01	6.74546602338023e+02
1.10200000000000e+01	6.51317317075069e+02
1.10300000000000e+01	6.29051826610745e+02
1.10400000000000e+01	6.07695777125605e+02
1.10500000000000e+01	5.87213014012267e+02
1.10600000000000e+01	5.67585175499245e+02
1.10700000000000e+01	5.48771419705212e+02
1.10800000000000e+01	5.30723930818650e+02
1.10900000000000e+01	5.13434007255463e+02
1.11000000000000e+01	4.96868425256894e+02
1.11100000000000e+01	4.80981845527037e+02
1.11200000000000e+01	4.65756155783579e+02
1.11300000000000e+01	4.51165533183266e+02
1.11400000000000e+01	4.37162655668536e+02
1.11500000000000e+01	4.23732476402058e+02
1.11600000000000e+01	4.10837361037860e+02
1.11700000000000e+01	3.98459650406330e+02
1.11800000000000e+01	3.86561722038844e+02
1.11900000000000e+01	3.75118528367569e+02
1.12000000000000e+01	3.64104350787705e+02
1.12100000000000e+01	3.53499507993565e+02
1.12200000000000e+01	3.43288530588893e+02
1.12300000000000e+01	3.33444183738993e+02
1.12400000000000e+01	3.23947360716355e+02
1.12500000000000e+01	3.14791366887280e+02
1.12600000000000e+01	3.05945464264672e+02
1.12700000000000e+01	2.97408718257799e+02
1.12800000000000e+01	2.89163072309777e+02
1.12900000000000e+01	2.81194147502181e+02
1.13000000000000e+01	2.73492485634522e+02
1.13100000000000e+01	2.66051107423744e+02
1.13200000000000e+01	2.58848647789675e+02
1.13300000000000e+01	2.51888036429793e+02
1.13400000000000e+01	2.45151376055418e+02
1.13500000000000e+01	2.38632383725404e+02
1.13600000000000e+01	2.32320534723174e+02
1.13700000000000e+01	2.26206736698295e+02
1.13800000000000e+01	2.20286191984197e+02
1.13900000000000e+01	2.14548435879336e+02
1.14000000000000e+01	2.08992035710754e+02
1.14100000000000e+01	2.03602612861012e+02
1.14200000000000e+01	1.98380082885779e+02
1.14300000000000e+01	1.93316717742524e+02
1.14400000000000e+01	1.88402360756467e+02
1.14500000000000e+01	1.83640025921070e+02
1.14600000000000e+01	1.79020026658453e+02
1.14700000000000e+01	1.74533688361271e+02
1.14800000000000e+01	1.70184060273924e+02
1.14900000000000e+01	1.65961074577596e+02
1.15000000000000e+01	1.61862486359335e+02
1.15100000000000e+01	1.57882496440682e+02
1.15200000000000e+01	1.54017412017775e+02
1.15300000000000e+01	1.50264276881044e+02
1.15400000000000e+01	1.46618176276857e+02
1.15500000000000e+01	1.43077782117713e+02
1.15600000000000e+01	1.39639531619245e+02
1.15700000000000e+01	1.36301087913363e+02
1.15800000000000e+01	1.33061371815203e+02
1.15900000000000e+01	1.29916898624811e+02
1.16000000000000e+01	1.26865843858962e+02
1.16100000000000e+01	1.23907379747663e+02
1.16200000000000e+01	1.21038282294490e+02
1.16300000000000e+01	1.18256909010522e+02
1.16400000000000e+01	1.15559042986393e+02
1.16500000000000e+01	1.12942972481369e+02
1.16600000000000e+01	1.10404622706340e+02
1.16700000000000e+01	1.07941132630613e+02
1.16800000000000e+01	1.05547758058322e+02
1.16900000000000e+01	1.03221484915419e+02
1.17000000000000e+01	1.00958199299208e+02
1.17100000000000e+01	9.87547391961430e+01
1.17200000000000e+01	9.66075669415944e+01
1.17300000000000e+01	9.45134734417393e+01
1.17400000000000e+01	9.24699456707126e+01
1.17500000000000e+01	9.04748109330948e+01
1.17600000000000e+01	8.85265847167631e+01
1.17700000000000e+01	8.66229465160333e+01
1.17800000000000e+01	8.47645947140742e+01
1.17900000000000e+01	8.29497996200808e+01
1.18000000000000e+01	8.11784099454554e+01
1.18100000000000e+01	7.94503319078391e+01
1.18200000000000e+01	7.77653182504389e+01
1.18300000000000e+01	7.61233432073684e+01
1.18400000000000e+01	7.45236058688623e+01
1.18500000000000e+01	7.29660292428488e+01
1.18600000000000e+01	7.14495724235268e+01
1.18700000000000e+01	6.99738547181977e+01
1.18800000000000e+01	6.85374564195495e+01
1.18900000000000e+01	6.71393873516630e+01
1.19000000000000e+01	6.57783623897942e+01
1.19100000000000e+01	6.44530208135705e+01
1.19200000000000e+01	6.31618470969436e+01
1.19300000000000e+01	6.19038103074387e+01
1.19400000000000e+01	6.06770535466717e+01
1.19500000000000e+01	5.94803845287822e+01
1.19600000000000e+01	5.83126457916351e+01
1.19700000000000e+01	5.71724863105610e+01
1.19800000000000e+01	5.60586288839996e+01
1.19900000000000e+01	5.49699376315336e+01
1.20000000000000e+01	5.39052740551533e+01
1.20100000000000e+01	5.28639113839612e+01
1.20200000000000e+01	5.18452746257282e+01
1.20300000000000e+01	5.08486666196760e+01
1.20400000000000e+01	4.98734644576085e+01
1.20500000000000e+01	4.89192321551614e+01
1.20600000000000e+01	4.79860980758774e+01
1.20700000000000e+01	4.70732688742278e+01
1.20800000000000e+01	4.61811345710081e+01
1.20900000000000e+01	4.53093994439061e+01
1.21000000000000e+01	4.44580859261453e+01
1.21100000000000e+01	4.36271541339696e+01
1.21200000000000e+01	4.28161752732726e+01
1.21300000000000e+01	4.20248281971431e+01
1.21400000000000e+01	4.12532826099213e+01
1.21500000000000e+01	4.05007922034076e+01
1.21600000000000e+01	3.97666735653337e+01
1.21700000000000e+01	3.90505310403894e+01
1.21800000000000e+01	3.83515168500056e+01
1.21900000000000e+01	3.76692387819926e+01
1.22000000000000e+01	3.70025643439501e+01
1.22100000000000e+01	3.63509167514465e+01
1.22200000000000e+01	3.57134876527180e+01
1.22300000000000e+01	3.50896071698877e+01
1.22400000000000e+01	3.44783895157875e+01
1.22500000000000e+01	3.38792594012318e+01
1.22600000000000e+01	3.32918151556796e+01
1.22700000000000e+01	3.27153054328321e+01
1.22800000000000e+01	3.21489241325694e+01
1.22900000000000e+01	3.15926538950158e+01
1.23000000000000e+01	3.10456834775576e+01
1.23100000000000e+01	3.05078171765919e+01
1.23200000000000e+01	2.99785748696943e+01
1.23300000000000e+01	2.94575666719483e+01
1.23400000000000e+01	2.89447631073334e+01
1.23500000000000e+01	2.84399819476252e+01
1.23600000000000e+01	2.79430527517263e+01
1.23700000000000e+01	2.74540732013509e+01
1.23800000000000e+01	2.69727476890049e+01
1.23900000000000e+01	2.64996199309025e+01
1.24000000000000e+01	2.60343571480008e+01
1.24100000000000e+01	2.55774621979885e+01
1.24200000000000e+01	2.51288254985041e+01
1.24300000000000e+01	2.46884967482133e+01
1.24400000000000e+01	2.42568369065619e+01
1.24500000000000e+01	2.38335003218239e+01
1.24600000000000e+01	2.34186014795030e+01
1.24700000000000e+01	2.30119971732936e+01
1.24800000000000e+01	2.26136971678842e+01
1.24900000000000e+01	2.22232991825133e+01
1.25000000000000e+01	2.18410624571772e+01
1.25100000000000e+01	2.14666588457190e+01
1.25200000000000e+01	2.10998613092943e+01
1.25300000000000e+01	2.07406657876380e+01
1.25400000000000e+01	2.03891002290045e+01
1.25500000000000e+01	2.00447162110428e+01
1.25600000000000e+01	1.97077578680439e+01
1.25700000000000e+01	1.93779071606147e+01
1.25800000000000e+01	1.90551104021449e+01
1.25900000000000e+01	1.87392428082129e+01
1.26000000000000e+01	1.84300719619351e+01
1.26100000000000e+01	1.81274315123320e+01
1.26200000000000e+01	1.78312135637076e+01
1.26300000000000e+01	1.75411139014085e+01
1.26400000000000e+01	1.72568710733540e+01
1.26500000000000e+01	1.69784460656484e+01
1.26600000000000e+01	1.67057486680129e+01
1.26700000000000e+01	1.64383455702118e+01
1.26800000000000e+01	1.61763349848568e+01
1.26900000000000e+01	1.59195509398714e+01
1.27000000000000e+01	1.56679078906414e+01
1.27100000000000e+01	1.54213436190257e+01
1.27200000000000e+01	1.51798463579315e+01
1.27300000000000e+01	1.49432346793321e+01
1.27400000000000e+01	1.47115985200377e+01
1.27500000000000e+01	1.44847546424068e+01
1.27600000000000e+01	1.42627407556985e+01
1.27700000000000e+01	1.40453345165104e+01
1.27800000000000e+01	1.38325340927602e+01
1.27900000000000e+01	1.36241154793750e+01
1.28000000000000e+01	1.34200278279486e+01
1.28100000000000e+01	1.32200660582926e+01
1.28200000000000e+01	1.30241738062009e+01
1.28300000000000e+01	1.28320959986304e+01
1.28400000000000e+01	1.26438385391544e+01
1.28500000000000e+01	1.24592628090231e+01
1.28600000000000e+01	1.22781663996940e+01
1.28700000000000e+01	1.21006138196900e+01
1.28800000000000e+01	1.19263508377256e+01
1.28900000000000e+01	1.17554057708522e+01
1.29000000000000e+01	1.15876298671467e+01
1.29100000000000e+01	1.14229835107436e+01
1.29200000000000e+01	1.12613338772777e+01
1.29300000000000e+01	1.11027065066512e+01
1.29400000000000e+01	1.09468896325838e+01
1.29500000000000e+01	1.07939316096874e+01
1.29600000000000e+01	1.06435676411489e+01
1.29700000000000e+01	1.04959729022027e+01
1.29800000000000e+01	1.03508584692617e+01
1.29900000000000e+01	1.02083509303605e+01
1.30000000000000e+01	1.00682267691297e+01
1.30100000000000e+01	9.93056779267818e+00
1.30200000000000e+01	9.79529750183214e+00
1.30300000000000e+01	9.66235820458963e+00
1.30400000000000e+01	9.53171848134859e+00
1.30500000000000e+01	9.40329685044929e+00
1.30600000000000e+01	9.27702933000733e+00
1.30700000000000e+01	9.15282242994328e+00
1.30800000000000e+01	9.03056635699178e+00
1.30900000000000e+01	8.91021461137742e+00
1.31000000000000e+01	8.79160171561268e+00
1.31100000000000e+01	8.67477892162111e+00
1.31200000000000e+01	8.55944490056491e+00
1.31300000000000e+01	8.44569295891928e+00
1.31400000000000e+01	8.33337838789921e+00
1.31500000000000e+01	8.22250848500224e+00
1.31600000000000e+01	8.11307688864334e+00
1.31700000000000e+01	8.00504002003399e+00
1.31800000000000e+01	7.89839672874194e+00
1.31900000000000e+01	7.79325218224086e+00
1.32000000000000e+01	7.68953436414378e+00
1.32100000000000e+01	7.58725871201824e+00
1.32200000000000e+01	7.48649616486068e+00
1.32300000000000e+01	7.38719802150472e+00
1.32400000000000e+01	7.28936043817860e+00
1.32500000000000e+01	7.19294202656065e+00
1.32600000000000e+01	7.09783188153760e+00
1.32700000000000e+01	7.00413861314987e+00
1.32800000000000e+01	6.91170537480322e+00
1.32900000000000e+01	6.82052199437635e+00
1.33000000000000e+01	6.73061421247696e+00
1.33100000000000e+01	6.64188949505450e+00
1.33200000000000e+01	6.55442959012744e+00
1.33300000000000e+01	6.46812302097430e+00
1.33400000000000e+01	6.38311035140090e+00
1.33500000000000e+01	6.29934401780523e+00
1.33600000000000e+01	6.21682489047688e+00
1.33700000000000e+01	6.13557873195330e+00
1.33800000000000e+01	6.05566526475033e+00
1.33900000000000e+01	5.97703699136104e+00
1.34000000000000e+01	5.89966399664040e+00
1.34100000000000e+01	5.82358724500001e+00
1.34200000000000e+01	5.74876480395959e+00
1.34300000000000e+01	5.67516919359507e+00
1.34400000000000e+01	5.60277533550637e+00
1.34500000000000e+01	5.53155061284523e+00
1.34600000000000e+01	5.46146241555051e+00
1.34700000000000e+01	5.39243124810750e+00
1.34800000000000e+01	5.32450381321319e+00
1.34900000000000e+01	5.25757501627915e+00
1.35000000000000e+01	5.19165454379673e+00
1.35100000000000e+01	5.12665300199760e+00
1.35200000000000e+01	5.06258034753022e+00
1.35300000000000e+01	4.99937927815785e+00
1.35400000000000e+01	4.93705133703138e+00
1.35500000000000e+01	4.87549244112201e+00
1.35600000000000e+01	4.81474886554586e+00
1.35700000000000e+01	4.75472245588108e+00
1.35800000000000e+01	4.69544517997645e+00
1.35900000000000e+01	4.63682489506609e+00
1.36000000000000e+01	4.57890995107938e+00
1.36100000000000e+01	4.52163562893949e+00
1.36200000000000e+01	4.46502101373413e+00
1.36300000000000e+01	4.40901792655451e+00
1.36400000000000e+01	4.35366436636167e+00
1.36500000000000e+01	4.29896177527928e+00
1.36600000000000e+01	4.24489814739058e+00
1.36700000000000e+01	4.19149077681901e+00
1.36800000000000e+01	4.13877327294685e+00
1.36900000000000e+01	4.08676006676399e+00
1.37000000000000e+01	4.03542206978798e+00
1.37100000000000e+01	3.98483941793734e+00
1.37200000000000e+01	3.93499059525253e+00
1.37300000000000e+01	3.88595239813637e+00
1.37400000000000e+01	3.83768252277283e+00
1.37500000000000e+01	3.79024583063943e+00
1.37600000000000e+01	3.74363068965127e+00
1.37700000000000e+01	3.69781524069856e+00
1.37800000000000e+01	3.65282871327027e+00
1.37900000000000e+01	3.60862907815087e+00
1.38000000000000e+01	3.56524371536313e+00
1.38100000000000e+01	3.52258122965030e+00
1.38200000000000e+01	3.48066521835351e+00
1.38300000000000e+01	3.43943550204623e+00
1.38400000000000e+01	3.39887613130366e+00
1.38500000000000e+01	3.35896432010305e+00
1.38600000000000e+01	3.31964037040790e+00
1.38700000000000e+01	3.28088781905043e+00
1.38800000000000e+01	3.24270879967402e+00
1.38900000000000e+01	3.20504491159493e+00
1.39000000000000e+01	3.16787807820781e+00
1.39100000000000e+01	3.13122204474905e+00
1.39200000000000e+01	3.09501494956147e+00
1.39300000000000e+01	3.05927325943342e+00
1.39400000000000e+01	3.02397213768229e+00
1.39500000000000e+01	2.98911427077557e+00
1.39600000000000e+01	2.95465571645173e+00
1.39700000000000e+01	2.92061473501693e+00
1.39800000000000e+01	2.88698878413037e+00
1.39900000000000e+01	2.85375440173884e+00
1.40000000000000e+01	2.82092293713262e+00
1.40100000000000e+01	2.78847901405306e+00
1.40200000000000e+01	2.75643375955504e+00
1.40300000000000e+01	2.72477480468889e+00
1.40400000000000e+01	2.69354923356363e+00
1.40500000000000e+01	2.66271430932942e+00
1.40600000000000e+01	2.63230086324343e+00
1.40700000000000e+01	2.60230595815274e+00
1.40800000000000e+01	2.57272081571732e+00
1.40900000000000e+01	2.54355480538939e+00
1.41000000000000e+01	2.51479642181473e+00
1.41100000000000e+01	2.48644704500598e+00
1.41200000000000e+01	2.45848255896792e+00
1.41300000000000e+01	2.43090600555728e+00
1.41400000000000e+01	2.40370295739094e+00
1.41500000000000e+01	2.37682909304477e+00
1.41600000000000e+01	2.35028977780324e+00
1.41700000000000e+01	2.32404965261559e+00
1.41800000000000e+01	2.29809927398040e+00
1.41900000000000e+01	2.27242963552082e+00
1.42000000000000e+01	2.24702235379282e+00
1.42100000000000e+01	2.22187222287974e+00
1.42200000000000e+01	2.19700595881310e+00
1.42300000000000e+01	2.17238522832293e+00
1.42400000000000e+01	2.14803898330026e+00
1.42500000000000e+01	2.12398049168673e+00
1.42600000000000e+01	2.10018841114157e+00
1.42700000000000e+01	2.07670071406906e+00
1.42800000000000e+01	2.05352292231917e+00
1.42900000000000e+01	2.03063297346784e+00
1.43000000000000e+01	2.00807094883177e+00
1.43100000000000e+01	1.98581096263919e+00
1.43200000000000e+01	1.96384849492605e+00
1.43300000000000e+01	1.94218930347334e+00
1.43400000000000e+01	1.92082381882258e+00
1.43500000000000e+01	1.89976105879311e+00
1.43600000000000e+01	1.87897461919605e+00
1.43700000000000e+01	1.85845202845126e+00
1.43800000000000e+01	1.83821139981177e+00
1.43900000000000e+01	1.81823541572251e+00
1.44000000000000e+01	1.79853975072315e+00
1.44100000000000e+01	1.77908790209697e+00
1.44200000000000e+01	1.75990984506824e+00
1.44300000000000e+01	1.74098053801765e+00
1.44400000000000e+01	1.72232412771767e+00
1.44500000000000e+01	1.70391422823234e+00
1.44600000000000e+01	1.68576536402946e+00
1.44700000000000e+01	1.66786202226669e+00
1.44800000000000e+01	1.65020125053172e+00
1.44900000000000e+01	1.63278840421380e+00
1.45000000000000e+01	1.61561074116655e+00
1.45100000000000e+01	1.59866906628901e+00
1.45200000000000e+01	1.58194694518908e+00
1.45300000000000e+01	1.56544018960560e+00
1.45400000000000e+01	1.54916255509170e+00
1.45500000000000e+01	1.53308034423030e+00
1.45600000000000e+01	1.51720152812294e+00
1.45700000000000e+01	1.50152955597247e+00
1.45800000000000e+01	1.48603168028560e+00
1.45900000000000e+01	1.47074013326841e+00
1.46000000000000e+01	1.45561769409378e+00
1.46100000000000e+01	1.44066718528245e+00
1.46200000000000e+01	1.42590019900843e+00
1.46300000000000e+01	1.41129103816414e+00
1.46400000000000e+01	1.39686164691301e+00
1.46500000000000e+01	1.38259934242288e+00
1.46600000000000e+01	1.36849191521289e+00
1.46700000000000e+01	1.35454983530901e+00
1.46800000000000e+01	1.34078086346564e+00
1.46900000000000e+01	1.32717793420452e+00
1.47000000000000e+01	1.31374463152969e+00
1.47100000000000e+01	1.30046881314653e+00
1.47200000000000e+01	1.28735680484824e+00
1.47300000000000e+01	1.27441059075047e+00
1.47400000000000e+01	1.26162322197277e+00
1.47500000000000e+01	1.24900022292367e+00
1.47600000000000e+01	1.23653775024533e+00
1.47700000000000e+01	1.22422325612971e+00
1.47800000000000e+01	1.21204763611759e+00
1.47900000000000e+01	1.20002416438706e+00
1.48000000000000e+01	1.18812952483527e+00
1.48100000000000e+01	1.17636156433448e+00
1.48200000000000e+01	1.16472962761966e+00
1.48300000000000e+01	1.15321147506526e+00
1.48400000000000e+01	1.14181084287931e+00
1.48500000000000e+01	1.13052817822222e+00
1.48600000000000e+01	1.11935335178598e+00
1.48700000000000e+01	1.10828206711636e+00
1.48800000000000e+01	1.09732159350845e+00
1.48900000000000e+01	1.08646016930953e+00
1.49000000000000e+01	1.07571538455626e+00
1.49100000000000e+01	1.06506805581304e+00
1.49200000000000e+01	1.05452856628194e+00
1.49300000000000e+01	1.04409563058160e+00
1.49400000000000e+01	1.03376907678373e+00
1.49500000000000e+01	1.02354869370131e+00
1.49600000000000e+01	1.01344217088673e+00
1.49700000000000e+01	1.00344779680194e+00
1.49800000000000e+01	9.93564762814634e-01
1.49900000000000e+01	9.83799484885882e-01
1.50000000000000e+01	9.74138885113819e-01
1.50100000000000e+01	9.64604545181329e-01
1.50200000000000e+01	9.55172962422501e-01
1.50300000000000e+01	9.45856466141862e-01
1.50400000000000e+01	9.36654383948673e-01
1.50500000000000e+01	9.27560826297356e-01
1.50600000000000e+01	9.18573350328779e-01
1.50700000000000e+01	9.09686633306829e-01
1.50800000000000e+01	9.00897068117169e-01
1.50900000000000e+01	8.92211756513521e-01
1.51000000000000e+01	8.83613259420958e-01
1.51100000000000e+01	8.75107548848875e-01
1.51200000000000e+01	8.66690453100850e-01
1.51300000000000e+01	8.58352773293484e-01
1.51400000000000e+01	8.50102018310069e-01
1.51500000000000e+01	8.41927019194121e-01
1.51600000000000e+01	8.33826973650250e-01
1.51700000000000e+01	8.25808342370523e-01
1.51800000000000e+01	8.17868538836272e-01
1.51900000000000e+01	8.10005879591431e-01
1.52000000000000e+01	8.02220347466828e-01
1.52100000000000e+01	7.94514068099841e-01
1.52200000000000e+01	7.86892276925093e-01
1.52300000000000e+01	7.79343478593227e-01
1.52400000000000e+01	7.71872159579075e-01
1.52500000000000e+01	7.64475494447824e-01
1.52600000000000e+01	7.57148903238018e-01
1.52700000000000e+01	7.49889973718399e-01
1.52800000000000e+01	7.42692613223067e-01
1.52900000000000e+01	7.35549899751972e-01
1.53000000000000e+01	7.28453190784035e-01
1.53100000000000e+01	7.21390409592709e-01
1.53200000000000e+01	7.14367557972384e-01
1.53300000000000e+01	7.07372904196635e-01
1.53400000000000e+01	7.00393468755874e-01
1.53500000000000e+01	6.93432041722475e-01
1.53600000000000e+01	6.86488018825419e-01
1.53700000000000e+01	6.79550921398780e-01
1.53800000000000e+01	6.72624910080684e-01
1.53900000000000e+01	6.65715109169676e-01
1.54000000000000e+01	6.58817967960882e-01
1.54100000000000e+01	6.51946297654807e-01
1.54200000000000e+01	6.45100361955945e-01
1.54300000000000e+01	6.38293226041860e-01
1.54400000000000e+01	6.31532108609424e-01
1.54500000000000e+01	6.24828954770659e-01
1.54600000000000e+01	6.18197033460483e-01
1.54700000000000e+01	6.11654686902365e-01
1.54800000000000e+01	6.05202071652898e-01
1.54900000000000e+01	5.98864925599087e-01
1.55000000000000e+01	5.92645681646316e-01
1.55100000000000e+01	5.86560810222410e-01
1.55200000000000e+01	5.80617661575321e-01
1.55300000000000e+01	5.74824706993431e-01
1.55400000000000e+01	5.69171996003911e-01
1.55500000000000e+01	5.63673401079666e-01
1.55600000000000e+01	5.58315622755238e-01
1.55700000000000e+01	5.53092425493594e-01
1.55800000000000e+01	5.48003545074721e-01
1.55900000000000e+01	5.43031990293335e-01
1.56000000000000e+01	5.38160120355154e-01
1.56100000000000e+01	5.33387176383742e-01
1.56200000000000e+01	5.28693010664569e-01
1.56300000000000e+01	5.24074261075508e-01
1.56400000000000e+01	5.19513477383290e-01
1.56500000000000e+01	5.15002082670775e-01
1.56600000000000e+01	5.10530698480126e-01
1.56700000000000e+01	5.06093258147539e-01
1.56800000000000e+01	5.01681328898172e-01
1.56900000000000e+01	4.97294136432715e-01
1.57000000000000e+01	4.92924558964929e-01
1.57100000000000e+01	4.88568086492665e-01
1.57200000000000e+01	4.84228944380765e-01
1.57300000000000e+01	4.79903209233069e-01
1.57400000000000e+01	4.75589116457084e-01
1.57500000000000e+01	4.71297121309967e-01
1.57600000000000e+01	4.67019547194209e-01
1.57700000000000e+01	4.62765087865305e-01
1.57800000000000e+01	4.58533200487589e-01
1.57900000000000e+01	4.54338047917247e-01
1.58000000000000e+01	4.50176672652523e-01
1.58100000000000e+01	4.46055814156494e-01
1.58200000000000e+01	4.41981688571913e-01
1.58300000000000e+01	4.37960004241821e-01
1.58400000000000e+01	4.33996023838829e-01
1.58500000000000e+01	4.30089542232499e-01
1.58600000000000e+01	4.26247384212611e-01
1.58700000000000e+01	4.22468183266146e-01
1.58800000000000e+01	4.18753705401518e-01
1.58900000000000e+01	4.15106605308543e-01
1.59000000000000e+01	4.11520518557256e-01
1.59100000000000e+01	4.07997622843374e-01
1.59200000000000e+01	4.04530250886098e-01
1.59300000000000e+01	4.01115977617298e-01
1.59400000000000e+01	3.97754528875492e-01
1.59500000000000e+01	3.94437101543785e-01
1.59600000000000e+01	3.91157254346651e-01
1.59700000000000e+01	3.87917608826995e-01
1.59800000000000e+01	3.84712143702311e-01
1.59900000000000e+01	3.81532345052756e-01
1.60000000000000e+01	3.78384871552301e-01
1.60100000000000e+01	3.75261349473600e-01
1.60200000000000e+01	3.72164136472904e-01
1.60300000000000e+01	3.69091199201291e-01
1.60400000000000e+01	3.66041780246912e-01
1.60500000000000e+01	3.63015399159548e-01
1.60600000000000e+01	3.60014759177017e-01
1.60700000000000e+01	3.57034742156957e-01
1.60800000000000e+01	3.54077063349742e-01
1.60900000000000e+01	3.51143933960527e-01
1.61000000000000e+01	3.48235007830839e-01
1.61100000000000e+01	3.45346926431320e-01
1.61200000000000e+01	3.42485378274670e-01
1.61300000000000e+01	3.39646303053106e-01
1.61400000000000e+01	3.36833205230841e-01
1.61500000000000e+01	3.34045951178196e-01
1.61600000000000e+01	3.31280334173489e-01
1.61700000000000e+01	3.28543379068019e-01
1.61800000000000e+01	3.25830859179124e-01
1.61900000000000e+01	3.23148497912305e-01
1.62000000000000e+01	3.20490305482416e-01
1.62100000000000e+01	3.17866202836035e-01
1.62200000000000e+01	3.15268501793205e-01
1.62300000000000e+01	3.12703568180887e-01
1.62400000000000e+01	3.10169735682504e-01
1.62500000000000e+01	3.07668382506350e-01
1.62600000000000e+01	3.05195797633287e-01
1.62700000000000e+01	3.02755102971215e-01
1.62800000000000e+01	3.00342731556223e-01
1.62900000000000e+01	2.97961486553219e-01
1.63000000000000e+01	2.95606064045546e-01
1.63100000000000e+01	2.93272716263934e-01
1.63200000000000e+01	2.90964975389960e-01
1.63300000000000e+01	2.88673550560839e-01
1.63400000000000e+01	2.86398059740487e-01
1.63500000000000e+01	2.84139458463067e-01
1.63600000000000e+01	2.81890883036990e-01
1.63700000000000e+01	2.79649639605201e-01
1.63800000000000e+01	2.77417507401643e-01
1.63900000000000e+01	2.75184377364982e-01
1.64000000000000e+01	2.72956266726380e-01
1.64100000000000e+01	2.70729185190717e-01
1.64200000000000e+01	2.68501543283134e-01
1.64300000000000e+01	2.66274830699339e-01
1.64400000000000e+01	2.64048257221260e-01
1.64500000000000e+01	2.61822886047720e-01
1.64600000000000e+01	2.59603052693972e-01
1.64700000000000e+01	2.57389860841066e-01
1.64800000000000e+01	2.55184503716329e-01
1.64900000000000e+01	2.52993801247788e-01
1.65000000000000e+01	2.50820968005305e-01
1.65100000000000e+01	2.48663872370315e-01
1.65200000000000e+01	2.46530567902534e-01
1.65300000000000e+01	2.44420964955079e-01
1.65400000000000e+01	2.42338935198749e-01
1.65500000000000e+01	2.40285123038922e-01
1.65600000000000e+01	2.38261044913364e-01
1.65700000000000e+01	2.36266406774973e-01
1.65800000000000e+01	2.34300631000298e-01
1.65900000000000e+01	2.32367046290674e-01
1.66000000000000e+01	2.30465549920228e-01
1.66100000000000e+01	2.28590876775678e-01
1.66200000000000e+01	2.26746473588362e-01
1.66300000000000e+01	2.24930169346120e-01
1.66400000000000e+01	2.23141174458483e-01
1.66500000000000e+01	2.21378730154661e-01
1.66600000000000e+01	2.19643014924290e-01
1.66700000000000e+01	2.17930142603633e-01
1.66800000000000e+01	2.16244711127555e-01
1.66900000000000e+01	2.14578779875409e-01
1.67000000000000e+01	2.12934690010606e-01
1.67100000000000e+01	2.11311063294942e-01
1.67200000000000e+01	2.09707137974706e-01
1.67300000000000e+01	2.08120413610180e-01
1.67400000000000e+01	2.06549545193826e-01
1.67500000000000e+01	2.04994309289624e-01
1.67600000000000e+01	2.03452232795568e-01
1.67700000000000e+01	2.01921266838018e-01
1.67800000000000e+01	2.00401404954785e-01
1.67900000000000e+01	1.98892691426045e-01
1.68000000000000e+01	1.97392377612290e-01
1.68100000000000e+01	1.95898638205130e-01
1.68200000000000e+01	1.94415724230423e-01
1.68300000000000e+01	1.92939249117407e-01
1.68400000000000e+01	1.91469390452142e-01
1.68500000000000e+01	1.90008165905040e-01
1.68600000000000e+01	1.88553357804389e-01
1.68700000000000e+01	1.87107912638956e-01
1.68800000000000e+01	1.85671011343493e-01
1.68900000000000e+01	1.84241963377374e-01
1.69000000000000e+01	1.82824317700576e-01
1.69100000000000e+01	1.81414583576189e-01
1.69200000000000e+01	1.80015527272495e-01
1.69300000000000e+01	1.78625356963079e-01
1.69400000000000e+01	1.77247611248695e-01
1.69500000000000e+01	1.75877366566674e-01
1.69600000000000e+01	1.74519775072300e-01
1.69700000000000e+01	1.73171343449611e-01
1.69800000000000e+01	1.71836071518482e-01
1.69900000000000e+01	1.70512904841439e-01
1.70000000000000e+01	1.69201889193501e-01
1.70100000000000e+01	1.67905357720378e-01
1.70200000000000e+01	1.66625124216994e-01
1.70300000000000e+01	1.65359909419670e-01
1.70400000000000e+01	1.64110922609866e-01
1.70500000000000e+01	1.62879368405366e-01
1.70600000000000e+01	1.61664885496174e-01
1.70700000000000e+01	1.60468304021250e-01
1.70800000000000e+01	1.59287424568681e-01
1.70900000000000e+01	1.58123314163181e-01
1.71000000000000e+01	1.56974594431230e-01
1.71100000000000e+01	1.55842278784059e-01
1.71200000000000e+01	1.54722029047652e-01
1.71300000000000e+01	1.53615187949777e-01
1.71400000000000e+01	1.52521352113012e-01
1.71500000000000e+01	1.51438809296174e-01
1.71600000000000e+01	1.50365834638013e-01
1.71700000000000e+01	1.49304001011799e-01
1.71800000000000e+01	1.48250040896869e-01
1.71900000000000e+01	1.47207106306241e-01
1.72000000000000e+01	1.46171971488672e-01
1.72100000000000e+01	1.45146375801688e-01
1.72200000000000e+01	1.44129242662204e-01
1.72300000000000e+01	1.43119189929446e-01
1.72400000000000e+01	1.42119736478160e-01
1.72500000000000e+01	1.41126579613984e-01
1.72600000000000e+01	1.40141623016209e-01
1.72700000000000e+01	1.39165030230012e-01
1.72800000000000e+01	1.38195742082097e-01
1.72900000000000e+01	1.37233186395847e-01
1.73000000000000e+01	1.36278531701585e-01
1.73100000000000e+01	1.35330370351414e-01
1.73200000000000e+01	1.34390218115900e-01
1.73300000000000e+01	1.33454965407517e-01
1.73400000000000e+01	1.32525643057084e-01
1.73500000000000e+01	1.31604031649347e-01
1.73600000000000e+01	1.30687512327132e-01
1.73700000000000e+01	1.29776700077342e-01
1.73800000000000e+01	1.28871600477997e-01
1.73900000000000e+01	1.27972322355212e-01
1.74000000000000e+01	1.27080108217689e-01
1.74100000000000e+01	1.26192362045371e-01
1.74200000000000e+01	1.25309643970529e-01
1.74300000000000e+01	1.24433402134864e-01
1.74400000000000e+01	1.23563456900423e-01
1.74500000000000e+01	1.22698498465528e-01
1.74600000000000e+01	1.21839845602604e-01
1.74700000000000e+01	1.20987362578768e-01
1.74800000000000e+01	1.20139660769026e-01
1.74900000000000e+01	1.19296266921979e-01
1.75000000000000e+01	1.18459363405156e-01
1.75100000000000e+01	1.17627812224585e-01
1.75200000000000e+01	1.16800236781920e-01
1.75300000000000e+01	1.15976179537629e-01
1.75400000000000e+01	1.15156768585905e-01
1.75500000000000e+01	1.14342727417185e-01
1.75600000000000e+01	1.13531063258163e-01
1.75700000000000e+01	1.12723737624296e-01
1.75800000000000e+01	1.11919664092418e-01
1.75900000000000e+01	1.11120286537098e-01
1.76000000000000e+01	1.10324345892907e-01
1.76100000000000e+01	1.09534425546872e-01
1.76200000000000e+01	1.08748237931045e-01
1.76300000000000e+01	1.07967585019187e-01
1.76400000000000e+01	1.07192429539169e-01
1.76500000000000e+01	1.06422795178998e-01
1.76600000000000e+01	1.05660261223394e-01
1.76700000000000e+01	1.04903588626241e-01
1.76800000000000e+01	1.04153779121559e-01
1.76900000000000e+01	1.03411230723713e-01
1.77000000000000e+01	1.02674786340916e-01
1.77100000000000e+01	1.01945188848032e-01
1.77200000000000e+01	1.01222320346217e-01
1.77300000000000e+01	1.00505062202883e-01
1.77400000000000e+01	9.97948435399910e-02
1.77500000000000e+01	9.90888163022262e-02
1.77600000000000e+01	9.83900707898483e-02
1.77700000000000e+01	9.76954111524495e-02
1.77800000000000e+01	9.70068744871467e-02
1.77900000000000e+01	9.63232953869090e-02
1.78000000000000e+01	9.56431705179297e-02
1.78100000000000e+01	9.49684264208579e-02
1.78200000000000e+01	9.42977176560772e-02
1.78300000000000e+01	9.36309454552514e-02
1.78400000000000e+01	9.29680849211711e-02
1.78500000000000e+01	9.23097675289983e-02
1.78600000000000e+01	9.16559165958968e-02
1.78700000000000e+01	9.10056807865630e-02
1.78800000000000e+01	9.03583961257379e-02
1.78900000000000e+01	8.97155616711395e-02
1.79000000000000e+01	8.90777412939539e-02
1.79100000000000e+01	8.84428892636763e-02
1.79200000000000e+01	8.78110077664565e-02
1.79300000000000e+01	8.71840064723325e-02
1.79400000000000e+01	8.65590405130293e-02
1.79500000000000e+01	8.59377205173267e-02
1.79600000000000e+01	8.53190423921717e-02
1.79700000000000e+01	8.47042316123479e-02
1.79800000000000e+01	8.40915064777512e-02
1.79900000000000e+01	8.34824451028150e-02
1.80000000000000e+01	8.28767929820845e-02
1.80100000000000e+01	8.22765633530292e-02
1.80200000000000e+01	8.16800637101638e-02
1.80300000000000e+01	8.10895602248446e-02
1.80400000000000e+01	8.05059980245338e-02
1.80500000000000e+01	7.99292429399062e-02
1.80600000000000e+01	7.93590811711877e-02
1.80700000000000e+01	7.87988478901380e-02
1.80800000000000e+01	7.82463450654258e-02
1.80900000000000e+01	7.77026169619977e-02
1.81000000000000e+01	7.71671489126068e-02
1.81100000000000e+01	7.66405382071567e-02
1.81200000000000e+01	7.61218205776049e-02
1.81300000000000e+01	7.56108302100751e-02
1.81400000000000e+01	7.51054683025713e-02
1.81500000000000e+01	7.46064081769419e-02
1.81600000000000e+01	7.41126779208795e-02
1.81700000000000e+01	7.36240236732948e-02
1.81800000000000e+01	7.31385193753951e-02
1.81900000000000e+01	7.26575804486999e-02
1.82000000000000e+01	7.21793108053512e-02
1.82100000000000e+01	7.17032960722906e-02
1.82200000000000e+01	7.12303939673206e-02
1.82300000000000e+01	7.07598492964636e-02
1.82400000000000e+01	7.02910669915629e-02
1.82500000000000e+01	6.98235958345758e-02
1.82600000000000e+01	6.93580254308591e-02
1.82700000000000e+01	6.88940469542286e-02
1.82800000000000e+01	6.84318254982069e-02
1.82900000000000e+01	6.79707219451690e-02
1.83000000000000e+01	6.75126869419994e-02
1.83100000000000e+01	6.70551922230253e-02
1.83200000000000e+01	6.66012744142253e-02
1.83300000000000e+01	6.61492262987543e-02
1.83400000000000e+01	6.56997208955399e-02
1.83500000000000e+01	6.52539142309048e-02
1.83600000000000e+01	6.48112286487793e-02
1.83700000000000e+01	6.43725387857658e-02
1.83800000000000e+01	6.39382383425289e-02
1.83900000000000e+01	6.35082390443493e-02
1.84000000000000e+01	6.30832559378143e-02
1.84100000000000e+01	6.26636903766030e-02
1.84200000000000e+01	6.22493561830766e-02
1.84300000000000e+01	6.18409624271001e-02
1.84400000000000e+01	6.14384230994897e-02
1.84500000000000e+01	6.10419557122852e-02
1.84600000000000e+01	6.06509039040453e-02
1.84700000000000e+01	6.02656248646049e-02
1.84800000000000e+01	5.98858344081807e-02
1.84900000000000e+01	5.95107349547451e-02
1.85000000000000e+01	5.91404005024649e-02
1.85100000000000e+01	5.87743496307389e-02
1.85200000000000e+01	5.84117182282722e-02
1.85300000000000e+01	5.80529218876485e-02
1.85400000000000e+01	5.76963433809148e-02
1.85500000000000e+01	5.73426660397282e-02
1.85600000000000e+01	5.69907543105827e-02
1.85700000000000e+01	5.66408293821480e-02
1.85800000000000e+01	5.62925694519937e-02
1.85900000000000e+01	5.59453229898925e-02
1.86000000000000e+01	5.55994112791566e-02
1.86100000000000e+01	5.52544047376552e-02
1.86200000000000e+01	5.49106332810214e-02
1.86300000000000e+01	5.45680690429411e-02
1.86400000000000e+01	5.42267843140316e-02
1.86500000000000e+01	5.38865446420164e-02
1.86600000000000e+01	5.35478402565563e-02
1.86700000000000e+01	5.32107078594749e-02
1.86800000000000e+01	5.28749319931240e-02
1.86900000000000e+01	5.25409063800332e-02
1.87000000000000e+01	5.22088696267843e-02
1.87100000000000e+01	5.18784744820095e-02
1.87200000000000e+01	5.15500376418592e-02
1.87300000000000e+01	5.12233454147005e-02
1.87400000000000e+01	5.08986534739585e-02
1.87500000000000e+01	5.05760221748398e-02
1.87600000000000e+01	5.02553312668651e-02
1.87700000000000e+01	4.99362803255802e-02
1.87800000000000e+01	4.96191191666487e-02
1.87900000000000e+01	4.93034202360774e-02
1.88000000000000e+01	4.89895284524794e-02
1.88100000000000e+01	4.86773375871885e-02
1.88200000000000e+01	4.83663926583448e-02
1.88300000000000e+01	4.80569982160060e-02
1.88400000000000e+01	4.77490177200751e-02
1.88500000000000e+01	4.74421483135373e-02
1.88600000000000e+01	4.71365719052184e-02
1.88700000000000e+01	4.68321332296811e-02
1.88800000000000e+01	4.65285906996049e-02
1.88900000000000e+01	4.62261532172524e-02
1.89000000000000e+01	4.59244316624516e-02
1.89100000000000e+01	4.56236886359541e-02
1.89200000000000e+01	4.53240179658045e-02
1.89300000000000e+01	4.50251030366764e-02
1.89400000000000e+01	4.47273403158153e-02
1.89500000000000e+01	4.44308297068842e-02
1.89600000000000e+01	4.41354207243545e-02
1.89700000000000e+01	4.38414872871816e-02
1.89800000000000e+01	4.35489798849678e-02
1.89900000000000e+01	4.32584348860544e-02
1.90000000000000e+01	4.29698817556510e-02
1.90100000000000e+01	4.26832469922484e-02
1.90200000000000e+01	4.23988773544539e-02
1.90300000000000e+01	4.21164621073323e-02
1.90400000000000e+01	4.18362837619620e-02
1.90500000000000e+01	4.15581461479637e-02
1.90600000000000e+01	4.12816007946917e-02
1.90700000000000e+01	4.10066570918352e-02
1.90800000000000e+01	4.07331642628823e-02
1.90900000000000e+01	4.04605216417918e-02
1.91000000000000e+01	4.01886377786617e-02
1.91100000000000e+01	3.99180679411149e-02
1.91200000000000e+01	3.96483333335139e-02
1.91300000000000e+01	3.93797977010305e-02
1.91400000000000e+01	3.91131126217558e-02
1.91500000000000e+01	3.88488130514921e-02
1.91600000000000e+01	3.85873720089727e-02
1.91700000000000e+01	3.83296349836407e-02
1.91800000000000e+01	3.80759217104756e-02
1.91900000000000e+01	3.78271574055376e-02
1.92000000000000e+01	3.75836492220616e-02
1.92100000000000e+01	3.73452596380203e-02
1.92200000000000e+01	3.71123836734789e-02
1.92300000000000e+01	3.68844877810867e-02
1.92400000000000e+01	3.66615527774063e-02
1.92500000000000e+01	3.64427483616696e-02
1.92600000000000e+01	3.62278879344534e-02
1.92700000000000e+01	3.60163211410613e-02
1.92800000000000e+01	3.58072800511563e-02
1.92900000000000e+01	3.56004353608178e-02
1.93000000000000e+01	3.53951245726881e-02
1.93100000000000e+01	3.51911988327131e-02
1.93200000000000e+01	3.49883973704339e-02
1.93300000000000e+01	3.47863021273752e-02
1.93400000000000e+01	3.45847460659234e-02
1.93500000000000e+01	3.43841591914802e-02
1.93600000000000e+01	3.41837307757558e-02
1.93700000000000e+01	3.39841497906898e-02
1.93800000000000e+01	3.37847933956603e-02
1.93900000000000e+01	3.35863288937149e-02
1.94000000000000e+01	3.33882627914399e-02
1.94100000000000e+01	3.31907190029779e-02
1.94200000000000e+01	3.29938547280797e-02
1.94300000000000e+01	3.27977227161347e-02
1.94400000000000e+01	3.26020818116725e-02
1.94500000000000e+01	3.24072067653540e-02
1.94600000000000e+01	3.22128290319657e-02
1.94700000000000e+01	3.20192753626457e-02
1.94800000000000e+01	3.18264667015234e-02
1.94900000000000e+01	3.16339745835319e-02
1.95000000000000e+01	3.14425304034289e-02
1.95100000000000e+01	3.12516482871984e-02
1.95200000000000e+01	3.10614003236493e-02
1.95300000000000e+01	3.08721435803070e-02
1.95400000000000e+01	3.06832464287572e-02
1.95500000000000e+01	3.04951852920066e-02
1.95600000000000e+01	3.03080349151473e-02
1.95700000000000e+01	3.01214815403861e-02
1.95800000000000e+01	2.99359566535405e-02
1.95900000000000e+01	2.97511179162078e-02
1.96000000000000e+01	2.95673002168559e-02
1.96100000000000e+01	2.93845941530277e-02
1.96200000000000e+01	2.92027922437015e-02
1.96300000000000e+01	2.90220043421190e-02
1.96400000000000e+01	2.88423696733624e-02
1.96500000000000e+01	2.86638112302740e-02
1.96600000000000e+01	2.84864861596566e-02
1.96700000000000e+01	2.83104297590505e-02
1.96800000000000e+01	2.81354446446104e-02
1.96900000000000e+01	2.79614871382485e-02
1.97000000000000e+01	2.77886683790273e-02
1.97100000000000e+01	2.76166423986613e-02
1.97200000000000e+01	2.74455512253937e-02
1.97300000000000e+01	2.72750201433140e-02
1.97400000000000e+01	2.71044788827580e-02
1.97500000000000e+01	2.69331423297303e-02
1.97600000000000e+01	2.67600931534713e-02
1.97700000000000e+01	2.65834007854080e-02
1.97800000000000e+01	2.63999592324201e-02
1.97900000000000e+01	2.62058851992696e-02
1.98000000000000e+01	2.59948148118235e-02
1.98100000000000e+01	2.57576933538421e-02
1.98200000000000e+01	2.54831740071795e-02
1.98300000000000e+01	2.51552608403994e-02
1.98400000000000e+01	2.47546216675396e-02
1.98500000000000e+01	2.42579238541149e-02
1.98600000000000e+01	2.36382475483183e-02
1.98700000000000e+01	2.28666360856089e-02
1.98800000000000e+01	2.19143365603023e-02
1.98900000000000e+01	2.07553275077431e-02
1.99000000000000e+01	1.93703550377289e-02
1.99100000000000e+01	1.77511677519184e-02
1.99200000000000e+01	1.59051268616625e-02
1.99300000000000e+01	1.38600247793008e-02
1.99400000000000e+01	1.16679593148449e-02
1.99500000000000e+01	9.40615403504707e-03
1.99600000000000e+01	7.17545836777248e-03
1.99700000000000e+01	5.09308780131066e-03
1.99800000000000e+01	3.27825533698300e-03
1.99900000000000e+01	1.83222854511082e-03
2.00000000000000e+01	8.15424226881478e-04
