1.00000000000000e-02	3.92342726415954e+18
2.00000000000000e-02	2.45237669476251e+17
3.00000000000000e-02	4.84486237753342e+16
4.00000000000000e-02	1.53325904382444e+16
5.00000000000000e-02	6.28177765930471e+15
6.00000000000000e-02	3.03035850889156e+15
7.00000000000000e-02	1.63631697819073e+15
8.00000000000000e-02	9.59598394208391e+14
9.00000000000000e-02	5.99357403307260e+14
1.00000000000000e-01	3.93453005757239e+14
1.10000000000000e-01	2.68894581963833e+14
1.20000000000000e-01	1.89983896782708e+14
1.30000000000000e-01	1.38032023643778e+14
1.40000000000000e-01	1.02701634268249e+14
1.50000000000000e-01	7.79986726730590e+13
1.60000000000000e-01	6.03056041952622e+13
1.70000000000000e-01	4.73644046393785e+13
1.80000000000000e-01	3.77219792505446e+13
1.90000000000000e-01	3.04182746986555e+13
2.00000000000000e-01	2.48039662830009e+13
2.10000000000000e-01	2.04303982158182e+13
2.20000000000000e-01	1.69827687102222e+13
2.30000000000000e-01	1.42348896766532e+13
2.40000000000000e-01	1.20229583687272e+13
2.50000000000000e-01	1.02262466038154e+13
2.60000000000000e-01	8.75453889308754e+12
2.70000000000000e-01	7.53948617469646e+12
2.80000000000000e-01	6.52935769956458e+12
2.90000000000000e-01	5.68373016039449e+12
3.00000000000000e-01	4.97162197530655e+12
3.10000000000000e-01	4.36835864159156e+12
3.20000000000000e-01	3.85454830638892e+12
3.30000000000000e-01	3.41471788644479e+12
3.40000000000000e-01	3.03638762452134e+12
3.50000000000000e-01	2.70958571026234e+12
3.60000000000000e-01	2.42597631699760e+12
3.70000000000000e-01	2.17891549313073e+12
3.80000000000000e-01	1.96287326107214e+12
3.90000000000000e-01	1.77328423111934e+12
4.00000000000000e-01	1.60635043952207e+12
4.10000000000000e-01	1.45885435961609e+12
4.20000000000000e-01	1.32814590186986e+12
4.30000000000000e-01	1.21199045640770e+12
4.40000000000000e-01	1.10848166071584e+12
4.50000000000000e-01	1.01596767846700e+12
4.60000000000000e-01	9.33076564956863e+11
4.70000000000000e-01	8.58643131499678e+11
4.80000000000000e-01	7.91647330662503e+11
4.90000000000000e-01	7.31194393974733e+11
5.00000000000000e-01	6.76525313480837e+11
5.10000000000000e-01	6.27001879702074e+11
5.20000000000000e-01	5.82048946853631e+11
5.30000000000000e-01	5.41155308292268e+11
5.40000000000000e-01	5.03891554367366e+11
5.50000000000000e-01	4.69885742240662e+11
5.60000000000000e-01	4.38777966054487e+11
5.70000000000000e-01	4.10284520533226e+11
5.80000000000000e-01	3.84160624035036e+11
5.90000000000000e-01	3.60149760369852e+11
6.00000000000000e-01	3.38057249430648e+11
6.10000000000000e-01	3.17698137181387e+11
6.20000000000000e-01	2.98918411459649e+11
6.30000000000000e-01	2.81562533036521e+11
6.40000000000000e-01	2.65512456554165e+11
6.50000000000000e-01	2.50644087240894e+11
6.60000000000000e-01	2.36851793417965e+11
6.70000000000000e-01	2.24040783125779e+11
6.80000000000000e-01	2.12139697515094e+11
6.90000000000000e-01	2.01064765101458e+11
7.00000000000000e-01	1.90747414606136e+11
7.10000000000000e-01	1.81124927670091e+11
7.20000000000000e-01	1.72138262276799e+11
7.30000000000000e-01	1.63747218489188e+11
7.40000000000000e-01	1.55896031212970e+11
7.50000000000000e-01	1.48549234830535e+11
7.60000000000000e-01	1.41661318538555e+11
7.70000000000000e-01	1.35205405037542e+11
7.80000000000000e-01	1.29143681140789e+11
7.90000000000000e-01	1.23451613446975e+11
8.00000000000000e-01	1.18098830190133e+11
8.10000000000000e-01	1.13062737986501e+11
8.20000000000000e-01	1.08323820043851e+11
8.30000000000000e-01	1.03856797934661e+11
8.40000000000000e-01	9.96471584763555e+10
8.50000000000000e-01	9.56747041424374e+10
8.60000000000000e-01	9.19243740100256e+10
8.70000000000000e-01	8.83812878468150e+10
8.80000000000000e-01	8.50313638924836e+10
8.90000000000000e-01	8.18648789548360e+10
9.00000000000000e-01	7.88681369565479e+10
9.10000000000000e-01	7.60297204624058e+10
9.20000000000000e-01	7.33423984453762e+10
9.30000000000000e-01	7.07953429887459e+10
9.40000000000000e-01	6.83811274681385e+10
9.50000000000000e-01	6.60898915003758e+10
9.60000000000000e-01	6.39156751355370e+10
9.70000000000000e-01	6.18527102152033e+10
9.80000000000000e-01	5.98935723884062e+10
9.90000000000000e-01	5.80328604585477e+10
1.00000000000000e+00	5.62664321177411e+10
1.01000000000000e+00	5.45869521352236e+10
1.02000000000000e+00	5.29906210292729e+10
1.03000000000000e+00	5.14749266355417e+10
1.04000000000000e+00	5.00336457110317e+10
1.05000000000000e+00	4.86639593155589e+10
1.06000000000000e+00	4.73617450592639e+10
1.07000000000000e+00	4.61246245834049e+10
1.08000000000000e+00	4.49477344159624e+10
1.09000000000000e+00	4.38269383961074e+10
1.10000000000000e+00	4.27604353757941e+10
1.11000000000000e+00	4.17434773168377e+10
1.12000000000000e+00	4.07722866163884e+10
1.13000000000000e+00	3.98436407678306e+10
1.14000000000000e+00	3.89537350839719e+10
1.15000000000000e+00	3.80989123293518e+10
1.16000000000000e+00	3.72756806455172e+10
1.17000000000000e+00	3.64818966881340e+10
1.18000000000000e+00	3.57142907255360e+10
1.19000000000000e+00	3.49714394342608e+10
1.20000000000000e+00	3.42518996710106e+10
1.21000000000000e+00	3.35554168640192e+10
1.22000000000000e+00	3.28820735740285e+10
1.23000000000000e+00	3.22341743097023e+10
1.24000000000000e+00	3.16125623053909e+10
1.25000000000000e+00	3.10220549067670e+10
1.26000000000000e+00	3.04647256442229e+10
1.27000000000000e+00	2.99480069554757e+10
1.28000000000000e+00	2.94759175643038e+10
1.29000000000000e+00	2.90571194235389e+10
1.30000000000000e+00	2.86979606740321e+10
1.31000000000000e+00	2.84074991454296e+10
1.32000000000000e+00	2.81937525144504e+10
1.33000000000000e+00	2.80646939842068e+10
1.34000000000000e+00	2.80272628058915e+10
1.35000000000000e+00	2.80880021757124e+10
1.36000000000000e+00	2.82509819774028e+10
1.37000000000000e+00	2.85190615324482e+10
1.38000000000000e+00	2.88920285521785e+10
1.39000000000000e+00	2.93672615771270e+10
1.40000000000000e+00	2.99414868212240e+10
1.41000000000000e+00	3.06076695362796e+10
1.42000000000000e+00	3.13584258592280e+10
1.43000000000000e+00	3.21849121919344e+10
1.44000000000000e+00	3.30788709486608e+10
1.45000000000000e+00	3.40300851170558e+10
1.46000000000000e+00	3.50305405096489e+10
1.47000000000000e+00	3.60698862990755e+10
1.48000000000000e+00	3.71397535381469e+10
1.49000000000000e+00	3.82291443448297e+10
1.50000000000000e+00	3.93264794766119e+10
1.51000000000000e+00	4.04172736724173e+10
1.52000000000000e+00	4.14833893829717e+10
1.53000000000000e+00	4.25039811228974e+10
1.54000000000000e+00	4.34518796801535e+10
1.55000000000000e+00	4.42959028026381e+10
1.56000000000000e+00	4.50038407185024e+10
1.57000000000000e+00	4.55391624019786e+10
1.58000000000000e+00	4.58650704654515e+10
1.59000000000000e+00	4.59465765937714e+10
1.60000000000000e+00	4.57516472655429e+10
1.61000000000000e+00	4.52556959091999e+10
1.62000000000000e+00	4.44399462934173e+10
1.63000000000000e+00	4.32972550564844e+10
1.64000000000000e+00	4.18324298463846e+10
1.65000000000000e+00	4.00672507705571e+10
1.66000000000000e+00	3.80376899107191e+10
1.67000000000000e+00	3.57985949270483e+10
1.68000000000000e+00	3.34138362585369e+10
1.69000000000000e+00	3.09553929594876e+10
1.70000000000000e+00	2.84925351766967e+10
1.71000000000000e+00	2.60910128846795e+10
1.72000000000000e+00	2.38076235940169e+10
1.73000000000000e+00	2.16919265855938e+10
1.74000000000000e+00	1.97835607035981e+10
1.75000000000000e+00	1.81074688671614e+10
1.76000000000000e+00	1.66726700794313e+10
1.77000000000000e+00	1.54707571560000e+10
1.78000000000000e+00	1.44784703491080e+10
1.79000000000000e+00	1.36602480714230e+10
1.80000000000000e+00	1.29728317610265e+10
1.81000000000000e+00	1.23715603856070e+10
1.82000000000000e+00	1.18170466386768e+10
1.83000000000000e+00	1.12811950137311e+10
1.84000000000000e+00	1.07502873119475e+10
1.85000000000000e+00	1.02251103554013e+10
1.86000000000000e+00	9.71430299951549e+09
1.87000000000000e+00	9.23186806448758e+09
1.88000000000000e+00	8.79218261566007e+09
1.89000000000000e+00	8.40872776789628e+09
1.90000000000000e+00	8.09343889731887e+09
1.91000000000000e+00	7.85522742708568e+09
1.92000000000000e+00	7.70038379999914e+09
1.93000000000000e+00	7.63088265238057e+09
1.94000000000000e+00	7.64466937814901e+09
1.95000000000000e+00	7.73515692198698e+09
1.96000000000000e+00	7.89149114585618e+09
1.97000000000000e+00	8.09938027906219e+09
1.98000000000000e+00	8.34178572709094e+09
1.99000000000000e+00	8.60048366834259e+09
2.00000000000000e+00	8.85705084869807e+09
2.01000000000000e+00	9.09415793259722e+09
2.02000000000000e+00	9.29699923533302e+09
2.03000000000000e+00	9.45379835097563e+09
2.04000000000000e+00	9.55606376309249e+09
2.05000000000000e+00	9.59911260639303e+09
2.06000000000000e+00	9.58110622012286e+09
2.07000000000000e+00	9.50203037138499e+09
2.08000000000000e+00	9.36288618360760e+09
2.09000000000000e+00	9.16398449404898e+09
2.10000000000000e+00	8.90499597424265e+09
2.11000000000000e+00	8.58547153027442e+09
2.12000000000000e+00	8.20597630799153e+09
2.13000000000000e+00	7.77062858900475e+09
2.14000000000000e+00	7.28851895601438e+09
2.15000000000000e+00	6.77293566024520e+09
2.16000000000000e+00	6.24028885062918e+09
2.17000000000000e+00	5.70606746059425e+09
2.18000000000000e+00	5.18317222082162e+09
2.19000000000000e+00	4.67986968268596e+09
2.20000000000000e+00	4.20076336443213e+09
2.21000000000000e+00	3.74769748780837e+09
2.22000000000000e+00	3.32156304563540e+09
2.23000000000000e+00	2.92395829280138e+09
2.24000000000000e+00	2.55734642017109e+09
2.25000000000000e+00	2.22517427055653e+09
2.26000000000000e+00	1.93044646036589e+09
2.27000000000000e+00	1.67464727438584e+09
2.28000000000000e+00	1.45723073753983e+09
2.29000000000000e+00	1.27565750958979e+09
2.30000000000000e+00	1.12598615842768e+09
2.31000000000000e+00	1.00364677295801e+09
2.32000000000000e+00	9.04116242064333e+08
2.33000000000000e+00	8.23428462436937e+08
2.34000000000000e+00	7.58422509359783e+08
2.35000000000000e+00	7.06938429914377e+08
2.36000000000000e+00	6.67598755190966e+08
2.37000000000000e+00	6.39615055106139e+08
2.38000000000000e+00	6.22418094767052e+08
2.39000000000000e+00	6.15317397051351e+08
2.40000000000000e+00	6.17344276230394e+08
2.41000000000000e+00	6.27225016809024e+08
2.42000000000000e+00	6.43534611946913e+08
2.43000000000000e+00	6.64897988401212e+08
2.44000000000000e+00	6.90143254405491e+08
2.45000000000000e+00	7.18483265209995e+08
2.46000000000000e+00	7.49448024920828e+08
2.47000000000000e+00	7.82958752652154e+08
2.48000000000000e+00	8.19166347267909e+08
2.49000000000000e+00	8.58433946166244e+08
2.50000000000000e+00	9.01160594483482e+08
2.51000000000000e+00	9.47717065082123e+08
2.52000000000000e+00	9.98259386546649e+08
2.53000000000000e+00	1.05267769406195e+09
2.54000000000000e+00	1.11044301390506e+09
2.55000000000000e+00	1.17063600434544e+09
2.56000000000000e+00	1.23190708589012e+09
2.57000000000000e+00	1.29249761167704e+09
2.58000000000000e+00	1.35023815824314e+09
2.59000000000000e+00	1.40262563928723e+09
2.60000000000000e+00	1.44668841619845e+09
2.61000000000000e+00	1.47926970125022e+09
2.62000000000000e+00	1.49707063769717e+09
2.63000000000000e+00	1.49730508151562e+09
2.64000000000000e+00	1.47870111755921e+09
2.65000000000000e+00	1.44226856523374e+09
2.66000000000000e+00	1.39173921163778e+09
2.67000000000000e+00	1.33268995442830e+09
2.68000000000000e+00	1.27106443231865e+09
2.69000000000000e+00	1.21166786064145e+09
2.70000000000000e+00	1.15741153680256e+09
2.71000000000000e+00	1.10925286103727e+09
2.72000000000000e+00	1.06658585087098e+09
2.73000000000000e+00	1.02794935556510e+09
2.74000000000000e+00	9.91485147510954e+08
2.75000000000000e+00	9.55430755398690e+08
2.76000000000000e+00	9.18376414316806e+08
2.77000000000000e+00	8.79386929508178e+08
2.78000000000000e+00	8.37918212983776e+08
2.79000000000000e+00	7.93788975332564e+08
2.80000000000000e+00	7.47015636853165e+08
2.81000000000000e+00	6.97787827342628e+08
2.82000000000000e+00	6.46445729015098e+08
2.83000000000000e+00	5.93454439004697e+08
2.84000000000000e+00	5.39416095993649e+08
2.85000000000000e+00	4.85054553866234e+08
2.86000000000000e+00	4.31177039232947e+08
2.87000000000000e+00	3.78649730374347e+08
2.88000000000000e+00	3.28340511568821e+08
2.89000000000000e+00	2.81037065483757e+08
2.90000000000000e+00	2.37430368929745e+08
2.91000000000000e+00	1.98056319066757e+08
2.92000000000000e+00	1.63296330090422e+08
2.93000000000000e+00	1.33378109831849e+08
2.94000000000000e+00	1.08388878133932e+08
2.95000000000000e+00	8.82844940079625e+07
2.96000000000000e+00	7.28916915878456e+07
2.97000000000000e+00	6.19145953201295e+07
2.98000000000000e+00	5.49505787066532e+07
2.99000000000000e+00	5.15128455136200e+07
3.00000000000000e+00	5.10623205488061e+07
3.01000000000000e+00	5.30414652596255e+07
3.02000000000000e+00	5.69046599209487e+07
3.03000000000000e+00	6.21364284898442e+07
3.04000000000000e+00	6.82650078575143e+07
3.05000000000000e+00	7.48706701125009e+07
3.06000000000000e+00	8.15917176397703e+07
3.07000000000000e+00	8.81296030000406e+07
3.08000000000000e+00	9.42485382009541e+07
3.09000000000000e+00	9.97664406700442e+07
3.10000000000000e+00	1.04552454655683e+08
3.11000000000000e+00	1.08508615537032e+08
3.12000000000000e+00	1.11550824625954e+08
3.13000000000000e+00	1.13604670992990e+08
3.14000000000000e+00	1.14584945713597e+08
3.15000000000000e+00	1.14399080000108e+08
3.16000000000000e+00	1.12967937007067e+08
3.17000000000000e+00	1.10234980690118e+08
3.18000000000000e+00	1.06198425998835e+08
3.19000000000000e+00	1.00929329621848e+08
3.20000000000000e+00	9.45656855062170e+07
3.21000000000000e+00	8.73072795311022e+07
3.22000000000000e+00	7.93836802234547e+07
3.23000000000000e+00	7.10351544440437e+07
3.24000000000000e+00	6.25028190649627e+07
3.25000000000000e+00	5.40212036657063e+07
3.26000000000000e+00	4.58188689316123e+07
3.27000000000000e+00	3.81186568977525e+07
3.28000000000000e+00	3.11262552212967e+07
3.29000000000000e+00	2.50191745706168e+07
3.30000000000000e+00	1.99322913203707e+07
3.31000000000000e+00	1.59445859248007e+07
3.32000000000000e+00	1.30725022255687e+07
3.33000000000000e+00	1.12683720723111e+07
3.34000000000000e+00	1.04272727608011e+07
3.35000000000000e+00	1.03985280117495e+07
3.36000000000000e+00	1.10003617269768e+07
3.37000000000000e+00	1.20360924902604e+07
3.38000000000000e+00	1.33094204549811e+07
3.39000000000000e+00	1.46400471697125e+07
3.40000000000000e+00	1.58768861296030e+07
3.41000000000000e+00	1.69080169471491e+07
3.42000000000000e+00	1.76665768589249e+07
3.43000000000000e+00	1.81310685805428e+07
3.44000000000000e+00	1.83207621790551e+07
3.45000000000000e+00	1.82877890927868e+07
3.46000000000000e+00	1.81075153839893e+07
3.47000000000000e+00	1.78683078025605e+07
3.48000000000000e+00	1.76619382571727e+07
3.49000000000000e+00	1.75747091919011e+07
3.50000000000000e+00	1.76803081923093e+07
3.51000000000000e+00	1.80343058853476e+07
3.52000000000000e+00	1.86709210929368e+07
3.53000000000000e+00	1.96004259269068e+07
3.54000000000000e+00	2.08100618572974e+07
3.55000000000000e+00	2.22649753205626e+07
3.56000000000000e+00	2.39110089502215e+07
3.57000000000000e+00	2.56800132767647e+07
3.58000000000000e+00	2.74940592323882e+07
3.59000000000000e+00	2.92714450398009e+07
3.60000000000000e+00	3.09347794193174e+07
3.61000000000000e+00	3.24146577010898e+07
3.62000000000000e+00	3.36546002058989e+07
3.63000000000000e+00	3.46143387489583e+07
3.64000000000000e+00	3.52714632055866e+07
3.65000000000000e+00	3.56207170553859e+07
3.66000000000000e+00	3.56710148837403e+07
3.67000000000000e+00	3.54456988901158e+07
3.68000000000000e+00	3.49739969353747e+07
3.69000000000000e+00	3.42889979643987e+07
3.70000000000000e+00	3.34212951475867e+07
3.71000000000000e+00	3.23961335290887e+07
3.72000000000000e+00	3.12325338110324e+07
3.73000000000000e+00	2.99445614273242e+07
3.74000000000000e+00	2.85437457642036e+07
3.75000000000000e+00	2.70417228667416e+07
3.76000000000000e+00	2.54541948414334e+07
3.77000000000000e+00	2.37996076669060e+07
3.78000000000000e+00	2.21000396989121e+07
3.79000000000000e+00	2.03793751226941e+07
3.80000000000000e+00	1.86607669603086e+07
3.81000000000000e+00	1.69660182370747e+07
3.82000000000000e+00	1.53145186208537e+07
3.83000000000000e+00	1.37210319245653e+07
3.84000000000000e+00	1.21964017712154e+07
3.85000000000000e+00	1.07472092311753e+07
3.86000000000000e+00	9.37649275077100e+06
3.87000000000000e+00	8.08485365467092e+06
3.88000000000000e+00	6.87230450114706e+06
3.89000000000000e+00	5.73980858157943e+06
3.90000000000000e+00	4.69075216994235e+06
3.91000000000000e+00	3.73184090522218e+06
3.92000000000000e+00	2.87369095594056e+06
3.93000000000000e+00	2.13071766880299e+06
3.94000000000000e+00	1.52066348347668e+06
3.95000000000000e+00	1.06341909964734e+06
3.96000000000000e+00	7.79567471355862e+05
3.97000000000000e+00	6.88465403292713e+05
3.98000000000000e+00	8.05996516813327e+05
3.99000000000000e+00	1.14234086771446e+06
4.00000000000000e+00	1.69974700362584e+06
4.01000000000000e+00	2.47059188341423e+06
4.02000000000000e+00	3.43570801276674e+06
4.03000000000000e+00	4.56303841252435e+06
4.04000000000000e+00	5.80723530028900e+06
4.05000000000000e+00	7.11059336845788e+06
4.06000000000000e+00	8.40590545734716e+06
4.07000000000000e+00	9.62158530401716e+06
4.08000000000000e+00	1.06883020709392e+07
4.09000000000000e+00	1.15463529294203e+07
4.10000000000000e+00	1.21520214575280e+07
4.11000000000000e+00	1.24817648095611e+07
4.12000000000000e+00	1.25343626037272e+07
4.13000000000000e+00	1.23300361021109e+07
4.14000000000000e+00	1.19080628989897e+07
4.15000000000000e+00	1.13224465245510e+07
4.16000000000000e+00	1.06367713871931e+07
4.17000000000000e+00	9.91803081321778e+06
4.18000000000000e+00	9.23027488669275e+06
4.19000000000000e+00	8.62793055408645e+06
4.20000000000000e+00	8.15046280033799e+06
4.21000000000000e+00	7.81856532667320e+06
4.22000000000000e+00	7.63337801083119e+06
4.23000000000000e+00	7.57808275007516e+06
4.24000000000000e+00	7.62270270556907e+06
4.25000000000000e+00	7.73035050456125e+06
4.26000000000000e+00	7.86413232294764e+06
4.27000000000000e+00	7.99321634605340e+06
4.28000000000000e+00	8.09679156048056e+06
4.29000000000000e+00	8.16522871354872e+06
4.30000000000000e+00	8.19883445838060e+06
4.31000000000000e+00	8.20464579585116e+06
4.32000000000000e+00	8.19224866838643e+06
4.33000000000000e+00	8.17001940024197e+06
4.34000000000000e+00	8.14232544765315e+06
4.35000000000000e+00	8.10777337773494e+06
4.36000000000000e+00	8.05936265871058e+06
4.37000000000000e+00	7.98588739907793e+06
4.38000000000000e+00	7.87379345742738e+06
4.39000000000000e+00	7.70999742523313e+06
4.40000000000000e+00	7.48419916360885e+06
4.41000000000000e+00	7.19116018720697e+06
4.42000000000000e+00	6.83202605889170e+06
4.43000000000000e+00	6.41528889152335e+06
4.44000000000000e+00	5.95632094767383e+06
4.45000000000000e+00	5.47670724821756e+06
4.46000000000000e+00	5.00229700308148e+06
4.47000000000000e+00	4.56061328945145e+06
4.48000000000000e+00	4.17840690665871e+06
4.49000000000000e+00	3.87856377657248e+06
4.50000000000000e+00	3.67769790797420e+06
4.51000000000000e+00	3.58543792584289e+06
4.52000000000000e+00	3.60444958758706e+06
4.53000000000000e+00	3.73165656486355e+06
4.54000000000000e+00	3.96134362740644e+06
4.55000000000000e+00	4.28750718044303e+06
4.56000000000000e+00	4.70758930129689e+06
4.57000000000000e+00	5.22475994421111e+06
4.58000000000000e+00	5.85019836487850e+06
4.59000000000000e+00	6.60471945950465e+06
4.60000000000000e+00	7.51963932579349e+06
4.61000000000000e+00	8.63676217958059e+06
4.62000000000000e+00	1.00080343114520e+07
4.63000000000000e+00	1.16939100273820e+07
4.64000000000000e+00	1.37606113206035e+07
4.65000000000000e+00	1.62765623413137e+07
4.66000000000000e+00	1.93077615815169e+07
4.67000000000000e+00	2.29116719351497e+07
4.68000000000000e+00	2.71321337956333e+07
4.69000000000000e+00	3.19921430724758e+07
4.70000000000000e+00	3.74896781594442e+07
4.71000000000000e+00	4.35920322967923e+07
4.72000000000000e+00	5.02291026664829e+07
4.73000000000000e+00	5.72906010949151e+07
4.74000000000000e+00	6.46227719001396e+07
4.75000000000000e+00	7.20228453529015e+07
4.76000000000000e+00	7.92380645422199e+07
4.77000000000000e+00	8.59675407191546e+07
4.78000000000000e+00	9.18650392780288e+07
4.79000000000000e+00	9.65592353885556e+07
4.80000000000000e+00	9.96781791342909e+07
4.81000000000000e+00	1.00895218337687e+08
4.82000000000000e+00	9.99801599607306e+07
4.83000000000000e+00	9.68518508228090e+07
4.84000000000000e+00	9.16106020880699e+07
4.85000000000000e+00	8.45454827371024e+07
4.86000000000000e+00	7.61040113730543e+07
4.87000000000000e+00	6.68307325714277e+07
4.88000000000000e+00	5.72901522029556e+07
4.89000000000000e+00	4.79961154899906e+07
4.90000000000000e+00	3.93562107853106e+07
4.91000000000000e+00	3.16441912419211e+07
4.92000000000000e+00	2.50008825675235e+07
4.93000000000000e+00	1.94527717558615e+07
4.94000000000000e+00	1.49412317546490e+07
4.95000000000000e+00	1.13556176618006e+07
4.96000000000000e+00	8.55893363449917e+06
4.97000000000000e+00	6.41129338015165e+06
4.98000000000000e+00	4.78331526112550e+06
4.99000000000000e+00	3.56482539052670e+06
5.00000000000000e+00	2.66777807901548e+06
5.01000000000000e+00	2.02530184042318e+06
5.02000000000000e+00	1.58839911968227e+06
5.03000000000000e+00	1.32100382325246e+06
5.04000000000000e+00	1.19515477977181e+06
5.05000000000000e+00	1.18686443485259e+06
5.06000000000000e+00	1.27332298401543e+06
5.07000000000000e+00	1.43164275795842e+06
5.08000000000000e+00	1.63888312944608e+06
5.09000000000000e+00	1.87309683504819e+06
5.10000000000000e+00	2.11481312169729e+06
5.11000000000000e+00	2.34889252021964e+06
5.12000000000000e+00	2.56585328629890e+06
5.13000000000000e+00	2.76284366697086e+06
5.14000000000000e+00	2.94378850075878e+06
5.15000000000000e+00	3.11849135784875e+06
5.16000000000000e+00	3.30096396384869e+06
5.17000000000000e+00	3.50750571703396e+06
5.18000000000000e+00	3.75415003717699e+06
5.19000000000000e+00	4.05422700383387e+06
5.20000000000000e+00	4.41638328951031e+06
5.21000000000000e+00	4.84298722922775e+06
5.22000000000000e+00	5.32959196233719e+06
5.23000000000000e+00	5.86525577577014e+06
5.24000000000000e+00	6.43364669568808e+06
5.25000000000000e+00	7.01468869747894e+06
5.26000000000000e+00	7.58732884550598e+06
5.27000000000000e+00	8.13175886790956e+06
5.28000000000000e+00	8.63236983939094e+06
5.29000000000000e+00	9.07943552741078e+06
5.30000000000000e+00	9.47129037200815e+06
5.31000000000000e+00	9.81414911978538e+06
5.32000000000000e+00	1.01221945043695e+07
5.33000000000000e+00	1.04167554883679e+07
5.34000000000000e+00	1.07243950189771e+07
5.35000000000000e+00	1.10758651177632e+07
5.36000000000000e+00	1.15047738180061e+07
5.37000000000000e+00	1.20466778290707e+07
5.38000000000000e+00	1.27380465270836e+07
5.39000000000000e+00	1.36159227397078e+07
5.40000000000000e+00	1.47169324949165e+07
5.41000000000000e+00	1.60755784986059e+07
5.42000000000000e+00	1.77228017449039e+07
5.43000000000000e+00	1.96835953743966e+07
5.44000000000000e+00	2.19742503194144e+07
5.45000000000000e+00	2.45980217408658e+07
5.46000000000000e+00	2.75433982795452e+07
5.47000000000000e+00	3.07772216996825e+07
5.48000000000000e+00	3.42446919365270e+07
5.49000000000000e+00	3.78636511757564e+07
5.50000000000000e+00	4.15230901457388e+07
5.51000000000000e+00	4.50860342448402e+07
5.52000000000000e+00	4.83929141088747e+07
5.53000000000000e+00	5.12695869686404e+07
5.54000000000000e+00	5.35426991976353e+07
5.55000000000000e+00	5.50518616277415e+07
5.56000000000000e+00	5.56722160810683e+07
5.57000000000000e+00	5.53263632654646e+07
5.58000000000000e+00	5.39991213059588e+07
5.59000000000000e+00	5.17407412967503e+07
5.60000000000000e+00	4.86629679609943e+07
5.61000000000000e+00	4.49305369859400e+07
5.62000000000000e+00	4.07363440333511e+07
5.63000000000000e+00	3.62872292656137e+07
5.64000000000000e+00	3.17780108825044e+07
5.65000000000000e+00	2.73796404254477e+07
5.66000000000000e+00	2.32269822386422e+07
5.67000000000000e+00	1.94161411748667e+07
5.68000000000000e+00	1.60059303086828e+07
5.69000000000000e+00	1.30224206432142e+07
5.70000000000000e+00	1.04663134430803e+07
5.71000000000000e+00	8.31882454387897e+06
5.72000000000000e+00	6.54818192096807e+06
5.73000000000000e+00	5.11469530971420e+06
5.74000000000000e+00	3.97453718891506e+06
5.75000000000000e+00	3.08340495847588e+06
5.76000000000000e+00	2.39889680573623e+06
5.77000000000000e+00	1.88234071955094e+06
5.78000000000000e+00	1.49988340268011e+06
5.79000000000000e+00	1.22315879143663e+06
5.80000000000000e+00	1.02919108988390e+06
5.81000000000000e+00	8.99964989367896e+05
5.82000000000000e+00	8.21653300330758e+05
5.83000000000000e+00	7.83680412541701e+05
5.84000000000000e+00	7.77707527625525e+05
5.85000000000000e+00	7.96778262910886e+05
5.86000000000000e+00	8.34480950538066e+05
5.87000000000000e+00	8.84512395177704e+05
5.88000000000000e+00	9.40383638429127e+05
5.89000000000000e+00	9.95412810539377e+05
5.90000000000000e+00	1.04308986163843e+06
5.91000000000000e+00	1.07741117294183e+06
5.92000000000000e+00	1.09351183536192e+06
5.93000000000000e+00	1.08808537145933e+06
5.94000000000000e+00	1.05984906221098e+06
5.95000000000000e+00	1.00961735267212e+06
5.96000000000000e+00	9.40219193457336e+05
5.97000000000000e+00	8.56156668322988e+05
5.98000000000000e+00	7.62980722471364e+05
5.99000000000000e+00	6.66623056205685e+05
6.00000000000000e+00	5.72684764461083e+05
6.01000000000000e+00	4.85927287103674e+05
6.02000000000000e+00	4.09846354659588e+05
6.03000000000000e+00	3.46509096087654e+05
6.04000000000000e+00	2.96583358254238e+05
6.05000000000000e+00	2.59511294883155e+05
6.06000000000000e+00	2.33804477125323e+05
6.07000000000000e+00	2.17402317103470e+05
6.08000000000000e+00	2.08010065060913e+05
6.09000000000000e+00	2.03436249721781e+05
6.10000000000000e+00	2.01827642753246e+05
6.11000000000000e+00	2.01822463259226e+05
6.12000000000000e+00	2.02587507010801e+05
6.13000000000000e+00	2.03748394146963e+05
6.14000000000000e+00	2.05235461517325e+05
6.15000000000000e+00	2.07097986246388e+05
6.16000000000000e+00	2.09295686688983e+05
6.17000000000000e+00	2.11533910365326e+05
6.18000000000000e+00	2.13187912299712e+05
6.19000000000000e+00	2.13271994120799e+05
6.20000000000000e+00	2.10532636886727e+05
6.21000000000000e+00	2.03589731077998e+05
6.22000000000000e+00	1.91180698823207e+05
6.23000000000000e+00	1.72443975825999e+05
6.24000000000000e+00	1.47285435128785e+05
6.25000000000000e+00	1.16783333809871e+05
6.26000000000000e+00	8.36404275812701e+04
6.27000000000000e+00	5.26379722113646e+04
6.28000000000000e+00	3.10331638479718e+04
6.29000000000000e+00	2.88276810050439e+04
6.30000000000000e+00	5.87744890764245e+04
6.31000000000000e+00	1.36005819341622e+05
6.32000000000000e+00	2.77159477690535e+05
6.33000000000000e+00	4.98969702299251e+05
6.34000000000000e+00	8.16333214868543e+05
6.35000000000000e+00	1.24021733295833e+06
6.36000000000000e+00	1.77556132314856e+06
6.37000000000000e+00	2.41969053750701e+06
6.38000000000000e+00	3.16168232005535e+06
6.39000000000000e+00	3.98286160105155e+06
6.40000000000000e+00	4.85808430883858e+06
6.41000000000000e+00	5.75835652432480e+06
6.42000000000000e+00	6.65327085798703e+06
6.43000000000000e+00	7.51394876951885e+06
6.44000000000000e+00	8.31490558976154e+06
6.45000000000000e+00	9.03559022802315e+06
6.46000000000000e+00	9.66093575671574e+06
6.47000000000000e+00	1.01816583310517e+07
6.48000000000000e+00	1.05937872672534e+07
6.49000000000000e+00	1.08983371807417e+07
6.50000000000000e+00	1.11007397930200e+07
6.51000000000000e+00	1.12103920810561e+07
6.52000000000000e+00	1.12394909525252e+07
6.53000000000000e+00	1.12025543091034e+07
6.54000000000000e+00	1.11151402633381e+07
6.55000000000000e+00	1.09931016765045e+07
6.56000000000000e+00	1.08518911332233e+07
6.57000000000000e+00	1.07059301852674e+07
6.58000000000000e+00	1.05684629605845e+07
6.59000000000000e+00	1.04511578306380e+07
6.60000000000000e+00	1.03643874046144e+07
6.61000000000000e+00	1.03168848463977e+07
6.62000000000000e+00	1.03163831404636e+07
6.63000000000000e+00	1.03692789414154e+07
6.64000000000000e+00	1.04813544153460e+07
6.65000000000000e+00	1.06577969532671e+07
6.66000000000000e+00	1.09034062149412e+07
6.67000000000000e+00	1.12228263100727e+07
6.68000000000000e+00	1.16206026387676e+07
6.69000000000000e+00	1.21011050922631e+07
6.70000000000000e+00	1.26687154987569e+07
6.71000000000000e+00	1.33277988459042e+07
6.72000000000000e+00	1.40829834993564e+07
6.73000000000000e+00	1.49397920566798e+07
6.74000000000000e+00	1.59048033129506e+07
6.75000000000000e+00	1.69864969229812e+07
6.76000000000000e+00	1.81959987416512e+07
6.77000000000000e+00	1.95480472947591e+07
6.78000000000000e+00	2.10619993452740e+07
6.79000000000000e+00	2.27637653026482e+07
6.80000000000000e+00	2.46873364097738e+07
6.81000000000000e+00	2.68772998813943e+07
6.82000000000000e+00	2.93917375558006e+07
6.83000000000000e+00	3.23059320680115e+07
6.84000000000000e+00	3.57161996936612e+07
6.85000000000000e+00	3.97447378141375e+07
6.86000000000000e+00	4.45432047943724e+07
6.87000000000000e+00	5.02993848623747e+07
6.88000000000000e+00	5.72383251180605e+07
6.89000000000000e+00	6.56215051710401e+07
6.90000000000000e+00	7.57467810895174e+07
6.91000000000000e+00	8.79375007291411e+07
6.92000000000000e+00	1.02532331776963e+08
6.93000000000000e+00	1.19868259736601e+08
6.94000000000000e+00	1.40256271932110e+08
6.95000000000000e+00	1.63959483240852e+08
6.96000000000000e+00	1.91170903073284e+08
6.97000000000000e+00	2.21974366360110e+08
6.98000000000000e+00	2.56321425937238e+08
6.99000000000000e+00	2.93971955014811e+08
7.00000000000000e+00	3.34448413501620e+08
7.01000000000000e+00	3.76961577645055e+08
7.02000000000000e+00	4.20350717815517e+08
7.03000000000000e+00	4.63051131167839e+08
7.04000000000000e+00	5.03122885084475e+08
7.05000000000000e+00	5.38355509493048e+08
7.06000000000000e+00	5.66473424717525e+08
7.07000000000000e+00	5.85425983517095e+08
7.08000000000000e+00	5.93660602719477e+08
7.09000000000000e+00	5.90402733044974e+08
7.10000000000000e+00	5.75791898102017e+08
7.11000000000000e+00	5.50872652982849e+08
7.12000000000000e+00	5.17422848222127e+08
7.13000000000000e+00	4.77693178765308e+08
7.14000000000000e+00	4.34074301108100e+08
7.15000000000000e+00	3.88835207427073e+08
7.16000000000000e+00	3.43903917352978e+08
7.17000000000000e+00	3.00785946217448e+08
7.18000000000000e+00	2.60543417786910e+08
7.19000000000000e+00	2.23851953136576e+08
7.20000000000000e+00	1.91077634818210e+08
7.21000000000000e+00	1.62344825707300e+08
7.22000000000000e+00	1.37604992516174e+08
7.23000000000000e+00	1.16678222042085e+08
7.24000000000000e+00	9.92897001080778e+07
7.25000000000000e+00	8.50981375417751e+07
7.26000000000000e+00	7.37141535582382e+07
7.27000000000000e+00	6.47254999778544e+07
7.28000000000000e+00	5.77215829254267e+07
7.29000000000000e+00	5.23055634515063e+07
7.30000000000000e+00	4.81139192925449e+07
7.31000000000000e+00	4.48269143549031e+07
7.32000000000000e+00	4.21742392480355e+07
7.33000000000000e+00	3.99385704685162e+07
7.34000000000000e+00	3.79528913347421e+07
7.35000000000000e+00	3.60972898152498e+07
7.36000000000000e+00	3.42921179999598e+07
7.37000000000000e+00	3.24918804330653e+07
7.38000000000000e+00	3.06768039677349e+07
7.39000000000000e+00	2.88467974301437e+07
7.40000000000000e+00	2.70141831594377e+07
7.41000000000000e+00	2.51991131251446e+07
7.42000000000000e+00	2.34249130567587e+07
7.43000000000000e+00	2.17148289568679e+07
7.44000000000000e+00	2.00892105317669e+07
7.45000000000000e+00	1.85646609672315e+07
7.46000000000000e+00	1.71529946279899e+07
7.47000000000000e+00	1.58606706067622e+07
7.48000000000000e+00	1.46898030529873e+07
7.49000000000000e+00	1.36382237712511e+07
7.50000000000000e+00	1.27006734777367e+07
7.51000000000000e+00	1.18691211439475e+07
7.52000000000000e+00	1.11340055399854e+07
7.53000000000000e+00	1.04844993041882e+07
7.54000000000000e+00	9.90960016146116e+06
7.55000000000000e+00	9.39835572653721e+06
7.56000000000000e+00	8.94025397563702e+06
7.57000000000000e+00	8.52572800854143e+06
7.58000000000000e+00	8.14636074346162e+06
7.59000000000000e+00	7.79504538511458e+06
7.60000000000000e+00	7.46587719732311e+06
7.61000000000000e+00	7.15456756081523e+06
7.62000000000000e+00	6.85787429308313e+06
7.63000000000000e+00	6.57383121621140e+06
7.64000000000000e+00	6.30128678800367e+06
7.65000000000000e+00	6.03990101865570e+06
7.66000000000000e+00	5.78977154592780e+06
7.67000000000000e+00	5.55144779022871e+06
7.68000000000000e+00	5.32551275945197e+06
7.69000000000000e+00	5.11254812317572e+06
7.70000000000000e+00	4.91287871358468e+06
7.71000000000000e+00	4.72659961602366e+06
7.72000000000000e+00	4.55326673693871e+06
7.73000000000000e+00	4.39195991252867e+06
7.74000000000000e+00	4.24135320789302e+06
7.75000000000000e+00	4.09964148099819e+06
7.76000000000000e+00	3.96469637704201e+06
7.77000000000000e+00	3.83410514277019e+06
7.78000000000000e+00	3.70538572136222e+06
7.79000000000000e+00	3.57619963448121e+06
7.80000000000000e+00	3.44458079982743e+06
7.81000000000000e+00	3.30921146477603e+06
7.82000000000000e+00	3.16950620899577e+06
7.83000000000000e+00	3.02581587235243e+06
7.84000000000000e+00	2.87933386365278e+06
7.85000000000000e+00	2.73200381206552e+06
7.86000000000000e+00	2.58635270662841e+06
7.87000000000000e+00	2.44517831065457e+06
7.88000000000000e+00	2.31137375802194e+06
7.89000000000000e+00	2.18750403385255e+06
7.90000000000000e+00	2.07561177767747e+06
7.91000000000000e+00	1.97703502891473e+06
7.92000000000000e+00	1.89222972440819e+06
7.93000000000000e+00	1.82075451414307e+06
7.94000000000000e+00	1.76132645840801e+06
7.95000000000000e+00	1.71194106737478e+06
7.96000000000000e+00	1.67005440607548e+06
7.97000000000000e+00	1.63287712724839e+06
7.98000000000000e+00	1.59754801756532e+06
7.99000000000000e+00	1.56145862117852e+06
8.00000000000000e+00	1.52242852013342e+06
8.01000000000000e+00	1.47887515559049e+06
8.02000000000000e+00	1.42991836712178e+06
8.03000000000000e+00	1.37541059026012e+06
8.04000000000000e+00	1.31581697802623e+06
8.05000000000000e+00	1.25223924710327e+06
8.06000000000000e+00	1.18622870738807e+06
8.07000000000000e+00	1.11955567351537e+06
8.08000000000000e+00	1.05410383247837e+06
8.09000000000000e+00	9.91567398992464e+05
8.10000000000000e+00	9.33408733217700e+05
8.11000000000000e+00	8.80649192792377e+05
8.12000000000000e+00	8.33874836510581e+05
8.13000000000000e+00	7.93175952145114e+05
8.14000000000000e+00	7.58221997305488e+05
8.15000000000000e+00	7.28385614586015e+05
8.16000000000000e+00	7.02823516745837e+05
8.17000000000000e+00	6.80647587118444e+05
8.18000000000000e+00	6.60969444066585e+05
8.19000000000000e+00	6.43009069512215e+05
8.20000000000000e+00	6.26152894737090e+05
8.21000000000000e+00	6.09968561479670e+05
8.22000000000000e+00	5.94191347132801e+05
8.23000000000000e+00	5.78715949474141e+05
8.24000000000000e+00	5.63553116954016e+05
8.25000000000000e+00	5.48811929157682e+05
8.26000000000000e+00	5.34633868456519e+05
8.27000000000000e+00	5.21184590743814e+05
8.28000000000000e+00	5.08608403294575e+05
8.29000000000000e+00	4.97022702898586e+05
8.30000000000000e+00	4.86498081254936e+05
8.31000000000000e+00	4.77041119823194e+05
8.32000000000000e+00	4.68603149431358e+05
8.33000000000000e+00	4.61072871131336e+05
8.34000000000000e+00	4.54282515471263e+05
8.35000000000000e+00	4.48022588842328e+05
8.36000000000000e+00	4.42061134920033e+05
8.37000000000000e+00	4.36168703213149e+05
8.38000000000000e+00	4.30133928678484e+05
8.39000000000000e+00	4.23798219192391e+05
8.40000000000000e+00	4.17067135653874e+05
8.41000000000000e+00	4.09916934447804e+05
8.42000000000000e+00	4.02400310986132e+05
8.43000000000000e+00	3.94636974781806e+05
8.44000000000000e+00	3.86790637902464e+05
8.45000000000000e+00	3.79046863148640e+05
8.46000000000000e+00	3.71593735093762e+05
8.47000000000000e+00	3.64591076790860e+05
8.48000000000000e+00	3.58159529700719e+05
8.49000000000000e+00	3.52371303406244e+05
8.50000000000000e+00	3.47247831665854e+05
8.51000000000000e+00	3.42763730940764e+05
8.52000000000000e+00	3.38845558900362e+05
8.53000000000000e+00	3.35395760803022e+05
8.54000000000000e+00	3.32292633017500e+05
8.55000000000000e+00	3.29407929379395e+05
8.56000000000000e+00	3.26615287232159e+05
8.57000000000000e+00	3.23794427630075e+05
8.58000000000000e+00	3.20848486187662e+05
8.59000000000000e+00	3.17693459169497e+05
8.60000000000000e+00	3.14271355883288e+05
8.61000000000000e+00	3.10542738501366e+05
8.62000000000000e+00	3.06482101644792e+05
8.63000000000000e+00	3.02089929242337e+05
8.64000000000000e+00	2.97380810836618e+05
8.65000000000000e+00	2.92387120588342e+05
8.66000000000000e+00	2.87153567869128e+05
8.67000000000000e+00	2.81736419494649e+05
8.68000000000000e+00	2.76199847852112e+05
8.69000000000000e+00	2.70606656259351e+05
8.70000000000000e+00	2.65017929950348e+05
8.71000000000000e+00	2.59480426162749e+05
8.72000000000000e+00	2.54026297039095e+05
8.73000000000000e+00	2.48666910281661e+05
8.74000000000000e+00	2.43397123963512e+05
8.75000000000000e+00	2.38190935065375e+05
8.76000000000000e+00	2.33013145261066e+05
8.77000000000000e+00	2.27815532976560e+05
8.78000000000000e+00	2.22557912204256e+05
8.79000000000000e+00	2.17202890388867e+05
8.80000000000000e+00	2.11728342333950e+05
8.81000000000000e+00	2.06134670259187e+05
8.82000000000000e+00	2.00439317602971e+05
8.83000000000000e+00	1.94684072013916e+05
8.84000000000000e+00	1.88924320936136e+05
8.85000000000000e+00	1.83232893597572e+05
8.86000000000000e+00	1.77682756370007e+05
8.87000000000000e+00	1.72347716410953e+05
8.88000000000000e+00	1.67290592616224e+05
8.89000000000000e+00	1.62558240367871e+05
8.90000000000000e+00	1.58172021288242e+05
8.91000000000000e+00	1.54129008388473e+05
8.92000000000000e+00	1.50397448105311e+05
8.93000000000000e+00	1.46927240541327e+05
8.94000000000000e+00	1.43646964436548e+05
8.95000000000000e+00	1.40483700225135e+05
8.96000000000000e+00	1.37360442033765e+05
8.97000000000000e+00	1.34213834363758e+05
8.98000000000000e+00	1.30998091942625e+05
8.99000000000000e+00	1.27691389414986e+05
9.00000000000000e+00	1.24298882926223e+05
9.01000000000000e+00	1.20850062829322e+05
9.02000000000000e+00	1.17391486692891e+05
9.03000000000000e+00	1.13981858017008e+05
9.04000000000000e+00	1.10683149257102e+05
9.05000000000000e+00	1.07547137404443e+05
9.06000000000000e+00	1.04614599601370e+05
9.07000000000000e+00	1.01906708311321e+05
9.08000000000000e+00	9.94290670969211e+04
9.09000000000000e+00	9.71697108079708e+04
9.10000000000000e+00	9.51048975283505e+04
9.11000000000000e+00	9.32013838463163e+04
9.12000000000000e+00	9.14231041004668e+04
9.13000000000000e+00	8.97342278794798e+04
9.14000000000000e+00	8.81036906516831e+04
9.15000000000000e+00	8.65069318506956e+04
9.16000000000000e+00	8.49268095782210e+04
9.17000000000000e+00	8.33551604734456e+04
9.18000000000000e+00	8.17902318692011e+04
9.19000000000000e+00	8.02349277868601e+04
9.20000000000000e+00	7.86969757045009e+04
9.21000000000000e+00	7.71846944012074e+04
9.22000000000000e+00	7.57065874388773e+04
9.23000000000000e+00	7.42698117286017e+04
9.24000000000000e+00	7.28788795979792e+04
9.25000000000000e+00	7.15354775466238e+04
9.26000000000000e+00	7.02384816797015e+04
9.27000000000000e+00	6.89847941688716e+04
9.28000000000000e+00	6.77692017447860e+04
9.29000000000000e+00	6.65851676660302e+04
9.30000000000000e+00	6.54257453871313e+04
9.31000000000000e+00	6.42837936823844e+04
9.32000000000000e+00	6.31532032674432e+04
9.33000000000000e+00	6.20282527850550e+04
9.34000000000000e+00	6.09047472450367e+04
9.35000000000000e+00	5.97782608809512e+04
9.36000000000000e+00	5.86478784521732e+04
9.37000000000000e+00	5.75121471614177e+04
9.38000000000000e+00	5.63720098197012e+04
9.39000000000000e+00	5.52298221824740e+04
9.40000000000000e+00	5.40882768199175e+04
9.41000000000000e+00	5.29511919864550e+04
9.42000000000000e+00	5.18227226853262e+04
9.43000000000000e+00	5.07086782848178e+04
9.44000000000000e+00	4.96126633742538e+04
9.45000000000000e+00	4.85390028831585e+04
9.46000000000000e+00	4.74908820251713e+04
9.47000000000000e+00	4.64709104416079e+04
9.48000000000000e+00	4.54813044096821e+04
9.49000000000000e+00	4.45222568331757e+04
9.50000000000000e+00	4.35944926091754e+04
9.51000000000000e+00	4.26962803487603e+04
9.52000000000000e+00	4.18266730812694e+04
9.53000000000000e+00	4.09826618228103e+04
9.54000000000000e+00	4.01616825600170e+04
9.55000000000000e+00	3.93615875944019e+04
9.56000000000000e+00	3.85810012931488e+04
9.57000000000000e+00	3.78196645009280e+04
9.58000000000000e+00	3.70798079078185e+04
9.59000000000000e+00	3.63636281151405e+04
9.60000000000000e+00	3.56733531129756e+04
9.61000000000000e+00	3.50096666474603e+04
9.62000000000000e+00	3.43716661844918e+04
9.63000000000000e+00	3.37572241280423e+04
9.64000000000000e+00	3.31629134267116e+04
9.65000000000000e+00	3.25846311980629e+04
9.66000000000000e+00	3.20198227464335e+04
9.67000000000000e+00	3.14647197087634e+04
9.68000000000000e+00	3.09175082480165e+04
9.69000000000000e+00	3.03764654958167e+04
9.70000000000000e+00	2.98395903096851e+04
9.71000000000000e+00	2.93068041466721e+04
9.72000000000000e+00	2.87767760254469e+04
9.73000000000000e+00	2.82496819553964e+04
9.74000000000000e+00	2.77256838269384e+04
9.75000000000000e+00	2.72049173466085e+04
9.76000000000000e+00	2.66878677254399e+04
9.77000000000000e+00	2.61752927344356e+04
9.78000000000000e+00	2.56674563945051e+04
9.79000000000000e+00	2.51649102060063e+04
9.80000000000000e+00	2.46680433754637e+04
9.81000000000000e+00	2.41774941210322e+04
9.82000000000000e+00	2.36937802611002e+04
9.83000000000000e+00	2.32166971532698e+04
9.84000000000000e+00	2.27466290661554e+04
9.85000000000000e+00	2.22838065115092e+04
9.86000000000000e+00	2.18281805661226e+04
9.87000000000000e+00	2.13798755108602e+04
9.88000000000000e+00	2.09400153002320e+04
9.89000000000000e+00	2.05114537872043e+04
9.90000000000000e+00	2.01007217509627e+04
9.91000000000000e+00	1.97217057211271e+04
9.92000000000000e+00	1.94005480971416e+04
9.93000000000000e+00	1.91799982213933e+04
9.94000000000000e+00	1.91219310720010e+04
9.95000000000000e+00	1.93059366436191e+04
9.96000000000000e+00	1.98203103814582e+04
9.97000000000000e+00	2.07468400519408e+04
9.98000000000000e+00	2.21343253196729e+04
9.99000000000000e+00	2.39512853283259e+04
1.00000000000000e+01	2.60284583709661e+04
1.00100000000000e+01	2.79993619262630e+04
1.00200000000000e+01	2.92294384656737e+04
1.00300000000000e+01	2.89567309481577e+04
1.00400000000000e+01	2.67652892832570e+04
1.00500000000000e+01	2.30258872137478e+04
1.00600000000000e+01	1.86822725346766e+04
1.00700000000000e+01	1.45976644191545e+04
1.00800000000000e+01	1.12010391574710e+04
1.00900000000000e+01	8.55927696329428e+03
1.01000000000000e+01	6.56879117584229e+03
1.01100000000000e+01	5.08573121414148e+03
1.01200000000000e+01	3.98019993567678e+03
1.01300000000000e+01	3.15063009969109e+03
1.01400000000000e+01	2.52195381075685e+03
1.01500000000000e+01	2.04034954864092e+03
1.01600000000000e+01	1.66719468935877e+03
1.01700000000000e+01	1.37484826916994e+03
1.01800000000000e+01	1.14337507603800e+03
1.01900000000000e+01	9.58244869843737e+02
1.02000000000000e+01	8.08819277023894e+02
1.02100000000000e+01	6.87151866959743e+02
1.02200000000000e+01	5.87273680202351e+02
1.02300000000000e+01	5.04683106563402e+02
1.02400000000000e+01	4.35910290456273e+02
1.02500000000000e+01	3.78277309355126e+02
1.02600000000000e+01	3.29684980963448e+02
1.02700000000000e+01	2.88499936343318e+02
1.02800000000000e+01	2.53401725070559e+02
1.02900000000000e+01	2.23355809947862e+02
1.03000000000000e+01	1.97519894841191e+02
1.03100000000000e+01	1.75204073292546e+02
1.03200000000000e+01	1.55858307786751e+02
1.03300000000000e+01	1.39024563212593e+02
1.03400000000000e+01	1.24323680891740e+02
1.03500000000000e+01	1.11444031304556e+02
1.03600000000000e+01	1.00123510616132e+02
1.03700000000000e+01	9.01443628410003e+01
1.03800000000000e+01	8.13221508074830e+01
1.03900000000000e+01	7.35023100544463e+01
1.04000000000000e+01	6.65525186437178e+01
1.04100000000000e+01	6.03611355603814e+01
1.04200000000000e+01	5.48330334538634e+01
1.04300000000000e+01	4.98858706088085e+01
1.04400000000000e+01	4.54499996940077e+01
1.04500000000000e+01	4.14647632431060e+01
1.04600000000000e+01	3.78775970284079e+01
1.04700000000000e+01	3.46432356370663e+01
1.04800000000000e+01	3.17221311764640e+01
1.04900000000000e+01	2.90799289311488e+01
1.05000000000000e+01	2.66863659942712e+01
1.05100000000000e+01	2.45150227071020e+01
1.05200000000000e+01	2.25425598313353e+01
1.05300000000000e+01	2.07482202597643e+01
1.05400000000000e+01	1.91140287543970e+01
1.05500000000000e+01	1.76238493094197e+01
1.05600000000000e+01	1.62633805529716e+01
1.05700000000000e+01	1.50197972054768e+01
1.05800000000000e+01	1.38817873159122e+01
1.05900000000000e+01	1.28393141509565e+01
1.06000000000000e+01	1.18833179710363e+01
1.06100000000000e+01	1.10057682390388e+01
1.06200000000000e+01	1.01994051545516e+01
1.06300000000000e+01	9.45775063738349e+00
1.06400000000000e+01	8.77501603804286e+00
1.06500000000000e+01	8.14591693866988e+00
1.06600000000000e+01	7.56575544164849e+00
1.06700000000000e+01	7.03031460995464e+00
1.06800000000000e+01	6.53569939621663e+00
1.06900000000000e+01	6.07850381687950e+00
1.07000000000000e+01	5.65554996102749e+00
1.07100000000000e+01	5.26401956095297e+00
1.07200000000000e+01	4.90133250393425e+00
1.07300000000000e+01	4.56519106020690e+00
1.07400000000000e+01	4.25344375988649e+00
1.07500000000000e+01	3.96416970716017e+00
1.07600000000000e+01	3.69564798829656e+00
1.07700000000000e+01	3.44623825256369e+00
1.07800000000000e+01	3.21449718065143e+00
1.07900000000000e+01	2.99909857078458e+00
1.08000000000000e+01	2.79879291341181e+00
1.08100000000000e+01	2.61245228987282e+00
1.08200000000000e+01	2.43903162318072e+00
1.08300000000000e+01	2.27757461459443e+00
1.08400000000000e+01	2.12718609820058e+00
1.08500000000000e+01	1.98704931300896e+00
1.08600000000000e+01	1.85641567280881e+00
1.08700000000000e+01	1.73459528038065e+00
1.08800000000000e+01	1.62093184404762e+00
1.08900000000000e+01	1.51484381406426e+00
1.09000000000000e+01	1.41578954478367e+00
1.09100000000000e+01	1.32326512373278e+00
1.09200000000000e+01	1.23680554055405e+00
1.09300000000000e+01	1.15598406751834e+00
1.09400000000000e+01	1.08040818471143e+00
1.09500000000000e+01	1.00972507913697e+00
1.09600000000000e+01	9.43586238934182e-01
1.09700000000000e+01	8.81691965946251e-01
1.09800000000000e+01	8.23758780897408e-01
1.09900000000000e+01	7.69513878729931e-01
1.10000000000000e+01	7.18730985388190e-01
1.10100000000000e+01	6.71170947457176e-01
1.10200000000000e+01	6.26642153748798e-01
1.10300000000000e+01	5.84942008398211e-01
1.10400000000000e+01	5.45900316873909e-01
1.10500000000000e+01	5.09350972909634e-01
1.10600000000000e+01	4.75143125093243e-01
1.10700000000000e+01	4.43127292582922e-01
1.10800000000000e+01	4.13166286052731e-01
1.10900000000000e+01	3.85140241400712e-01
1.11000000000000e+01	3.58921899323704e-01
1.11100000000000e+01	3.34399921452105e-01
1.11200000000000e+01	3.11460506542846e-01
1.11300000000000e+01	2.90005861833250e-01
1.11400000000000e+01	2.69939937837319e-01
1.11500000000000e+01	2.51169764087111e-01
1.11600000000000e+01	2.33609249021593e-01
1.11700000000000e+01	2.17181675961967e-01
1.11800000000000e+01	2.01812174694928e-01
1.11900000000000e+01	1.87432865978313e-01
1.12000000000000e+01	1.73976586945464e-01
1.12100000000000e+01	1.61387662621665e-01
1.12200000000000e+01	1.49609688779525e-01
1.12300000000000e+01	1.38590421906638e-01
1.12400000000000e+01	1.28283851982949e-01
1.12500000000000e+01	1.18645475329434e-01
1.12600000000000e+01	1.09634590983304e-01
1.12700000000000e+01	1.01212755012269e-01
1.12800000000000e+01	9.33449334635357e-02
1.12900000000000e+01	8.59954067870322e-02
1.13000000000000e+01	7.91357994821365e-02
1.13100000000000e+01	7.27348141041583e-02
1.13200000000000e+01	6.67658620560845e-02
1.13300000000000e+01	6.12023702965490e-02
1.13400000000000e+01	5.60194871850920e-02
1.13500000000000e+01	5.11959342829474e-02
1.13600000000000e+01	4.67085897972960e-02
1.13700000000000e+01	4.25373708318668e-02
1.13800000000000e+01	3.86640751090224e-02
1.13900000000000e+01	3.50704453215091e-02
1.14000000000000e+01	3.17400790793225e-02
1.14100000000000e+01	2.86563798055134e-02
1.14200000000000e+01	2.58048714313221e-02
1.14300000000000e+01	2.31711230744721e-02
1.14400000000000e+01	2.07428285653250e-02
1.14500000000000e+01	1.85072909085677e-02
1.14600000000000e+01	1.64522545497288e-02
1.14700000000000e+01	1.45669797631356e-02
1.14800000000000e+01	1.28409765492796e-02
1.14900000000000e+01	1.12644476844960e-02
1.15000000000000e+01	9.82810636584119e-03
1.15100000000000e+01	8.52313347565238e-03
1.15200000000000e+01	7.34131218522603e-03
1.15300000000000e+01	6.27488892525607e-03
1.15400000000000e+01	5.31649745052056e-03
1.15500000000000e+01	4.45929109027794e-03
1.15600000000000e+01	3.69673949202281e-03
1.15700000000000e+01	3.02266174509893e-03
1.15800000000000e+01	2.43128391289041e-03
1.15900000000000e+01	1.91708991925356e-03
1.16000000000000e+01	1.47490365266159e-03
1.16100000000000e+01	1.09985016489793e-03
1.16200000000000e+01	7.87315489832763e-04
1.16300000000000e+01	5.32969889997028e-04
1.16400000000000e+01	3.32734875002693e-04
1.16500000000000e+01	1.82792498978548e-04
1.16600000000000e+01	7.95621338221156e-05
1.16700000000000e+01	1.96819323336333e-05
1.16800000000000e+01	4.46309887950894e-09
1.16900000000000e+01	1.75749100825935e-05
1.17000000000000e+01	6.96159102650383e-05
1.17100000000000e+01	1.53513558843639e-04
1.17200000000000e+01	2.66797065925235e-04
1.17300000000000e+01	4.07138270331636e-04
1.17400000000000e+01	5.72330633702911e-04
1.17500000000000e+01	7.60283807113005e-04
1.17600000000000e+01	9.69024040369749e-04
1.17700000000000e+01	1.19667652354846e-03
1.17800000000000e+01	1.44149683153250e-03
1.17900000000000e+01	1.70183183612777e-03
1.18000000000000e+01	1.97613045722868e-03
1.18100000000000e+01	2.26296521950965e-03
1.18200000000000e+01	2.56101309755284e-03
1.18300000000000e+01	2.86901962048036e-03
1.18400000000000e+01	3.18585460253653e-03
1.18500000000000e+01	3.51045094913595e-03
1.18600000000000e+01	3.84183383875401e-03
1.18700000000000e+01	4.17911860857841e-03
1.18800000000000e+01	4.52139649559056e-03
1.18900000000000e+01	4.86793171395276e-03
1.19000000000000e+01	5.21792288169868e-03
1.19100000000000e+01	5.57069338807466e-03
1.19200000000000e+01	5.92554104052585e-03
1.19300000000000e+01	6.28185724519992e-03
1.19400000000000e+01	6.63898164431523e-03
1.19500000000000e+01	6.99635665484379e-03
1.19600000000000e+01	7.35342506869974e-03
1.19700000000000e+01	7.70973162203538e-03
1.19800000000000e+01	8.06451319873329e-03
1.19900000000000e+01	8.41756439855715e-03
1.20000000000000e+01	8.76820458069860e-03
1.20100000000000e+01	9.11603707214978e-03
1.20200000000000e+01	9.46094986198569e-03
1.20300000000000e+01	9.80224071903727e-03
1.20400000000000e+01	1.01399174805410e-02
1.20500000000000e+01	1.04734780741162e-02
1.20600000000000e+01	1.08027958855174e-02
1.20700000000000e+01	1.11277415355704e-02
1.20800000000000e+01	1.14484116770742e-02
1.20900000000000e+01	1.17643571228159e-02
1.21000000000000e+01	1.20757124327798e-02
1.21100000000000e+01	1.23826369858998e-02
1.21200000000000e+01	1.26849017109715e-02
1.21300000000000e+01	1.29827784286546e-02
1.21400000000000e+01	1.32760308666440e-02
1.21500000000000e+01	1.35647943747076e-02
1.21600000000000e+01	1.38488649803531e-02
1.21700000000000e+01	1.41284682638999e-02
1.21800000000000e+01	1.44034018466044e-02
1.21900000000000e+01	1.46736550103631e-02
1.22000000000000e+01	1.49387847475639e-02
1.22100000000000e+01	1.51988589281563e-02
1.22200000000000e+01	1.54538023359456e-02
1.22300000000000e+01	1.57032627308973e-02
1.22400000000000e+01	1.59471600214450e-02
1.22500000000000e+01	1.61853197466082e-02
1.22600000000000e+01	1.64174232825254e-02
1.22700000000000e+01	1.66435742274788e-02
1.22800000000000e+01	1.68630771117813e-02
1.22900000000000e+01	1.70765099114950e-02
1.23000000000000e+01	1.72829263297862e-02
1.23100000000000e+01	1.74826587102395e-02
1.23200000000000e+01	1.76754816260595e-02
1.23300000000000e+01	1.78612073099814e-02
1.23400000000000e+01	1.80398606391624e-02
1.23500000000000e+01	1.82115551626894e-02
1.23600000000000e+01	1.83760631174283e-02
1.23700000000000e+01	1.85334693258479e-02
1.23800000000000e+01	1.86839144877075e-02
1.23900000000000e+01	1.88276452126861e-02
1.24000000000000e+01	1.89648848009971e-02
1.24100000000000e+01	1.90959962865004e-02
1.24200000000000e+01	1.92209562929655e-02
1.24300000000000e+01	1.93400583741983e-02
1.24400000000000e+01	1.94538903778983e-02
1.24500000000000e+01	1.95622053862971e-02
1.24600000000000e+01	1.96654686560793e-02
1.24700000000000e+01	1.97638233070419e-02
1.24800000000000e+01	1.98574497997212e-02
1.24900000000000e+01	1.99462692376191e-02
1.25000000000000e+01	2.00306901696499e-02
1.25100000000000e+01	2.01108160096086e-02
1.25200000000000e+01	2.01865512526480e-02
1.25300000000000e+01	2.02582390107679e-02
1.25400000000000e+01	2.03260373881577e-02
1.25500000000000e+01	2.03900696138357e-02
1.25600000000000e+01	2.04504490003292e-02
1.25700000000000e+01	2.05074207529507e-02
1.25800000000000e+01	2.05609594634016e-02
1.25900000000000e+01	2.06113976950489e-02
1.26000000000000e+01	2.06587802265317e-02
1.26100000000000e+01	2.07029541933017e-02
1.26200000000000e+01	2.07442493089135e-02
1.26300000000000e+01	2.07823951936209e-02
1.26400000000000e+01	2.08176205874269e-02
1.26500000000000e+01	2.08497914837595e-02
1.26600000000000e+01	2.08792766047107e-02
1.26700000000000e+01	2.09057068570441e-02
1.26800000000000e+01	2.09293076745671e-02
1.26900000000000e+01	2.09501337882978e-02
1.27000000000000e+01	2.09685835774026e-02
1.27100000000000e+01	2.09843911406596e-02
1.27200000000000e+01	2.09980922416061e-02
1.27300000000000e+01	2.10095554666701e-02
1.27400000000000e+01	2.10189748172495e-02
1.27500000000000e+01	2.10266554616695e-02
1.27600000000000e+01	2.10324669865654e-02
1.27700000000000e+01	2.10367000568857e-02
1.27800000000000e+01	2.10395070537004e-02
1.27900000000000e+01	2.10406152610760e-02
1.28000000000000e+01	2.10401515082836e-02
1.28100000000000e+01	2.10381372540810e-02
1.28200000000000e+01	2.10347324762512e-02
1.28300000000000e+01	2.10296583443227e-02
1.28400000000000e+01	2.10231055843564e-02
1.28500000000000e+01	2.10149447081286e-02
1.28600000000000e+01	2.10052275235885e-02
1.28700000000000e+01	2.09942316113141e-02
1.28800000000000e+01	2.09814702568940e-02
1.28900000000000e+01	2.09673692096534e-02
1.29000000000000e+01	2.09518235785552e-02
1.29100000000000e+01	2.09348412071779e-02
1.29200000000000e+01	2.09164662714469e-02
1.29300000000000e+01	2.08967085100010e-02
1.29400000000000e+01	2.08755816816265e-02
1.29500000000000e+01	2.08531159836865e-02
1.29600000000000e+01	2.08292013289228e-02
1.29700000000000e+01	2.08039996938474e-02
1.29800000000000e+01	2.07773917527898e-02
1.29900000000000e+01	2.07495755752137e-02
1.30000000000000e+01	2.07204132882060e-02
1.30100000000000e+01	2.06900720051396e-02
1.30200000000000e+01	2.06584658281601e-02
1.30300000000000e+01	2.06259629855303e-02
1.30400000000000e+01	2.05921997794501e-02
1.30500000000000e+01	2.05572962337534e-02
1.30600000000000e+01	2.05213619604892e-02
1.30700000000000e+01	2.04842387066711e-02
1.30800000000000e+01	2.04456689978200e-02
1.30900000000000e+01	2.04058926553074e-02
1.31000000000000e+01	2.03645080960451e-02
1.31100000000000e+01	2.03216696165830e-02
1.31200000000000e+01	2.02768751122176e-02
1.31300000000000e+01	2.02304253862443e-02
1.31400000000000e+01	2.01821089084153e-02
1.31500000000000e+01	2.01318995960862e-02
1.31600000000000e+01	2.00798573642376e-02
1.31700000000000e+01	2.00261779510684e-02
1.31800000000000e+01	1.99707017417809e-02
1.31900000000000e+01	1.99138857465338e-02
1.32000000000000e+01	1.98556272261454e-02
1.32100000000000e+01	1.97961020040892e-02
1.32200000000000e+01	1.97354645413830e-02
1.32300000000000e+01	1.96737302646575e-02
1.32400000000000e+01	1.96110309617722e-02
1.32500000000000e+01	1.95473356982861e-02
1.32600000000000e+01	1.94824275603914e-02
1.32700000000000e+01	1.94165709020888e-02
1.32800000000000e+01	1.93496321221715e-02
1.32900000000000e+01	1.92816545975788e-02
1.33000000000000e+01	1.92125669734886e-02
1.33100000000000e+01	1.91423969832502e-02
1.33200000000000e+01	1.90712359585456e-02
1.33300000000000e+01	1.89991059678707e-02
1.33400000000000e+01	1.89264269798768e-02
1.33500000000000e+01	1.88530442178993e-02
1.33600000000000e+01	1.87790856953220e-02
1.33700000000000e+01	1.87047092110073e-02
1.33800000000000e+01	1.86302803323034e-02
1.33900000000000e+01	1.85555952629385e-02
1.34000000000000e+01	1.84808434247712e-02
1.34100000000000e+01	1.84060283133120e-02
1.34200000000000e+01	1.83312685038542e-02
1.34300000000000e+01	1.82564924748563e-02
1.34400000000000e+01	1.81818097955082e-02
1.34500000000000e+01	1.81070987577980e-02
1.34600000000000e+01	1.80322232149092e-02
1.34700000000000e+01	1.79572529537621e-02
1.34800000000000e+01	1.78823065188645e-02
1.34900000000000e+01	1.78071029894750e-02
1.35000000000000e+01	1.77317958751531e-02
1.35100000000000e+01	1.76560003889344e-02
1.35200000000000e+01	1.75800488162750e-02
1.35300000000000e+01	1.75036209830311e-02
1.35400000000000e+01	1.74269078403536e-02
1.35500000000000e+01	1.73494716709726e-02
1.35600000000000e+01	1.72716541788047e-02
1.35700000000000e+01	1.71931189835384e-02
1.35800000000000e+01	1.71140294975410e-02
1.35900000000000e+01	1.70341314366292e-02
1.36000000000000e+01	1.69536115854024e-02
1.36100000000000e+01	1.68723610768656e-02
1.36200000000000e+01	1.67903555569969e-02
1.36300000000000e+01	1.67075090594954e-02
1.36400000000000e+01	1.66240907881942e-02
1.36500000000000e+01	1.65401489003678e-02
1.36600000000000e+01	1.64555464941736e-02
1.36700000000000e+01	1.63706104660583e-02
1.36800000000000e+01	1.62853535715198e-02
1.36900000000000e+01	1.61998319475388e-02
1.37000000000000e+01	1.61142422891772e-02
1.37100000000000e+01	1.60287720232620e-02
1.37200000000000e+01	1.59433607674600e-02
1.37300000000000e+01	1.58585335575485e-02
1.37400000000000e+01	1.57740977078870e-02
1.37500000000000e+01	1.56903789911466e-02
1.37600000000000e+01	1.56073428305262e-02
1.37700000000000e+01	1.55250592765709e-02
1.37800000000000e+01	1.54436898763370e-02
1.37900000000000e+01	1.53630927054448e-02
1.38000000000000e+01	1.52834459234699e-02
1.38100000000000e+01	1.52045411637356e-02
1.38200000000000e+01	1.51263644253187e-02
1.38300000000000e+01	1.50487593866472e-02
1.38400000000000e+01	1.49718539379529e-02
1.38500000000000e+01	1.48953802116277e-02
1.38600000000000e+01	1.48193380427350e-02
1.38700000000000e+01	1.47435538434972e-02
1.38800000000000e+01	1.46681994206077e-02
1.38900000000000e+01	1.45928869032229e-02
1.39000000000000e+01	1.45177599541043e-02
1.39100000000000e+01	1.44427791738076e-02
1.39200000000000e+01	1.43678126438277e-02
1.39300000000000e+01	1.42928766368806e-02
1.39400000000000e+01	1.42179826227651e-02
1.39500000000000e+01	1.41431293383501e-02
1.39600000000000e+01	1.40681408521649e-02
1.39700000000000e+01	1.39931342375510e-02
1.39800000000000e+01	1.39181286719248e-02
1.39900000000000e+01	1.38431072790957e-02
1.40000000000000e+01	1.37680689588621e-02
1.40100000000000e+01	1.36930537364081e-02
1.40200000000000e+01	1.36180355170868e-02
1.40300000000000e+01	1.35431826812224e-02
1.40400000000000e+01	1.34685605256270e-02
1.40500000000000e+01	1.33940780440781e-02
1.40600000000000e+01	1.33198949257445e-02
1.40700000000000e+01	1.32460554796961e-02
1.40800000000000e+01	1.31725476978951e-02
1.40900000000000e+01	1.30994867050999e-02
1.41000000000000e+01	1.30267499156898e-02
1.41100000000000e+01	1.29545157401451e-02
1.41200000000000e+01	1.28826120895237e-02
1.41300000000000e+01	1.28111020429467e-02
1.41400000000000e+01	1.27398804280093e-02
1.41500000000000e+01	1.26688590213450e-02
1.41600000000000e+01	1.25980168584228e-02
1.41700000000000e+01	1.25272055240447e-02
1.41800000000000e+01	1.24563816905949e-02
1.41900000000000e+01	1.23855914174967e-02
1.42000000000000e+01	1.23146976447733e-02
1.42100000000000e+01	1.22436772845202e-02
1.42200000000000e+01	1.21727691383935e-02
1.42300000000000e+01	1.21017667264416e-02
1.42400000000000e+01	1.20307540759924e-02
1.42500000000000e+01	1.19599385211930e-02
1.42600000000000e+01	1.18892076618224e-02
1.42700000000000e+01	1.18187575000985e-02
1.42800000000000e+01	1.17487388039076e-02
1.42900000000000e+01	1.16789417102633e-02
1.43000000000000e+01	1.16096474556731e-02
1.43100000000000e+01	1.15408000088123e-02
1.43200000000000e+01	1.14723293530181e-02
1.43300000000000e+01	1.14043608669300e-02
1.43400000000000e+01	1.13367831482858e-02
1.43500000000000e+01	1.12697254520601e-02
1.43600000000000e+01	1.12030431699610e-02
1.43700000000000e+01	1.11366956343362e-02
1.43800000000000e+01	1.10708017908486e-02
1.43900000000000e+01	1.10052801671225e-02
1.44000000000000e+01	1.09403083552888e-02
1.44100000000000e+01	1.08755760265066e-02
1.44200000000000e+01	1.08113966779965e-02
1.44300000000000e+01	1.07475782793361e-02
1.44400000000000e+01	1.06843395469241e-02
1.44500000000000e+01	1.06215002590716e-02
1.44600000000000e+01	1.05591616997033e-02
1.44700000000000e+01	1.04972955281236e-02
1.44800000000000e+01	1.04358655728396e-02
1.44900000000000e+01	1.03749630905861e-02
1.45000000000000e+01	1.03144436271831e-02
1.45100000000000e+01	1.02544616146795e-02
1.45200000000000e+01	1.01948380949852e-02
1.45300000000000e+01	1.01356100477521e-02
1.45400000000000e+01	1.00768931707398e-02
1.45500000000000e+01	1.00184322607576e-02
1.45600000000000e+01	9.96034085653636e-03
1.45700000000000e+01	9.90266661921258e-03
1.45800000000000e+01	9.84515705781350e-03
1.45900000000000e+01	9.78812891536865e-03
1.46000000000000e+01	9.73126282490342e-03
1.46100000000000e+01	9.67464318938386e-03
1.46200000000000e+01	9.61838937363471e-03
1.46300000000000e+01	9.56227195246794e-03
1.46400000000000e+01	9.50649585735810e-03
1.46500000000000e+01	9.45101637223580e-03
1.46600000000000e+01	9.39565221133365e-03
1.46700000000000e+01	9.34068275276009e-03
1.46800000000000e+01	9.28598139332584e-03
1.46900000000000e+01	9.23163067463454e-03
1.47000000000000e+01	9.17763478025994e-03
1.47100000000000e+01	9.12390933792560e-03
1.47200000000000e+01	9.07056550914933e-03
1.47300000000000e+01	9.01754398418889e-03
1.47400000000000e+01	8.96492284273808e-03
1.47500000000000e+01	8.91268727979852e-03
1.47600000000000e+01	8.86078431975737e-03
1.47700000000000e+01	8.80924260491792e-03
1.47800000000000e+01	8.75793633728328e-03
1.47900000000000e+01	8.70697934142036e-03
1.48000000000000e+01	8.65624145153496e-03
1.48100000000000e+01	8.60569055898066e-03
1.48200000000000e+01	8.55547037875519e-03
1.48300000000000e+01	8.50532577026976e-03
1.48400000000000e+01	8.45536373548812e-03
1.48500000000000e+01	8.40559699858035e-03
1.48600000000000e+01	8.35592271068891e-03
1.48700000000000e+01	8.30642250784622e-03
1.48800000000000e+01	8.25702285953327e-03
1.48900000000000e+01	8.20771227756469e-03
1.49000000000000e+01	8.15859630900559e-03
1.49100000000000e+01	8.10961020637696e-03
1.49200000000000e+01	8.06076984606580e-03
1.49300000000000e+01	8.01214504191915e-03
1.49400000000000e+01	7.96367276698586e-03
1.49500000000000e+01	7.91539544244500e-03
1.49600000000000e+01	7.86738150405038e-03
1.49700000000000e+01	7.81962707028338e-03
1.49800000000000e+01	7.77213514643356e-03
1.49900000000000e+01	7.72496539706107e-03
1.50000000000000e+01	7.67805440794859e-03
1.50100000000000e+01	7.63152196776209e-03
1.50200000000000e+01	7.58525515897049e-03
1.50300000000000e+01	7.53932380796084e-03
1.50400000000000e+01	7.49373595955096e-03
1.50500000000000e+01	7.44845739642482e-03
1.50600000000000e+01	7.40350308535530e-03
1.50700000000000e+01	7.35877765304425e-03
1.50800000000000e+01	7.31432472525591e-03
1.50900000000000e+01	7.27020981440050e-03
1.51000000000000e+01	7.22623566041262e-03
1.51100000000000e+01	7.18252180084359e-03
1.51200000000000e+01	7.13903833065915e-03
1.51300000000000e+01	7.09566024846471e-03
1.51400000000000e+01	7.05254358772459e-03
1.51500000000000e+01	7.00951306365049e-03
1.51600000000000e+01	6.96665992947621e-03
1.51700000000000e+01	6.92395333945999e-03
1.51800000000000e+01	6.88146638966176e-03
1.51900000000000e+01	6.83910640266878e-03
1.52000000000000e+01	6.79696418892230e-03
1.52100000000000e+01	6.75500718827917e-03
1.52200000000000e+01	6.71331612642729e-03
1.52300000000000e+01	6.67179725441932e-03
1.52400000000000e+01	6.63044177816537e-03
1.52500000000000e+01	6.58931420722038e-03
1.52600000000000e+01	6.54832573518278e-03
1.52700000000000e+01	6.50748983397577e-03
1.52800000000000e+01	6.46678505793560e-03
1.52900000000000e+01	6.42607551982672e-03
1.53000000000000e+01	6.38534254947198e-03
1.53100000000000e+01	6.34451118847612e-03
1.53200000000000e+01	6.30358523558345e-03
1.53300000000000e+01	6.26251537382271e-03
1.53400000000000e+01	6.22113565282694e-03
1.53500000000000e+01	6.17947245725573e-03
1.53600000000000e+01	6.13760048044620e-03
1.53700000000000e+01	6.09534817657786e-03
1.53800000000000e+01	6.05275385446378e-03
1.53900000000000e+01	6.00991707633204e-03
1.54000000000000e+01	5.96677919968944e-03
1.54100000000000e+01	5.92345884292333e-03
1.54200000000000e+01	5.87993496824007e-03
1.54300000000000e+01	5.83640433197095e-03
1.54400000000000e+01	5.79286120553912e-03
1.54500000000000e+01	5.74946866200547e-03
1.54600000000000e+01	5.70630621027979e-03
1.54700000000000e+01	5.66357283453046e-03
1.54800000000000e+01	5.62132641143786e-03
1.54900000000000e+01	5.57971860466420e-03
1.55000000000000e+01	5.53885329757295e-03
1.55100000000000e+01	5.49889461852720e-03
1.55200000000000e+01	5.45989995433743e-03
1.55300000000000e+01	5.42196140344360e-03
1.55400000000000e+01	5.38502038940429e-03
1.55500000000000e+01	5.34919772944150e-03
1.55600000000000e+01	5.31435710674138e-03
1.55700000000000e+01	5.28051948831920e-03
1.55800000000000e+01	5.24762556160187e-03
1.55900000000000e+01	5.21556916996719e-03
1.56000000000000e+01	5.18418960100252e-03
1.56100000000000e+01	5.15346548828980e-03
1.56200000000000e+01	5.12323266143065e-03
1.56300000000000e+01	5.09344278390636e-03
1.56400000000000e+01	5.06395382979164e-03
1.56500000000000e+01	5.03464336067833e-03
1.56600000000000e+01	5.00546731354794e-03
1.56700000000000e+01	4.97636892026809e-03
1.56800000000000e+01	4.94728905777257e-03
1.56900000000000e+01	4.91815797621251e-03
1.57000000000000e+01	4.88892871542360e-03
1.57100000000000e+01	4.85959994117926e-03
1.57200000000000e+01	4.83017260042586e-03
1.57300000000000e+01	4.80062976912954e-03
1.57400000000000e+01	4.77095469782712e-03
1.57500000000000e+01	4.74121226374213e-03
1.57600000000000e+01	4.71138869879794e-03
1.57700000000000e+01	4.68153188845094e-03
1.57800000000000e+01	4.65167901074931e-03
1.57900000000000e+01	4.62193530444137e-03
1.58000000000000e+01	4.59229373549080e-03
1.58100000000000e+01	4.56280639509878e-03
1.58200000000000e+01	4.53356008495444e-03
1.58300000000000e+01	4.50463703546087e-03
1.58400000000000e+01	4.47603710795680e-03
1.58500000000000e+01	4.44782164368067e-03
1.58600000000000e+01	4.42004669233604e-03
1.58700000000000e+01	4.39270300646321e-03
1.58800000000000e+01	4.36579526301737e-03
1.58900000000000e+01	4.33937604884895e-03
1.59000000000000e+01	4.31340290797547e-03
1.59100000000000e+01	4.28786588420050e-03
1.59200000000000e+01	4.26270861998535e-03
1.59300000000000e+01	4.23792843491952e-03
1.59400000000000e+01	4.21350774088312e-03
1.59500000000000e+01	4.18932108629984e-03
1.59600000000000e+01	4.16535874526368e-03
1.59700000000000e+01	4.14165150956146e-03
1.59800000000000e+01	4.11810167276574e-03
1.59900000000000e+01	4.09463930066801e-03
1.60000000000000e+01	4.07135579709314e-03
1.60100000000000e+01	4.04814500350295e-03
1.60200000000000e+01	4.02503504623301e-03
1.60300000000000e+01	4.00198801137597e-03
1.60400000000000e+01	3.97903314376615e-03
1.60500000000000e+01	3.95616688055462e-03
1.60600000000000e+01	3.93338552487791e-03
1.60700000000000e+01	3.91065314944902e-03
1.60800000000000e+01	3.88798951704686e-03
1.60900000000000e+01	3.86543838341708e-03
1.61000000000000e+01	3.84298104228917e-03
1.61100000000000e+01	3.82059895170104e-03
1.61200000000000e+01	3.79833933074648e-03
1.61300000000000e+01	3.77614284160628e-03
1.61400000000000e+01	3.75410137246237e-03
1.61500000000000e+01	3.73216467323382e-03
1.61600000000000e+01	3.71032120148784e-03
1.61700000000000e+01	3.68863442712039e-03
1.61800000000000e+01	3.66706012833700e-03
1.61900000000000e+01	3.64568078918870e-03
1.62000000000000e+01	3.62441520446424e-03
1.62100000000000e+01	3.60339254389766e-03
1.62200000000000e+01	3.58251346552364e-03
1.62300000000000e+01	3.56183620039118e-03
1.62400000000000e+01	3.54139194718667e-03
1.62500000000000e+01	3.52116796901090e-03
1.62600000000000e+01	3.50112443305899e-03
1.62700000000000e+01	3.48131372273800e-03
1.62800000000000e+01	3.46169934445043e-03
1.62900000000000e+01	3.44228255190516e-03
1.63000000000000e+01	3.42305282217521e-03
1.63100000000000e+01	3.40393647637946e-03
1.63200000000000e+01	3.38497762415164e-03
1.63300000000000e+01	3.36608477210014e-03
1.63400000000000e+01	3.34725465130163e-03
1.63500000000000e+01	3.32848392509029e-03
1.63600000000000e+01	3.30969466085517e-03
1.63700000000000e+01	3.29088478615344e-03
1.63800000000000e+01	3.27203150307682e-03
1.63900000000000e+01	3.25306142484314e-03
1.64000000000000e+01	3.23401474575445e-03
1.64100000000000e+01	3.21484460044213e-03
1.64200000000000e+01	3.19554876309056e-03
1.64300000000000e+01	3.17614234788814e-03
1.64400000000000e+01	3.15661844836687e-03
1.64500000000000e+01	3.13697347035869e-03
1.64600000000000e+01	3.11725971873559e-03
1.64700000000000e+01	3.09752077226672e-03
1.64800000000000e+01	3.07774171344433e-03
1.64900000000000e+01	3.05802046523538e-03
1.65000000000000e+01	3.03839707688032e-03
1.65100000000000e+01	3.01884703632703e-03
1.65200000000000e+01	2.99944192579833e-03
1.65300000000000e+01	2.98023785241323e-03
1.65400000000000e+01	2.96122890681639e-03
1.65500000000000e+01	2.94246560790207e-03
1.65600000000000e+01	2.92394290577472e-03
1.65700000000000e+01	2.90565834071612e-03
1.65800000000000e+01	2.88764804760124e-03
1.65900000000000e+01	2.86990182185603e-03
1.66000000000000e+01	2.85246025679384e-03
1.66100000000000e+01	2.83523545296840e-03
1.66200000000000e+01	2.81828491563322e-03
1.66300000000000e+01	2.80158253008812e-03
1.66400000000000e+01	2.78512347147800e-03
1.66500000000000e+01	2.76889751062824e-03
1.66600000000000e+01	2.75289827940802e-03
1.66700000000000e+01	2.73711677953724e-03
1.66800000000000e+01	2.72154808602416e-03
1.66900000000000e+01	2.70615861860450e-03
1.67000000000000e+01	2.69095396719900e-03
1.67100000000000e+01	2.67589335033564e-03
1.67200000000000e+01	2.66101885364109e-03
1.67300000000000e+01	2.64626193258820e-03
1.67400000000000e+01	2.63162003310425e-03
1.67500000000000e+01	2.61709153225019e-03
1.67600000000000e+01	2.60265747548637e-03
1.67700000000000e+01	2.58826962359123e-03
1.67800000000000e+01	2.57394028830325e-03
1.67900000000000e+01	2.55968219642593e-03
1.68000000000000e+01	2.54543660966473e-03
1.68100000000000e+01	2.53120616744652e-03
1.68200000000000e+01	2.51702097267714e-03
1.68300000000000e+01	2.50283772634588e-03
1.68400000000000e+01	2.48865925109623e-03
1.68500000000000e+01	2.47451235317554e-03
1.68600000000000e+01	2.46039208552964e-03
1.68700000000000e+01	2.44628921303434e-03
1.68800000000000e+01	2.43223103033326e-03
1.68900000000000e+01	2.41819673039280e-03
1.69000000000000e+01	2.40423361542305e-03
1.69100000000000e+01	2.39030718167273e-03
1.69200000000000e+01	2.37643178557495e-03
1.69300000000000e+01	2.36260882719922e-03
1.69400000000000e+01	2.34886177374561e-03
1.69500000000000e+01	2.33515026971807e-03
1.69600000000000e+01	2.32152983989165e-03
1.69700000000000e+01	2.30796832973066e-03
1.69800000000000e+01	2.29449618068671e-03
1.69900000000000e+01	2.28111220776320e-03
1.70000000000000e+01	2.26782806271586e-03
1.70100000000000e+01	2.25467746717663e-03
1.70200000000000e+01	2.24166268497913e-03
1.70300000000000e+01	2.22877941670353e-03
1.70400000000000e+01	2.21605503270730e-03
1.70500000000000e+01	2.20349713288294e-03
1.70600000000000e+01	2.19110218027929e-03
1.70700000000000e+01	2.17888277800229e-03
1.70800000000000e+01	2.16682005530602e-03
1.70900000000000e+01	2.15492002362191e-03
1.71000000000000e+01	2.14317633846063e-03
1.71100000000000e+01	2.13159118877633e-03
1.71200000000000e+01	2.12010801486896e-03
1.71300000000000e+01	2.10874620137461e-03
1.71400000000000e+01	2.09751062158980e-03
1.71500000000000e+01	2.08636924444817e-03
1.71600000000000e+01	2.07529915745563e-03
1.71700000000000e+01	2.06433210494806e-03
1.71800000000000e+01	2.05341438714223e-03
1.71900000000000e+01	2.04259038023187e-03
1.72000000000000e+01	2.03182521560484e-03
1.72100000000000e+01	2.02113456140463e-03
1.72200000000000e+01	2.01051480363548e-03
1.72300000000000e+01	1.99993495343188e-03
1.72400000000000e+01	1.98944648157854e-03
1.72500000000000e+01	1.97899877145420e-03
1.72600000000000e+01	1.96862059661918e-03
1.72700000000000e+01	1.95829393628177e-03
1.72800000000000e+01	1.94802380164810e-03
1.72900000000000e+01	1.93780422482158e-03
1.73000000000000e+01	1.92763155424982e-03
1.73100000000000e+01	1.91751576746412e-03
1.73200000000000e+01	1.90744963741225e-03
1.73300000000000e+01	1.89741863655845e-03
1.73400000000000e+01	1.88741898070811e-03
1.73500000000000e+01	1.87747492807417e-03
1.73600000000000e+01	1.86756139006686e-03
1.73700000000000e+01	1.85767746669479e-03
1.73800000000000e+01	1.84783205882100e-03
1.73900000000000e+01	1.83801879824445e-03
1.74000000000000e+01	1.82826430917369e-03
1.74100000000000e+01	1.81852342973159e-03
1.74200000000000e+01	1.80882263652551e-03
1.74300000000000e+01	1.79915537101188e-03
1.74400000000000e+01	1.78954726833773e-03
1.74500000000000e+01	1.77995216346271e-03
1.74600000000000e+01	1.77040909554837e-03
1.74700000000000e+01	1.76090523346164e-03
1.74800000000000e+01	1.75144001713323e-03
1.74900000000000e+01	1.74198928385646e-03
1.75000000000000e+01	1.73258534170908e-03
1.75100000000000e+01	1.72321988165418e-03
1.75200000000000e+01	1.71387305086690e-03
1.75300000000000e+01	1.70454001749079e-03
1.75400000000000e+01	1.69521891633865e-03
1.75500000000000e+01	1.68593791488637e-03
1.75600000000000e+01	1.67665480641146e-03
1.75700000000000e+01	1.66739710145786e-03
1.75800000000000e+01	1.65814898266184e-03
1.75900000000000e+01	1.64892457052709e-03
1.76000000000000e+01	1.63971304204188e-03
1.76100000000000e+01	1.63054564015930e-03
1.76200000000000e+01	1.62138877290568e-03
1.76300000000000e+01	1.61229339866157e-03
1.76400000000000e+01	1.60321924967193e-03
1.76500000000000e+01	1.59420704314779e-03
1.76600000000000e+01	1.58525001721495e-03
1.76700000000000e+01	1.57635186685813e-03
1.76800000000000e+01	1.56751361454170e-03
1.76900000000000e+01	1.55875058611155e-03
1.77000000000000e+01	1.55003546087360e-03
1.77100000000000e+01	1.54139734964076e-03
1.77200000000000e+01	1.53281051394072e-03
1.77300000000000e+01	1.52428285280990e-03
1.77400000000000e+01	1.51582777204806e-03
1.77500000000000e+01	1.50740403500664e-03
1.77600000000000e+01	1.49904201459905e-03
1.77700000000000e+01	1.49071740844036e-03
1.77800000000000e+01	1.48244467189875e-03
1.77900000000000e+01	1.47422325477288e-03
1.78000000000000e+01	1.46600851008355e-03
1.78100000000000e+01	1.45785056715428e-03
1.78200000000000e+01	1.44972392932923e-03
1.78300000000000e+01	1.44161750411109e-03
1.78400000000000e+01	1.43354107728590e-03
1.78500000000000e+01	1.42550963243698e-03
1.78600000000000e+01	1.41750257820229e-03
1.78700000000000e+01	1.40952023843077e-03
1.78800000000000e+01	1.40156061474333e-03
1.78900000000000e+01	1.39363906250598e-03
1.79000000000000e+01	1.38575026606471e-03
1.79100000000000e+01	1.37788517140127e-03
1.79200000000000e+01	1.37003756994033e-03
1.79300000000000e+01	1.36223434214403e-03
1.79400000000000e+01	1.35442818832073e-03
1.79500000000000e+01	1.34665548160364e-03
1.79600000000000e+01	1.33888820525472e-03
1.79700000000000e+01	1.33115206936009e-03
1.79800000000000e+01	1.32341315883408e-03
1.79900000000000e+01	1.31571036028890e-03
1.80000000000000e+01	1.30803217089566e-03
1.80100000000000e+01	1.30040460346624e-03
1.80200000000000e+01	1.29280734604158e-03
1.80300000000000e+01	1.28528409934168e-03
1.80400000000000e+01	1.27783518853769e-03
1.80500000000000e+01	1.27046805562113e-03
1.80600000000000e+01	1.26318563549214e-03
1.80700000000000e+01	1.25602080611056e-03
1.80800000000000e+01	1.24895988092652e-03
1.80900000000000e+01	1.24201265312609e-03
1.81000000000000e+01	1.23517147841575e-03
1.81100000000000e+01	1.22844075307948e-03
1.81200000000000e+01	1.22181862222942e-03
1.81300000000000e+01	1.21528845889896e-03
1.81400000000000e+01	1.20882578469525e-03
1.81500000000000e+01	1.20244745227627e-03
1.81600000000000e+01	1.19612388629893e-03
1.81700000000000e+01	1.18986560282156e-03
1.81800000000000e+01	1.18362908639220e-03
1.81900000000000e+01	1.17744309138192e-03
1.82000000000000e+01	1.17128415968348e-03
1.82100000000000e+01	1.16513321819443e-03
1.82200000000000e+01	1.15901534576401e-03
1.82300000000000e+01	1.15290754118636e-03
1.82400000000000e+01	1.14680033937916e-03
1.82500000000000e+01	1.14070416267984e-03
1.82600000000000e+01	1.13461108256672e-03
1.82700000000000e+01	1.12852836965467e-03
1.82800000000000e+01	1.12243993048023e-03
1.82900000000000e+01	1.11635957162710e-03
1.83000000000000e+01	1.11030210896488e-03
1.83100000000000e+01	1.10423809700184e-03
1.83200000000000e+01	1.09820425597004e-03
1.83300000000000e+01	1.09218083128125e-03
1.83400000000000e+01	1.08618421139303e-03
1.83500000000000e+01	1.08022048456410e-03
1.83600000000000e+01	1.07429350465393e-03
1.83700000000000e+01	1.06840634893090e-03
1.83800000000000e+01	1.06257597583030e-03
1.83900000000000e+01	1.05679758659936e-03
1.84000000000000e+01	1.05108193191250e-03
1.84100000000000e+01	1.04543108876889e-03
1.84200000000000e+01	1.03985863517984e-03
1.84300000000000e+01	1.03436045698018e-03
1.84400000000000e+01	1.02894047182335e-03
1.84500000000000e+01	1.02360271952415e-03
1.84600000000000e+01	1.01833801799685e-03
1.84700000000000e+01	1.01315129721559e-03
1.84800000000000e+01	1.00804295912850e-03
1.84900000000000e+01	1.00299650986124e-03
1.85000000000000e+01	9.98007326286914e-04
1.85100000000000e+01	9.93077130685059e-04
1.85200000000000e+01	9.88188232581743e-04
1.85300000000000e+01	9.83340371541522e-04
1.85400000000000e+01	9.78524713068551e-04
1.85500000000000e+01	9.73734684636971e-04
1.85600000000000e+01	9.68963334294403e-04
1.85700000000000e+01	9.64203853683633e-04
1.85800000000000e+01	9.59455555646751e-04
1.85900000000000e+01	9.54713419663793e-04
1.86000000000000e+01	9.49976996810103e-04
1.86100000000000e+01	9.45244970327931e-04
1.86200000000000e+01	9.40517091577049e-04
1.86300000000000e+01	9.35788486138644e-04
1.86400000000000e+01	9.31065024047167e-04
1.86500000000000e+01	9.26348613198431e-04
1.86600000000000e+01	9.21641892689555e-04
1.86700000000000e+01	9.16945611390723e-04
1.86800000000000e+01	9.12257547954688e-04
1.86900000000000e+01	9.07587598781811e-04
1.87000000000000e+01	9.02931255813343e-04
1.87100000000000e+01	8.98292744891371e-04
1.87200000000000e+01	8.93671933274341e-04
1.87300000000000e+01	8.89070911012925e-04
1.87400000000000e+01	8.84488550336901e-04
1.87500000000000e+01	8.79921794058875e-04
1.87600000000000e+01	8.75372990206575e-04
1.87700000000000e+01	8.70846821730516e-04
1.87800000000000e+01	8.66333715738031e-04
1.87900000000000e+01	8.61836092365557e-04
1.88000000000000e+01	8.57350379719242e-04
1.88100000000000e+01	8.52883182693169e-04
1.88200000000000e+01	8.48427926266750e-04
1.88300000000000e+01	8.43980462872409e-04
1.88400000000000e+01	8.39542647675534e-04
1.88500000000000e+01	8.35118706738508e-04
1.88600000000000e+01	8.30698368288611e-04
1.88700000000000e+01	8.26279054246126e-04
1.88800000000000e+01	8.21869973357739e-04
1.88900000000000e+01	8.17465495032406e-04
1.89000000000000e+01	8.13064097505635e-04
1.89100000000000e+01	8.08661240556802e-04
1.89200000000000e+01	8.04262658021773e-04
1.89300000000000e+01	7.99871929955090e-04
1.89400000000000e+01	7.95483096302917e-04
1.89500000000000e+01	7.91101958320638e-04
1.89600000000000e+01	7.86731075299140e-04
1.89700000000000e+01	7.82368200290886e-04
1.89800000000000e+01	7.78025337600207e-04
1.89900000000000e+01	7.73703206813713e-04
1.90000000000000e+01	7.69398708873355e-04
1.90100000000000e+01	7.65119510637785e-04
1.90200000000000e+01	7.60870642540365e-04
1.90300000000000e+01	7.56644178432249e-04
1.90400000000000e+01	7.52444072660931e-04
1.90500000000000e+01	7.48266955171025e-04
1.90600000000000e+01	7.44109808326510e-04
1.90700000000000e+01	7.39967965356557e-04
1.90800000000000e+01	7.35838826564554e-04
1.90900000000000e+01	7.31712887884148e-04
1.91000000000000e+01	7.27595739788496e-04
1.91100000000000e+01	7.23480645585918e-04
1.91200000000000e+01	7.19375820152791e-04
1.91300000000000e+01	7.15280761185732e-04
1.91400000000000e+01	7.11206181018295e-04
1.91500000000000e+01	7.07165454807887e-04
1.91600000000000e+01	7.03165056698162e-04
1.91700000000000e+01	6.99219383394906e-04
1.91800000000000e+01	6.95339177504406e-04
1.91900000000000e+01	6.91536921061604e-04
1.92000000000000e+01	6.87815141817019e-04
1.92100000000000e+01	6.84183094095777e-04
1.92200000000000e+01	6.80640284755067e-04
1.92300000000000e+01	6.77181827374398e-04
1.92400000000000e+01	6.73799738678728e-04
1.92500000000000e+01	6.70490299010038e-04
1.92600000000000e+01	6.67239089386221e-04
1.92700000000000e+01	6.64041031412477e-04
1.92800000000000e+01	6.60880011671459e-04
1.92900000000000e+01	6.57748929460212e-04
1.93000000000000e+01	6.54640125478718e-04
1.93100000000000e+01	6.51549733844818e-04
1.93200000000000e+01	6.48466503772456e-04
1.93300000000000e+01	6.45390429679276e-04
1.93400000000000e+01	6.42318425315791e-04
1.93500000000000e+01	6.39249765190097e-04
1.93600000000000e+01	6.36182530099351e-04
1.93700000000000e+01	6.33116498920623e-04
1.93800000000000e+01	6.30053121870888e-04
1.93900000000000e+01	6.26991900484768e-04
1.94000000000000e+01	6.23929169009726e-04
1.94100000000000e+01	6.20873522931205e-04
1.94200000000000e+01	6.17820515719324e-04
1.94300000000000e+01	6.14768107618981e-04
1.94400000000000e+01	6.11722255841401e-04
1.94500000000000e+01	6.08680818479248e-04
1.94600000000000e+01	6.05639948321726e-04
1.94700000000000e+01	6.02607748550152e-04
1.94800000000000e+01	5.99576712099712e-04
1.94900000000000e+01	5.96553161428503e-04
1.95000000000000e+01	5.93532454792425e-04
1.95100000000000e+01	5.90519760861062e-04
1.95200000000000e+01	5.87510469295846e-04
1.95300000000000e+01	5.84509169549117e-04
1.95400000000000e+01	5.81510254078466e-04
1.95500000000000e+01	5.78517606433165e-04
1.95600000000000e+01	5.75535637483340e-04
1.95700000000000e+01	5.72556616757610e-04
1.95800000000000e+01	5.69587708523201e-04
1.95900000000000e+01	5.66629326795502e-04
1.96000000000000e+01	5.63678148280501e-04
1.96100000000000e+01	5.60738877175482e-04
1.96200000000000e+01	5.57811562169732e-04
1.96300000000000e+01	5.54901157674861e-04
1.96400000000000e+01	5.52000809801029e-04
1.96500000000000e+01	5.49115847200271e-04
1.96600000000000e+01	5.46245463940466e-04
1.96700000000000e+01	5.43393206551293e-04
1.96800000000000e+01	5.40553647138125e-04
1.96900000000000e+01	5.37728770758567e-04
1.97000000000000e+01	5.34887932588248e-04
1.97100000000000e+01	5.32058690834453e-04
1.97200000000000e+01	5.29208571971672e-04
1.97300000000000e+01	5.26311384232992e-04
1.97400000000000e+01	5.23318142394786e-04
1.97500000000000e+01	5.20141166583557e-04
1.97600000000000e+01	5.16646023084354e-04
1.97700000000000e+01	5.12613100947159e-04
1.97800000000000e+01	5.07706707944080e-04
1.97900000000000e+01	5.01426290687782e-04
1.98000000000000e+01	4.93068466555192e-04
1.98100000000000e+01	4.81661338779508e-04
1.98200000000000e+01	4.65959681290972e-04
1.98300000000000e+01	4.44452312976954e-04
1.98400000000000e+01	4.15468805050905e-04
1.98500000000000e+01	3.77411328097327e-04
1.98600000000000e+01	3.29145767748345e-04
1.98700000000000e+01	2.70588043257819e-04
1.98800000000000e+01	2.03509577482378e-04
1.98900000000000e+01	1.32457274427218e-04
1.99000000000000e+01	6.57003443850341e-05
1.99100000000000e+01	1.59784262334509e-05
1.99200000000000e+01	7.20636401039028e-07
1.99300000000000e+01	4.13513563572515e-05
1.99400000000000e+01	1.61225637035786e-04
1.99500000000000e+01	3.81804980798824e-04
1.99600000000000e+01	7.16936038256447e-04
1.99700000000000e+01	1.16572256880649e-03
1.99800000000000e+01	1.70546828911592e-03
1.99900000000000e+01	2.28744206234750e-03
2.00000000000000e+01	2.83901245643445e-03
