   1.99999996E-02   11990031.0       2188817.25       710005.062       113498.609    
   3.99999991E-02   1542428.00       172607.891       938589.062       150037.312    
   5.99999987E-02   42201.2227       15267.3770       1632777.50       261001.000    
   7.99999982E-02   87493.8672       7959.08691       355570.469       56835.9922    
  0.100000001       163942.938       4542.18359       3729.50928       596.117249    
  0.119999997       4635.28223       10.2816391       7744.18750       1237.76196    
  0.140000001       3642.23315       88.7624893       374.381592       59.8337936    
  0.159999996       821.919250       10.4650412       7226.98145       1154.92969    
  0.180000007       705.364136       77.9709167       1514.80664       242.058868    
  0.200000003       5678.71094      0.765623808       3517.78223       562.078186    
  0.219999999       707.643860       2.93806791       1238.67688       197.898819    
  0.239999995       1905.48132       3.56707621       628.129700       100.343422    
  0.259999990       3.08055043       64.7577896       24.3160439       3.88399076    
  0.280000001       3.63092613       46.3803864       4029.19287       643.506836    
  0.300000012       859.115356       26.1566200       1.84984660      0.295403570    
  0.319999993       42.7172318       63.5922127       71.9839859       11.4934454    
  0.340000004       163.304749       4.11244488       34.6710815       5.53491831    
  0.360000014       4.18772078       13.3713579       38.5017548       6.14543104    
  0.379999995       68.1856689       7.41725779      0.168646738       2.69137304E-02
  0.400000006       86.4470749       20.2079086       176.430527       28.1509514    
  0.419999987       25.9435444       14.5309401       97.5564804       15.5629625    
  0.439999998       281.477203       8.23952407E-02   16.5230713       2.63534856    
  0.460000008       356.847961       4.06920195      0.371245444       5.91989458E-02
  0.479999989       114.405449       2.44942236       29.0432148       4.63020134    
  0.500000000       362.830292       1.01030850       12.1311359       1.93357706    
  0.519999981       305.806641       1.19883156       2.65385556      0.422898293    
  0.540000021       195.757111      0.751140773      0.245698094       3.91430221E-02
  0.560000002       122.201683       8.14949703       102.485237       16.3229809    
  0.579999983       53.5320778       7.36348963       97.0342178       15.4506674    
  0.600000024       178.948654      0.454631478       17.2207890       2.74128151    
  0.620000005       24.5665894       4.09761953       3.73996831E-02   5.95174031E-03
  0.639999986       241.776123      0.427017748       30.6247997       4.87216139    
  0.660000026       49.3000107      0.592600942       5.45116282      0.866970718    
  0.680000007       58.1416283       2.73079371       3.40293407      0.541045964    
  0.699999988       144.942642       1.78381824      0.171505332       2.72595230E-02
  0.720000029       41.7294197       5.13045931       13.6863890       2.17463350    
  0.740000010       50.6739197       1.52755511       12.5621042       1.99529660    
  0.759999990       36.1164627      0.238431185       5.72415066      0.908871830    
  0.779999971       78.5323105      0.933670759      0.130959630       2.07858309E-02
  0.800000012       136.739349       8.53672531E-03  0.207115546       3.28610167E-02
  0.819999993       41.5422401      0.825633407       1.56577814      0.248334438    
  0.839999974       47.3055038       1.71499097      0.110718817       1.75530799E-02
  0.860000014       60.7214317      0.387558550      0.680847347      0.107896835    
  0.879999995       88.0828552      0.374082744       1.79442465      0.284253359    
  0.899999976       74.2475281      0.177739695       20.2267342       3.20275545    
  0.920000017       48.9224358      0.129307598      0.134530038       2.12924927E-02
  0.939999998       56.9002151      0.543438435      0.316151261       5.00163101E-02
  0.959999979       60.1436882      0.291051984      0.873733521      0.138165653    
  0.980000019       71.4516449       1.51843607       1.77078032      0.279889584    
   1.00000000       21.3853951      0.797148943       4.00348377      0.632494390    
   1.01999998       75.9500885       6.91252649E-02  0.426437914       6.73389733E-02
   1.03999996       32.0575142      0.636765301       1.85789108      0.293235153    
   1.05999994       47.7125664      0.202157870      0.339564860       5.35675175E-02
   1.08000004       50.9190331      0.223685101      0.305374473       4.81493957E-02
   1.10000002       34.9687042      0.639128268       3.30794740      0.521306634    
   1.12000000       38.2261238      0.308681011      0.135544688       2.13494394E-02
   1.13999999       28.4524803      0.691273749       2.38797045      0.375921637    
   1.15999997       41.2192307       5.00848442E-02   4.59496450      0.722952008    
   1.17999995       27.2995243      0.334054977      0.625994623       9.84363705E-02
   1.20000005       28.9563046      0.215687439      0.216866672       3.40822451E-02
   1.22000003       38.5794220      0.170552343       2.21522832      0.347939044    
   1.24000001       30.6495304      0.600375712      0.309112847       4.85228375E-02
   1.25999999       35.4626656      0.290409893       5.46871163E-02   8.57933052E-03
   1.27999997       19.5651340      0.481839836       1.22722387E-02   1.92410639E-03
   1.29999995       28.9098797      0.117512077      0.711818099      0.111532696    
   1.32000005       25.8225136      0.396079868      0.167322278       2.62004230E-02
   1.34000003       25.9729900       4.77679595E-02   2.44529963      0.382655978    
   1.36000001       17.7785034      0.718708396      0.946003199      0.147940144    
   1.38000000       19.5052338      0.359594792       8.35649576E-03   1.30595744E-03
   1.39999998       28.3907986      0.173967436      0.164775044       2.57339887E-02
   1.41999996       12.8608408      0.508688390      0.931966901      0.145451769    
   1.44000006       26.3398304       6.82377145E-02   1.26174581      0.196784288    
   1.46000004       38.6451340       6.03704490E-02  0.124851257       1.94581859E-02
   1.48000002       18.8602924      0.207438007      0.687811375      0.107119620    
   1.50000000       23.1087875       7.75346681E-02  0.249033868       3.87562402E-02
   1.51999998       21.0271244       9.87156108E-02  0.230022445       3.57713737E-02
   1.53999996       16.9104939      0.207321063      0.270110279       4.19740900E-02
   1.55999994       12.8560753      0.218176067      0.863661349      0.134108812    
   1.58000004       22.2864017      0.141425371      0.751368523      0.116582483    
   1.60000002       24.0970821       5.63702285E-02  0.650016069      0.100777760    
   1.62000000       19.0173454      0.143267527       1.70967281      0.264856696    
   1.63999999       16.0354309      0.189586461      0.262893826       4.06937152E-02
   1.65999997       12.0904140      0.168994337       3.31809781E-02   5.13198739E-03
   1.67999995       14.1739559       8.50183666E-02  0.963436484      0.148889706    
   1.70000005       14.4685411      0.130542129       1.09507544E-02   1.69092650E-03
   1.72000003       13.5478935      0.150407657       8.17604437E-02   1.26141254E-02
   1.74000001       17.6925774      0.116625838       3.15444395E-02   4.86257207E-03
   1.75999999       16.3616009      0.115485787       3.44305597E-02   5.30284736E-03
   1.77999997       16.9374027      0.125951514      0.622425735       9.57790315E-02
   1.79999995       11.9611778      0.287165523      0.127258003       1.95651315E-02
   1.82000005       5.38856173      0.239273623       9.49740782E-03   1.45885802E-03
   1.84000003       12.1998711      0.104344599      0.319401145       4.90170009E-02
   1.86000001       15.0051556      0.116072215      0.345639437       5.29948063E-02
   1.88000000       14.0747442       8.28598514E-02  0.923256218      0.141426668    
   1.89999998       12.3508959      0.183645949      0.704837561      0.107866809    
   1.91999996       13.7516680       9.35109854E-02  0.380623579       5.81943654E-02
   1.94000006       7.64962053      0.188003421       2.21862383E-02   3.38880764E-03
   1.96000004       9.50813580      0.120537028      0.162102133       2.47357972E-02
   1.98000002       9.21880150      0.114653222      0.183843821       2.80254837E-02
   2.00000000       10.1793747       6.88875094E-02   6.70768172E-02   1.02150058E-02
   2.01999998       14.6017752       3.60693559E-02   1.13989348E-02   1.73418270E-03
   2.03999996       10.6923323       7.68455714E-02   6.98651746E-02   1.06180487E-02
   2.05999994       8.04090786       9.47763249E-02  0.269942969       4.09834310E-02
   2.07999992       8.86274338      0.116692677      0.136779726       2.07442585E-02
   2.09999990       6.20110273      0.164709896      0.649608493       9.84156281E-02
   2.11999989       6.57327127      0.117736772      0.378763556       5.73206432E-02
   2.14000010       7.63241816       9.89776701E-02  0.154242530       2.33174674E-02
   2.16000009       8.15083599       6.42686263E-02  0.976850033      0.147512615    
   2.18000007       4.99109316      0.166486487       1.63961258E-02   2.47321581E-03
   2.20000005       9.03271866       3.83264273E-02   6.43687025E-02   9.69860330E-03
   2.22000003       7.98672771       4.45224866E-02   9.45236087E-02   1.42259793E-02
   2.24000001       5.91513968       8.15534368E-02  0.125963017       1.89356431E-02
   2.25999999       5.48967552       5.40170781E-02  0.198211268       2.97619216E-02
   2.27999997       7.41516972       4.87868600E-02   2.62834784E-02   3.94192664E-03
   2.29999995       8.45861816       3.55218947E-02  0.689290881      0.103256069    
   2.31999993       5.07688284       8.95352066E-02  0.394849956       5.90782948E-02
   2.33999991       5.00188971       7.88949057E-02  0.212551326       3.17638032E-02
   2.35999990       6.07907867       4.55974601E-02  0.139920205       2.08840780E-02
   2.38000011       6.77029657       3.76887731E-02  0.287866324       4.29126285E-02
   2.40000010       5.47653389       5.36406264E-02  0.687746167      0.102395080    
   2.42000008       5.12095404       5.28155938E-02  0.129009128       1.91833097E-02
   2.44000006       6.46454334       3.24898697E-02  0.174793646       2.59582531E-02
   2.46000004       4.30711842       4.96057123E-02  0.208627477       3.09430342E-02
   2.48000002       5.63316393       3.15435119E-02  0.107297465       1.58932470E-02
   2.50000000       4.29497099       7.01054037E-02  0.414737552       6.13510944E-02
   2.51999998       3.99239087       5.61699122E-02  0.427739948       6.31901473E-02
   2.53999996       3.81467056       4.67647538E-02  0.284205526       4.19292338E-02
   2.55999994       3.59158897       5.30465320E-02  0.597866416       8.80844742E-02
   2.57999992       3.94730401       3.90227996E-02   9.05104503E-02   1.33168045E-02
   2.59999990       3.30995464       2.96911951E-02  0.237298116       3.48652452E-02
   2.61999989       2.97709298       5.19385450E-02  0.191283569       2.80650109E-02
   2.64000010       4.12008619       2.77385991E-02  0.356071293       5.21689951E-02
   2.66000009       2.90348291       4.43519801E-02  0.418596834       6.12422526E-02
   2.68000007       2.97629333       3.41448225E-02  0.372785151       5.44611700E-02
   2.70000005       2.39825296       3.26666757E-02  0.296136022       4.31999676E-02
   2.72000003       2.59115076       3.76933813E-02  0.331185758       4.82420996E-02
   2.74000001       3.12175679       2.05713864E-02  0.240247205       3.49435881E-02
   2.75999999       2.46412778       4.15288061E-02  0.308695704       4.48318422E-02
   2.77999997       2.33288217       3.21275555E-02  0.422922790       6.13278300E-02
   2.79999995       2.86202312       2.04605106E-02  0.295005262       4.27135304E-02
   2.81999993       2.42896366       3.36366221E-02  0.419665486       6.06690422E-02
   2.83999991       3.11910129       2.26538293E-02  0.465266675       6.71558380E-02
   2.85999990       2.70542145       2.35597193E-02  0.256301075       3.69360186E-02
   2.88000011       1.79897892       3.57714370E-02  0.447543621       6.43934831E-02
   2.90000010       2.31090713       3.03042252E-02  0.247201398       3.55108492E-02
   2.92000008       2.23194385       3.18394154E-02  0.451727688       6.47860616E-02
   2.94000006       2.17073250       2.51285583E-02  0.519941151       7.44466111E-02
   2.96000004       1.51422441       3.31598632E-02  0.377949417       5.40263467E-02
   2.98000002       1.38776112       4.20622379E-02  0.537249684       7.66687840E-02
   3.00000000       1.41270781       3.77879962E-02  0.375186414       5.34513071E-02
   3.01999998       1.17711461       5.05818054E-02  0.503603876       7.16242492E-02
   3.03999996       1.03296125       5.68516403E-02  0.401405156       5.69910221E-02
   3.05999994      0.831093013       5.86677305E-02  0.371885836       5.27077876E-02
   3.07999992      0.778856933       7.27325380E-02  0.365915865       5.17709441E-02
   3.09999990      0.394345403       8.55453163E-02  0.314314336       4.43911292E-02
   3.11999989      0.329358310       9.74629298E-02  0.253370821       3.57197039E-02
   3.14000010      0.379672945      0.118885107      0.215844512       3.03744022E-02
   3.16000009      0.497559756      0.124476902       6.99093789E-02   9.81992390E-03
   3.18000007      0.828254104      0.120665580      0.113148972       1.58642586E-02
   3.20000005      0.879567802      0.168899924      0.145157725       2.03143638E-02
   3.22000003       1.41731405      0.151630640      0.224472061       3.13552283E-02
   3.24000001       1.85196590      0.167381063      0.359515131       5.01233488E-02
   3.25999999       2.47648621      0.168314055      0.716306150       9.96754616E-02
   3.27999997       3.02760005      0.169723198       1.35609126      0.188336343    
   3.29999995       3.42910576      0.170182526       2.28410816      0.316600800    
   3.31999993       4.21497345      0.153445184       3.75437617      0.519366622    
   3.33999991       4.64053822      0.144499078       5.88819647      0.812934637    
   3.35999990       4.84880590      0.127436921       8.90958595       1.22759068    
   3.38000011       4.87703848      0.110752702       13.1457386       1.80759752    
   3.40000010       4.81115675       9.78095978E-02   16.5792713       2.27503467    
   3.42000008       5.22351360       8.76774564E-02   24.1191330       3.30280948    
   3.44000006       5.25853252       8.83972123E-02   30.4691658       4.16363096    
   3.46000004       6.07540321       9.25510600E-02   36.9023628       5.03206253    
   3.48000002       6.35364771      0.108592913       45.4417000       6.18325949    
   3.50000000       7.20464993      0.128818825       51.9096451       7.04809427    
   3.51999998       7.58275938      0.152869895       57.3920021       7.77549505    
   3.53999996       7.61128473      0.177316621       61.5546112       8.32109451    
   3.55999994       7.23172474      0.198036253       64.4038239       8.68689346    
   3.57999992       7.43771601      0.214932710       64.2767639       8.65031815    
   3.59999990       8.14967728      0.228313699       61.5654907       8.26662827    
   3.61999989       9.54306030      0.237804443       57.0941811       7.64865541    
   3.64000010       11.3880386      0.225628465       50.6298256       6.76696396    
   3.66000009       14.4151058      0.218384445       43.6659050       5.82258320    
   3.68000007       17.7457237      0.192569613       36.1563988       4.80984783    
   3.70000005       22.2149944      0.188341781       28.7629566       3.81717587    
   3.72000003       25.7149410      0.164819494       23.9341888       3.16867900    
   3.74000001       28.9132824      0.140523106       17.8091507       2.35202432    
   3.75999999       32.6528702      0.135805577       13.1845922       1.73697591    
   3.77999997       33.6803818      0.114215158       9.42834663       1.23901808    
   3.79999995       35.4633675      0.108668834       6.52005577      0.854676902    
   3.81999993       34.4480095       9.33471397E-02   5.35629129      0.700336933    
   3.83999991       33.8068085       9.87938866E-02   5.18597031      0.676324308    
   3.85999990       32.3580360      0.111181587       6.34690046      0.825577140    
   3.88000011       30.5111694      0.127911910       9.07376289       1.17717779    
   3.90000010       29.2895622      0.148959696       13.4028530       1.73418260    
   3.92000008       28.2625999      0.167337611       18.2482510       2.35479689    
   3.94000006       30.0441055      0.189343750       23.3336239       3.00286984    
   3.96000004       33.5468788      0.226333544       29.8423023       3.82995558    
   3.98000002       38.5811577      0.249125838       34.9086609       4.46771193    
   4.00000000       46.3521652      0.304892987       39.2246284       5.00598240    
   4.01999998       53.5818748      0.345506459       43.9023590       5.58705854    
   4.03999996       64.3872910      0.430927813       45.8851547       5.82262659    
   4.05999994       73.4557724      0.500586092       49.8896141       6.31242704    
   4.07999992       82.9597855      0.595795333       48.6792717       6.14120770    
   4.09999990       91.2230606      0.701876342       50.0217590       6.29182005    
   4.11999989       101.308754      0.818847835       48.6872368       6.10550404    
   4.13999987       110.616096      0.965199172       48.2195930       6.02845860    
   4.15999985       117.941269       1.12071395       47.6709518       5.94147825    
   4.17999983       131.917892       1.29109395       46.3949127       5.76442385    
   4.19999981       143.458939       1.47154212       45.5316353       5.63931131    
   4.21999979       152.562302       1.66628909       44.9591637       5.55064535    
   4.23999977       163.889099       1.83503294       44.5101700       5.47737646    
   4.26000023       174.195343       1.99619055       44.4810295       5.45583773    
   4.28000021       178.362579       2.10226464       44.2747688       5.41247320    
   4.30000019       178.128082       2.13603568       43.9727631       5.35748911    
   4.32000017       174.305191       2.13399363       43.1241989       5.23618603    
   4.34000015       165.457703       2.10525513       42.2786179       5.11582088    
   4.36000013       154.597610       2.00418615       40.8767395       4.92884445    
   4.38000011       144.832336       1.87185299       38.4491615       4.61966228    
   4.40000010       135.044830       1.68057144       35.6169128       4.26394606    
   4.42000008       129.677719       1.47538877       32.2114334       3.84217048    
   4.44000006       127.087479       1.37313890       30.2380753       3.59343457    
   4.46000004       128.983902       1.27828801       27.9451694       3.30847812    
   4.48000002       131.402557       1.18870389       26.9128475       3.17410183    
   4.50000000       134.092911       1.23320329       23.3029232       2.73770428    
   4.51999998       137.128860       1.21992719       22.9660912       2.68750715    
   4.53999996       136.706879       1.23206854       21.0956841       2.45876741    
   4.55999994       135.484009       1.24163318       19.9702740       2.31814647    
   4.57999992       128.924255       1.21004450       18.8947277       2.18425059    
   4.59999990       121.724503       1.21144235       17.1827736       1.97801232    
   4.61999989       113.081581       1.12410569       16.0319157       1.83764899    
   4.63999987       104.535652       1.05909586       14.8400259       1.69365323    
   4.65999985       97.1951752      0.975033045       13.3064575       1.51192713    
   4.67999983       90.0110092      0.858806074       12.0284882       1.36057436    
   4.69999981       85.2073669      0.717411518       10.5491781       1.18778110    
   4.71999979       80.7077026      0.555120468       8.92668056       1.00041389    
   4.73999977       77.6130753      0.442078620       7.33338213      0.817944229    
   4.76000023       77.3283768      0.388200313       5.94294167      0.659646213    
   4.78000021       77.3106842      0.372659296       4.71689320      0.520967722    
   4.80000019       79.1063538      0.430321157       3.94066215      0.433037221    
   4.82000017       81.0664825      0.538623691       2.89170146      0.316129506    
   4.84000015       80.7289810      0.681759715       2.56514430      0.278952807    
   4.86000013       77.8428574      0.816625476       2.46248245      0.266346544    
   4.88000011       72.2522202      0.953495324       2.60878563      0.280616462    
   4.90000010       63.5871658       1.06041992       2.59459949      0.277517259    
   4.92000008       52.0655823       1.09891224       2.70415521      0.287569821    
   4.94000006       39.3997231       1.07330275       2.81664205      0.297766775    
   4.96000004       27.3086452      0.986779094       2.92614007      0.307478815    
   4.98000002       17.5548458      0.859383702       3.08972478      0.322667390    
   5.00000000       11.7377205      0.703784943       2.74523067      0.284887135    
   5.01999998       10.1336641      0.557185054       2.43464923      0.251036793    
   5.03999996       13.2710133      0.415784597       2.00785208      0.205681384    
   5.05999994       19.7280998      0.302356362       1.95478928      0.198924541    
   5.07999992       29.4339523      0.211715117       1.80255818      0.182214513    
   5.09999990       42.0410500      0.169167772       1.51850569      0.152478218    
   5.11999989       55.6843414      0.128972724       1.33473861      0.133134574    
   5.13999987       71.7525864      0.122935131       1.30541408      0.129349977    
   5.15999985       86.7892990      0.151013494       1.25798666      0.123834029    
   5.17999983       103.285187      0.191744983       1.24456418      0.121717490    
   5.19999981       119.073776      0.253889412       1.36678982      0.132809117    
   5.21999979       133.405869      0.343619823       1.22088957      0.117870301    
   5.23999977       146.309021      0.433877587       1.24085224      0.119027562    
   5.26000023       157.200912      0.536509871       1.33638191      0.127363086    
   5.28000021       165.548157      0.646209657       1.28291416      0.121472321    
   5.30000019       171.979950      0.775704324       1.35191309      0.127166390    
   5.32000017       176.235657      0.923603952       1.54962134      0.144802526    
   5.34000015       177.016754       1.04347110       1.54317880      0.143249363    
   5.36000013       173.705353       1.11692619       1.64618015      0.151811972    
   5.38000011       169.131531       1.21148288       1.68155944      0.154086515    
   5.40000010       160.647598       1.24657786       1.73066521      0.157623053    
   5.42000008       150.189651       1.25676739       1.93003106      0.174796969    
   5.44000006       137.772934       1.23233187       2.10381269      0.189594537    
   5.46000004       124.585770       1.18256164       2.37564015      0.213208720    
   5.48000002       110.844826       1.10321391       2.90046573      0.259474546    
   5.50000000       94.6091309      0.980610073       3.18028235      0.283855408    
   5.51999998       81.1652298      0.850397646       3.82552099      0.340953082    
   5.53999996       67.1825638      0.696069300       4.38081598      0.390150011    
   5.55999994       56.4986954      0.528022230       5.02829313      0.447708964    
   5.57999992       46.5597954      0.366267234       5.87949705      0.523556054    
   5.59999990       39.1695747      0.230054662       6.76913738      0.602961600    
   5.61999989       34.2669792      0.121296249       7.45890141      0.664670646    
   5.63999987       31.9210529       4.35991436E-02   8.17020226      0.728371561    
   5.65999985       31.4418163       1.07276198E-02   8.39693451      0.748899877    
   5.67999983       32.7080383       2.08921116E-02   8.87008953      0.791410267    
   5.69999981       36.2123985       7.67782629E-02   9.34476757      0.834048569    
   5.71999979       40.4495926      0.166383460       8.60693264      0.768423676    
   5.73999977       46.5590324      0.297606856       8.67478561      0.774670124    
   5.76000023       54.3091621      0.482225746       8.14293289      0.727315903    
   5.78000021       63.6207275      0.705766737       7.58123589      0.677241147    
   5.80000019       72.5560532      0.944338500       7.06556463      0.631228089    
   5.82000017       82.4692154       1.20888448       6.15904188      0.550254047    
   5.84000015       94.1736603       1.54072404       5.52546406      0.493635595    
   5.86000013       103.018227       1.82961404       5.29188442      0.472730875    
   5.88000011       110.761124       2.08194327       5.25741911      0.469595671    
   5.90000010       118.264709       2.34408212       5.48161936      0.489545435    
   5.92000008       122.948799       2.55797887       5.63028240      0.502728164    
   5.94000006       127.082077       2.73149562       6.04491234      0.539636314    
   5.96000004       129.461060       2.87741971       6.82883263      0.609472513    
   5.98000002       128.598450       2.95966220       7.31332588      0.652539968    
   6.00000000       128.791504       3.04483104       7.94807911      0.708971024    
   6.01999998       128.057419       3.10066247       8.43479824      0.752154231    
   6.03999996       125.333344       3.11169744       8.78309631      0.782962382    
   6.05999994       122.397377       3.13298273       9.03174686      0.804868102    
   6.07999992       119.261795       3.14736986       9.15981388      0.816018522    
   6.09999990       115.583733       3.16821814       9.22421265      0.821501553    
   6.11999989       110.869179       3.17057633       9.25027847      0.823572338    
   6.13999987       104.080658       3.15342665       9.09670734      0.809652448    
   6.15999985       96.6583099       3.09257984       8.89002419      0.791010141    
   6.17999983       87.0991287       3.00962615       8.50661469      0.756640851    
   6.19999981       76.8796768       2.87344790       8.36368656      0.743650556    
   6.21999979       66.9138184       2.68568063       7.91745567      0.703676164    
   6.23999977       57.1185799       2.48096442       7.75276136      0.688703597    
   6.26000023       46.8385124       2.25163937       7.98704815      0.709117651    
   6.28000021       37.3220711       2.00437379       7.80269957      0.692301214    
   6.30000019       29.5935135       1.82758725       7.98872805      0.708283782    
   6.32000017       22.0562954       1.60034680       7.93948746      0.703325927    
   6.34000015       16.2718811       1.43003643       7.85256290      0.694964945    
   6.36000013       11.2926149       1.26558924       7.54739046      0.667246759    
   6.38000011       7.42553520       1.12156010       7.56051397      0.667621434    
   6.40000010       4.59687567       1.00488734       6.62846851      0.584567010    
   6.42000008       3.03769803      0.954321742       6.46761656      0.569585025    
   6.44000006       2.43227339      0.961367786       6.07750416      0.534421206    
   6.46000004       2.57503414      0.980238974       6.04936600      0.531081498    
   6.48000002       2.97381473       1.06512094       5.93911219      0.520486057    
   6.50000000       3.80841947       1.14539170       5.77312183      0.504979908    
   6.51999998       4.30549335       1.22406030       5.75627136      0.502473354    
   6.53999996       4.78620529       1.26952279       6.14353085      0.535090685    
   6.55999994       4.98312855       1.28367877       7.15280867      0.621512532    
   6.57999992       5.14980221       1.24600732       7.81493998      0.677308083    
   6.59999990       5.55139685       1.18435609       8.81917953      0.762248337    
   6.61999989       6.32856655       1.12026739       9.64733791      0.831387937    
   6.63999987       7.69340324       1.07229269       9.93814564      0.853777766    
   6.65999985       9.37810898       1.11274159       10.3255577      0.884121895    
   6.67999983       12.4190130       1.20502067       10.9498072      0.934281826    
   6.69999981       14.9307737       1.38274717       10.9299707      0.929128826    
   6.71999979       17.5950623       1.59021068       10.4541121      0.885199547    
   6.73999977       19.1921177       1.82306969       10.1107578      0.852591813    
   6.76000023       20.4426899       2.03521895       9.73719406      0.817516267    
   6.78000021       21.0161800       2.17739892       9.54145336      0.797403872    
   6.80000019       20.0807781       2.23134708       10.3375111      0.859745085    
   6.82000017       18.7193356       2.29171801       11.2313757      0.929308414    
   6.84000015       16.2608051       2.20602226       12.4062443       1.02097750    
   6.86000013       13.8444872       2.08690810       13.7731161       1.12700844    
   6.88000011       11.2953453       1.89262033       16.2421494       1.32105923    
   6.90000010       9.05351067       1.66600013       18.3043556       1.47938550    
   6.92000008       7.37291479       1.45958281       21.0419350       1.68938613    
   6.94000006       6.29352379       1.27569962       23.5202446       1.87534928    
   6.96000004       5.87765312       1.17322886       26.0252495       2.06030297    
   6.98000002       5.84210014       1.10328674       28.1182919       2.20977306    
   7.00000000       6.12773371       1.09866846       28.9137135       2.25549650    
   7.01999998       6.37008953       1.11850262       29.7976437       2.30721998    
   7.03999996       6.60973930       1.15042710       28.7937927       2.21305680    
   7.05999994       6.79404449       1.16497982       27.9946766       2.13596511    
   7.07999992       6.97019196       1.19862175       27.4737835       2.08119702    
   7.09999990       7.10602903       1.20157897       26.1097088       1.96393967    
   7.11999989       7.45737696       1.22822273       24.7224712       1.84671557    
   7.13999987       8.01368141       1.29081988       23.2298698       1.72337854    
   7.15999985       8.80099678       1.35487795       21.5421848       1.58738089    
   7.17999983       9.77902889       1.43665040       19.5914803       1.43394995    
   7.19999981       11.1736374       1.57609546       17.4443455       1.26823449    
   7.21999979       12.7556801       1.66665459       15.2702990       1.10270083    
   7.23999977       14.7700663       1.80556953       12.9662018      0.929948747    
   7.26000023       16.9079704       1.92005658       10.7816439      0.767932117    
   7.28000021       19.7823429       2.12396264       8.43973732      0.596900761    
   7.30000019       22.8397255       2.33983970       6.45595551      0.453318536    
   7.32000017       25.7065964       2.54558468       4.39126253      0.306077749    
   7.34000015       27.9466267       2.70883203       2.69527960      0.186454669    
   7.36000013       29.9130974       2.86261511       1.50459790      0.103287473    
   7.38000011       30.9618168       2.93339849      0.676503360       4.60779779E-02
   7.40000010       31.9642849       3.00268197      0.239751190       1.62006691E-02
   7.42000008       33.0441132       3.07711434      0.294304937       1.97283085E-02
   7.44000006       34.4139671       3.18165612      0.685170591       4.55631949E-02
   7.46000004       35.8295860       3.27661610       1.22961700       8.11247006E-02
   7.48000002       36.8923264       3.36591482       1.80475032      0.118158832    
   7.50000000       37.9709816       3.46618843       2.14436293      0.139369696    
   7.51999998       40.0779495       3.65547848       2.54549026      0.164314777    
   7.53999996       42.0741463       3.86393595       2.68105268      0.171991780    
   7.55999994       43.5984917       4.03056860       2.62141776      0.167238891    
   7.57999992       45.9101715       4.32262850       2.46603775      0.156576812    
   7.59999990       49.0977058       4.64780045       2.17597699      0.137611791    
   7.61999989       52.6863937       5.04259682       1.82317495      0.114937522    
   7.63999987       57.4401894       5.50865459       1.44817138       9.10862237E-02
   7.65999985       61.0641174       5.91122103       1.11388528       6.99579939E-02
   7.67999983       67.0711212       6.41528416      0.975183189       6.12069070E-02
   7.69999981       71.7696152       6.80257225       1.03823781       6.51712567E-02
   7.71999979       76.7976074       7.13579702       1.32977748       8.35367590E-02
   7.73999977       78.8646927       7.18030787       1.81683457      0.114290819    
   7.76000023       78.9204941       7.05016422       2.36114502      0.148810357    
   7.78000021       75.7598190       6.61973143       2.78806639      0.176120952    
   7.80000019       69.3461990       5.94046021       3.01871276      0.191196665    
   7.82000017       60.1311913       5.12147808       3.11299968      0.197750986    
   7.84000015       50.1523628       4.33826923       3.03802466      0.193605602    
   7.86000013       40.5546951       3.73671818       2.87878084      0.184079796    
   7.88000011       33.2737160       3.36848569       2.64848804      0.169955134    
   7.90000010       28.6140957       3.26071596       2.55687642      0.164678261    
   7.92000008       26.5577908       3.32258940       2.43542457      0.157444090    
   7.94000006       26.0170803       3.47192669       2.86712027      0.186057553    
   7.96000004       26.2860451       3.56713796       3.74616337      0.244036570    
   7.98000002       26.2885151       3.56973505       5.01328754      0.327848643    
   8.00000000       25.4074116       3.43097329       6.53302956      0.428905159    
   8.02000046       23.2784576       3.10198951       8.98045444      0.591910839    
   8.03999996       19.8767090       2.65308332       12.0564203      0.797817826    
   8.06000042       14.9849167       2.21358109       16.2036266       1.07656348    
   8.07999992       10.3471899       1.84421813       22.2902641       1.48696470    
   8.10000038       6.67860508       1.70144534       29.8804951       2.00144386    
   8.11999989       5.34680033       1.89479935       39.5888214       2.66262317    
   8.14000034       7.44629431       2.53389335       51.6491470       3.48813605    
   8.15999985       14.1460094       3.65604901       64.5789490       4.37955093    
   8.18000031       24.7762070       5.23145342       81.8175583       5.57204103    
   8.19999981       38.8980560       7.15410900       95.9159088       6.56011724    
   8.22000027       55.6217003       9.23562050       112.503075       7.72800922    
   8.23999977       73.2091217       11.3289185       126.082436       8.69906235    
   8.26000023       89.7267532       13.3049889       140.796936       9.75798798    
   8.27999973       104.492538       14.8657084       152.376190       10.6087217    
   8.30000019       115.783920       15.9937420       162.897781       11.3935556    
   8.31999969       123.314987       16.7746849       167.096848       11.7414818    
   8.34000015       129.075455       17.1201801       167.342926       11.8134041    
   8.35999966       129.879715       17.2252121       164.911957       11.6956425    
   8.38000011       130.843338       17.1169472       160.169968       11.4113922    
   8.39999962       126.666206       16.8293247       153.030930       10.9519978    
   8.42000008       122.145676       16.4266968       144.083969       10.3572149    
   8.43999958       113.055496       15.8111773       132.936508       9.59734249    
   8.46000004       100.010185       15.0098600       121.790016       8.83012295    
   8.47999954       89.6722488       14.2871418       108.629356       7.90904999    
   8.50000000       73.5711975       13.2516470       97.4634171       7.12566423    
   8.52000046       63.5107803       12.3775444       85.6594467       6.28862524    
   8.53999996       53.9243927       11.1704874       73.9090576       5.44839478    
   8.56000042       48.4313545       9.75791264       62.3647270       4.61628723    
   8.57999992       48.3705559       8.21457386       47.7001114       3.54520226    
   8.60000038       51.4262695       6.39609289       33.9202309       2.53121638    
   8.61999989       59.9902306       4.47280788       19.8480053       1.48698390    
   8.64000034       75.6705627       2.67616796       9.84631062      0.740539193    
   8.65999985       97.8362885       1.36319780       4.23220825      0.319508791    
   8.68000031       127.934547      0.559334219       3.31251121      0.250993729    
   8.69999981       167.299362      0.477059990       6.60500717      0.502243161    
   8.72000027       207.947632       1.13926458       15.3958035       1.17467213    
   8.73999977       256.548065       2.45762753       28.3654308       2.17120457    
   8.76000023       305.948364       4.24662733       45.0176201       3.45637918    
   8.77999973       352.204865       6.32272387       62.9587593       4.84767962    
   8.80000019       397.590485       8.46972084       77.4426727       5.97840261    
   8.81999969       429.943329       10.5352488       88.3060455       6.83270884    
   8.84000015       457.103973       12.4206333       92.7444077       7.18992662    
   8.85999966       477.876862       13.9450121       91.0761871       7.07113647    
   8.88000011       490.637054       15.4267683       84.4734879       6.56482220    
   8.89999962       499.789886       17.0001488       77.1562653       5.99846411    
   8.92000008       500.029236       18.2152977       67.4643250       5.24345827    
   8.93999958       484.977814       18.7755947       59.3327904       4.60671997    
   8.96000004       456.709778       18.6824131       51.3800545       3.98197556    
   8.97999954       424.034393       18.1420422       39.8006325       3.07629895    
   9.00000000       378.845428       16.8996830       30.9476776       2.38354039    
   9.02000046       326.957825       15.2053585       24.4943504       1.87830722    
   9.03999996       279.717255       13.4042568       20.6028957       1.57196355    
   9.06000042       235.519104       11.6500578       19.8285370       1.50459063    
   9.07999992       196.174118       9.88909149       21.1002293       1.59203553    
   9.10000038       162.330612       8.34680080       25.0735397       1.88134849    
   9.11999989       138.180038       7.06605005       25.8324051       1.92825592    
   9.14000034       121.699707       6.09477091       26.1179752       1.94057453    
   9.15999985       114.164772       5.43467093       24.9246101       1.84456086    
   9.18000031       117.950066       5.20794725       21.0670223       1.55395997    
   9.19999981       133.230652       5.37589931       16.1678352       1.18945873    
   9.22000027       153.581787       5.75247288       12.7996635      0.939762592    
   9.23999977       180.417465       6.38209486       9.62625599      0.705717862    
   9.26000023       222.919495       7.52555656       8.87148571      0.649723649    
   9.27999973       259.208344       8.48554611       10.0074606      0.732466996    
   9.30000019       303.686096       9.61932087       13.1208076      0.960087299    
   9.31999969       345.271393       10.5965853       18.1827469       1.33054519    
   9.34000015       386.885620       11.4309254       22.4493752       1.64326930    
   9.35999966       426.221222       11.9845705       28.5781784       2.09302044    
   9.38000011       464.372925       12.3772001       34.0267677       2.49384761    
   9.39999962       502.494720       12.7098761       39.8668671       2.92438507    
   9.42000008       541.816711       13.1479521       47.3701363       3.47817087    
   9.43999958       586.393738       13.7290230       55.5044403       4.07989073    
   9.46000004       637.297241       14.6393156       66.0196304       4.85871649    
   9.47999954       692.208008       15.6779432       77.1560822       5.68582201    
   9.50000000       751.492188       17.0299988       89.9547501       6.63844013    
   9.52000046       810.363159       18.4594078       105.155670       7.77201605    
   9.53999996       870.067261       20.1572247       120.652908       8.93161964    
   9.56000042       924.877747       21.9192810       135.334442       10.0350361    
   9.57999992       968.041565       23.3134823       147.769760       10.9758263    
   9.60000038       997.265686       24.3941269       157.162521       11.6936684    
   9.61999989       1009.69360       24.9938698       163.568466       12.1914387    
   9.64000034       1002.27863       25.1689510       168.687347       12.5949678    
   9.65999985       970.068359       24.8111153       172.191635       12.8789091    
   9.68000031       918.705505       24.2692738       173.883865       13.0280724    
   9.69999981       831.979980       22.6830769       174.588821       13.1032639    
   9.72000027       743.576294       21.0058308       177.573868       13.3499365    
   9.73999977       647.056396       18.9832840       185.039795       13.9348183    
   9.76000023       551.252380       16.7259407       201.394150       15.1920815    
   9.77999973       456.970886       14.3745842       225.398666       17.0321732    
   9.80000019       370.330444       12.0925169       250.184875       18.9384327    
   9.81999969       296.168976       9.90572929       273.156372       20.7142544    
   9.84000015       229.962524       7.75078726       289.255981       21.9747543    
   9.85999966       173.581238       5.62497997       301.027161       22.9104481    
   9.88000011       138.341034       3.76976824       306.718292       23.3863850    
   9.89999962       124.366158       2.18678617       309.506226       23.6423378    
   9.92000008       125.780518      0.991836309       301.492218       23.0729218    
   9.93999958       157.920059      0.240239546       288.736938       22.1371174    
   9.96000004       195.267654      0.103032917       266.643402       20.4800053    
   9.97999954       251.171616      0.530137479       231.026535       17.7760735    
   10.0000000       319.509033       1.54072642       187.646912       14.4637642    
   10.0200005       384.186615       2.95340085       146.748047       11.3310347    
   10.0400000       450.131866       4.56859016       104.517937       8.08415985    
   10.0600004       512.779053       6.21887398       73.5846939       5.70121622    
   10.0799999       563.711365       7.80653477       57.6721039       4.47579050    
   10.1000004       594.333618       8.77167606       53.6625710       4.17141914    
   10.1199999       617.255554       9.38401890       68.9034500       5.36458635    
   10.1400003       607.790283       8.70261288       94.7627716       7.38901711    
   10.1599998       594.807434       7.74518776       138.198013       10.7913380    
   10.1800003       582.217957       6.30243731       187.767319       14.6815910    
   10.1999998       574.634827       4.89244080       241.251648       18.8861389    
   10.2200003       594.243652       4.30927896       297.081818       23.2813911    
   10.2399998       611.997192       4.45445347       346.691986       27.1938686    
   10.2600002       645.867615       5.49898338       393.376068       30.8784847    
   10.2799997       676.555420       7.24873590       427.523102       33.5787430    
   10.3000002       720.598267       9.48364449       453.169739       35.6084824    
   10.3199997       735.558105       11.3679810       466.409393       36.6578598    
   10.3400002       755.564087       13.0565462       479.589203       37.6971855    
   10.3599997       746.928040       13.3877773       483.262604       37.9842262    
   10.3800001       716.046936       13.0959454       487.953033       38.3472290    
   10.3999996       668.520386       11.8971901       488.654816       38.3943787    
   10.4200001       625.081970       10.8448277       505.355072       39.6975250    
   10.4399996       583.106445       9.81237507       524.026794       41.1564255    
   10.4600000       560.911255       9.49619675       568.585693       44.6498795    
   10.4799995       559.494080       9.86529636       608.959473       47.8177948    
   10.5000000       555.203552       10.0620909       638.790588       50.1637077    
   10.5200005       562.805786       10.6904545       660.727966       51.8944511    
   10.5400000       543.793823       10.3157387       654.039612       51.3823090    
   10.5600004       505.904877       9.41427422       625.164551       49.1316299    
   10.5799999       471.918488       8.37731934       577.642700       45.4173927    
   10.6000004       422.990387       6.96570635       517.109009       40.6816902    
   10.6199999       379.687622       5.64045095       452.548126       35.6272964    
   10.6400003       342.573517       4.50952721       390.244568       30.7468739    
   10.6599998       312.068634       3.55487609       335.147705       26.4302635    
   10.6800003       284.831848       2.75153995       287.894012       22.7266788    
   10.6999998       270.976166       2.17098475       248.252563       19.6188240    
   10.7200003       244.982162       1.56422949       215.757782       17.0713463    
   10.7399998       222.356369       1.14543748       190.030457       15.0545750    
   10.7600002       190.032959      0.866932392       167.801239       13.3115597    
   10.7799997       166.295868       1.08388829       152.242523       12.0939732    
   10.8000002       158.086502       1.86734152       141.669754       11.2699070    
   10.8199997       186.093033       3.70364547       130.268494       10.3780384    
   10.8400002       240.473495       5.81153584       121.968346       9.73139191    
   10.8599997       316.548126       8.26155472       106.489212       8.50959110    
   10.8800001       400.951202       10.3083763       90.5154953       7.24478865    
   10.8999996       472.364044       11.5954657       71.9024429       5.76475763    
   10.9200001       514.633728       11.6137447       53.8283882       4.32332706    
   10.9399996       517.619324       10.5846071       40.3314819       3.24528885    
   10.9600000       500.394379       8.98019314       26.5475655       2.14038253    
   10.9799995       465.154449       7.10584211       14.9488678       1.20774269    
   11.0000000       409.196625       5.14468050       7.58181667      0.613868058    
   11.0200005       347.943604       3.40461516       4.13463736      0.335509539    
   11.0400000       287.697937       2.04292941       3.08878160      0.251197785    
   11.0600004       232.515823       1.20222151       3.84000921      0.312965840    
   11.0799999       197.310989       1.02187383       5.26667976      0.430125892    
   11.1000004       188.900116       1.70896316       9.20333290      0.753088713    
   11.1199999       207.851120       3.24508500       12.5848541       1.03162193    
   11.1400003       250.731033       5.35582209       18.2757645       1.50051212    
   11.1599998       313.616821       7.90679216       25.1925983       2.07136178    
   11.1800003       391.592346       10.7473526       32.4557381       2.67194557    
   11.1999998       455.977570       12.7375784       34.6991844       2.85996032    
   11.2200003       512.538147       14.4219360       36.3844948       3.00201845    
   11.2399998       549.576050       15.0340176       35.3918610       2.92303181    
   11.2600002       559.290771       14.7380238       32.3176270       2.67172766    
   11.2799997       556.832581       13.8989544       32.3120880       2.67380500    
   11.3000002       545.116882       12.7421827       35.4518127       2.93642116    
   11.3199997       526.655762       11.6188602       45.9329224       3.80823374    
   11.3400002       506.577667       10.6689577       67.0483322       5.56434584    
   11.3599997       481.540741       9.83953381       101.178764       8.40542221    
   11.3800001       444.172760       9.06281948       137.871887       11.4656181    
   11.3999996       399.159637       8.21704865       187.787308       15.6330500    
   11.4200001       352.434052       7.31807184       233.744415       19.4793396    
   11.4399996       315.107025       6.32577562       272.045197       22.6945381    
   11.4600000       296.842621       5.24415874       292.299835       24.4089603    
   11.4799995       296.622223       4.46592808       299.165161       25.0080700    
   11.5000000       309.000671       3.65085077       288.126465       24.1096706    
   11.5200005       325.519318       3.13747120       267.918274       22.4401550    
   11.5400000       342.421082       2.67900991       246.578827       20.6733208    
   11.5600004       349.465790       2.47258019       225.557404       18.9290962    
   11.5799999       347.730774       2.40829444       209.783585       17.6233215    
   11.6000004       331.351837       2.32828879       198.361404       16.6812344    
   11.6199999       302.622711       2.29215264       190.776108       16.0612164    
   11.6400003       262.788116       2.19254017       184.111328       15.5180492    
   11.6599998       221.000504       2.10926485       178.141953       15.0333433    
   11.6800003       178.498001       1.98256814       171.056686       14.4534655    
   11.6999998       146.522537       1.88809276       163.992584       13.8747425    
   11.7200003       123.501686       1.78460586       153.864899       13.0351086    
   11.7399998       108.330261       1.65338266       144.147003       12.2284012    
   11.7600002       101.100792       1.53921294       135.165771       11.4817276    
   11.7799997       100.141716       1.51021814       118.469696       10.0761528    
   11.8000002       104.347862       1.62825012       102.254532       8.70784950    
   11.8199997       111.986320       1.95538509       82.8431168       7.06346273    
   11.8400002       120.315552       2.43011665       63.9138451       5.45616388    
   11.8599997       127.269775       2.89127994       51.4728317       4.39952135    
   11.8800001       128.570358       3.28068089       36.4363213       3.11828947    
   11.8999996       122.889618       3.46542621       28.1647873       2.41357684    
   11.9200001       110.697456       3.47805405       20.7683201       1.78223407    
   11.9399996       92.0544128       3.34380698       13.5675831       1.16594195    
   11.9600000       74.3483124       3.21159053       9.79060936      0.842677891    
   11.9799995       57.1634941       3.06079292       6.58775282      0.567906797    
   12.0000000       44.9953003       2.98950791       3.07260132      0.265318036    
