1.00000000000000e-02	1.71435355303025e+17
2.00000000000000e-02	1.07128008035400e+16
3.00000000000000e-02	2.11544907034069e+15
4.00000000000000e-02	6.69047213622675e+14
5.00000000000000e-02	2.73890030751537e+14
6.00000000000000e-02	1.31993541839618e+14
7.00000000000000e-02	7.11894427266746e+13
8.00000000000000e-02	4.16911783871961e+13
9.00000000000000e-02	2.59999261599885e+13
1.00000000000000e-01	1.70384060203855e+13
1.10000000000000e-01	1.16222763150619e+13
1.20000000000000e-01	8.19427864387985e+12
1.30000000000000e-01	5.93996623988557e+12
1.40000000000000e-01	4.40872638720704e+12
1.50000000000000e-01	3.33940812274422e+12
1.60000000000000e-01	2.57459900911308e+12
1.70000000000000e-01	2.01599912862448e+12
1.80000000000000e-01	1.60042620853209e+12
1.90000000000000e-01	1.28615489482310e+12
2.00000000000000e-01	1.04498970089682e+12
2.10000000000000e-01	8.57478072058228e+11
2.20000000000000e-01	7.09940213416674e+11
2.30000000000000e-01	5.92583486751516e+11
2.40000000000000e-01	4.98320849544014e+11
2.50000000000000e-01	4.21911685316328e+11
2.60000000000000e-01	3.59470334552282e+11
2.70000000000000e-01	3.08039349774818e+11
2.80000000000000e-01	2.65389607349433e+11
2.90000000000000e-01	2.29776607886435e+11
3.00000000000000e-01	1.99865433913449e+11
3.10000000000000e-01	1.74597612085082e+11
3.20000000000000e-01	1.53133437579117e+11
3.30000000000000e-01	1.34816999963812e+11
3.40000000000000e-01	1.19111665683213e+11
3.50000000000000e-01	1.05583468488856e+11
3.60000000000000e-01	9.38825465203885e+10
3.70000000000000e-01	8.37240176089428e+10
3.80000000000000e-01	7.48714945746266e+10
3.90000000000000e-01	6.71290368851209e+10
4.00000000000000e-01	6.03366306730403e+10
4.10000000000000e-01	5.43569843079368e+10
4.20000000000000e-01	4.90793031681608e+10
4.30000000000000e-01	4.44068458641317e+10
4.40000000000000e-01	4.02598206880149e+10
4.50000000000000e-01	3.65682024190782e+10
4.60000000000000e-01	3.32748827641865e+10
4.70000000000000e-01	3.03296944260692e+10
4.80000000000000e-01	2.76908514690691e+10
4.90000000000000e-01	2.53200699727406e+10
5.00000000000000e-01	2.31863991403636e+10
5.10000000000000e-01	2.12623006025184e+10
5.20000000000000e-01	1.95245259260563e+10
5.30000000000000e-01	1.79510246059358e+10
5.40000000000000e-01	1.65244463283617e+10
5.50000000000000e-01	1.52291464188506e+10
5.60000000000000e-01	1.40503868695027e+10
5.70000000000000e-01	1.29766876389337e+10
5.80000000000000e-01	1.19973979279228e+10
5.90000000000000e-01	1.11022689035961e+10
6.00000000000000e-01	1.02831824791062e+10
6.10000000000000e-01	9.53275898206637e+09
6.20000000000000e-01	8.84448045204152e+09
6.30000000000000e-01	8.21225905620024e+09
6.40000000000000e-01	7.63107540608959e+09
6.50000000000000e-01	7.09594499193574e+09
6.60000000000000e-01	6.60268095133439e+09
6.70000000000000e-01	6.14741672375919e+09
6.80000000000000e-01	5.72715353732421e+09
6.90000000000000e-01	5.33859758416343e+09
7.00000000000000e-01	4.97903134929176e+09
7.10000000000000e-01	4.64598428483270e+09
7.20000000000000e-01	4.33715308804836e+09
7.30000000000000e-01	4.05068346024020e+09
7.40000000000000e-01	3.78450770927201e+09
7.50000000000000e-01	3.53726374440888e+09
7.60000000000000e-01	3.30720135662575e+09
7.70000000000000e-01	3.09304077537149e+09
7.80000000000000e-01	2.89355816265618e+09
7.90000000000000e-01	2.70760455883228e+09
8.00000000000000e-01	2.53412272432148e+09
8.10000000000000e-01	2.37214531904965e+09
8.20000000000000e-01	2.22091025684693e+09
8.30000000000000e-01	2.07949121224106e+09
8.40000000000000e-01	1.94730359501662e+09
8.50000000000000e-01	1.82359197788233e+09
8.60000000000000e-01	1.70775177736506e+09
8.70000000000000e-01	1.59923519536643e+09
8.80000000000000e-01	1.49749946592888e+09
8.90000000000000e-01	1.40214661387778e+09
9.00000000000000e-01	1.31267475830722e+09
9.10000000000000e-01	1.22869936909188e+09
9.20000000000000e-01	1.14985830306256e+09
9.30000000000000e-01	1.07581072646596e+09
9.40000000000000e-01	1.00622375113424e+09
9.50000000000000e-01	9.40792326772426e+08
9.60000000000000e-01	8.79274290471883e+08
9.70000000000000e-01	8.21404326441233e+08
9.80000000000000e-01	7.66955070444979e+08
9.90000000000000e-01	7.15704457830518e+08
1.00000000000000e+00	6.67468223750542e+08
1.01000000000000e+00	6.22039042781423e+08
1.02000000000000e+00	5.79248171303109e+08
1.03000000000000e+00	5.38949529252814e+08
1.04000000000000e+00	5.00972666704915e+08
1.05000000000000e+00	4.65203628146639e+08
1.06000000000000e+00	4.31481348035291e+08
1.07000000000000e+00	3.99726434852331e+08
1.08000000000000e+00	3.69790284324560e+08
1.09000000000000e+00	3.41584029994703e+08
1.10000000000000e+00	3.15023325870637e+08
1.11000000000000e+00	2.90000790288141e+08
1.12000000000000e+00	2.66433459519817e+08
1.13000000000000e+00	2.44261840067826e+08
1.14000000000000e+00	2.23405663546983e+08
1.15000000000000e+00	2.03805807804813e+08
1.16000000000000e+00	1.85392672293217e+08
1.17000000000000e+00	1.68116521383696e+08
1.18000000000000e+00	1.51915894757695e+08
1.19000000000000e+00	1.36748611020916e+08
1.20000000000000e+00	1.22565532065863e+08
1.21000000000000e+00	1.09308966315804e+08
1.22000000000000e+00	9.69413620345067e+07
1.23000000000000e+00	8.54233200025689e+07
1.24000000000000e+00	7.47081144866798e+07
1.25000000000000e+00	6.47708421408651e+07
1.26000000000000e+00	5.55691346917501e+07
1.27000000000000e+00	4.70902995889715e+07
1.28000000000000e+00	3.93074977512927e+07
1.29000000000000e+00	3.22158849435328e+07
1.30000000000000e+00	2.58020841097520e+07
1.31000000000000e+00	2.00732680110156e+07
1.32000000000000e+00	1.50368446867996e+07
1.33000000000000e+00	1.07050040075062e+07
1.34000000000000e+00	7.09333601023442e+06
1.35000000000000e+00	4.21731646571862e+06
1.36000000000000e+00	2.08796577153631e+06
1.37000000000000e+00	7.09758355019344e+05
1.38000000000000e+00	7.57542879382650e+04
1.39000000000000e+00	1.65814379516970e+05
1.40000000000000e+00	9.46221775426125e+05
1.41000000000000e+00	2.37271807026603e+06
1.42000000000000e+00	4.39848888452708e+06
1.43000000000000e+00	6.98747610550325e+06
1.44000000000000e+00	1.01348817069625e+07
1.45000000000000e+00	1.38957291807460e+07
1.46000000000000e+00	1.84206909618814e+07
1.47000000000000e+00	2.40035369537708e+07
1.48000000000000e+00	3.11256696986190e+07
1.49000000000000e+00	4.05130291670177e+07
1.50000000000000e+00	5.31873947613026e+07
1.51000000000000e+00	7.05159860873563e+07
1.52000000000000e+00	9.42413822011162e+07
1.53000000000000e+00	1.26501658508385e+08
1.54000000000000e+00	1.69816299874832e+08
1.55000000000000e+00	2.27052709194833e+08
1.56000000000000e+00	3.01359164948291e+08
1.57000000000000e+00	3.96060984851221e+08
1.58000000000000e+00	5.14529060275506e+08
1.59000000000000e+00	6.60048464441573e+08
1.60000000000000e+00	8.35646379486611e+08
1.61000000000000e+00	1.04395087550512e+09
1.62000000000000e+00	1.28698784153648e+09
1.63000000000000e+00	1.56603702409394e+09
1.64000000000000e+00	1.88150405531136e+09
1.65000000000000e+00	2.23284222072821e+09
1.66000000000000e+00	2.61837814928265e+09
1.67000000000000e+00	3.03549827038133e+09
1.68000000000000e+00	3.48016671209777e+09
1.69000000000000e+00	3.94707051177308e+09
1.70000000000000e+00	4.42904041751047e+09
1.71000000000000e+00	4.91769538704777e+09
1.72000000000000e+00	5.40381583598105e+09
1.73000000000000e+00	5.87926837457603e+09
1.74000000000000e+00	6.33834141242081e+09
1.75000000000000e+00	6.77719524753600e+09
1.76000000000000e+00	7.19303398564048e+09
1.77000000000000e+00	7.58065835441148e+09
1.78000000000000e+00	7.93029245073280e+09
1.79000000000000e+00	8.22441851096412e+09
1.80000000000000e+00	8.43846633128896e+09
1.81000000000000e+00	8.54463176342777e+09
1.82000000000000e+00	8.51938542669941e+09
1.83000000000000e+00	8.35083470305753e+09
1.84000000000000e+00	8.04316043082863e+09
1.85000000000000e+00	7.61608179311588e+09
1.86000000000000e+00	7.09687408112826e+09
1.87000000000000e+00	6.51535330221582e+09
1.88000000000000e+00	5.89800829619352e+09
1.89000000000000e+00	5.26690083702664e+09
1.90000000000000e+00	4.64006614554159e+09
1.91000000000000e+00	4.03146033261668e+09
1.92000000000000e+00	3.45296153881314e+09
1.93000000000000e+00	2.91403323107382e+09
1.94000000000000e+00	2.42212736916696e+09
1.95000000000000e+00	1.98273998114580e+09
1.96000000000000e+00	1.59901293565062e+09
1.97000000000000e+00	1.27178111254315e+09
1.98000000000000e+00	9.99717374850274e+08
1.99000000000000e+00	7.79776012659336e+08
2.00000000000000e+00	6.07752444038315e+08
2.01000000000000e+00	4.78994203321941e+08
2.02000000000000e+00	3.88920742776607e+08
2.03000000000000e+00	3.33355502338233e+08
2.04000000000000e+00	3.08612200237105e+08
2.05000000000000e+00	3.11326052576811e+08
2.06000000000000e+00	3.38203859529039e+08
2.07000000000000e+00	3.85722369622289e+08
2.08000000000000e+00	4.49962477656710e+08
2.09000000000000e+00	5.26578591845311e+08
2.10000000000000e+00	6.10901633392398e+08
2.11000000000000e+00	6.98161203756325e+08
2.12000000000000e+00	7.83764917901622e+08
2.13000000000000e+00	8.63633612477046e+08
2.14000000000000e+00	9.34575452777188e+08
2.15000000000000e+00	9.94266932541895e+08
2.16000000000000e+00	1.04152983268946e+09
2.17000000000000e+00	1.07580345788331e+09
2.18000000000000e+00	1.09703154575542e+09
2.19000000000000e+00	1.10526474213586e+09
2.20000000000000e+00	1.10074723043915e+09
2.21000000000000e+00	1.08405731817291e+09
2.22000000000000e+00	1.05658009331081e+09
2.23000000000000e+00	1.02085347797186e+09
2.24000000000000e+00	9.80664138691863e+08
2.25000000000000e+00	9.40844633143062e+08
2.26000000000000e+00	9.06700909954277e+08
2.27000000000000e+00	8.83350249144020e+08
2.28000000000000e+00	8.75399272439448e+08
2.29000000000000e+00	8.86845848337094e+08
2.30000000000000e+00	9.21022236417283e+08
2.31000000000000e+00	9.80632724140104e+08
2.32000000000000e+00	1.06751527408086e+09
2.33000000000000e+00	1.18210137913409e+09
2.34000000000000e+00	1.32268014592869e+09
2.35000000000000e+00	1.48518522005885e+09
2.36000000000000e+00	1.66303003327363e+09
2.37000000000000e+00	1.84790207449019e+09
2.38000000000000e+00	2.03078353386914e+09
2.39000000000000e+00	2.20275669104583e+09
2.40000000000000e+00	2.35608382576197e+09
2.41000000000000e+00	2.48496193815311e+09
2.42000000000000e+00	2.58627535613175e+09
2.43000000000000e+00	2.65964517456600e+09
2.44000000000000e+00	2.70681172123048e+09
2.45000000000000e+00	2.73105598254710e+09
2.46000000000000e+00	2.73599617050374e+09
2.47000000000000e+00	2.72546074092410e+09
2.48000000000000e+00	2.70281317189043e+09
2.49000000000000e+00	2.67148228184964e+09
2.50000000000000e+00	2.63456405297535e+09
2.51000000000000e+00	2.59517533406321e+09
2.52000000000000e+00	2.55634852367035e+09
2.53000000000000e+00	2.52085108454782e+09
2.54000000000000e+00	2.49113760719942e+09
2.55000000000000e+00	2.46909139992527e+09
2.56000000000000e+00	2.45568265181554e+09
2.57000000000000e+00	2.45073949559120e+09
2.58000000000000e+00	2.45260548452163e+09
2.59000000000000e+00	2.45815533273593e+09
2.60000000000000e+00	2.46256678956590e+09
2.61000000000000e+00	2.45992338578193e+09
2.62000000000000e+00	2.44380317816694e+09
2.63000000000000e+00	2.40877303888948e+09
2.64000000000000e+00	2.35246661149681e+09
2.65000000000000e+00	2.27701966268192e+09
2.66000000000000e+00	2.18929387121564e+09
2.67000000000000e+00	2.09896354559044e+09
2.68000000000000e+00	2.01569804120174e+09
2.69000000000000e+00	1.94686500561676e+09
2.70000000000000e+00	1.89641201210996e+09
2.71000000000000e+00	1.86493362523322e+09
2.72000000000000e+00	1.85025649789962e+09
2.73000000000000e+00	1.84850679254226e+09
2.74000000000000e+00	1.85482679053071e+09
2.75000000000000e+00	1.86439165800107e+09
2.76000000000000e+00	1.87295777949647e+09
2.77000000000000e+00	1.87734753972146e+09
2.78000000000000e+00	1.87524378845541e+09
2.79000000000000e+00	1.86526638185855e+09
2.80000000000000e+00	1.84661825127438e+09
2.81000000000000e+00	1.81894581192918e+09
2.82000000000000e+00	1.78229790617192e+09
2.83000000000000e+00	1.73702517553486e+09
2.84000000000000e+00	1.68365091487721e+09
2.85000000000000e+00	1.62290931706324e+09
2.86000000000000e+00	1.55559522994039e+09
2.87000000000000e+00	1.48248258641740e+09
2.88000000000000e+00	1.40437126360482e+09
2.89000000000000e+00	1.32191347713772e+09
2.90000000000000e+00	1.23565571461648e+09
2.91000000000000e+00	1.14611314453741e+09
2.92000000000000e+00	1.05373033697144e+09
2.93000000000000e+00	9.59132068977225e+08
2.94000000000000e+00	8.63177582838040e+08
2.95000000000000e+00	7.67006528830468e+08
2.96000000000000e+00	6.72074539527708e+08
2.97000000000000e+00	5.79958692499868e+08
2.98000000000000e+00	4.92237782861557e+08
2.99000000000000e+00	4.10257673474119e+08
3.00000000000000e+00	3.35042414959606e+08
3.01000000000000e+00	2.67273826570385e+08
3.02000000000000e+00	2.07317371596294e+08
3.03000000000000e+00	1.55329591722726e+08
3.04000000000000e+00	1.11322117508770e+08
3.05000000000000e+00	7.51627973128618e+07
3.06000000000000e+00	4.66183921221687e+07
3.07000000000000e+00	2.53375275279152e+07
3.08000000000000e+00	1.08612356092538e+07
3.09000000000000e+00	2.63729762027966e+06
3.10000000000000e+00	4.24527272698904e+04
3.11000000000000e+00	2.40345413863807e+06
3.12000000000000e+00	9.01092814065398e+06
3.13000000000000e+00	1.91207458504032e+07
3.14000000000000e+00	3.19442693435122e+07
3.15000000000000e+00	4.66418780944179e+07
3.16000000000000e+00	6.23331617605262e+07
3.17000000000000e+00	7.81319112166627e+07
3.18000000000000e+00	9.32194554560089e+07
3.19000000000000e+00	1.06928042783218e+08
3.20000000000000e+00	1.18806554579370e+08
3.21000000000000e+00	1.28635984199413e+08
3.22000000000000e+00	1.36400321630256e+08
3.23000000000000e+00	1.42226860240690e+08
3.24000000000000e+00	1.46323991185752e+08
3.25000000000000e+00	1.48933472298207e+08
3.26000000000000e+00	1.50315872179747e+08
3.27000000000000e+00	1.50739284257472e+08
3.28000000000000e+00	1.50461396149051e+08
3.29000000000000e+00	1.49734100003166e+08
3.30000000000000e+00	1.48784791762970e+08
3.31000000000000e+00	1.47809145431769e+08
3.32000000000000e+00	1.46969396689439e+08
3.33000000000000e+00	1.46375623502772e+08
3.34000000000000e+00	1.46082561958882e+08
3.35000000000000e+00	1.46079118660500e+08
3.36000000000000e+00	1.46292948047089e+08
3.37000000000000e+00	1.46594947889212e+08
3.38000000000000e+00	1.46830432569956e+08
3.39000000000000e+00	1.46852143564686e+08
3.40000000000000e+00	1.46548262080323e+08
3.41000000000000e+00	1.45854717333771e+08
3.42000000000000e+00	1.44765706431996e+08
3.43000000000000e+00	1.43323536537166e+08
3.44000000000000e+00	1.41599446272935e+08
3.45000000000000e+00	1.39677484374254e+08
3.46000000000000e+00	1.37641955530059e+08
3.47000000000000e+00	1.35571912027770e+08
3.48000000000000e+00	1.33529712271385e+08
3.49000000000000e+00	1.31573233215238e+08
3.50000000000000e+00	1.29750407537541e+08
3.51000000000000e+00	1.28105735949331e+08
3.52000000000000e+00	1.26686392169500e+08
3.53000000000000e+00	1.25532389351778e+08
3.54000000000000e+00	1.24676539609328e+08
3.55000000000000e+00	1.24135212110955e+08
3.56000000000000e+00	1.23901329186611e+08
3.57000000000000e+00	1.23948279773848e+08
3.58000000000000e+00	1.24225522702026e+08
3.59000000000000e+00	1.24671875093477e+08
3.60000000000000e+00	1.25219051831744e+08
3.61000000000000e+00	1.25794609172440e+08
3.62000000000000e+00	1.26313903726517e+08
3.63000000000000e+00	1.26690094117937e+08
3.64000000000000e+00	1.26824038214673e+08
3.65000000000000e+00	1.26607599961284e+08
3.66000000000000e+00	1.25935089937071e+08
3.67000000000000e+00	1.24701511844902e+08
3.68000000000000e+00	1.22819043664276e+08
3.69000000000000e+00	1.20224893319227e+08
3.70000000000000e+00	1.16890884254193e+08
3.71000000000000e+00	1.12832493795195e+08
3.72000000000000e+00	1.08125962528152e+08
3.73000000000000e+00	1.02920089452430e+08
3.74000000000000e+00	9.74434833739239e+07
3.75000000000000e+00	9.19980095055767e+07
3.76000000000000e+00	8.69402363764310e+07
3.77000000000000e+00	8.26488336513544e+07
3.78000000000000e+00	7.94834764703779e+07
3.79000000000000e+00	7.77519685893675e+07
3.80000000000000e+00	7.76675486478006e+07
3.81000000000000e+00	7.93337727732156e+07
3.82000000000000e+00	8.27204196683682e+07
3.83000000000000e+00	8.76608941574381e+07
3.84000000000000e+00	9.38577497911685e+07
3.85000000000000e+00	1.00897751514988e+08
3.86000000000000e+00	1.08277070954351e+08
3.87000000000000e+00	1.15427868035430e+08
3.88000000000000e+00	1.21758091865352e+08
3.89000000000000e+00	1.26686635389347e+08
3.90000000000000e+00	1.29677925236929e+08
3.91000000000000e+00	1.30278817845052e+08
3.92000000000000e+00	1.28153714798261e+08
3.93000000000000e+00	1.23117475264657e+08
3.94000000000000e+00	1.15168640799378e+08
3.95000000000000e+00	1.04519351806620e+08
3.96000000000000e+00	9.16124490772252e+07
3.97000000000000e+00	7.71131359547390e+07
3.98000000000000e+00	6.18862567757293e+07
3.99000000000000e+00	4.69278823133118e+07
4.00000000000000e+00	3.32939129868943e+07
4.01000000000000e+00	2.20226315340910e+07
4.02000000000000e+00	1.40741307764313e+07
4.03000000000000e+00	1.02926545137140e+07
4.04000000000000e+00	1.13876774149407e+07
4.05000000000000e+00	1.79249003316599e+07
4.06000000000000e+00	3.03217572212051e+07
4.07000000000000e+00	4.88495811313484e+07
4.08000000000000e+00	7.36401123519369e+07
4.09000000000000e+00	1.04703223771241e+08
4.10000000000000e+00	1.41945345378130e+08
4.11000000000000e+00	1.85177113680979e+08
4.12000000000000e+00	2.34124134552475e+08
4.13000000000000e+00	2.88417827831716e+08
4.14000000000000e+00	3.47611007150143e+08
4.15000000000000e+00	4.11178079811932e+08
4.16000000000000e+00	4.78557225443209e+08
4.17000000000000e+00	5.49201541384049e+08
4.18000000000000e+00	6.22634706685370e+08
4.19000000000000e+00	6.98490107898929e+08
4.20000000000000e+00	7.76497996452421e+08
4.21000000000000e+00	8.56486110294561e+08
4.22000000000000e+00	9.38311097142847e+08
4.23000000000000e+00	1.02182258178963e+09
4.24000000000000e+00	1.10682826928198e+09
4.25000000000000e+00	1.19312896610878e+09
4.26000000000000e+00	1.28057947153515e+09
4.27000000000000e+00	1.36923058560665e+09
4.28000000000000e+00	1.45948305705994e+09
4.29000000000000e+00	1.55216877418871e+09
4.30000000000000e+00	1.64861235339416e+09
4.31000000000000e+00	1.75055575166169e+09
4.32000000000000e+00	1.86004443615620e+09
4.33000000000000e+00	1.97925489260196e+09
4.34000000000000e+00	2.11030290519181e+09
4.35000000000000e+00	2.25511837546340e+09
4.36000000000000e+00	2.41526907022012e+09
4.37000000000000e+00	2.59179644054413e+09
4.38000000000000e+00	2.78515390077992e+09
4.39000000000000e+00	2.99481091961965e+09
4.40000000000000e+00	3.21926325016340e+09
4.41000000000000e+00	3.45536953379076e+09
4.42000000000000e+00	3.69821491529967e+09
4.43000000000000e+00	3.94090804771721e+09
4.44000000000000e+00	4.17451076578137e+09
4.45000000000000e+00	4.38844684823851e+09
4.46000000000000e+00	4.57115367986207e+09
4.47000000000000e+00	4.71110809754212e+09
4.48000000000000e+00	4.79836802563873e+09
4.49000000000000e+00	4.82561248665870e+09
4.50000000000000e+00	4.78926143008399e+09
4.51000000000000e+00	4.69017909179156e+09
4.52000000000000e+00	4.53333408329538e+09
4.53000000000000e+00	4.32749384102341e+09
4.54000000000000e+00	4.08360119474780e+09
4.55000000000000e+00	3.81354914776719e+09
4.56000000000000e+00	3.52887473716655e+09
4.57000000000000e+00	3.23974176495059e+09
4.58000000000000e+00	2.95420289243688e+09
4.59000000000000e+00	2.67800908286924e+09
4.60000000000000e+00	2.41471772630161e+09
4.61000000000000e+00	2.16606201936079e+09
4.62000000000000e+00	1.93237857399798e+09
4.63000000000000e+00	1.71317538040488e+09
4.64000000000000e+00	1.50756759697874e+09
4.65000000000000e+00	1.31471678047729e+09
4.66000000000000e+00	1.13412696961258e+09
4.67000000000000e+00	9.65776910355096e+08
4.68000000000000e+00	8.10200687620970e+08
4.69000000000000e+00	6.68385938211043e+08
4.70000000000000e+00	5.41671429860623e+08
4.71000000000000e+00	4.31550302063689e+08
4.72000000000000e+00	3.39483871284611e+08
4.73000000000000e+00	2.66650710083005e+08
4.74000000000000e+00	2.13683137651678e+08
4.75000000000000e+00	1.80389600666132e+08
4.76000000000000e+00	1.65577225295771e+08
4.77000000000000e+00	1.66989048257376e+08
4.78000000000000e+00	1.81430247821542e+08
4.79000000000000e+00	2.05059876500670e+08
4.80000000000000e+00	2.33783977499882e+08
4.81000000000000e+00	2.63671401727944e+08
4.82000000000000e+00	2.91304801212594e+08
4.83000000000000e+00	3.14014786751499e+08
4.84000000000000e+00	3.30001056032724e+08
4.85000000000000e+00	3.38303528070829e+08
4.86000000000000e+00	3.38737236445924e+08
4.87000000000000e+00	3.31708857444166e+08
4.88000000000000e+00	3.18062345719425e+08
4.89000000000000e+00	2.98910640650661e+08
4.90000000000000e+00	2.75512615414221e+08
4.91000000000000e+00	2.49167028864589e+08
4.92000000000000e+00	2.21134061219374e+08
4.93000000000000e+00	1.92603382737333e+08
4.94000000000000e+00	1.64620817444828e+08
4.95000000000000e+00	1.38090019482491e+08
4.96000000000000e+00	1.13727386938324e+08
4.97000000000000e+00	9.20739857843097e+07
4.98000000000000e+00	7.34838930644891e+07
4.99000000000000e+00	5.81353769264277e+07
5.00000000000000e+00	4.60573363465279e+07
5.01000000000000e+00	3.71422397792961e+07
5.02000000000000e+00	3.11651058997561e+07
5.03000000000000e+00	2.78045595071597e+07
5.04000000000000e+00	2.66563036410403e+07
5.05000000000000e+00	2.72478243597752e+07
5.06000000000000e+00	2.90573747539649e+07
5.07000000000000e+00	3.15356534171544e+07
5.08000000000000e+00	3.41406107616801e+07
5.09000000000000e+00	3.63819522546541e+07
5.10000000000000e+00	3.78780288402472e+07
5.11000000000000e+00	3.84230168052695e+07
5.12000000000000e+00	3.80579643206539e+07
5.13000000000000e+00	3.71409629823603e+07
5.14000000000000e+00	3.64132323512935e+07
5.15000000000000e+00	3.70539156602830e+07
5.16000000000000e+00	4.07274286946718e+07
5.17000000000000e+00	4.96193686778431e+07
5.18000000000000e+00	6.64539904488753e+07
5.19000000000000e+00	9.44889179785188e+07
5.20000000000000e+00	1.37480468626963e+08
5.21000000000000e+00	1.99590986725261e+08
5.22000000000000e+00	2.85253271931221e+08
5.23000000000000e+00	3.98980329092491e+08
5.24000000000000e+00	5.45084322414001e+08
5.25000000000000e+00	7.27350810233977e+08
5.26000000000000e+00	9.48696295846986e+08
5.27000000000000e+00	1.21077389542073e+09
5.28000000000000e+00	1.51357851166169e+09
5.29000000000000e+00	1.85499827803629e+09
5.30000000000000e+00	2.23047777288506e+09
5.31000000000000e+00	2.63260268666279e+09
5.32000000000000e+00	3.05092959292520e+09
5.33000000000000e+00	3.47216905512956e+09
5.34000000000000e+00	3.88045785677015e+09
5.35000000000000e+00	4.25859264655078e+09
5.36000000000000e+00	4.58947045607170e+09
5.37000000000000e+00	4.85786265335076e+09
5.38000000000000e+00	5.05204583127031e+09
5.39000000000000e+00	5.16519137065365e+09
5.40000000000000e+00	5.19600296951004e+09
5.41000000000000e+00	5.14839072053796e+09
5.42000000000000e+00	5.03074418189191e+09
5.43000000000000e+00	4.85444967918969e+09
5.44000000000000e+00	4.63238179274681e+09
5.45000000000000e+00	4.37748726911110e+09
5.46000000000000e+00	4.10190570307568e+09
5.47000000000000e+00	3.81620519921009e+09
5.48000000000000e+00	3.52929447186482e+09
5.49000000000000e+00	3.24848089702341e+09
5.50000000000000e+00	2.97950839253657e+09
5.51000000000000e+00	2.72680691180302e+09
5.52000000000000e+00	2.49345968963637e+09
5.53000000000000e+00	2.28127687158844e+09
5.54000000000000e+00	2.09080354276019e+09
5.55000000000000e+00	1.92145649126354e+09
5.56000000000000e+00	1.77173731178216e+09
5.57000000000000e+00	1.63952291245735e+09
5.58000000000000e+00	1.52231843771286e+09
5.59000000000000e+00	1.41754990794095e+09
5.60000000000000e+00	1.32277523796963e+09
5.61000000000000e+00	1.23589864589997e+09
5.62000000000000e+00	1.15512338725573e+09
5.63000000000000e+00	1.07909262055971e+09
5.64000000000000e+00	1.00679639360288e+09
5.65000000000000e+00	9.37559267494574e+08
5.66000000000000e+00	8.70962288296714e+08
5.67000000000000e+00	8.06803964370651e+08
5.68000000000000e+00	7.45008202921353e+08
5.69000000000000e+00	6.85599932466506e+08
5.70000000000000e+00	6.28670290839887e+08
5.71000000000000e+00	5.74333658744363e+08
5.72000000000000e+00	5.22721511524166e+08
5.73000000000000e+00	4.73964343084260e+08
5.74000000000000e+00	4.28170210507661e+08
5.75000000000000e+00	3.85446171527274e+08
5.76000000000000e+00	3.45884847969585e+08
5.77000000000000e+00	3.09577024213065e+08
5.78000000000000e+00	2.76591618174485e+08
5.79000000000000e+00	2.46978089964122e+08
5.80000000000000e+00	2.20756008441112e+08
5.81000000000000e+00	1.97895711551687e+08
5.82000000000000e+00	1.78311754053911e+08
5.83000000000000e+00	1.61864139828012e+08
5.84000000000000e+00	1.48352294822163e+08
5.85000000000000e+00	1.37530575248794e+08
5.86000000000000e+00	1.29110294024298e+08
5.87000000000000e+00	1.22779816119922e+08
5.88000000000000e+00	1.18217285401715e+08
5.89000000000000e+00	1.15104335020354e+08
5.90000000000000e+00	1.13148703626968e+08
5.91000000000000e+00	1.12083827307305e+08
5.92000000000000e+00	1.11687139378211e+08
5.93000000000000e+00	1.11771189029832e+08
5.94000000000000e+00	1.12192185465561e+08
5.95000000000000e+00	1.12834365397432e+08
5.96000000000000e+00	1.13608623730617e+08
5.97000000000000e+00	1.14441915669457e+08
5.98000000000000e+00	1.15267838335324e+08
5.99000000000000e+00	1.16019405248157e+08
6.00000000000000e+00	1.16626909686722e+08
6.01000000000000e+00	1.17014105921034e+08
6.02000000000000e+00	1.17105556915043e+08
6.03000000000000e+00	1.16826701620297e+08
6.04000000000000e+00	1.16114419212870e+08
6.05000000000000e+00	1.14922275634914e+08
6.06000000000000e+00	1.13225773401240e+08
6.07000000000000e+00	1.11033332332307e+08
6.08000000000000e+00	1.08383593469398e+08
6.09000000000000e+00	1.05355094760351e+08
6.10000000000000e+00	1.02063870619804e+08
6.11000000000000e+00	9.86617281376299e+07
6.12000000000000e+00	9.53286112415875e+07
6.13000000000000e+00	9.22638336931177e+07
6.14000000000000e+00	8.96697956937636e+07
6.15000000000000e+00	8.77424552341159e+07
6.16000000000000e+00	8.66501683895269e+07
6.17000000000000e+00	8.65247680961461e+07
6.18000000000000e+00	8.74518067250198e+07
6.19000000000000e+00	8.94601902339533e+07
6.20000000000000e+00	9.25232362561511e+07
6.21000000000000e+00	9.65586861295740e+07
6.22000000000000e+00	1.01435755092986e+08
6.23000000000000e+00	1.06984680675960e+08
6.24000000000000e+00	1.13006853618280e+08
6.25000000000000e+00	1.19290231502813e+08
6.26000000000000e+00	1.25619225917217e+08
6.27000000000000e+00	1.31787622946915e+08
6.28000000000000e+00	1.37605584569470e+08
6.29000000000000e+00	1.42907386215786e+08
6.30000000000000e+00	1.47557008188050e+08
6.31000000000000e+00	1.51447177875024e+08
6.32000000000000e+00	1.54504314258285e+08
6.33000000000000e+00	1.56689677458818e+08
6.34000000000000e+00	1.57996524140546e+08
6.35000000000000e+00	1.58455497404089e+08
6.36000000000000e+00	1.58126782339789e+08
6.37000000000000e+00	1.57091963891127e+08
6.38000000000000e+00	1.55454664080490e+08
6.39000000000000e+00	1.53328123284386e+08
6.40000000000000e+00	1.50827930256492e+08
6.41000000000000e+00	1.48068802987056e+08
6.42000000000000e+00	1.45153938317279e+08
6.43000000000000e+00	1.42174336703197e+08
6.44000000000000e+00	1.39200226748828e+08
6.45000000000000e+00	1.36280964519207e+08
6.46000000000000e+00	1.33444901572084e+08
6.47000000000000e+00	1.30698209092150e+08
6.48000000000000e+00	1.28032352832467e+08
6.49000000000000e+00	1.25428910453365e+08
6.50000000000000e+00	1.22862622268357e+08
6.51000000000000e+00	1.20309812413776e+08
6.52000000000000e+00	1.17750627494966e+08
6.53000000000000e+00	1.15170366931098e+08
6.54000000000000e+00	1.12562815869844e+08
6.55000000000000e+00	1.09929411271747e+08
6.56000000000000e+00	1.07278403749239e+08
6.57000000000000e+00	1.04622957058586e+08
6.58000000000000e+00	1.01979795532724e+08
6.59000000000000e+00	9.93640226288023e+07
6.60000000000000e+00	9.67884965784786e+07
6.61000000000000e+00	9.42567038472528e+07
6.62000000000000e+00	9.17687122409991e+07
6.63000000000000e+00	8.93177233636464e+07
6.64000000000000e+00	8.68976221167021e+07
6.65000000000000e+00	8.45036382790219e+07
6.66000000000000e+00	8.21394825000052e+07
6.67000000000000e+00	7.98163363764470e+07
6.68000000000000e+00	7.75571294619226e+07
6.69000000000000e+00	7.53906726357728e+07
6.70000000000000e+00	7.33511330708931e+07
6.71000000000000e+00	7.14731364572952e+07
6.72000000000000e+00	6.97859861887216e+07
6.73000000000000e+00	6.83096620958414e+07
6.74000000000000e+00	6.70493021544528e+07
6.75000000000000e+00	6.59928804309911e+07
6.76000000000000e+00	6.51085146697021e+07
6.77000000000000e+00	6.43490120840388e+07
6.78000000000000e+00	6.36533129261039e+07
6.79000000000000e+00	6.29545930999822e+07
6.80000000000000e+00	6.21885940228778e+07
6.81000000000000e+00	6.13003392486611e+07
6.82000000000000e+00	6.02523711264949e+07
6.83000000000000e+00	5.90292578687474e+07
6.84000000000000e+00	5.76406273056950e+07
6.85000000000000e+00	5.61186077852540e+07
6.86000000000000e+00	5.45158580901317e+07
6.87000000000000e+00	5.28989563766557e+07
6.88000000000000e+00	5.13394684583778e+07
6.89000000000000e+00	4.99048556103378e+07
6.90000000000000e+00	4.86510045293119e+07
6.91000000000000e+00	4.76135827552810e+07
6.92000000000000e+00	4.68032836913790e+07
6.93000000000000e+00	4.62037206143518e+07
6.94000000000000e+00	4.57705083539365e+07
6.95000000000000e+00	4.54362585291653e+07
6.96000000000000e+00	4.51151209807331e+07
6.97000000000000e+00	4.47101098940331e+07
6.98000000000000e+00	4.41217462281674e+07
6.99000000000000e+00	4.32574426713685e+07
7.00000000000000e+00	4.20394571035594e+07
7.01000000000000e+00	4.04108803537837e+07
7.02000000000000e+00	3.83425851054234e+07
7.03000000000000e+00	3.58344150504470e+07
7.04000000000000e+00	3.29175554349527e+07
7.05000000000000e+00	2.96515644773351e+07
7.06000000000000e+00	2.61222373900840e+07
7.07000000000000e+00	2.24369669638567e+07
7.08000000000000e+00	1.87157181329864e+07
7.09000000000000e+00	1.50852756914563e+07
7.10000000000000e+00	1.16683107974009e+07
7.11000000000000e+00	8.57426955485013e+06
7.12000000000000e+00	5.89206472354490e+06
7.13000000000000e+00	3.68533443580407e+06
7.14000000000000e+00	1.99221766510941e+06
7.15000000000000e+00	8.30199160134118e+05
7.16000000000000e+00	2.05664222133898e+05
7.17000000000000e+00	1.27356882278193e+05
7.18000000000000e+00	6.22670488546266e+05
7.19000000000000e+00	1.75528604665587e+06
7.20000000000000e+00	3.64266508200484e+06
7.21000000000000e+00	6.47120047004760e+06
7.22000000000000e+00	1.05076370791491e+07
7.23000000000000e+00	1.61040045565829e+07
7.24000000000000e+00	2.36935403239806e+07
7.25000000000000e+00	3.37749256744735e+07
7.26000000000000e+00	4.68807429239485e+07
7.27000000000000e+00	6.35260187712504e+07
7.28000000000000e+00	8.41374367800927e+07
7.29000000000000e+00	1.08967447567818e+08
7.30000000000000e+00	1.37994843651810e+08
7.31000000000000e+00	1.70840775749434e+08
7.32000000000000e+00	2.06714047756341e+08
7.33000000000000e+00	2.44412876498238e+08
7.34000000000000e+00	2.82392069270646e+08
7.35000000000000e+00	3.18901552521146e+08
7.36000000000000e+00	3.52166138051022e+08
7.37000000000000e+00	3.80591981749282e+08
7.38000000000000e+00	4.02931040968860e+08
7.39000000000000e+00	4.18403767746903e+08
7.40000000000000e+00	4.26735435515742e+08
7.41000000000000e+00	4.28127362278235e+08
7.42000000000000e+00	4.23167021199570e+08
7.43000000000000e+00	4.12720192374493e+08
7.44000000000000e+00	3.97805599283010e+08
7.45000000000000e+00	3.79499589056179e+08
7.46000000000000e+00	3.58859000506132e+08
7.47000000000000e+00	3.36862649916210e+08
7.48000000000000e+00	3.14381530467467e+08
7.49000000000000e+00	2.92149763916152e+08
7.50000000000000e+00	2.70753434552083e+08
7.51000000000000e+00	2.50624997502535e+08
7.52000000000000e+00	2.32047918969731e+08
7.53000000000000e+00	2.15169054867195e+08
7.54000000000000e+00	2.00018870898819e+08
7.55000000000000e+00	1.86539649990677e+08
7.56000000000000e+00	1.74609343429165e+08
7.57000000000000e+00	1.64069153846099e+08
7.58000000000000e+00	1.54745608320050e+08
7.59000000000000e+00	1.46468141601532e+08
7.60000000000000e+00	1.39077907599373e+08
7.61000000000000e+00	1.32438418781215e+08
7.62000000000000e+00	1.26436306925944e+08
7.63000000000000e+00	1.20979201611784e+08
7.64000000000000e+00	1.15996355975689e+08
7.65000000000000e+00	1.11432515468085e+08
7.66000000000000e+00	1.07247795514386e+08
7.67000000000000e+00	1.03411992527892e+08
7.68000000000000e+00	9.99002328418645e+07
7.69000000000000e+00	9.66914156938883e+07
7.70000000000000e+00	9.37653852646694e+07
7.71000000000000e+00	9.11014584813005e+07
7.72000000000000e+00	8.86768519032837e+07
7.73000000000000e+00	8.64682616388729e+07
7.74000000000000e+00	8.44499672935074e+07
7.75000000000000e+00	8.25959481827629e+07
7.76000000000000e+00	8.08786151456726e+07
7.77000000000000e+00	7.92687280216916e+07
7.78000000000000e+00	7.77383021855606e+07
7.79000000000000e+00	7.62599345372597e+07
7.80000000000000e+00	7.48106685413110e+07
7.81000000000000e+00	7.33737431707891e+07
7.82000000000000e+00	7.19405549158960e+07
7.83000000000000e+00	7.05113377587344e+07
7.84000000000000e+00	6.90959161945076e+07
7.85000000000000e+00	6.77132786799253e+07
7.86000000000000e+00	6.63866145036880e+07
7.87000000000000e+00	6.51478734872683e+07
7.88000000000000e+00	6.40290229487015e+07
7.89000000000000e+00	6.30599558874945e+07
7.90000000000000e+00	6.22661712767517e+07
7.91000000000000e+00	6.16628807533789e+07
7.92000000000000e+00	6.12530339580029e+07
7.93000000000000e+00	6.10227700631593e+07
7.94000000000000e+00	6.09432251408628e+07
7.95000000000000e+00	6.09701631675273e+07
7.96000000000000e+00	6.10455853573122e+07
7.97000000000000e+00	6.11047850261962e+07
7.98000000000000e+00	6.10796653868497e+07
7.99000000000000e+00	6.09057448637914e+07
8.00000000000000e+00	6.05261711914105e+07
8.01000000000000e+00	5.98973434647615e+07
8.02000000000000e+00	5.89903203049385e+07
8.03000000000000e+00	5.77915512600471e+07
8.04000000000000e+00	5.63031375542844e+07
8.05000000000000e+00	5.45410137310712e+07
8.06000000000000e+00	5.25319797981565e+07
8.07000000000000e+00	5.03119761394696e+07
8.08000000000000e+00	4.79240172811449e+07
8.09000000000000e+00	4.54137117312288e+07
8.10000000000000e+00	4.28302534303345e+07
8.11000000000000e+00	4.02228918787537e+07
8.12000000000000e+00	3.76401734958755e+07
8.13000000000000e+00	3.51284394045511e+07
8.14000000000000e+00	3.27318294232797e+07
8.15000000000000e+00	3.04912168667725e+07
8.16000000000000e+00	2.84420696596256e+07
8.17000000000000e+00	2.66142937928601e+07
8.18000000000000e+00	2.50306090961713e+07
8.19000000000000e+00	2.37046438459765e+07
8.20000000000000e+00	2.26408083672736e+07
8.21000000000000e+00	2.18339676614087e+07
8.22000000000000e+00	2.12689396523325e+07
8.23000000000000e+00	2.09231210210431e+07
8.24000000000000e+00	2.07664199522844e+07
8.25000000000000e+00	2.07645316617118e+07
8.26000000000000e+00	2.08802653533898e+07
8.27000000000000e+00	2.10760307774312e+07
8.28000000000000e+00	2.13160004616639e+07
8.29000000000000e+00	2.15675831035238e+07
8.30000000000000e+00	2.18023565935583e+07
8.31000000000000e+00	2.19983622217481e+07
8.32000000000000e+00	2.21392144587101e+07
8.33000000000000e+00	2.22153297141399e+07
8.34000000000000e+00	2.22231372890774e+07
8.35000000000000e+00	2.21639279154908e+07
8.36000000000000e+00	2.20444738292585e+07
8.37000000000000e+00	2.18736696309402e+07
8.38000000000000e+00	2.16642990985086e+07
8.39000000000000e+00	2.14296353496305e+07
8.40000000000000e+00	2.11837575034484e+07
8.41000000000000e+00	2.09393223362549e+07
8.42000000000000e+00	2.07086940540923e+07
8.43000000000000e+00	2.05004436392274e+07
8.44000000000000e+00	2.03215800921278e+07
8.45000000000000e+00	2.01759036731043e+07
8.46000000000000e+00	2.00636457488005e+07
8.47000000000000e+00	1.99826196249569e+07
8.48000000000000e+00	1.99280523799385e+07
8.49000000000000e+00	1.98930706560506e+07
8.50000000000000e+00	1.98701264765007e+07
8.51000000000000e+00	1.98504456212813e+07
8.52000000000000e+00	1.98249016545562e+07
8.53000000000000e+00	1.97854427877669e+07
8.54000000000000e+00	1.97244108199787e+07
8.55000000000000e+00	1.96355067015348e+07
8.56000000000000e+00	1.95140949682878e+07
8.57000000000000e+00	1.93581448944110e+07
8.58000000000000e+00	1.91673758338943e+07
8.59000000000000e+00	1.89430390588029e+07
8.60000000000000e+00	1.86891368054912e+07
8.61000000000000e+00	1.84098542741748e+07
8.62000000000000e+00	1.81095600821376e+07
8.63000000000000e+00	1.77939030799116e+07
8.64000000000000e+00	1.74664204200874e+07
8.65000000000000e+00	1.71309262503048e+07
8.66000000000000e+00	1.67902793561583e+07
8.67000000000000e+00	1.64448547195539e+07
8.68000000000000e+00	1.60962120949610e+07
8.69000000000000e+00	1.57431217771175e+07
8.70000000000000e+00	1.53849430526815e+07
8.71000000000000e+00	1.50202887400326e+07
8.72000000000000e+00	1.46473428283329e+07
8.73000000000000e+00	1.42645747516419e+07
8.74000000000000e+00	1.38709409687646e+07
8.75000000000000e+00	1.34650439180401e+07
8.76000000000000e+00	1.30464815057371e+07
8.77000000000000e+00	1.26147192558643e+07
8.78000000000000e+00	1.21700531700766e+07
8.79000000000000e+00	1.17128843429506e+07
8.80000000000000e+00	1.12441003622418e+07
8.81000000000000e+00	1.07646625803157e+07
8.82000000000000e+00	1.02755549200182e+07
8.83000000000000e+00	9.77780808655725e+06
8.84000000000000e+00	9.27212588776136e+06
8.85000000000000e+00	8.75905837321174e+06
8.86000000000000e+00	8.23896080212090e+06
8.87000000000000e+00	7.71182130199790e+06
8.88000000000000e+00	7.17722206700829e+06
8.89000000000000e+00	6.63464130242396e+06
8.90000000000000e+00	6.08330566703481e+06
8.91000000000000e+00	5.52258631620320e+06
8.92000000000000e+00	4.95213555997819e+06
8.93000000000000e+00	4.37274914821827e+06
8.94000000000000e+00	3.78691603451181e+06
8.95000000000000e+00	3.20040256838364e+06
8.96000000000000e+00	2.62391249533400e+06
8.97000000000000e+00	2.07567289589642e+06
8.98000000000000e+00	1.58444005753144e+06
8.99000000000000e+00	1.19324062055851e+06
9.00000000000000e+00	9.63365447397844e+05
9.01000000000000e+00	9.78542925083568e+05
9.02000000000000e+00	1.34866107627577e+06
9.03000000000000e+00	2.21248891314522e+06
9.04000000000000e+00	3.73842689405883e+06
9.05000000000000e+00	6.12177380322650e+06
9.06000000000000e+00	9.57754042488426e+06
9.07000000000000e+00	1.43264182692008e+07
9.08000000000000e+00	2.05736500316497e+07
9.09000000000000e+00	2.84801697880431e+07
9.10000000000000e+00	3.81278436767031e+07
9.11000000000000e+00	4.94838173491695e+07
9.12000000000000e+00	6.23697486503246e+07
9.13000000000000e+00	7.64481651026965e+07
9.14000000000000e+00	9.12295499496185e+07
9.15000000000000e+00	1.06104078628645e+08
9.16000000000000e+00	1.20403214493170e+08
9.17000000000000e+00	1.33470096413803e+08
9.18000000000000e+00	1.44736146787360e+08
9.19000000000000e+00	1.53772106559929e+08
9.20000000000000e+00	1.60327336656655e+08
9.21000000000000e+00	1.64338054517859e+08
9.22000000000000e+00	1.65895475442226e+08
9.23000000000000e+00	1.65220194425653e+08
9.24000000000000e+00	1.62610196164134e+08
9.25000000000000e+00	1.58405417626089e+08
9.26000000000000e+00	1.52951886562402e+08
9.27000000000000e+00	1.46580578185828e+08
9.28000000000000e+00	1.39592248121189e+08
9.29000000000000e+00	1.32248515256599e+08
9.30000000000000e+00	1.24770962286434e+08
9.31000000000000e+00	1.17340144836535e+08
9.32000000000000e+00	1.10095218113003e+08
9.33000000000000e+00	1.03142858022508e+08
9.34000000000000e+00	9.65581074779765e+07
9.35000000000000e+00	9.03879569073995e+07
9.36000000000000e+00	8.46595914992031e+07
9.37000000000000e+00	7.93824993684509e+07
9.38000000000000e+00	7.45524690277874e+07
9.39000000000000e+00	7.01572893808066e+07
9.40000000000000e+00	6.61758070377913e+07
9.41000000000000e+00	6.25834865268591e+07
9.42000000000000e+00	5.93519857640568e+07
9.43000000000000e+00	5.64509672815394e+07
9.44000000000000e+00	5.38503013813666e+07
9.45000000000000e+00	5.15188646177905e+07
9.46000000000000e+00	4.94281637741109e+07
9.47000000000000e+00	4.75500570687464e+07
9.48000000000000e+00	4.58599948958342e+07
9.49000000000000e+00	4.43345594486981e+07
9.50000000000000e+00	4.29546485873929e+07
9.51000000000000e+00	4.17003671417001e+07
9.52000000000000e+00	4.05558721987954e+07
9.53000000000000e+00	3.95058300005230e+07
9.54000000000000e+00	3.85376743694185e+07
9.55000000000000e+00	3.76395949024938e+07
9.56000000000000e+00	3.68036401215772e+07
9.57000000000000e+00	3.60238112902237e+07
9.58000000000000e+00	3.52963550342592e+07
9.59000000000000e+00	3.46177544262858e+07
9.60000000000000e+00	3.39852766442266e+07
9.61000000000000e+00	3.33941206732743e+07
9.62000000000000e+00	3.28393515738957e+07
9.63000000000000e+00	3.23156759093976e+07
9.64000000000000e+00	3.18179403223766e+07
9.65000000000000e+00	3.13415420756529e+07
9.66000000000000e+00	3.08837643976731e+07
9.67000000000000e+00	3.04427051015606e+07
9.68000000000000e+00	3.00169250039310e+07
9.69000000000000e+00	2.96056334978707e+07
9.70000000000000e+00	2.92077591919308e+07
9.71000000000000e+00	2.88229255517420e+07
9.72000000000000e+00	2.84504033536285e+07
9.73000000000000e+00	2.80896048609688e+07
9.74000000000000e+00	2.77400421013708e+07
9.75000000000000e+00	2.74009415286348e+07
9.76000000000000e+00	2.70719553061701e+07
9.77000000000000e+00	2.67518051701946e+07
9.78000000000000e+00	2.64405339377387e+07
9.79000000000000e+00	2.61373620412096e+07
9.80000000000000e+00	2.58418944748640e+07
9.81000000000000e+00	2.55538757673428e+07
9.82000000000000e+00	2.52732878655314e+07
9.83000000000000e+00	2.49990880829121e+07
9.84000000000000e+00	2.47312466386396e+07
9.85000000000000e+00	2.44697857404110e+07
9.86000000000000e+00	2.42139830055712e+07
9.87000000000000e+00	2.39642508462962e+07
9.88000000000000e+00	2.37211874142231e+07
9.89000000000000e+00	2.34876151404396e+07
9.90000000000000e+00	2.32693919128237e+07
9.91000000000000e+00	2.30804693657550e+07
9.92000000000000e+00	2.29475320147174e+07
9.93000000000000e+00	2.29140972274776e+07
9.94000000000000e+00	2.30441259025269e+07
9.95000000000000e+00	2.34192672167829e+07
9.96000000000000e+00	2.41279043177770e+07
9.97000000000000e+00	2.52469109257408e+07
9.98000000000000e+00	2.68106247771064e+07
9.99000000000000e+00	2.87684039502604e+07
1.00000000000000e+01	3.09414135046598e+07
1.00100000000000e+01	3.29899774514058e+07
1.00200000000000e+01	3.43641341680696e+07
1.00300000000000e+01	3.44058505401211e+07
1.00400000000000e+01	3.26907962836310e+07
1.00500000000000e+01	2.93852119447449e+07
1.00600000000000e+01	2.51778309324858e+07
1.00700000000000e+01	2.08384659494915e+07
1.00800000000000e+01	1.68805516446304e+07
1.00900000000000e+01	1.35209686571556e+07
1.01000000000000e+01	1.07847594309014e+07
1.01100000000000e+01	8.60708400933322e+06
1.01200000000000e+01	6.89417477161783e+06
1.01300000000000e+01	5.55334748571448e+06
1.01400000000000e+01	4.50400725350674e+06
1.01500000000000e+01	3.68049272491415e+06
1.01600000000000e+01	3.03107534517329e+06
1.01700000000000e+01	2.51582471930763e+06
1.01800000000000e+01	2.10423245906647e+06
1.01900000000000e+01	1.77303510014948e+06
1.02000000000000e+01	1.50458014200607e+06
1.02100000000000e+01	1.28535548504391e+06
1.02200000000000e+01	1.10504889387779e+06
1.02300000000000e+01	9.55707299572903e+05
1.02400000000000e+01	8.31187082669635e+05
1.02500000000000e+01	7.26697741787230e+05
1.02600000000000e+01	6.38481931677888e+05
1.02700000000000e+01	5.63574857588069e+05
1.02800000000000e+01	4.99623292794372e+05
1.02900000000000e+01	4.44742051108795e+05
1.03000000000000e+01	3.97413948584320e+05
1.03100000000000e+01	3.56409221839198e+05
1.03200000000000e+01	3.20726974894788e+05
1.03300000000000e+01	2.89547011921713e+05
1.03400000000000e+01	2.62191225356763e+05
1.03500000000000e+01	2.38100309076637e+05
1.03600000000000e+01	2.16806781275497e+05
1.03700000000000e+01	1.97921280981970e+05
1.03800000000000e+01	1.81115935845641e+05
1.03900000000000e+01	1.66115574284734e+05
1.04000000000000e+01	1.52685805069001e+05
1.04100000000000e+01	1.40627604272200e+05
1.04200000000000e+01	1.29772663658751e+05
1.04300000000000e+01	1.19975995907646e+05
1.04400000000000e+01	1.11113297455336e+05
1.04500000000000e+01	1.03077891276859e+05
1.04600000000000e+01	9.57762335312928e+04
1.04700000000000e+01	8.91282818487316e+04
1.04800000000000e+01	8.30637273349222e+04
1.04900000000000e+01	7.75215872688672e+04
1.05000000000000e+01	7.24474722808292e+04
1.05100000000000e+01	6.77944325516866e+04
1.05200000000000e+01	6.35205369676713e+04
1.05300000000000e+01	5.95882519551298e+04
1.05400000000000e+01	5.59652709578287e+04
1.05500000000000e+01	5.26220066956048e+04
1.05600000000000e+01	4.95324018497476e+04
1.05700000000000e+01	4.66729352944934e+04
1.05800000000000e+01	4.40230824813392e+04
1.05900000000000e+01	4.15638935500805e+04
1.06000000000000e+01	3.92788250529448e+04
1.06100000000000e+01	3.71528887051688e+04
1.06200000000000e+01	3.51725743967221e+04
1.06300000000000e+01	3.33254701830772e+04
1.06400000000000e+01	3.16008084313602e+04
1.06500000000000e+01	2.99885396563836e+04
1.06600000000000e+01	2.84798371070690e+04
1.06700000000000e+01	2.70663730956972e+04
1.06800000000000e+01	2.57408474796068e+04
1.06900000000000e+01	2.44966454746535e+04
1.07000000000000e+01	2.33274947698570e+04
1.07100000000000e+01	2.22280593269547e+04
1.07200000000000e+01	2.11933200339593e+04
1.07300000000000e+01	2.02187413262779e+04
1.07400000000000e+01	1.93001205611302e+04
1.07500000000000e+01	1.84335879388619e+04
1.07600000000000e+01	1.76159020589889e+04
1.07700000000000e+01	1.68436523375226e+04
1.07800000000000e+01	1.61140626383468e+04
1.07900000000000e+01	1.54242722866758e+04
1.08000000000000e+01	1.47718783086622e+04
1.08100000000000e+01	1.41543505352868e+04
1.08200000000000e+01	1.35695266762370e+04
1.08300000000000e+01	1.30153624121888e+04
1.08400000000000e+01	1.24898366530656e+04
1.08500000000000e+01	1.19911360165080e+04
1.08600000000000e+01	1.15175647313601e+04
1.08700000000000e+01	1.10675050250279e+04
1.08800000000000e+01	1.06395188827726e+04
1.08900000000000e+01	1.02321753107456e+04
1.09000000000000e+01	9.84423463957284e+03
1.09100000000000e+01	9.47451245992806e+03
1.09200000000000e+01	9.12188364309382e+03
1.09300000000000e+01	8.78533114175172e+03
1.09400000000000e+01	8.46388789309382e+03
1.09500000000000e+01	8.15675219866894e+03
1.09600000000000e+01	7.86306107630631e+03
1.09700000000000e+01	7.58212964313029e+03
1.09800000000000e+01	7.31320933922534e+03
1.09900000000000e+01	7.05574453943078e+03
1.10000000000000e+01	6.80916705024999e+03
1.10100000000000e+01	6.57297805143094e+03
1.10200000000000e+01	6.34669051981151e+03
1.10300000000000e+01	6.12992554165804e+03
1.10400000000000e+01	5.92230214370429e+03
1.10500000000000e+01	5.72343075647641e+03
1.10600000000000e+01	5.53304768664896e+03
1.10700000000000e+01	5.35075396406330e+03
1.10800000000000e+01	5.17625620484361e+03
1.10900000000000e+01	5.00924697786291e+03
1.11000000000000e+01	4.84936151945641e+03
1.11100000000000e+01	4.69631228190344e+03
1.11200000000000e+01	4.54969289819562e+03
1.11300000000000e+01	4.40923261022444e+03
1.11400000000000e+01	4.27457854019875e+03
1.11500000000000e+01	4.14540572720510e+03
1.11600000000000e+01	4.02138518350993e+03
1.11700000000000e+01	3.90226106993139e+03
1.11800000000000e+01	3.78771132295989e+03
1.11900000000000e+01	3.67747093989991e+03
1.12000000000000e+01	3.57131770971596e+03
1.12100000000000e+01	3.46902228524824e+03
1.12200000000000e+01	3.37038574722368e+03
1.12300000000000e+01	3.27521373185533e+03
1.12400000000000e+01	3.18334027383055e+03
1.12500000000000e+01	3.09462557988606e+03
1.12600000000000e+01	3.00891085392336e+03
1.12700000000000e+01	2.92607907994547e+03
1.12800000000000e+01	2.84602010687623e+03
1.12900000000000e+01	2.76860266251279e+03
1.13000000000000e+01	2.69372957921686e+03
1.13100000000000e+01	2.62129777721378e+03
1.13200000000000e+01	2.55120566082237e+03
1.13300000000000e+01	2.48337428142771e+03
1.13400000000000e+01	2.41769458539745e+03
1.13500000000000e+01	2.35409684307276e+03
1.13600000000000e+01	2.29249091145462e+03
1.13700000000000e+01	2.23279210464920e+03
1.13800000000000e+01	2.17494016321987e+03
1.13900000000000e+01	2.11886168836701e+03
1.14000000000000e+01	2.06448356549282e+03
1.14100000000000e+01	2.01176558295032e+03
1.14200000000000e+01	1.96062519192893e+03
1.14300000000000e+01	1.91102879881074e+03
1.14400000000000e+01	1.86292490580455e+03
1.14500000000000e+01	1.81626310663899e+03
1.14600000000000e+01	1.77098278269687e+03
1.14700000000000e+01	1.72704604095941e+03
1.14800000000000e+01	1.68440270602834e+03
1.14900000000000e+01	1.64300938135251e+03
1.15000000000000e+01	1.60283758751564e+03
1.15100000000000e+01	1.56382149689061e+03
1.15200000000000e+01	1.52593442936455e+03
1.15300000000000e+01	1.48914430721944e+03
1.15400000000000e+01	1.45341936999985e+03
1.15500000000000e+01	1.41874634457818e+03
1.15600000000000e+01	1.38508683887654e+03
1.15700000000000e+01	1.35242615671608e+03
1.15800000000000e+01	1.32075453925162e+03
1.15900000000000e+01	1.29004080589205e+03
1.16000000000000e+01	1.26026050635827e+03
1.16100000000000e+01	1.23140565992197e+03
1.16200000000000e+01	1.20343714025177e+03
1.16300000000000e+01	1.17632789743353e+03
1.16400000000000e+01	1.15003834728213e+03
1.16500000000000e+01	1.12453466888804e+03
1.16600000000000e+01	1.09977777624670e+03
1.16700000000000e+01	1.07572408068495e+03
1.16800000000000e+01	1.05233037326672e+03
1.16900000000000e+01	1.02955799514452e+03
1.17000000000000e+01	1.00736050139675e+03
1.17100000000000e+01	9.85712890077738e+02
1.17200000000000e+01	9.64581524666505e+02
1.17300000000000e+01	9.43935182730218e+02
1.17400000000000e+01	9.23756929262505e+02
1.17500000000000e+01	9.04031559100039e+02
1.17600000000000e+01	8.84751889981583e+02
1.17700000000000e+01	8.65901600950224e+02
1.17800000000000e+01	8.47497435388167e+02
1.17900000000000e+01	8.29529117885390e+02
1.18000000000000e+01	8.11997167580652e+02
1.18100000000000e+01	7.94907624698913e+02
1.18200000000000e+01	7.78255489777935e+02
1.18300000000000e+01	7.62045842514589e+02
1.18400000000000e+01	7.46270147888858e+02
1.18500000000000e+01	7.30919561560285e+02
1.18600000000000e+01	7.15989805693763e+02
1.18700000000000e+01	7.01469526917228e+02
1.18800000000000e+01	6.87339834248640e+02
1.18900000000000e+01	6.73589824977077e+02
1.19000000000000e+01	6.60199571925112e+02
1.19100000000000e+01	6.47158184388529e+02
1.19200000000000e+01	6.34443911711654e+02
1.19300000000000e+01	6.22048397212514e+02
1.19400000000000e+01	6.09947051909034e+02
1.19500000000000e+01	5.98130544886948e+02
1.19600000000000e+01	5.86583642278626e+02
1.19700000000000e+01	5.75299039475849e+02
1.19800000000000e+01	5.64258952889941e+02
1.19900000000000e+01	5.53456921122416e+02
1.20000000000000e+01	5.42882111177838e+02
1.20100000000000e+01	5.32529125894660e+02
1.20200000000000e+01	5.22394636732926e+02
1.20300000000000e+01	5.12474077454542e+02
1.20400000000000e+01	5.02763771198006e+02
1.20500000000000e+01	4.93262029590861e+02
1.20600000000000e+01	4.83972900344302e+02
1.20700000000000e+01	4.74889831040520e+02
1.20800000000000e+01	4.66017648479633e+02
1.20900000000000e+01	4.57353174605711e+02
1.21000000000000e+01	4.48898780440278e+02
1.21100000000000e+01	4.40651653151100e+02
1.21200000000000e+01	4.32609301852508e+02
1.21300000000000e+01	4.24764306674036e+02
1.21400000000000e+01	4.17115330410564e+02
1.21500000000000e+01	4.09657209411604e+02
1.21600000000000e+01	4.02378407356609e+02
1.21700000000000e+01	3.95272676877968e+02
1.21800000000000e+01	3.88328761640753e+02
1.21900000000000e+01	3.81540774262998e+02
1.22000000000000e+01	3.74898727612030e+02
1.22100000000000e+01	3.68394101543891e+02
1.22200000000000e+01	3.62018936067782e+02
1.22300000000000e+01	3.55764566055699e+02
1.22400000000000e+01	3.49623201412185e+02
1.22500000000000e+01	3.43589275542963e+02
1.22600000000000e+01	3.37659847626289e+02
1.22700000000000e+01	3.31826283122941e+02
1.22800000000000e+01	3.26084430994173e+02
1.22900000000000e+01	3.20433379531313e+02
1.23000000000000e+01	3.14867229699819e+02
1.23100000000000e+01	3.09383436949418e+02
1.23200000000000e+01	3.03981451306112e+02
1.23300000000000e+01	2.98656672631229e+02
1.23400000000000e+01	2.93413055193360e+02
1.23500000000000e+01	2.88249535101009e+02
1.23600000000000e+01	2.83166405921304e+02
1.23700000000000e+01	2.78165807534893e+02
1.23800000000000e+01	2.73247979667554e+02
1.23900000000000e+01	2.68418687348772e+02
1.24000000000000e+01	2.63676178296995e+02
1.24100000000000e+01	2.59026474818464e+02
1.24200000000000e+01	2.54467849820628e+02
1.24300000000000e+01	2.50002013118018e+02
1.24400000000000e+01	2.45631300755952e+02
1.24500000000000e+01	2.41352327797989e+02
1.24600000000000e+01	2.37165274247965e+02
1.24700000000000e+01	2.33068748872615e+02
1.24800000000000e+01	2.29061660918238e+02
1.24900000000000e+01	2.25139081940714e+02
1.25000000000000e+01	2.21304421877568e+02
1.25100000000000e+01	2.17552205770169e+02
1.25200000000000e+01	2.13881440591335e+02
1.25300000000000e+01	2.10291204820481e+02
1.25400000000000e+01	2.06781978358287e+02
1.25500000000000e+01	2.03348302376742e+02
1.25600000000000e+01	1.99993213819703e+02
1.25700000000000e+01	1.96711529333390e+02
1.25800000000000e+01	1.93503859539444e+02
1.25900000000000e+01	1.90366623752134e+02
1.26000000000000e+01	1.87299170384715e+02
1.26100000000000e+01	1.84297168814895e+02
1.26200000000000e+01	1.81359380983202e+02
1.26300000000000e+01	1.78484286665001e+02
1.26400000000000e+01	1.75667373731087e+02
1.26500000000000e+01	1.72908916650790e+02
1.26600000000000e+01	1.70206697490192e+02
1.26700000000000e+01	1.67558340330013e+02
1.26800000000000e+01	1.64964108129937e+02
1.26900000000000e+01	1.62422093012023e+02
1.27000000000000e+01	1.59932521693045e+02
1.27100000000000e+01	1.57495101343893e+02
1.27200000000000e+01	1.55108371978658e+02
1.27300000000000e+01	1.52771532725117e+02
1.27400000000000e+01	1.50484607109068e+02
1.27500000000000e+01	1.48246586619253e+02
1.27600000000000e+01	1.46056055431887e+02
1.27700000000000e+01	1.43911910652013e+02
1.27800000000000e+01	1.41813304732383e+02
1.27900000000000e+01	1.39757095541788e+02
1.28000000000000e+01	1.37742355085689e+02
1.28100000000000e+01	1.35767495185627e+02
1.28200000000000e+01	1.33831465590807e+02
1.28300000000000e+01	1.31931943932793e+02
1.28400000000000e+01	1.30068263260560e+02
1.28500000000000e+01	1.28239995021778e+02
1.28600000000000e+01	1.26444210863165e+02
1.28700000000000e+01	1.24681573879226e+02
1.28800000000000e+01	1.22950518182177e+02
1.28900000000000e+01	1.21251003466829e+02
1.29000000000000e+01	1.19580420850998e+02
1.29100000000000e+01	1.17939790098861e+02
1.29200000000000e+01	1.16327756951247e+02
1.29300000000000e+01	1.14743644211043e+02
1.29400000000000e+01	1.13185437691526e+02
1.29500000000000e+01	1.11653819076738e+02
1.29600000000000e+01	1.10146894595792e+02
1.29700000000000e+01	1.08665422210487e+02
1.29800000000000e+01	1.07207059654527e+02
1.29900000000000e+01	1.05773301497721e+02
1.30000000000000e+01	1.04361833289312e+02
1.30100000000000e+01	1.02973400610836e+02
1.30200000000000e+01	1.01607100909781e+02
1.30300000000000e+01	1.00263238523482e+02
1.30400000000000e+01	9.89401473470763e+01
1.30500000000000e+01	9.76376703366964e+01
1.30600000000000e+01	9.63544800626164e+01
1.30700000000000e+01	9.50902229207238e+01
1.30800000000000e+01	9.38431707807754e+01
1.30900000000000e+01	9.26127813912047e+01
1.31000000000000e+01	9.13974378029785e+01
1.31100000000000e+01	9.01973914071787e+01
1.31200000000000e+01	8.90104653784852e+01
1.31300000000000e+01	8.78377720377569e+01
1.31400000000000e+01	8.66780218765003e+01
1.31500000000000e+01	8.55316748980574e+01
1.31600000000000e+01	8.43990487979126e+01
1.31700000000000e+01	8.32801306091183e+01
1.31800000000000e+01	8.21751939501273e+01
1.31900000000000e+01	8.10855094928078e+01
1.32000000000000e+01	8.00108938042345e+01
1.32100000000000e+01	7.89510006311229e+01
1.32200000000000e+01	7.79067793889717e+01
1.32300000000000e+01	7.68771943542385e+01
1.32400000000000e+01	7.58630295963785e+01
1.32500000000000e+01	7.48629819083478e+01
1.32600000000000e+01	7.38760228881179e+01
1.32700000000000e+01	7.29034180500770e+01
1.32800000000000e+01	7.19437865677243e+01
1.32900000000000e+01	7.09970377290644e+01
1.33000000000000e+01	7.00628584528741e+01
1.33100000000000e+01	6.91416261952905e+01
1.33200000000000e+01	6.82335518754347e+01
1.33300000000000e+01	6.73382907764340e+01
1.33400000000000e+01	6.64564261314760e+01
1.33500000000000e+01	6.55886501817648e+01
1.33600000000000e+01	6.47344979901458e+01
1.33700000000000e+01	6.38938675714215e+01
1.33800000000000e+01	6.30679168123290e+01
1.33900000000000e+01	6.22555815533316e+01
1.34000000000000e+01	6.14571052366254e+01
1.34100000000000e+01	6.06717012142854e+01
1.34200000000000e+01	5.98996004179955e+01
1.34300000000000e+01	5.91398828265809e+01
1.34400000000000e+01	5.83924717477171e+01
1.34500000000000e+01	5.76568895462244e+01
1.34600000000000e+01	5.69321013756261e+01
1.34700000000000e+01	5.62182817843260e+01
1.34800000000000e+01	5.55149036470995e+01
1.34900000000000e+01	5.48214705177289e+01
1.35000000000000e+01	5.41376036789044e+01
1.35100000000000e+01	5.34625307654951e+01
1.35200000000000e+01	5.27961652986154e+01
1.35300000000000e+01	5.21385178847500e+01
1.35400000000000e+01	5.14888582214413e+01
1.35500000000000e+01	5.08469232075410e+01
1.35600000000000e+01	5.02124713226632e+01
1.35700000000000e+01	4.95847718030363e+01
1.35800000000000e+01	4.89647291790177e+01
1.35900000000000e+01	4.83508865369935e+01
1.36000000000000e+01	4.77442084693899e+01
1.36100000000000e+01	4.71442281841542e+01
1.36200000000000e+01	4.65510978027121e+01
1.36300000000000e+01	4.59644060525177e+01
1.36400000000000e+01	4.53848907162714e+01
1.36500000000000e+01	4.48127190483009e+01
1.36600000000000e+01	4.42477753682888e+01
1.36700000000000e+01	4.36902422375996e+01
1.36800000000000e+01	4.31408095826294e+01
1.36900000000000e+01	4.25995858801254e+01
1.37000000000000e+01	4.20663943199759e+01
1.37100000000000e+01	4.15422729414745e+01
1.37200000000000e+01	4.10264423683906e+01
1.37300000000000e+01	4.05203110126092e+01
1.37400000000000e+01	4.00229661709369e+01
1.37500000000000e+01	3.95351471202064e+01
1.37600000000000e+01	3.90562560637906e+01
1.37700000000000e+01	3.85863705604488e+01
1.37800000000000e+01	3.81253790542771e+01
1.37900000000000e+01	3.76727902601155e+01
1.38000000000000e+01	3.72284474260711e+01
1.38100000000000e+01	3.67914394952509e+01
1.38200000000000e+01	3.63620058551722e+01
1.38300000000000e+01	3.59391688408932e+01
1.38400000000000e+01	3.55226390762751e+01
1.38500000000000e+01	3.51123407468382e+01
1.38600000000000e+01	3.47076717744577e+01
1.38700000000000e+01	3.43082134654360e+01
1.38800000000000e+01	3.39142746842134e+01
1.38900000000000e+01	3.35251292475801e+01
1.39000000000000e+01	3.31404939991404e+01
1.39100000000000e+01	3.27607089403448e+01
1.39200000000000e+01	3.23851415910145e+01
1.39300000000000e+01	3.20139652104868e+01
1.39400000000000e+01	3.16469793924757e+01
1.39500000000000e+01	3.12843458574019e+01
1.39600000000000e+01	3.09255189823678e+01
1.39700000000000e+01	3.05708880815154e+01
1.39800000000000e+01	3.02202989085241e+01
1.39900000000000e+01	2.98737776148639e+01
1.40000000000000e+01	2.95315674631432e+01
1.40100000000000e+01	2.91932988165719e+01
1.40200000000000e+01	2.88590692199335e+01
1.40300000000000e+01	2.85292152510623e+01
1.40400000000000e+01	2.82039513126227e+01
1.40500000000000e+01	2.78829078298717e+01
1.40600000000000e+01	2.75661942332478e+01
1.40700000000000e+01	2.72541089415163e+01
1.40800000000000e+01	2.69463606860540e+01
1.40900000000000e+01	2.66429845892199e+01
1.41000000000000e+01	2.63439749688318e+01
1.41100000000000e+01	2.60488669533484e+01
1.41200000000000e+01	2.57579076031575e+01
1.41300000000000e+01	2.54705229898555e+01
1.41400000000000e+01	2.51868068436646e+01
1.41500000000000e+01	2.49063110238584e+01
1.41600000000000e+01	2.46289777144178e+01
1.41700000000000e+01	2.43544065804972e+01
1.41800000000000e+01	2.40827449287450e+01
1.41900000000000e+01	2.38137448349643e+01
1.42000000000000e+01	2.35474471587933e+01
1.42100000000000e+01	2.32837882430237e+01
1.42200000000000e+01	2.30230306706877e+01
1.42300000000000e+01	2.27651170866585e+01
1.42400000000000e+01	2.25101822611118e+01
1.42500000000000e+01	2.22583953283986e+01
1.42600000000000e+01	2.20098116776476e+01
1.42700000000000e+01	2.17647305713037e+01
1.42800000000000e+01	2.15229970087572e+01
1.42900000000000e+01	2.12846625153157e+01
1.43000000000000e+01	2.10499204582449e+01
1.43100000000000e+01	2.08184358226813e+01
1.43200000000000e+01	2.05901906630636e+01
1.43300000000000e+01	2.03653683993190e+01
1.43400000000000e+01	2.01434866414757e+01
1.43500000000000e+01	1.99248295258162e+01
1.43600000000000e+01	1.97092085284571e+01
1.43700000000000e+01	1.94963187908847e+01
1.43800000000000e+01	1.92863620322990e+01
1.43900000000000e+01	1.90792001548321e+01
1.44000000000000e+01	1.88749100757532e+01
1.44100000000000e+01	1.86733400051231e+01
1.44200000000000e+01	1.84746943582273e+01
1.44300000000000e+01	1.82785717070853e+01
1.44400000000000e+01	1.80854005670841e+01
1.44500000000000e+01	1.78947556719675e+01
1.44600000000000e+01	1.77068047267216e+01
1.44700000000000e+01	1.75214977145635e+01
1.44800000000000e+01	1.73386049850708e+01
1.44900000000000e+01	1.71582202552784e+01
1.45000000000000e+01	1.69802562315276e+01
1.45100000000000e+01	1.68045240891458e+01
1.45200000000000e+01	1.66310897832517e+01
1.45300000000000e+01	1.64597741948518e+01
1.45400000000000e+01	1.62907497646257e+01
1.45500000000000e+01	1.61235420652957e+01
1.45600000000000e+01	1.59584187716718e+01
1.45700000000000e+01	1.57952560631823e+01
1.45800000000000e+01	1.56338934748725e+01
1.45900000000000e+01	1.54744218830542e+01
1.46000000000000e+01	1.53167169763881e+01
1.46100000000000e+01	1.51606499730868e+01
1.46200000000000e+01	1.50064336644925e+01
1.46300000000000e+01	1.48538439580227e+01
1.46400000000000e+01	1.47029121265313e+01
1.46500000000000e+01	1.45538076652387e+01
1.46600000000000e+01	1.44062549786860e+01
1.46700000000000e+01	1.42604510690954e+01
1.46800000000000e+01	1.41164667669819e+01
1.46900000000000e+01	1.39741125358471e+01
1.47000000000000e+01	1.38335478513140e+01
1.47100000000000e+01	1.36946670708185e+01
1.47200000000000e+01	1.35574189437925e+01
1.47300000000000e+01	1.34218511773985e+01
1.47400000000000e+01	1.32879300265152e+01
1.47500000000000e+01	1.31556809849710e+01
1.47600000000000e+01	1.30249695419091e+01
1.47700000000000e+01	1.28956498466929e+01
1.47800000000000e+01	1.27677584238121e+01
1.47900000000000e+01	1.26412714809181e+01
1.48000000000000e+01	1.25161326663284e+01
1.48100000000000e+01	1.23920687880220e+01
1.48200000000000e+01	1.22694021275370e+01
1.48300000000000e+01	1.21476983733009e+01
1.48400000000000e+01	1.20271915515517e+01
1.48500000000000e+01	1.19078210925736e+01
1.48600000000000e+01	1.17895070169718e+01
1.48700000000000e+01	1.16722655318830e+01
1.48800000000000e+01	1.15560963109981e+01
1.48900000000000e+01	1.14409531629365e+01
1.49000000000000e+01	1.13270869198477e+01
1.49100000000000e+01	1.12141839293550e+01
1.49200000000000e+01	1.11025054331378e+01
1.49300000000000e+01	1.09919056331830e+01
1.49400000000000e+01	1.08825369210633e+01
1.49500000000000e+01	1.07743346577083e+01
1.49600000000000e+01	1.06673690346433e+01
1.49700000000000e+01	1.05615548365500e+01
1.49800000000000e+01	1.04570368566486e+01
1.49900000000000e+01	1.03538581701243e+01
1.50000000000000e+01	1.02517881277523e+01
1.50100000000000e+01	1.01510128877716e+01
1.50200000000000e+01	1.00513376848887e+01
1.50300000000000e+01	9.95290053936223e+00
1.50400000000000e+01	9.85570422836052e+00
1.50500000000000e+01	9.75951482633309e+00
1.50600000000000e+01	9.66442598110284e+00
1.50700000000000e+01	9.57040952183103e+00
1.50800000000000e+01	9.47728021850097e+00
1.50900000000000e+01	9.38523503295084e+00
1.51000000000000e+01	9.29396375511405e+00
1.51100000000000e+01	9.20365993223210e+00
1.51200000000000e+01	9.11423911661706e+00
1.51300000000000e+01	9.02550207858591e+00
1.51400000000000e+01	8.93771012549154e+00
1.51500000000000e+01	8.85060624543288e+00
1.51600000000000e+01	8.76432581801094e+00
1.51700000000000e+01	8.67880208902040e+00
1.51800000000000e+01	8.59418068832669e+00
1.51900000000000e+01	8.51032157604838e+00
1.52000000000000e+01	8.42723403883880e+00
1.52100000000000e+01	8.34501567312223e+00
1.52200000000000e+01	8.26358990617424e+00
1.52300000000000e+01	8.18299199941085e+00
1.52400000000000e+01	8.10306473714149e+00
1.52500000000000e+01	8.02393285050321e+00
1.52600000000000e+01	7.94539411611239e+00
1.52700000000000e+01	7.86751654432609e+00
1.52800000000000e+01	7.79013910002360e+00
1.52900000000000e+01	7.71323958314920e+00
1.53000000000000e+01	7.63667200846822e+00
1.53100000000000e+01	7.56037719136237e+00
1.53200000000000e+01	7.48436827817463e+00
1.53300000000000e+01	7.40865451061276e+00
1.53400000000000e+01	7.33301232279026e+00
1.53500000000000e+01	7.25754936040034e+00
1.53600000000000e+01	7.18232635184027e+00
1.53700000000000e+01	7.10727526520258e+00
1.53800000000000e+01	7.03248161294966e+00
1.53900000000000e+01	6.95799589510287e+00
1.54000000000000e+01	6.88397417205243e+00
1.54100000000000e+01	6.81051472735513e+00
1.54200000000000e+01	6.73763192006143e+00
1.54300000000000e+01	6.66561967242967e+00
1.54400000000000e+01	6.59447512517746e+00
1.54500000000000e+01	6.52447103242790e+00
1.54600000000000e+01	6.45561997523487e+00
1.54700000000000e+01	6.38820807276792e+00
1.54800000000000e+01	6.32224967205679e+00
1.54900000000000e+01	6.25792549059457e+00
1.55000000000000e+01	6.19528397679370e+00
1.55100000000000e+01	6.13443670948963e+00
1.55200000000000e+01	6.07533444768909e+00
1.55300000000000e+01	6.01807252265599e+00
1.55400000000000e+01	5.96242330787970e+00
1.55500000000000e+01	5.90848932362148e+00
1.55600000000000e+01	5.85597947997882e+00
1.55700000000000e+01	5.80481328124529e+00
1.55800000000000e+01	5.75489085978219e+00
1.55900000000000e+01	5.70598153582305e+00
1.56000000000000e+01	5.65788776458333e+00
1.56100000000000e+01	5.61050826921143e+00
1.56200000000000e+01	5.56369191857583e+00
1.56300000000000e+01	5.51729409897024e+00
1.56400000000000e+01	5.47121290418696e+00
1.56500000000000e+01	5.42534424944668e+00
1.56600000000000e+01	5.37960962802111e+00
1.56700000000000e+01	5.33399007928053e+00
1.56800000000000e+01	5.28838789754811e+00
1.56900000000000e+01	5.24288294721557e+00
1.57000000000000e+01	5.19735886424363e+00
1.57100000000000e+01	5.15186860479929e+00
1.57200000000000e+01	5.10646451238399e+00
1.57300000000000e+01	5.06116499778881e+00
1.57400000000000e+01	5.01595405251553e+00
1.57500000000000e+01	4.97100102927113e+00
1.57600000000000e+01	4.92625179582996e+00
1.57700000000000e+01	4.88180095868020e+00
1.57800000000000e+01	4.83772657184309e+00
1.57900000000000e+01	4.79414742629898e+00
1.58000000000000e+01	4.75102076109726e+00
1.58100000000000e+01	4.70851310363990e+00
1.58200000000000e+01	4.66659599932071e+00
1.58300000000000e+01	4.62537943254841e+00
1.58400000000000e+01	4.58489127320497e+00
1.58500000000000e+01	4.54509488094538e+00
1.58600000000000e+01	4.50610775136064e+00
1.58700000000000e+01	4.46780568839779e+00
1.58800000000000e+01	4.43021566268205e+00
1.58900000000000e+01	4.39334694488357e+00
1.59000000000000e+01	4.35711211611523e+00
1.59100000000000e+01	4.32144909437673e+00
1.59200000000000e+01	4.28631161493780e+00
1.59300000000000e+01	4.25165654599973e+00
1.59400000000000e+01	4.21744043375568e+00
1.59500000000000e+01	4.18353982941952e+00
1.59600000000000e+01	4.14996789213032e+00
1.59700000000000e+01	4.11667921540792e+00
1.59800000000000e+01	4.08363238872449e+00
1.59900000000000e+01	4.05074196227190e+00
1.60000000000000e+01	4.01813600428975e+00
1.60100000000000e+01	3.98566876283103e+00
1.60200000000000e+01	3.95341830989063e+00
1.60300000000000e+01	3.92135619865292e+00
1.60400000000000e+01	3.88947413096983e+00
1.60500000000000e+01	3.85780363809220e+00
1.60600000000000e+01	3.82636272823633e+00
1.60700000000000e+01	3.79513022978286e+00
1.60800000000000e+01	3.76407632155224e+00
1.60900000000000e+01	3.73330819971895e+00
1.61000000000000e+01	3.70276387939400e+00
1.61100000000000e+01	3.67241512717474e+00
1.61200000000000e+01	3.64236788722314e+00
1.61300000000000e+01	3.61252414651958e+00
1.61400000000000e+01	3.58298020310169e+00
1.61500000000000e+01	3.55370988528413e+00
1.61600000000000e+01	3.52466353471641e+00
1.61700000000000e+01	3.49592263099284e+00
1.61800000000000e+01	3.46746562055612e+00
1.61900000000000e+01	3.43934858453069e+00
1.62000000000000e+01	3.41148822643726e+00
1.62100000000000e+01	3.38399009514643e+00
1.62200000000000e+01	3.35679713496697e+00
1.62300000000000e+01	3.32991662807497e+00
1.62400000000000e+01	3.30337359693868e+00
1.62500000000000e+01	3.27716786158858e+00
1.62600000000000e+01	3.25125530766119e+00
1.62700000000000e+01	3.22561403326343e+00
1.62800000000000e+01	3.20025116987271e+00
1.62900000000000e+01	3.17514411672643e+00
1.63000000000000e+01	3.15024072704758e+00
1.63100000000000e+01	3.12552564419796e+00
1.63200000000000e+01	3.10095438255063e+00
1.63300000000000e+01	3.07651467833394e+00
1.63400000000000e+01	3.05214444695163e+00
1.63500000000000e+01	3.02786286607309e+00
1.63600000000000e+01	3.00361874885566e+00
1.63700000000000e+01	2.97936423210748e+00
1.63800000000000e+01	2.95513394545788e+00
1.63900000000000e+01	2.93086980246702e+00
1.64000000000000e+01	2.90658853440495e+00
1.64100000000000e+01	2.88229301437201e+00
1.64200000000000e+01	2.85801283802157e+00
1.64300000000000e+01	2.83372982250597e+00
1.64400000000000e+01	2.80950986922523e+00
1.64500000000000e+01	2.78535710235975e+00
1.64600000000000e+01	2.76130971253308e+00
1.64700000000000e+01	2.73744137716385e+00
1.64800000000000e+01	2.71375743574520e+00
1.64900000000000e+01	2.69034040305062e+00
1.65000000000000e+01	2.66720783902603e+00
1.65100000000000e+01	2.64434248089138e+00
1.65200000000000e+01	2.62185360025883e+00
1.65300000000000e+01	2.59971355158028e+00
1.65400000000000e+01	2.57795252662007e+00
1.65500000000000e+01	2.55655659886653e+00
1.65600000000000e+01	2.53555229324725e+00
1.65700000000000e+01	2.51491351185650e+00
1.65800000000000e+01	2.49462653271493e+00
1.65900000000000e+01	2.47470746971711e+00
1.66000000000000e+01	2.45515767857952e+00
1.66100000000000e+01	2.43589667758967e+00
1.66200000000000e+01	2.41696820356000e+00
1.66300000000000e+01	2.39831068517246e+00
1.66400000000000e+01	2.37995084369864e+00
1.66500000000000e+01	2.36185546604180e+00
1.66600000000000e+01	2.34402655318804e+00
1.66700000000000e+01	2.32641333464012e+00
1.66800000000000e+01	2.30902098471173e+00
1.66900000000000e+01	2.29184261373683e+00
1.67000000000000e+01	2.27484199472211e+00
1.67100000000000e+01	2.25799422160531e+00
1.67200000000000e+01	2.24132571005862e+00
1.67300000000000e+01	2.22478933156308e+00
1.67400000000000e+01	2.20836108550078e+00
1.67500000000000e+01	2.19207493897809e+00
1.67600000000000e+01	2.17584864549317e+00
1.67700000000000e+01	2.15970211543308e+00
1.67800000000000e+01	2.14363715397128e+00
1.67900000000000e+01	2.12765696247616e+00
1.68000000000000e+01	2.11171194366806e+00
1.68100000000000e+01	2.09582871646076e+00
1.68200000000000e+01	2.08001309286129e+00
1.68300000000000e+01	2.06426026669895e+00
1.68400000000000e+01	2.04855925969713e+00
1.68500000000000e+01	2.03295138501162e+00
1.68600000000000e+01	2.01743181513717e+00
1.68700000000000e+01	2.00198754608362e+00
1.68800000000000e+01	1.98665814830207e+00
1.68900000000000e+01	1.97143075666075e+00
1.69000000000000e+01	1.95632230621993e+00
1.69100000000000e+01	1.94132107053714e+00
1.69200000000000e+01	1.92642682776897e+00
1.69300000000000e+01	1.91165916775102e+00
1.69400000000000e+01	1.89701794809562e+00
1.69500000000000e+01	1.88249710352650e+00
1.69600000000000e+01	1.86812828243599e+00
1.69700000000000e+01	1.85388155339595e+00
1.69800000000000e+01	1.83979829648000e+00
1.69900000000000e+01	1.82586362322512e+00
1.70000000000000e+01	1.81209695259890e+00
1.70100000000000e+01	1.79851037210200e+00
1.70200000000000e+01	1.78512053044166e+00
1.70300000000000e+01	1.77192365962510e+00
1.70400000000000e+01	1.75890868220772e+00
1.70500000000000e+01	1.74609994951921e+00
1.70600000000000e+01	1.73347075604746e+00
1.70700000000000e+01	1.72103833692021e+00
1.70800000000000e+01	1.70877659968457e+00
1.70900000000000e+01	1.69667058562498e+00
1.71000000000000e+01	1.68471145283206e+00
1.71100000000000e+01	1.67290176670202e+00
1.71200000000000e+01	1.66120511382865e+00
1.71300000000000e+01	1.64961644451631e+00
1.71400000000000e+01	1.63814334765290e+00
1.71500000000000e+01	1.62675534670316e+00
1.71600000000000e+01	1.61545146723399e+00
1.71700000000000e+01	1.60424609313398e+00
1.71800000000000e+01	1.59309564890900e+00
1.71900000000000e+01	1.58202986976995e+00
1.72000000000000e+01	1.57103549448400e+00
1.72100000000000e+01	1.56012952569653e+00
1.72200000000000e+01	1.54929481058385e+00
1.72300000000000e+01	1.53852062363593e+00
1.72400000000000e+01	1.52783130531149e+00
1.72500000000000e+01	1.51720264601778e+00
1.72600000000000e+01	1.50664415981982e+00
1.72700000000000e+01	1.49615806848548e+00
1.72800000000000e+01	1.48572711412204e+00
1.72900000000000e+01	1.47536708765624e+00
1.73000000000000e+01	1.46507499629706e+00
1.73100000000000e+01	1.45483759206098e+00
1.73200000000000e+01	1.44465599725109e+00
1.73300000000000e+01	1.43452950370902e+00
1.73400000000000e+01	1.42446123638043e+00
1.73500000000000e+01	1.41444820443821e+00
1.73600000000000e+01	1.40448034499434e+00
1.73700000000000e+01	1.39457125841559e+00
1.73800000000000e+01	1.38472178394961e+00
1.73900000000000e+01	1.37492041506593e+00
1.74000000000000e+01	1.36519243095746e+00
1.74100000000000e+01	1.35550203459021e+00
1.74200000000000e+01	1.34587411921775e+00
1.74300000000000e+01	1.33629681318120e+00
1.74400000000000e+01	1.32678095768116e+00
1.74500000000000e+01	1.31732862748995e+00
1.74600000000000e+01	1.30792494112119e+00
1.74700000000000e+01	1.29859463488446e+00
1.74800000000000e+01	1.28929874030245e+00
1.74900000000000e+01	1.28005192298252e+00
1.75000000000000e+01	1.27087300154500e+00
1.75100000000000e+01	1.26173905424448e+00
1.75200000000000e+01	1.25265029344417e+00
1.75300000000000e+01	1.24359614332272e+00
1.75400000000000e+01	1.23458848917069e+00
1.75500000000000e+01	1.22562849455344e+00
1.75600000000000e+01	1.21670911003591e+00
1.75700000000000e+01	1.20783219716732e+00
1.75800000000000e+01	1.19900239669209e+00
1.75900000000000e+01	1.19022347292118e+00
1.76000000000000e+01	1.18149831830180e+00
1.76100000000000e+01	1.17284049830582e+00
1.76200000000000e+01	1.16423144154200e+00
1.76300000000000e+01	1.15571682556516e+00
1.76400000000000e+01	1.14725172647357e+00
1.76500000000000e+01	1.13886999555922e+00
1.76600000000000e+01	1.13057945732968e+00
1.76700000000000e+01	1.12235692031584e+00
1.76800000000000e+01	1.11420970117691e+00
1.76900000000000e+01	1.10615607375893e+00
1.77000000000000e+01	1.09817338596876e+00
1.77100000000000e+01	1.09026553808102e+00
1.77200000000000e+01	1.08241957211089e+00
1.77300000000000e+01	1.07464495742388e+00
1.77400000000000e+01	1.06693675477789e+00
1.77500000000000e+01	1.05928435505836e+00
1.77600000000000e+01	1.05169332569794e+00
1.77700000000000e+01	1.04415508949104e+00
1.77800000000000e+01	1.03666692613470e+00
1.77900000000000e+01	1.02923861095886e+00
1.78000000000000e+01	1.02184148757407e+00
1.78100000000000e+01	1.01450337782603e+00
1.78200000000000e+01	1.00720743197247e+00
1.78300000000000e+01	9.99954128343887e-01
1.78400000000000e+01	9.92743263795546e-01
1.78500000000000e+01	9.85576533666470e-01
1.78600000000000e+01	9.78463903255574e-01
1.78700000000000e+01	9.71388216944823e-01
1.78800000000000e+01	9.64358514097964e-01
1.78900000000000e+01	9.57373418586311e-01
1.79000000000000e+01	9.50443261684468e-01
1.79100000000000e+01	9.43549030132202e-01
1.79200000000000e+01	9.36700443750684e-01
1.79300000000000e+01	9.29895964267136e-01
1.79400000000000e+01	9.23120050045575e-01
1.79500000000000e+01	9.16393289257203e-01
1.79600000000000e+01	9.09708452482918e-01
1.79700000000000e+01	9.03069355087050e-01
1.79800000000000e+01	8.96463278489047e-01
1.79900000000000e+01	8.89921181783429e-01
1.80000000000000e+01	8.83430480881739e-01
1.80100000000000e+01	8.77012287680592e-01
1.80200000000000e+01	8.70663508181578e-01
1.80300000000000e+01	8.64410077278371e-01
1.80400000000000e+01	8.58243599767071e-01
1.80500000000000e+01	8.52170775671921e-01
1.80600000000000e+01	8.46196911749318e-01
1.80700000000000e+01	8.40331226660068e-01
1.80800000000000e+01	8.34567370025244e-01
1.80900000000000e+01	8.28896866817103e-01
1.81000000000000e+01	8.23310193303546e-01
1.81100000000000e+01	8.17816025494742e-01
1.81200000000000e+01	8.12404859840971e-01
1.81300000000000e+01	8.07045681576612e-01
1.81400000000000e+01	8.01749813257384e-01
1.81500000000000e+01	7.96494768950646e-01
1.81600000000000e+01	7.91279067653704e-01
1.81700000000000e+01	7.86106865678698e-01
1.81800000000000e+01	7.80948463007052e-01
1.81900000000000e+01	7.75816486189813e-01
1.82000000000000e+01	7.70706791182671e-01
1.82100000000000e+01	7.65604594083897e-01
1.82200000000000e+01	7.60518864345924e-01
1.82300000000000e+01	7.55452420004554e-01
1.82400000000000e+01	7.50401683599668e-01
1.82500000000000e+01	7.45352111424011e-01
1.82600000000000e+01	7.40331157535137e-01
1.82700000000000e+01	7.35317949377047e-01
1.82800000000000e+01	7.30324544759949e-01
1.82900000000000e+01	7.25354773529344e-01
1.83000000000000e+01	7.20416448156088e-01
1.83100000000000e+01	7.15493127615575e-01
1.83200000000000e+01	7.10614063555354e-01
1.83300000000000e+01	7.05765518723775e-01
1.83400000000000e+01	7.00955062493286e-01
1.83500000000000e+01	6.96194862339871e-01
1.83600000000000e+01	6.91480415840554e-01
1.83700000000000e+01	6.86824179152379e-01
1.83800000000000e+01	6.82222619311487e-01
1.83900000000000e+01	6.77678394363963e-01
1.84000000000000e+01	6.73201227191781e-01
1.84100000000000e+01	6.68786378002602e-01
1.84200000000000e+01	6.64441394558472e-01
1.84300000000000e+01	6.60159823971041e-01
1.84400000000000e+01	6.55945740494538e-01
1.84500000000000e+01	6.51783976357061e-01
1.84600000000000e+01	6.47690581203813e-01
1.84700000000000e+01	6.43640924064432e-01
1.84800000000000e+01	6.39643719225021e-01
1.84900000000000e+01	6.35692296880662e-01
1.85000000000000e+01	6.31767609503876e-01
1.85100000000000e+01	6.27877381524490e-01
1.85200000000000e+01	6.24015536447539e-01
1.85300000000000e+01	6.20171334135385e-01
1.85400000000000e+01	6.16339545748371e-01
1.85500000000000e+01	6.12523386844211e-01
1.85600000000000e+01	6.08712675139027e-01
1.85700000000000e+01	6.04913673641855e-01
1.85800000000000e+01	6.01111088334900e-01
1.85900000000000e+01	5.97323598012393e-01
1.86000000000000e+01	5.93532360213174e-01
1.86100000000000e+01	5.89751378518814e-01
1.86200000000000e+01	5.85975462295282e-01
1.86300000000000e+01	5.82212345161499e-01
1.86400000000000e+01	5.78457549536255e-01
1.86500000000000e+01	5.74719629311478e-01
1.86600000000000e+01	5.70994433773727e-01
1.86700000000000e+01	5.67283130266540e-01
1.86800000000000e+01	5.63587356899169e-01
1.86900000000000e+01	5.59914252872064e-01
1.87000000000000e+01	5.56266052460360e-01
1.87100000000000e+01	5.52629938858863e-01
1.87200000000000e+01	5.49018250552607e-01
1.87300000000000e+01	5.45431623485065e-01
1.87400000000000e+01	5.41862960621648e-01
1.87500000000000e+01	5.38312484433846e-01
1.87600000000000e+01	5.34778913812474e-01
1.87700000000000e+01	5.31268236198188e-01
1.87800000000000e+01	5.27773486562517e-01
1.87900000000000e+01	5.24299530427971e-01
1.88000000000000e+01	5.20840446757786e-01
1.88100000000000e+01	5.17395245761116e-01
1.88200000000000e+01	5.13968561824606e-01
1.88300000000000e+01	5.10554369987181e-01
1.88400000000000e+01	5.07151571196031e-01
1.88500000000000e+01	5.03766173181913e-01
1.88600000000000e+01	5.00391406827920e-01
1.88700000000000e+01	4.97032042613906e-01
1.88800000000000e+01	4.93677487822240e-01
1.88900000000000e+01	4.90338966221300e-01
1.89000000000000e+01	4.87016258185734e-01
1.89100000000000e+01	4.83704151748317e-01
1.89200000000000e+01	4.80404372032260e-01
1.89300000000000e+01	4.77123299602920e-01
1.89400000000000e+01	4.73851731354033e-01
1.89500000000000e+01	4.70608052000214e-01
1.89600000000000e+01	4.67377960739510e-01
1.89700000000000e+01	4.64173827095036e-01
1.89800000000000e+01	4.60998233753393e-01
1.89900000000000e+01	4.57842776364807e-01
1.90000000000000e+01	4.54718376581075e-01
1.90100000000000e+01	4.51621068267798e-01
1.90200000000000e+01	4.48555877537012e-01
1.90300000000000e+01	4.45516147710820e-01
1.90400000000000e+01	4.42500798099071e-01
1.90500000000000e+01	4.39512108158955e-01
1.90600000000000e+01	4.36542474958567e-01
1.90700000000000e+01	4.33589107910228e-01
1.90800000000000e+01	4.30655924506940e-01
1.90900000000000e+01	4.27735790054171e-01
1.91000000000000e+01	4.24829495104266e-01
1.91100000000000e+01	4.21944522653643e-01
1.91200000000000e+01	4.19079156646763e-01
1.91300000000000e+01	4.16244511878810e-01
1.91400000000000e+01	4.13437035285744e-01
1.91500000000000e+01	4.10673721068153e-01
1.91600000000000e+01	4.07962529248492e-01
1.91700000000000e+01	4.05299446040097e-01
1.91800000000000e+01	4.02698563450090e-01
1.91900000000000e+01	4.00163779715696e-01
1.92000000000000e+01	3.97685229341508e-01
1.92100000000000e+01	3.95269658522223e-01
1.92200000000000e+01	3.92909101452198e-01
1.92300000000000e+01	3.90601212247141e-01
1.92400000000000e+01	3.88334588927926e-01
1.92500000000000e+01	3.86100263275684e-01
1.92600000000000e+01	3.83895885716778e-01
1.92700000000000e+01	3.81708851809906e-01
1.92800000000000e+01	3.79533167174587e-01
1.92900000000000e+01	3.77367769278200e-01
1.93000000000000e+01	3.75200008135034e-01
1.93100000000000e+01	3.73040675247636e-01
1.93200000000000e+01	3.70874938290824e-01
1.93300000000000e+01	3.68711431563973e-01
1.93400000000000e+01	3.66545482815797e-01
1.93500000000000e+01	3.64382355308149e-01
1.93600000000000e+01	3.62213426148389e-01
1.93700000000000e+01	3.60048432775243e-01
1.93800000000000e+01	3.57888850691988e-01
1.93900000000000e+01	3.55730744370772e-01
1.94000000000000e+01	3.53574512030209e-01
1.94100000000000e+01	3.51421760514266e-01
1.94200000000000e+01	3.49276619655157e-01
1.94300000000000e+01	3.47135693210140e-01
1.94400000000000e+01	3.44999192757779e-01
1.94500000000000e+01	3.42867914554773e-01
1.94600000000000e+01	3.40746012389553e-01
1.94700000000000e+01	3.38630385679502e-01
1.94800000000000e+01	3.36524804631379e-01
1.94900000000000e+01	3.34425409972761e-01
1.95000000000000e+01	3.32333053016726e-01
1.95100000000000e+01	3.30247594505530e-01
1.95200000000000e+01	3.28173922945698e-01
1.95300000000000e+01	3.26107578321262e-01
1.95400000000000e+01	3.24048959259189e-01
1.95500000000000e+01	3.22002775343190e-01
1.95600000000000e+01	3.19965987230790e-01
1.95700000000000e+01	3.17938001918266e-01
1.95800000000000e+01	3.15921059080732e-01
1.95900000000000e+01	3.13918181882930e-01
1.96000000000000e+01	3.11926725591705e-01
1.96100000000000e+01	3.09951533458959e-01
1.96200000000000e+01	3.07984877212481e-01
1.96300000000000e+01	3.06035419650571e-01
1.96400000000000e+01	3.04102443535544e-01
1.96500000000000e+01	3.02179257029878e-01
1.96600000000000e+01	3.00272860469633e-01
1.96700000000000e+01	2.98379534850433e-01
1.96800000000000e+01	2.96502731142469e-01
1.96900000000000e+01	2.94638080633734e-01
1.97000000000000e+01	2.92782494616228e-01
1.97100000000000e+01	2.90938244761817e-01
1.97200000000000e+01	2.89106230943539e-01
1.97300000000000e+01	2.87279101868108e-01
1.97400000000000e+01	2.85458457661981e-01
1.97500000000000e+01	2.83632842561030e-01
1.97600000000000e+01	2.81793062507700e-01
1.97700000000000e+01	2.79927180525943e-01
1.97800000000000e+01	2.78010005292579e-01
1.97900000000000e+01	2.76001066906276e-01
1.98000000000000e+01	2.73853326898673e-01
1.98100000000000e+01	2.71489413360616e-01
1.98200000000000e+01	2.68803392635956e-01
1.98300000000000e+01	2.65667866686906e-01
1.98400000000000e+01	2.61902579009465e-01
1.98500000000000e+01	2.57299263423805e-01
1.98600000000000e+01	2.51613894811655e-01
1.98700000000000e+01	2.44576769191695e-01
1.98800000000000e+01	2.35906653120829e-01
1.98900000000000e+01	2.25333472710598e-01
1.99000000000000e+01	2.12645077387790e-01
1.99100000000000e+01	1.97708391360867e-01
1.99200000000000e+01	1.80518048670065e-01
1.99300000000000e+01	1.61251331435788e-01
1.99400000000000e+01	1.40288109237915e-01
1.99500000000000e+01	1.18242063179843e-01
1.99600000000000e+01	9.59405381736084e-02
1.99700000000000e+01	7.43673301584750e-02
1.99800000000000e+01	5.45519086702666e-02
1.99900000000000e+01	3.74179126171806e-02
2.00000000000000e+01	2.36175277405327e-02
