1.00000000000000e-02	4.68509948378091e+15
2.00000000000000e-02	2.92720646768054e+14
3.00000000000000e-02	5.77902780498419e+13
4.00000000000000e-02	1.82714087306276e+13
5.00000000000000e-02	7.47669045278608e+12
6.00000000000000e-02	3.60136320627112e+12
7.00000000000000e-02	1.94118753283370e+12
8.00000000000000e-02	1.13603804895215e+12
9.00000000000000e-02	7.07911810637000e+11
1.00000000000000e-01	4.63509328656094e+11
1.10000000000000e-01	3.15860177890108e+11
1.20000000000000e-01	2.22459749884258e+11
1.30000000000000e-01	1.61071293765389e+11
1.40000000000000e-01	1.19399031789959e+11
1.50000000000000e-01	9.03156030215413e+10
1.60000000000000e-01	6.95299896822457e+10
1.70000000000000e-01	5.43602768259358e+10
1.80000000000000e-01	4.30837420599804e+10
1.90000000000000e-01	3.45634520622330e+10
2.00000000000000e-01	2.80307397034644e+10
2.10000000000000e-01	2.29562393982080e+10
2.20000000000000e-01	1.89676290188728e+10
2.30000000000000e-01	1.57980404981020e+10
2.40000000000000e-01	1.32552320085178e+10
2.50000000000000e-01	1.11963653970078e+10
2.60000000000000e-01	9.51602227474005e+09
2.70000000000000e-01	8.13358085048186e+09
2.80000000000000e-01	6.98882869518592e+09
2.90000000000000e-01	6.03421038154845e+09
3.00000000000000e-01	5.23362159946415e+09
3.10000000000000e-01	4.55825139830077e+09
3.20000000000000e-01	3.98552111176536e+09
3.30000000000000e-01	3.49757956341501e+09
3.40000000000000e-01	3.07978409206021e+09
3.50000000000000e-01	2.72060646263112e+09
3.60000000000000e-01	2.41048049060226e+09
3.70000000000000e-01	2.14172133392984e+09
3.80000000000000e-01	1.90800123412248e+09
3.90000000000000e-01	1.70397776442406e+09
4.00000000000000e-01	1.52535076084832e+09
4.10000000000000e-01	1.36846076401326e+09
4.20000000000000e-01	1.23026852586705e+09
4.30000000000000e-01	1.10819127114800e+09
4.40000000000000e-01	1.00010522107126e+09
4.50000000000000e-01	9.04137453957514e+08
4.60000000000000e-01	8.18716708000472e+08
4.70000000000000e-01	7.42539706421931e+08
4.80000000000000e-01	6.74441815723483e+08
4.90000000000000e-01	6.13449293584636e+08
5.00000000000000e-01	5.58708284808988e+08
5.10000000000000e-01	5.09479875322266e+08
5.20000000000000e-01	4.65155432427090e+08
5.30000000000000e-01	4.25141646730547e+08
5.40000000000000e-01	3.88982970218097e+08
5.50000000000000e-01	3.56258877331056e+08
5.60000000000000e-01	3.26577349646943e+08
5.70000000000000e-01	2.99633928664240e+08
5.80000000000000e-01	2.75144150135992e+08
5.90000000000000e-01	2.52847469937062e+08
6.00000000000000e-01	2.32522768793529e+08
6.10000000000000e-01	2.13972113365297e+08
6.20000000000000e-01	1.97024656439893e+08
6.30000000000000e-01	1.81523162823080e+08
6.40000000000000e-01	1.67333571820769e+08
6.50000000000000e-01	1.54323872990500e+08
6.60000000000000e-01	1.42388233183431e+08
6.70000000000000e-01	1.31424162518590e+08
6.80000000000000e-01	1.21349144437025e+08
6.90000000000000e-01	1.12081867538692e+08
7.00000000000000e-01	1.03550010089705e+08
7.10000000000000e-01	9.56879493017030e+07
7.20000000000000e-01	8.84374636894093e+07
7.30000000000000e-01	8.17510898078288e+07
7.40000000000000e-01	7.55735646272723e+07
7.50000000000000e-01	6.98683665528147e+07
7.60000000000000e-01	6.45924607941533e+07
7.70000000000000e-01	5.97139615788221e+07
7.80000000000000e-01	5.51980569293134e+07
7.90000000000000e-01	5.10174086374418e+07
8.00000000000000e-01	4.71442896248858e+07
8.10000000000000e-01	4.35550111852751e+07
8.20000000000000e-01	4.02278548058977e+07
8.30000000000000e-01	3.71419674119763e+07
8.40000000000000e-01	3.42801561747339e+07
8.50000000000000e-01	3.16234569755401e+07
8.60000000000000e-01	2.91580093102938e+07
8.70000000000000e-01	2.68689224298993e+07
8.80000000000000e-01	2.47431159850545e+07
8.90000000000000e-01	2.27693995184619e+07
9.00000000000000e-01	2.09362273719774e+07
9.10000000000000e-01	1.92333996931148e+07
9.20000000000000e-01	1.76519432599113e+07
9.30000000000000e-01	1.61833539940445e+07
9.40000000000000e-01	1.48195456358948e+07
9.50000000000000e-01	1.35530221922256e+07
9.60000000000000e-01	1.23771834241166e+07
9.70000000000000e-01	1.12860385818931e+07
9.80000000000000e-01	1.02737716171107e+07
9.90000000000000e-01	9.33489928428119e+06
1.00000000000000e+00	8.46490062600940e+06
1.01000000000000e+00	7.65863426769934e+06
1.02000000000000e+00	6.91219383877581e+06
1.03000000000000e+00	6.22188498143951e+06
1.04000000000000e+00	5.58379650313664e+06
1.05000000000000e+00	4.99468997587847e+06
1.06000000000000e+00	4.45143352954259e+06
1.07000000000000e+00	3.95129318135649e+06
1.08000000000000e+00	3.49141149274586e+06
1.09000000000000e+00	3.06933271879062e+06
1.10000000000000e+00	2.68288594009786e+06
1.11000000000000e+00	2.32984703221227e+06
1.12000000000000e+00	2.00825494929462e+06
1.13000000000000e+00	1.71630575082812e+06
1.14000000000000e+00	1.45226654626625e+06
1.15000000000000e+00	1.21456258053459e+06
1.16000000000000e+00	1.00170992786571e+06
1.17000000000000e+00	8.12379339224778e+05
1.18000000000000e+00	6.45309610557794e+05
1.19000000000000e+00	4.99376352061128e+05
1.20000000000000e+00	3.73585937550352e+05
1.21000000000000e+00	2.67054060135109e+05
1.22000000000000e+00	1.79056504035182e+05
1.23000000000000e+00	1.09011994301359e+05
1.24000000000000e+00	5.64821756142719e+04
1.25000000000000e+00	2.11883430619172e+04
1.26000000000000e+00	2.98559262719019e+03
1.27000000000000e+00	1.85680254493452e+03
1.28000000000000e+00	1.78896236562592e+04
1.29000000000000e+00	5.12612260795244e+04
1.30000000000000e+00	1.02224380977274e+05
1.31000000000000e+00	1.71126907059918e+05
1.32000000000000e+00	2.58432678313331e+05
1.33000000000000e+00	3.64808510220072e+05
1.34000000000000e+00	4.91240886624612e+05
1.35000000000000e+00	6.39227317932868e+05
1.36000000000000e+00	8.11001739478712e+05
1.37000000000000e+00	1.00985989362435e+06
1.38000000000000e+00	1.24048516923611e+06
1.39000000000000e+00	1.50934674066271e+06
1.40000000000000e+00	1.82520811129654e+06
1.41000000000000e+00	2.19935640767101e+06
1.42000000000000e+00	2.64608921324749e+06
1.43000000000000e+00	3.18298260251908e+06
1.44000000000000e+00	3.83076755956809e+06
1.45000000000000e+00	4.61339430515814e+06
1.46000000000000e+00	5.55764714936504e+06
1.47000000000000e+00	6.69238843961024e+06
1.48000000000000e+00	8.04816570934903e+06
1.49000000000000e+00	9.65546821023905e+06
1.50000000000000e+00	1.15439336788387e+07
1.51000000000000e+00	1.37414776711323e+07
1.52000000000000e+00	1.62729351251128e+07
1.53000000000000e+00	1.91595396757059e+07
1.54000000000000e+00	2.24163188714640e+07
1.55000000000000e+00	2.60512979507415e+07
1.56000000000000e+00	3.00644593634161e+07
1.57000000000000e+00	3.44430045106760e+07
1.58000000000000e+00	3.91564547686881e+07
1.59000000000000e+00	4.41541908699766e+07
1.60000000000000e+00	4.93568444436200e+07
1.61000000000000e+00	5.46550279729950e+07
1.62000000000000e+00	5.99029297863661e+07
1.63000000000000e+00	6.49272330658441e+07
1.64000000000000e+00	6.95346101662761e+07
1.65000000000000e+00	7.35379981918044e+07
1.66000000000000e+00	7.67801211681593e+07
1.67000000000000e+00	7.91675510601160e+07
1.68000000000000e+00	8.06849790689258e+07
1.69000000000000e+00	8.14023334508666e+07
1.70000000000000e+00	8.14579661152897e+07
1.71000000000000e+00	8.10449916396329e+07
1.72000000000000e+00	8.04027966459131e+07
1.73000000000000e+00	7.98174634626033e+07
1.74000000000000e+00	7.96095217748288e+07
1.75000000000000e+00	8.01181677828167e+07
1.76000000000000e+00	8.16730066120884e+07
1.77000000000000e+00	8.45684873920005e+07
1.78000000000000e+00	8.90477934066252e+07
1.79000000000000e+00	9.52634231275622e+07
1.80000000000000e+00	1.03242802852345e+08
1.81000000000000e+00	1.12850733634243e+08
1.82000000000000e+00	1.23782604578111e+08
1.83000000000000e+00	1.35600918387188e+08
1.84000000000000e+00	1.47808965216743e+08
1.85000000000000e+00	1.59940864291461e+08
1.86000000000000e+00	1.71576970986124e+08
1.87000000000000e+00	1.82397712045256e+08
1.88000000000000e+00	1.92161498238510e+08
1.89000000000000e+00	2.00743891183306e+08
1.90000000000000e+00	2.08149468773905e+08
1.91000000000000e+00	2.14485679732129e+08
1.92000000000000e+00	2.19948983186462e+08
1.93000000000000e+00	2.24749242042973e+08
1.94000000000000e+00	2.29073665879287e+08
1.95000000000000e+00	2.33043015147504e+08
1.96000000000000e+00	2.36696517433845e+08
1.97000000000000e+00	2.39995949078205e+08
1.98000000000000e+00	2.42839661059847e+08
1.99000000000000e+00	2.45083457006048e+08
2.00000000000000e+00	2.46554874417391e+08
2.01000000000000e+00	2.47068744144645e+08
2.02000000000000e+00	2.46448461017814e+08
2.03000000000000e+00	2.44531652828841e+08
2.04000000000000e+00	2.41179888503403e+08
2.05000000000000e+00	2.36304028688867e+08
2.06000000000000e+00	2.29857495985368e+08
2.07000000000000e+00	2.21842252927192e+08
2.08000000000000e+00	2.12316561744114e+08
2.09000000000000e+00	2.01375023235824e+08
2.10000000000000e+00	1.89170023116510e+08
2.11000000000000e+00	1.75937785046651e+08
2.12000000000000e+00	1.62012018785385e+08
2.13000000000000e+00	1.47853674601903e+08
2.14000000000000e+00	1.34018826179870e+08
2.15000000000000e+00	1.21074713993447e+08
2.16000000000000e+00	1.09515033607578e+08
2.17000000000000e+00	9.96665522496125e+07
2.18000000000000e+00	9.16703105166562e+07
2.19000000000000e+00	8.54845920857421e+07
2.20000000000000e+00	8.09439271504610e+07
2.21000000000000e+00	7.78069595757705e+07
2.22000000000000e+00	7.58098124340222e+07
2.23000000000000e+00	7.47289846958373e+07
2.24000000000000e+00	7.44252018718791e+07
2.25000000000000e+00	7.48957947853657e+07
2.26000000000000e+00	7.62827700216886e+07
2.27000000000000e+00	7.88642105095049e+07
2.28000000000000e+00	8.30288096851108e+07
2.29000000000000e+00	8.92478503162206e+07
2.30000000000000e+00	9.80419282931075e+07
2.31000000000000e+00	1.09940210143949e+08
2.32000000000000e+00	1.25406029999904e+08
2.33000000000000e+00	1.44722231695392e+08
2.34000000000000e+00	1.67840991538454e+08
2.35000000000000e+00	1.94279319883894e+08
2.36000000000000e+00	2.23061645265211e+08
2.37000000000000e+00	2.52812627828319e+08
2.38000000000000e+00	2.81938521714937e+08
2.39000000000000e+00	3.08811138914865e+08
2.40000000000000e+00	3.31979449568265e+08
2.41000000000000e+00	3.50332100113997e+08
2.42000000000000e+00	3.63250369247318e+08
2.43000000000000e+00	3.70656498361810e+08
2.44000000000000e+00	3.72939678073327e+08
2.45000000000000e+00	3.70832521509301e+08
2.46000000000000e+00	3.65166218035910e+08
2.47000000000000e+00	3.56791141252337e+08
2.48000000000000e+00	3.46430406862055e+08
2.49000000000000e+00	3.34697881754808e+08
2.50000000000000e+00	3.22064674201300e+08
2.51000000000000e+00	3.08901340200524e+08
2.52000000000000e+00	2.95484720835300e+08
2.53000000000000e+00	2.82025059412382e+08
2.54000000000000e+00	2.68681685049311e+08
2.55000000000000e+00	2.55592187163208e+08
2.56000000000000e+00	2.42861372925490e+08
2.57000000000000e+00	2.30547548873408e+08
2.58000000000000e+00	2.18652562565821e+08
2.59000000000000e+00	2.07102609859615e+08
2.60000000000000e+00	1.95728765019792e+08
2.61000000000000e+00	1.84300188741723e+08
2.62000000000000e+00	1.72555177618728e+08
2.63000000000000e+00	1.60307646422611e+08
2.64000000000000e+00	1.47588164600532e+08
2.65000000000000e+00	1.34705027413783e+08
2.66000000000000e+00	1.22216543905960e+08
2.67000000000000e+00	1.10740314691777e+08
2.68000000000000e+00	1.00748349190591e+08
2.69000000000000e+00	9.24503320037748e+07
2.70000000000000e+00	8.57865767613414e+07
2.71000000000000e+00	8.04980537735727e+07
2.72000000000000e+00	7.62114914756266e+07
2.73000000000000e+00	7.25243909259209e+07
2.74000000000000e+00	6.90626725842359e+07
2.75000000000000e+00	6.55361067470989e+07
2.76000000000000e+00	6.17625831887559e+07
2.77000000000000e+00	5.76782832542392e+07
2.78000000000000e+00	5.33122386798955e+07
2.79000000000000e+00	4.87610217649954e+07
2.80000000000000e+00	4.41510893375467e+07
2.81000000000000e+00	3.96153984610490e+07
2.82000000000000e+00	3.52728713906629e+07
2.83000000000000e+00	3.12160009414684e+07
2.84000000000000e+00	2.75050346564324e+07
2.85000000000000e+00	2.41665553570587e+07
2.86000000000000e+00	2.11974251245775e+07
2.87000000000000e+00	1.85731160842548e+07
2.88000000000000e+00	1.62544301947403e+07
2.89000000000000e+00	1.41989065017135e+07
2.90000000000000e+00	1.23688624068153e+07
2.91000000000000e+00	1.07380756494834e+07
2.92000000000000e+00	9.29680175078514e+06
2.93000000000000e+00	8.05318739663142e+06
2.94000000000000e+00	7.03289543246924e+06
2.95000000000000e+00	6.27368612245828e+06
2.96000000000000e+00	5.81879285836050e+06
2.97000000000000e+00	5.70756887119755e+06
2.98000000000000e+00	5.96896354982473e+06
2.99000000000000e+00	6.61641292003467e+06
3.00000000000000e+00	7.64758928695792e+06
3.01000000000000e+00	9.04534116025979e+06
3.02000000000000e+00	1.07800445883040e+07
3.03000000000000e+00	1.28117658750085e+07
3.04000000000000e+00	1.50925772125103e+07
3.05000000000000e+00	1.75700981300134e+07
3.06000000000000e+00	2.01899941188130e+07
3.07000000000000e+00	2.29033092111661e+07
3.08000000000000e+00	2.56693324124082e+07
3.09000000000000e+00	2.84555816385473e+07
3.10000000000000e+00	3.12403862345221e+07
3.11000000000000e+00	3.40071988810763e+07
3.12000000000000e+00	3.67401148752205e+07
3.13000000000000e+00	3.94161169979547e+07
3.14000000000000e+00	4.19979031256513e+07
3.15000000000000e+00	4.44298103765311e+07
3.16000000000000e+00	4.66464104913019e+07
3.17000000000000e+00	4.85774696258392e+07
3.18000000000000e+00	5.01658225217823e+07
3.19000000000000e+00	5.13856343129741e+07
3.20000000000000e+00	5.22429137048305e+07
3.21000000000000e+00	5.27758724757326e+07
3.22000000000000e+00	5.30372844136420e+07
3.23000000000000e+00	5.30795599913780e+07
3.24000000000000e+00	5.29460793066082e+07
3.25000000000000e+00	5.26679237258728e+07
3.26000000000000e+00	5.22699837315620e+07
3.27000000000000e+00	5.17797600497802e+07
3.28000000000000e+00	5.12318422533868e+07
3.29000000000000e+00	5.06736948044016e+07
3.30000000000000e+00	5.01653015816593e+07
3.31000000000000e+00	4.97739427625398e+07
3.32000000000000e+00	4.95721074667103e+07
3.33000000000000e+00	4.96252401653286e+07
3.34000000000000e+00	4.99842240692894e+07
3.35000000000000e+00	5.06726450360697e+07
3.36000000000000e+00	5.16813182789263e+07
3.37000000000000e+00	5.29657605274163e+07
3.38000000000000e+00	5.44451588552199e+07
3.39000000000000e+00	5.60134785687620e+07
3.40000000000000e+00	5.75487055491342e+07
3.41000000000000e+00	5.89209982617692e+07
3.42000000000000e+00	6.00052532783154e+07
3.43000000000000e+00	6.06841932822861e+07
3.44000000000000e+00	6.08523746612900e+07
3.45000000000000e+00	6.04172982946236e+07
3.46000000000000e+00	5.93045002362159e+07
3.47000000000000e+00	5.74610442229685e+07
3.48000000000000e+00	5.48668813568030e+07
3.49000000000000e+00	5.15411930325275e+07
3.50000000000000e+00	4.75506348002831e+07
3.51000000000000e+00	4.30104539700074e+07
3.52000000000000e+00	3.80771126211632e+07
3.53000000000000e+00	3.29338112793984e+07
3.54000000000000e+00	2.77736546700872e+07
3.55000000000000e+00	2.27800791888200e+07
3.56000000000000e+00	1.81136191880515e+07
3.57000000000000e+00	1.39028459982226e+07
3.58000000000000e+00	1.02390151609703e+07
3.59000000000000e+00	7.17493493007030e+06
3.60000000000000e+00	4.72695368445205e+06
3.61000000000000e+00	2.87938896382461e+06
3.62000000000000e+00	1.59136288020455e+06
3.63000000000000e+00	8.05206016079120e+05
3.64000000000000e+00	4.54228538521312e+05
3.65000000000000e+00	4.69575480110155e+05
3.66000000000000e+00	7.85322392140852e+05
3.67000000000000e+00	1.34191029689007e+06
3.68000000000000e+00	2.08802319477907e+06
3.69000000000000e+00	2.98119480706208e+06
3.70000000000000e+00	3.98701034779966e+06
3.71000000000000e+00	5.07737080512666e+06
3.72000000000000e+00	6.22808489287978e+06
3.73000000000000e+00	7.41629467149518e+06
3.74000000000000e+00	8.61833299000963e+06
3.75000000000000e+00	9.80859823171953e+06
3.76000000000000e+00	1.09588173113720e+07
3.77000000000000e+00	1.20373105376711e+07
3.78000000000000e+00	1.30092620809674e+07
3.79000000000000e+00	1.38367359301129e+07
3.80000000000000e+00	1.44785726909577e+07
3.81000000000000e+00	1.48935241994222e+07
3.82000000000000e+00	1.50419497761670e+07
3.83000000000000e+00	1.48905595316428e+07
3.84000000000000e+00	1.44167563607693e+07
3.85000000000000e+00	1.36147438365138e+07
3.86000000000000e+00	1.25001911276525e+07
3.87000000000000e+00	1.11143500626262e+07
3.88000000000000e+00	9.52674234347498e+06
3.89000000000000e+00	7.83423175329513e+06
3.90000000000000e+00	6.15685575455029e+06
3.91000000000000e+00	4.63022273536023e+06
3.92000000000000e+00	3.39564692077384e+06
3.93000000000000e+00	2.58821600847868e+06
3.94000000000000e+00	2.32540746139036e+06
3.95000000000000e+00	2.69703138873720e+06
3.96000000000000e+00	3.75816097262454e+06
3.97000000000000e+00	5.52600232703358e+06
3.98000000000000e+00	7.98141396447442e+06
3.99000000000000e+00	1.10746341835938e+07
4.00000000000000e+00	1.47341363247451e+07
4.01000000000000e+00	1.88752748390893e+07
4.02000000000000e+00	2.34064533076309e+07
4.03000000000000e+00	2.82303860387738e+07
4.04000000000000e+00	3.32444207339168e+07
4.05000000000000e+00	3.83389687733171e+07
4.06000000000000e+00	4.33984708786912e+07
4.07000000000000e+00	4.83040976088963e+07
4.08000000000000e+00	5.29409245562659e+07
4.09000000000000e+00	5.72025796171525e+07
4.10000000000000e+00	6.09974064135126e+07
4.11000000000000e+00	6.42494983449060e+07
4.12000000000000e+00	6.69020977495255e+07
4.13000000000000e+00	6.89195876996456e+07
4.14000000000000e+00	7.02903220587338e+07
4.15000000000000e+00	7.10313385018695e+07
4.16000000000000e+00	7.11897680879418e+07
4.17000000000000e+00	7.08448913855463e+07
4.18000000000000e+00	7.01029283892477e+07
4.19000000000000e+00	6.90888824712684e+07
4.20000000000000e+00	6.79359601503720e+07
4.21000000000000e+00	6.67745154242615e+07
4.22000000000000e+00	6.57245140025396e+07
4.23000000000000e+00	6.48898174121090e+07
4.24000000000000e+00	6.43572554298234e+07
4.25000000000000e+00	6.42020592735941e+07
4.26000000000000e+00	6.44915342675529e+07
4.27000000000000e+00	6.52945198390336e+07
4.28000000000000e+00	6.66840270638679e+07
4.29000000000000e+00	6.87408279506104e+07
4.30000000000000e+00	7.15474726066146e+07
4.31000000000000e+00	7.51820097262202e+07
4.32000000000000e+00	7.97071715147412e+07
4.33000000000000e+00	8.51580133052518e+07
4.34000000000000e+00	9.15323272188667e+07
4.35000000000000e+00	9.87819484356300e+07
4.36000000000000e+00	1.06807811707655e+08
4.37000000000000e+00	1.15452592875944e+08
4.38000000000000e+00	1.24503359266533e+08
4.39000000000000e+00	1.33681403247549e+08
4.40000000000000e+00	1.42646999644795e+08
4.41000000000000e+00	1.50997831056260e+08
4.42000000000000e+00	1.58288390983886e+08
4.43000000000000e+00	1.64060261585184e+08
4.44000000000000e+00	1.67889898625468e+08
4.45000000000000e+00	1.69449523995553e+08
4.46000000000000e+00	1.68558827136521e+08
4.47000000000000e+00	1.65216470929522e+08
4.48000000000000e+00	1.59607308341491e+08
4.49000000000000e+00	1.52088740697810e+08
4.50000000000000e+00	1.43117305271051e+08
4.51000000000000e+00	1.33207518333915e+08
4.52000000000000e+00	1.22862967070398e+08
4.53000000000000e+00	1.12530436123303e+08
4.54000000000000e+00	1.02565318134348e+08
4.55000000000000e+00	9.32273826028077e+07
4.56000000000000e+00	8.46801458555788e+07
4.57000000000000e+00	7.70070285015709e+07
4.58000000000000e+00	7.02261107063808e+07
4.59000000000000e+00	6.43102037750886e+07
4.60000000000000e+00	5.92014496790322e+07
4.61000000000000e+00	5.48233719714003e+07
4.62000000000000e+00	5.10886291399424e+07
4.63000000000000e+00	4.79065959855402e+07
4.64000000000000e+00	4.51859393487953e+07
4.65000000000000e+00	4.28382045622006e+07
4.66000000000000e+00	4.07802512088889e+07
4.67000000000000e+00	3.89351602895549e+07
4.68000000000000e+00	3.72332181283449e+07
4.69000000000000e+00	3.56120676435551e+07
4.70000000000000e+00	3.40169594525121e+07
4.71000000000000e+00	3.23999672486346e+07
4.72000000000000e+00	3.07214443985212e+07
4.73000000000000e+00	2.89506125521621e+07
4.74000000000000e+00	2.70696932628178e+07
4.75000000000000e+00	2.50737269349129e+07
4.76000000000000e+00	2.29723798848439e+07
4.77000000000000e+00	2.07897890987860e+07
4.78000000000000e+00	1.85601764973365e+07
4.79000000000000e+00	1.63265021633814e+07
4.80000000000000e+00	1.41341384411124e+07
4.81000000000000e+00	1.20280503154995e+07
4.82000000000000e+00	1.00483414291140e+07
4.83000000000000e+00	8.22828342787858e+06
4.84000000000000e+00	6.59218418771936e+06
4.85000000000000e+00	5.15497295831316e+06
4.86000000000000e+00	3.92243170910017e+06
4.87000000000000e+00	2.89255326461854e+06
4.88000000000000e+00	2.05761322479041e+06
4.89000000000000e+00	1.40657692026731e+06
4.90000000000000e+00	9.27634204180760e+05
4.91000000000000e+00	6.10247511984703e+05
4.92000000000000e+00	4.47192066724162e+05
4.93000000000000e+00	4.36233512956948e+05
4.94000000000000e+00	5.81793196259867e+05
4.95000000000000e+00	8.96917441611773e+05
4.96000000000000e+00	1.40542772493878e+06
4.97000000000000e+00	2.14450593641538e+06
4.98000000000000e+00	3.16732506076594e+06
4.99000000000000e+00	4.54569980045487e+06
5.00000000000000e+00	6.37222069299511e+06
5.01000000000000e+00	8.76146130229140e+06
5.02000000000000e+00	1.18499458736038e+07
5.03000000000000e+00	1.57946372851520e+07
5.04000000000000e+00	2.07693170850683e+07
5.05000000000000e+00	2.69592462523986e+07
5.06000000000000e+00	3.45503548492177e+07
5.07000000000000e+00	4.37164384992509e+07
5.08000000000000e+00	5.46003770199945e+07
5.09000000000000e+00	6.72873933298675e+07
5.10000000000000e+00	8.17777168916106e+07
5.11000000000000e+00	9.79560773080987e+07
5.12000000000000e+00	1.15563106360347e+08
5.13000000000000e+00	1.34185310282828e+08
5.14000000000000e+00	1.53252485222054e+08
5.15000000000000e+00	1.72061275146503e+08
5.16000000000000e+00	1.89812053708428e+08
5.17000000000000e+00	2.05681008968867e+08
5.18000000000000e+00	2.18881646561936e+08
5.19000000000000e+00	2.28749581949062e+08
5.20000000000000e+00	2.34811457377389e+08
5.21000000000000e+00	2.36816243950031e+08
5.22000000000000e+00	2.34767294295469e+08
5.23000000000000e+00	2.28910681830313e+08
5.24000000000000e+00	2.19684331169716e+08
5.25000000000000e+00	2.07665699930302e+08
5.26000000000000e+00	1.93520858662016e+08
5.27000000000000e+00	1.77929577302801e+08
5.28000000000000e+00	1.61557104836927e+08
5.29000000000000e+00	1.45004723956699e+08
5.30000000000000e+00	1.28798177629819e+08
5.31000000000000e+00	1.13361117205695e+08
5.32000000000000e+00	9.90138356879773e+07
5.33000000000000e+00	8.59744572250405e+07
5.34000000000000e+00	7.43599536750535e+07
5.35000000000000e+00	6.42041895076538e+07
5.36000000000000e+00	5.54737085264175e+07
5.37000000000000e+00	4.80850850682600e+07
5.38000000000000e+00	4.19217801727590e+07
5.39000000000000e+00	3.68508545975604e+07
5.40000000000000e+00	3.27337091143373e+07
5.41000000000000e+00	2.94335205599135e+07
5.42000000000000e+00	2.68225147191901e+07
5.43000000000000e+00	2.47840927756353e+07
5.44000000000000e+00	2.32139745814498e+07
5.45000000000000e+00	2.20211067397271e+07
5.46000000000000e+00	2.11264769610398e+07
5.47000000000000e+00	2.04619500477622e+07
5.48000000000000e+00	1.99704457646703e+07
5.49000000000000e+00	1.96036918898639e+07
5.50000000000000e+00	1.93212669405249e+07
5.51000000000000e+00	1.90905257598267e+07
5.52000000000000e+00	1.88847620680126e+07
5.53000000000000e+00	1.86821103649705e+07
5.54000000000000e+00	1.84638662511505e+07
5.55000000000000e+00	1.82134484127375e+07
5.56000000000000e+00	1.79149849080495e+07
5.57000000000000e+00	1.75528864532194e+07
5.58000000000000e+00	1.71126409213441e+07
5.59000000000000e+00	1.65805063931865e+07
5.60000000000000e+00	1.59456956098906e+07
5.61000000000000e+00	1.52013573167661e+07
5.62000000000000e+00	1.43444303690557e+07
5.63000000000000e+00	1.33790311778083e+07
5.64000000000000e+00	1.23147302325063e+07
5.65000000000000e+00	1.11683413471893e+07
5.66000000000000e+00	9.96345279295812e+06
5.67000000000000e+00	8.73072124401874e+06
5.68000000000000e+00	7.50676893533288e+06
5.69000000000000e+00	6.33356097510581e+06
5.70000000000000e+00	5.25706381038833e+06
5.71000000000000e+00	4.32506527507340e+06
5.72000000000000e+00	3.58513889108105e+06
5.73000000000000e+00	3.08249851936693e+06
5.74000000000000e+00	2.85762493308615e+06
5.75000000000000e+00	2.94504588567997e+06
5.76000000000000e+00	3.37194203285367e+06
5.77000000000000e+00	4.15750674314724e+06
5.78000000000000e+00	5.31252417210540e+06
5.79000000000000e+00	6.83913923559182e+06
5.80000000000000e+00	8.73084240244216e+06
5.81000000000000e+00	1.09717482702270e+07
5.82000000000000e+00	1.35355695547052e+07
5.83000000000000e+00	1.63846725752987e+07
5.84000000000000e+00	1.94672905558841e+07
5.85000000000000e+00	2.27185482859525e+07
5.86000000000000e+00	2.60591901703451e+07
5.87000000000000e+00	2.93973614140170e+07
5.88000000000000e+00	3.26351414578096e+07
5.89000000000000e+00	3.56695697365457e+07
5.90000000000000e+00	3.84046722444700e+07
5.91000000000000e+00	4.07528496983089e+07
5.92000000000000e+00	4.26432585891874e+07
5.93000000000000e+00	4.40229939925822e+07
5.94000000000000e+00	4.48638966261407e+07
5.95000000000000e+00	4.51580527141030e+07
5.96000000000000e+00	4.49218975121121e+07
5.97000000000000e+00	4.41909132455818e+07
5.98000000000000e+00	4.30179628770444e+07
5.99000000000000e+00	4.14672976486426e+07
6.00000000000000e+00	3.96108741489167e+07
6.01000000000000e+00	3.75238987668279e+07
6.02000000000000e+00	3.52816629839175e+07
6.03000000000000e+00	3.29551604439249e+07
6.04000000000000e+00	3.06104182903400e+07
6.05000000000000e+00	2.83063629092901e+07
6.06000000000000e+00	2.60917398864574e+07
6.07000000000000e+00	2.40065574629467e+07
6.08000000000000e+00	2.20794782526127e+07
6.09000000000000e+00	2.03305755735492e+07
6.10000000000000e+00	1.87697719479364e+07
6.11000000000000e+00	1.74004379042165e+07
6.12000000000000e+00	1.62188265073028e+07
6.13000000000000e+00	1.52154414310263e+07
6.14000000000000e+00	1.43776220262612e+07
6.15000000000000e+00	1.36903260315494e+07
6.16000000000000e+00	1.31369182618495e+07
6.17000000000000e+00	1.27004720160948e+07
6.18000000000000e+00	1.23653922829703e+07
6.19000000000000e+00	1.21165904404365e+07
6.20000000000000e+00	1.19408687509962e+07
6.21000000000000e+00	1.18259039506451e+07
6.22000000000000e+00	1.17608149256722e+07
6.23000000000000e+00	1.17352539488615e+07
6.24000000000000e+00	1.17398474120682e+07
6.25000000000000e+00	1.17656349258003e+07
6.26000000000000e+00	1.18043278854608e+07
6.27000000000000e+00	1.18484761818198e+07
6.28000000000000e+00	1.18908651453953e+07
6.29000000000000e+00	1.19253370192424e+07
6.30000000000000e+00	1.19461080514852e+07
6.31000000000000e+00	1.19480526423841e+07
6.32000000000000e+00	1.19267263544335e+07
6.33000000000000e+00	1.18790919866066e+07
6.34000000000000e+00	1.18026259987885e+07
6.35000000000000e+00	1.16968883234664e+07
6.36000000000000e+00	1.15623111391268e+07
6.37000000000000e+00	1.14001070143367e+07
6.38000000000000e+00	1.12125691526770e+07
6.39000000000000e+00	1.10022045740038e+07
6.40000000000000e+00	1.07716014859254e+07
6.41000000000000e+00	1.05234677685649e+07
6.42000000000000e+00	1.02603430594170e+07
6.43000000000000e+00	9.98477201491596e+06
6.44000000000000e+00	9.69892423882966e+06
6.45000000000000e+00	9.40481219092824e+06
6.46000000000000e+00	9.10415814864101e+06
6.47000000000000e+00	8.79864719716814e+06
6.48000000000000e+00	8.48974636639274e+06
6.49000000000000e+00	8.17905111590734e+06
6.50000000000000e+00	7.86827840388571e+06
6.51000000000000e+00	7.55921179745046e+06
6.52000000000000e+00	7.25367666672480e+06
6.53000000000000e+00	6.95338343135013e+06
6.54000000000000e+00	6.65982356672200e+06
6.55000000000000e+00	6.37427357714242e+06
6.56000000000000e+00	6.09785532954323e+06
6.57000000000000e+00	5.83136825646173e+06
6.58000000000000e+00	5.57566079949532e+06
6.59000000000000e+00	5.33123963420639e+06
6.60000000000000e+00	5.09849846063168e+06
6.61000000000000e+00	4.87747119641053e+06
6.62000000000000e+00	4.66792343547392e+06
6.63000000000000e+00	4.46927058268728e+06
6.64000000000000e+00	4.28086233795977e+06
6.65000000000000e+00	4.10194201102681e+06
6.66000000000000e+00	3.93182030824928e+06
6.67000000000000e+00	3.77006618534523e+06
6.68000000000000e+00	3.61643918304265e+06
6.69000000000000e+00	3.47102919224416e+06
6.70000000000000e+00	3.33435481698203e+06
6.71000000000000e+00	3.20736105529730e+06
6.72000000000000e+00	3.09155779689949e+06
6.73000000000000e+00	2.98900878559698e+06
6.74000000000000e+00	2.90221749948020e+06
6.75000000000000e+00	2.83405429318120e+06
6.76000000000000e+00	2.78755503581910e+06
6.77000000000000e+00	2.76565837128382e+06
6.78000000000000e+00	2.77096413730901e+06
6.79000000000000e+00	2.80556345135920e+06
6.80000000000000e+00	2.87066261444711e+06
6.81000000000000e+00	2.96661941864417e+06
6.82000000000000e+00	3.09261208380128e+06
6.83000000000000e+00	3.24668099431330e+06
6.84000000000000e+00	3.42562351533490e+06
6.85000000000000e+00	3.62507675051967e+06
6.86000000000000e+00	3.83951079317648e+06
6.87000000000000e+00	4.06250622960727e+06
6.88000000000000e+00	4.28691887205922e+06
6.89000000000000e+00	4.50502543682212e+06
6.90000000000000e+00	4.70907252150638e+06
6.91000000000000e+00	4.89156000831870e+06
6.92000000000000e+00	5.04573275560253e+06
6.93000000000000e+00	5.16618307237722e+06
6.94000000000000e+00	5.24905849528938e+06
6.95000000000000e+00	5.29248368950813e+06
6.96000000000000e+00	5.29680786427164e+06
6.97000000000000e+00	5.26447294073419e+06
6.98000000000000e+00	5.20002993422242e+06
6.99000000000000e+00	5.10989810570778e+06
7.00000000000000e+00	5.00200108423298e+06
7.01000000000000e+00	4.88540635954346e+06
7.02000000000000e+00	4.76980629249256e+06
7.03000000000000e+00	4.66495831599237e+06
7.04000000000000e+00	4.58015177481539e+06
7.05000000000000e+00	4.52360884270630e+06
7.06000000000000e+00	4.50213480165989e+06
7.07000000000000e+00	4.52067657242310e+06
7.08000000000000e+00	4.58199242507099e+06
7.09000000000000e+00	4.68662034361623e+06
7.10000000000000e+00	4.83288600720711e+06
7.11000000000000e+00	5.01689281411103e+06
7.12000000000000e+00	5.23280947254773e+06
7.13000000000000e+00	5.47309531540750e+06
7.14000000000000e+00	5.72884327528309e+06
7.15000000000000e+00	5.99001191561037e+06
7.16000000000000e+00	6.24602917993773e+06
7.17000000000000e+00	6.48615312865307e+06
7.18000000000000e+00	6.70011820292967e+06
7.19000000000000e+00	6.87850003654872e+06
7.20000000000000e+00	7.01360364565201e+06
7.21000000000000e+00	7.09937981228573e+06
7.22000000000000e+00	7.13214075139415e+06
7.23000000000000e+00	7.11035507404356e+06
7.24000000000000e+00	7.03499563599274e+06
7.25000000000000e+00	6.90920462759751e+06
7.26000000000000e+00	6.73820476522338e+06
7.27000000000000e+00	6.52886784402069e+06
7.28000000000000e+00	6.28943616976574e+06
7.29000000000000e+00	6.02889919715033e+06
7.30000000000000e+00	5.75656892352105e+06
7.31000000000000e+00	5.48143099761349e+06
7.32000000000000e+00	5.21176340706825e+06
7.33000000000000e+00	4.95485838084375e+06
7.34000000000000e+00	4.71657364386026e+06
7.35000000000000e+00	4.50127237459042e+06
7.36000000000000e+00	4.31178811089446e+06
7.37000000000000e+00	4.14960816040767e+06
7.38000000000000e+00	4.01487584898842e+06
7.39000000000000e+00	3.90681316645449e+06
7.40000000000000e+00	3.82391590938596e+06
7.41000000000000e+00	3.76414179740866e+06
7.42000000000000e+00	3.72528928774648e+06
7.43000000000000e+00	3.70512673693206e+06
7.44000000000000e+00	3.70141246476148e+06
7.45000000000000e+00	3.71212219986298e+06
7.46000000000000e+00	3.73536161267338e+06
7.47000000000000e+00	3.76936032599226e+06
7.48000000000000e+00	3.81243191694543e+06
7.49000000000000e+00	3.86283366384564e+06
7.50000000000000e+00	3.91870242773970e+06
7.51000000000000e+00	3.97794758901138e+06
7.52000000000000e+00	4.03826828599138e+06
7.53000000000000e+00	4.09708531864285e+06
7.54000000000000e+00	4.15161357028998e+06
7.55000000000000e+00	4.19901391736850e+06
7.56000000000000e+00	4.23655698439818e+06
7.57000000000000e+00	4.26173002842094e+06
7.58000000000000e+00	4.27245050970311e+06
7.59000000000000e+00	4.26730448190443e+06
7.60000000000000e+00	4.24547119925359e+06
7.61000000000000e+00	4.20689049925143e+06
7.62000000000000e+00	4.15217712191204e+06
7.63000000000000e+00	4.08250940742094e+06
7.64000000000000e+00	3.99958674183196e+06
7.65000000000000e+00	3.90550501865300e+06
7.66000000000000e+00	3.80268687284694e+06
7.67000000000000e+00	3.69387479657832e+06
7.68000000000000e+00	3.58185852404707e+06
7.69000000000000e+00	3.46953366551583e+06
7.70000000000000e+00	3.35972291229784e+06
7.71000000000000e+00	3.25509635497876e+06
7.72000000000000e+00	3.15792647117090e+06
7.73000000000000e+00	3.07014211953126e+06
7.74000000000000e+00	2.99309333731474e+06
7.75000000000000e+00	2.92750050721980e+06
7.76000000000000e+00	2.87339991309541e+06
7.77000000000000e+00	2.83010329566012e+06
7.78000000000000e+00	2.79634741434445e+06
7.79000000000000e+00	2.77042770383337e+06
7.80000000000000e+00	2.75045342415287e+06
7.81000000000000e+00	2.73473635042636e+06
7.82000000000000e+00	2.72197706094683e+06
7.83000000000000e+00	2.71158683333422e+06
7.84000000000000e+00	2.70377134017728e+06
7.85000000000000e+00	2.69966098990964e+06
7.86000000000000e+00	2.70100183736148e+06
7.87000000000000e+00	2.71019772647903e+06
7.88000000000000e+00	2.72982117031064e+06
7.89000000000000e+00	2.76218257853042e+06
7.90000000000000e+00	2.80913169419058e+06
7.91000000000000e+00	2.87139997202832e+06
7.92000000000000e+00	2.94856547840224e+06
7.93000000000000e+00	3.03879537449673e+06
7.94000000000000e+00	3.13880961804612e+06
7.95000000000000e+00	3.24434488094907e+06
7.96000000000000e+00	3.35019255755771e+06
7.97000000000000e+00	3.45091339017783e+06
7.98000000000000e+00	3.54116148071322e+06
7.99000000000000e+00	3.61646856900231e+06
8.00000000000000e+00	3.67324444037086e+06
8.01000000000000e+00	3.70938274758818e+06
8.02000000000000e+00	3.72408581056166e+06
8.03000000000000e+00	3.71782311857895e+06
8.04000000000000e+00	3.69221484354652e+06
8.05000000000000e+00	3.64968963843351e+06
8.06000000000000e+00	3.59321245802562e+06
8.07000000000000e+00	3.52605011734206e+06
8.08000000000000e+00	3.45142938573454e+06
8.09000000000000e+00	3.37239562879677e+06
8.10000000000000e+00	3.29165427826771e+06
8.11000000000000e+00	3.21152476041366e+06
8.12000000000000e+00	3.13375205997635e+06
8.13000000000000e+00	3.05976169185163e+06
8.14000000000000e+00	2.99056113989352e+06
8.15000000000000e+00	2.92681505833725e+06
8.16000000000000e+00	2.86898623544299e+06
8.17000000000000e+00	2.81737338060667e+06
8.18000000000000e+00	2.77213667311876e+06
8.19000000000000e+00	2.73335930810854e+06
8.20000000000000e+00	2.70095888296949e+06
8.21000000000000e+00	2.67479455092909e+06
8.22000000000000e+00	2.65461066107313e+06
8.23000000000000e+00	2.63997715379832e+06
8.24000000000000e+00	2.63038071704558e+06
8.25000000000000e+00	2.62520156191718e+06
8.26000000000000e+00	2.62361891922335e+06
8.27000000000000e+00	2.62479195801690e+06
8.28000000000000e+00	2.62781251987322e+06
8.29000000000000e+00	2.63173593485083e+06
8.30000000000000e+00	2.63573403258238e+06
8.31000000000000e+00	2.63906955654049e+06
8.32000000000000e+00	2.64115778134833e+06
8.33000000000000e+00	2.64163828811640e+06
8.34000000000000e+00	2.64029140406436e+06
8.35000000000000e+00	2.63695639425844e+06
8.36000000000000e+00	2.63169913682939e+06
8.37000000000000e+00	2.62457786513101e+06
8.38000000000000e+00	2.61563274172600e+06
8.39000000000000e+00	2.60501281853836e+06
8.40000000000000e+00	2.59277931093728e+06
8.41000000000000e+00	2.57893127419289e+06
8.42000000000000e+00	2.56355379106204e+06
8.43000000000000e+00	2.54664282845475e+06
8.44000000000000e+00	2.52820399253189e+06
8.45000000000000e+00	2.50828923195122e+06
8.46000000000000e+00	2.48695287931854e+06
8.47000000000000e+00	2.46434541047251e+06
8.48000000000000e+00	2.44066010969068e+06
8.49000000000000e+00	2.41626802197393e+06
8.50000000000000e+00	2.39161811490588e+06
8.51000000000000e+00	2.36722192502562e+06
8.52000000000000e+00	2.34360735602837e+06
8.53000000000000e+00	2.32127689072592e+06
8.54000000000000e+00	2.30057323032352e+06
8.55000000000000e+00	2.28175315757127e+06
8.56000000000000e+00	2.26492112895242e+06
8.57000000000000e+00	2.25003713608399e+06
8.58000000000000e+00	2.23699149906629e+06
8.59000000000000e+00	2.22555534290288e+06
8.60000000000000e+00	2.21548789954177e+06
8.61000000000000e+00	2.20644987850006e+06
8.62000000000000e+00	2.19811058074977e+06
8.63000000000000e+00	2.19009635258279e+06
8.64000000000000e+00	2.18210427889820e+06
8.65000000000000e+00	2.17381676798225e+06
8.66000000000000e+00	2.16501020897856e+06
8.67000000000000e+00	2.15540361739176e+06
8.68000000000000e+00	2.14490722478818e+06
8.69000000000000e+00	2.13343042026906e+06
8.70000000000000e+00	2.12096578472817e+06
8.71000000000000e+00	2.10753960328126e+06
8.72000000000000e+00	2.09326165444366e+06
8.73000000000000e+00	2.07822794672129e+06
8.74000000000000e+00	2.06260734613560e+06
8.75000000000000e+00	2.04651902211262e+06
8.76000000000000e+00	2.03016418340706e+06
8.77000000000000e+00	2.01358602242560e+06
8.78000000000000e+00	1.99694163404786e+06
8.79000000000000e+00	1.98035906207913e+06
8.80000000000000e+00	1.96389313662124e+06
8.81000000000000e+00	1.94770641316351e+06
8.82000000000000e+00	1.93187137200756e+06
8.83000000000000e+00	1.91647305293692e+06
8.84000000000000e+00	1.90159919647576e+06
8.85000000000000e+00	1.88728865174564e+06
8.86000000000000e+00	1.87355551633629e+06
8.87000000000000e+00	1.86044548812275e+06
8.88000000000000e+00	1.84792482955572e+06
8.89000000000000e+00	1.83602379023812e+06
8.90000000000000e+00	1.82467547872233e+06
8.91000000000000e+00	1.81387408105758e+06
8.92000000000000e+00	1.80354671727261e+06
8.93000000000000e+00	1.79366134471533e+06
8.94000000000000e+00	1.78410422533813e+06
8.95000000000000e+00	1.77484376027036e+06
8.96000000000000e+00	1.76572761331704e+06
8.97000000000000e+00	1.75669609562795e+06
8.98000000000000e+00	1.74764495399375e+06
8.99000000000000e+00	1.73851667943820e+06
9.00000000000000e+00	1.72930867229603e+06
9.01000000000000e+00	1.72007759879697e+06
9.02000000000000e+00	1.71093217989439e+06
9.03000000000000e+00	1.70190221735764e+06
9.04000000000000e+00	1.69316134094213e+06
9.05000000000000e+00	1.68468156161825e+06
9.06000000000000e+00	1.67649614022736e+06
9.07000000000000e+00	1.66853274634163e+06
9.08000000000000e+00	1.66073583968655e+06
9.09000000000000e+00	1.65302789652284e+06
9.10000000000000e+00	1.64538341961446e+06
9.11000000000000e+00	1.63772064612904e+06
9.12000000000000e+00	1.63002991157654e+06
9.13000000000000e+00	1.62229488215364e+06
9.14000000000000e+00	1.61449867226619e+06
9.15000000000000e+00	1.60668414601556e+06
9.16000000000000e+00	1.59882811065381e+06
9.17000000000000e+00	1.59099189064367e+06
9.18000000000000e+00	1.58323203346814e+06
9.19000000000000e+00	1.57560955948451e+06
9.20000000000000e+00	1.56813087743630e+06
9.21000000000000e+00	1.56087521078004e+06
9.22000000000000e+00	1.55380156915017e+06
9.23000000000000e+00	1.54692565329736e+06
9.24000000000000e+00	1.54016626634026e+06
9.25000000000000e+00	1.53346156089494e+06
9.26000000000000e+00	1.52668203384401e+06
9.27000000000000e+00	1.51973370411772e+06
9.28000000000000e+00	1.51256321766510e+06
9.29000000000000e+00	1.50507101558200e+06
9.30000000000000e+00	1.49726821778467e+06
9.31000000000000e+00	1.48914225206021e+06
9.32000000000000e+00	1.48075453680819e+06
9.33000000000000e+00	1.47218446372269e+06
9.34000000000000e+00	1.46346827279764e+06
9.35000000000000e+00	1.45474639731388e+06
9.36000000000000e+00	1.44608045632607e+06
9.37000000000000e+00	1.43753195057799e+06
9.38000000000000e+00	1.42921342571931e+06
9.39000000000000e+00	1.42114659582568e+06
9.40000000000000e+00	1.41337811158841e+06
9.41000000000000e+00	1.40594150958826e+06
9.42000000000000e+00	1.39884375388205e+06
9.43000000000000e+00	1.39207552344668e+06
9.44000000000000e+00	1.38563858232768e+06
9.45000000000000e+00	1.37948632388361e+06
9.46000000000000e+00	1.37358670357263e+06
9.47000000000000e+00	1.36792319722984e+06
9.48000000000000e+00	1.36246950100198e+06
9.49000000000000e+00	1.35721780110088e+06
9.50000000000000e+00	1.35215209774454e+06
9.51000000000000e+00	1.34724345328452e+06
9.52000000000000e+00	1.34245386820658e+06
9.53000000000000e+00	1.33773427861650e+06
9.54000000000000e+00	1.33302814535044e+06
9.55000000000000e+00	1.32824561386998e+06
9.56000000000000e+00	1.32340920877739e+06
9.57000000000000e+00	1.31854323067625e+06
9.58000000000000e+00	1.31377985546801e+06
9.59000000000000e+00	1.30923914217192e+06
9.60000000000000e+00	1.30503644109727e+06
9.61000000000000e+00	1.30121739221881e+06
9.62000000000000e+00	1.29771327567292e+06
9.63000000000000e+00	1.29443201308497e+06
9.64000000000000e+00	1.29126028539275e+06
9.65000000000000e+00	1.28808539800547e+06
9.66000000000000e+00	1.28481523191439e+06
9.67000000000000e+00	1.28141103635256e+06
9.68000000000000e+00	1.27788494398438e+06
9.69000000000000e+00	1.27423576763541e+06
9.70000000000000e+00	1.27045628326773e+06
9.71000000000000e+00	1.26657212062009e+06
9.72000000000000e+00	1.26259503273615e+06
9.73000000000000e+00	1.25852806132329e+06
9.74000000000000e+00	1.25439558725374e+06
9.75000000000000e+00	1.25018492741373e+06
9.76000000000000e+00	1.24588812457904e+06
9.77000000000000e+00	1.24153513983384e+06
9.78000000000000e+00	1.23711037522883e+06
9.79000000000000e+00	1.23263038742269e+06
9.80000000000000e+00	1.22809200884172e+06
9.81000000000000e+00	1.22350607310408e+06
9.82000000000000e+00	1.21888943399791e+06
9.83000000000000e+00	1.21423417327692e+06
9.84000000000000e+00	1.20954686309462e+06
9.85000000000000e+00	1.20480852560962e+06
9.86000000000000e+00	1.20005066382115e+06
9.87000000000000e+00	1.19526477280027e+06
9.88000000000000e+00	1.19053770916230e+06
9.89000000000000e+00	1.18611298894589e+06
9.90000000000000e+00	1.18249650742332e+06
9.91000000000000e+00	1.18088280168421e+06
9.92000000000000e+00	1.18354611820241e+06
9.93000000000000e+00	1.19435162325781e+06
9.94000000000000e+00	1.21908836980904e+06
9.95000000000000e+00	1.26565087242154e+06
9.96000000000000e+00	1.34349726110773e+06
9.97000000000000e+00	1.46260291133488e+06
9.98000000000000e+00	1.63094521031413e+06
9.99000000000000e+00	1.84943013453606e+06
1.00000000000000e+01	2.10471281203824e+06
1.00100000000000e+01	2.36064880419640e+06
1.00200000000000e+01	2.54819769767723e+06
1.00300000000000e+01	2.57792382677945e+06
1.00400000000000e+01	2.39396082961340e+06
1.00500000000000e+01	2.02966660440453e+06
1.00600000000000e+01	1.58959531967461e+06
1.00700000000000e+01	1.17452539984158e+06
1.00800000000000e+01	8.36354164238884e+05
1.00900000000000e+01	5.83672030524678e+05
1.01000000000000e+01	4.03961712589167e+05
1.01100000000000e+01	2.79467842441661e+05
1.01200000000000e+01	1.94259233540279e+05
1.01300000000000e+01	1.36115835241437e+05
1.01400000000000e+01	9.63288983518499e+04
1.01500000000000e+01	6.89302093117776e+04
1.01600000000000e+01	4.98978796157237e+04
1.01700000000000e+01	3.65431710390207e+04
1.01800000000000e+01	2.70715830445928e+04
1.01900000000000e+01	2.02794079374989e+04
1.02000000000000e+01	1.53545934724366e+04
1.02100000000000e+01	1.17448639830325e+04
1.02200000000000e+01	9.07106111202426e+03
1.02300000000000e+01	7.07041929719951e+03
1.02400000000000e+01	5.55884678134094e+03
1.02500000000000e+01	4.40628650188827e+03
1.02600000000000e+01	3.51970487039700e+03
1.02700000000000e+01	2.83196960939483e+03
1.02800000000000e+01	2.29431881398694e+03
1.02900000000000e+01	1.87080238075358e+03
1.03000000000000e+01	1.53484205974766e+03
1.03100000000000e+01	1.26651499591572e+03
1.03200000000000e+01	1.05085339430305e+03
1.03300000000000e+01	8.76454361972165e+02
1.03400000000000e+01	7.34600700410719e+02
1.03500000000000e+01	6.18598209372586e+02
1.03600000000000e+01	5.23234543827418e+02
1.03700000000000e+01	4.44440390318945e+02
1.03800000000000e+01	3.79024038207249e+02
1.03900000000000e+01	3.24475390768072e+02
1.04000000000000e+01	2.78784344682534e+02
1.04100000000000e+01	2.40358426028479e+02
1.04200000000000e+01	2.07912388526679e+02
1.04300000000000e+01	1.80410968370464e+02
1.04400000000000e+01	1.57020983894520e+02
1.04500000000000e+01	1.37056801343002e+02
1.04600000000000e+01	1.19962537122669e+02
1.04700000000000e+01	1.05277972470192e+02
1.04800000000000e+01	9.26255173427122e+01
1.04900000000000e+01	8.16931970976015e+01
1.05000000000000e+01	7.22217852704319e+01
1.05100000000000e+01	6.39934855642959e+01
1.05200000000000e+01	5.68278237198716e+01
1.05300000000000e+01	5.05708128763487e+01
1.05400000000000e+01	4.50946653396352e+01
1.05500000000000e+01	4.02907511775251e+01
1.05600000000000e+01	3.60677926392933e+01
1.05700000000000e+01	3.23466936044500e+01
1.05800000000000e+01	2.90610355502304e+01
1.05900000000000e+01	2.61539351877244e+01
1.06000000000000e+01	2.35771231342227e+01
1.06100000000000e+01	2.12883204723574e+01
1.06200000000000e+01	1.92515735433650e+01
1.06300000000000e+01	1.74358186938576e+01
1.06400000000000e+01	1.58145442574793e+01
1.06500000000000e+01	1.43639144623647e+01
1.06600000000000e+01	1.30643382836095e+01
1.06700000000000e+01	1.18979868558341e+01
1.06800000000000e+01	1.08497603438015e+01
1.06900000000000e+01	9.90594612843712e+00
1.07000000000000e+01	9.05518496422243e+00
1.07100000000000e+01	8.28709975917986e+00
1.07200000000000e+01	7.59273376545969e+00
1.07300000000000e+01	6.96417350300766e+00
1.07400000000000e+01	6.39447326314039e+00
1.07500000000000e+01	5.87757121160533e+00
1.07600000000000e+01	5.40789917542598e+00
1.07700000000000e+01	4.98078350748798e+00
1.07800000000000e+01	4.59190647928582e+00
1.07900000000000e+01	4.23744808984059e+00
1.08000000000000e+01	3.91404149977060e+00
1.08100000000000e+01	3.61864774239856e+00
1.08200000000000e+01	3.34858402596253e+00
1.08300000000000e+01	3.10142939746420e+00
1.08400000000000e+01	2.87506167175508e+00
1.08500000000000e+01	2.66741831381371e+00
1.08600000000000e+01	2.47682101224141e+00
1.08700000000000e+01	2.30174263853550e+00
1.08800000000000e+01	2.14071530260057e+00
1.08900000000000e+01	1.99242711151299e+00
1.09000000000000e+01	1.85581882320642e+00
1.09100000000000e+01	1.72981955921499e+00
1.09200000000000e+01	1.61346796870719e+00
1.09300000000000e+01	1.50598159648943e+00
1.09400000000000e+01	1.40656580550747e+00
1.09500000000000e+01	1.31455068321887e+00
1.09600000000000e+01	1.22927664249508e+00
1.09700000000000e+01	1.15024406385635e+00
1.09800000000000e+01	1.07690533932451e+00
1.09900000000000e+01	1.00880645525269e+00
1.10000000000000e+01	9.45530746150277e-01
1.10100000000000e+01	8.86680454529320e-01
1.10200000000000e+01	8.31948765862448e-01
1.10300000000000e+01	7.81006988723060e-01
1.10400000000000e+01	7.33553795509250e-01
1.10500000000000e+01	6.89359921808137e-01
1.10600000000000e+01	6.48166283549852e-01
1.10700000000000e+01	6.09771479750589e-01
1.10800000000000e+01	5.73953006708803e-01
1.10900000000000e+01	5.40549488879607e-01
1.11000000000000e+01	5.09363038671172e-01
1.11100000000000e+01	4.80246675225345e-01
1.11200000000000e+01	4.53044338024955e-01
1.11300000000000e+01	4.27621312609907e-01
1.11400000000000e+01	4.03847013237739e-01
1.11500000000000e+01	3.81599115845157e-01
1.11600000000000e+01	3.60763359190985e-01
1.11700000000000e+01	3.41240732579763e-01
1.11800000000000e+01	3.22933390409317e-01
1.11900000000000e+01	3.05754054190676e-01
1.12000000000000e+01	2.89620756760627e-01
1.12100000000000e+01	2.74461155072282e-01
1.12200000000000e+01	2.60207049236576e-01
1.12300000000000e+01	2.46795220347686e-01
1.12400000000000e+01	2.34167039748783e-01
1.12500000000000e+01	2.22273184200398e-01
1.12600000000000e+01	2.11062289973271e-01
1.12700000000000e+01	2.00491184183612e-01
1.12800000000000e+01	1.90519281222604e-01
1.12900000000000e+01	1.81106255279976e-01
1.13000000000000e+01	1.72218889999391e-01
1.13100000000000e+01	1.63823204349261e-01
1.13200000000000e+01	1.55888602614471e-01
1.13300000000000e+01	1.48387618885133e-01
1.13400000000000e+01	1.41292372386038e-01
1.13500000000000e+01	1.34579417215858e-01
1.13600000000000e+01	1.28224591410612e-01
1.13700000000000e+01	1.22205672630424e-01
1.13800000000000e+01	1.16504762341628e-01
1.13900000000000e+01	1.11101239203292e-01
1.14000000000000e+01	1.05978440971702e-01
1.14100000000000e+01	1.01120134328398e-01
1.14200000000000e+01	9.65105897646753e-02
1.14300000000000e+01	9.21363105852696e-02
1.14400000000000e+01	8.79836264031701e-02
1.14500000000000e+01	8.40408390520700e-02
1.14600000000000e+01	8.02955460539919e-02
1.14700000000000e+01	7.67368491313051e-02
1.14800000000000e+01	7.33543181473437e-02
1.14900000000000e+01	7.01384872633680e-02
1.15000000000000e+01	6.70804201532535e-02
1.15100000000000e+01	6.41710562118454e-02
1.15200000000000e+01	6.14023780035413e-02
1.15300000000000e+01	5.87672094838576e-02
1.15400000000000e+01	5.62581045873335e-02
1.15500000000000e+01	5.38692181218149e-02
1.15600000000000e+01	5.15941718743263e-02
1.15700000000000e+01	4.94271289514518e-02
1.15800000000000e+01	4.73634246854263e-02
1.15900000000000e+01	4.53975377219084e-02
1.16000000000000e+01	4.35248003838069e-02
1.16100000000000e+01	4.17411014741573e-02
1.16200000000000e+01	4.00416397910315e-02
1.16300000000000e+01	3.84224534339597e-02
1.16400000000000e+01	3.68790960601356e-02
1.16500000000000e+01	3.54078215550220e-02
1.16600000000000e+01	3.40046293231556e-02
1.16700000000000e+01	3.26658000911116e-02
1.16800000000000e+01	3.13875118085788e-02
1.16900000000000e+01	3.01663095136184e-02
1.17000000000000e+01	2.89989848817944e-02
1.17100000000000e+01	2.78825018247219e-02
1.17200000000000e+01	2.68139306957030e-02
1.17300000000000e+01	2.57905176040445e-02
1.17400000000000e+01	2.48100012654047e-02
1.17500000000000e+01	2.38701467916846e-02
1.17600000000000e+01	2.29690143961334e-02
1.17700000000000e+01	2.21047278893220e-02
1.17800000000000e+01	2.12759659187307e-02
1.17900000000000e+01	2.04810042145017e-02
1.18000000000000e+01	1.97187100751517e-02
1.18100000000000e+01	1.89877436849040e-02
1.18200000000000e+01	1.82869976401611e-02
1.18300000000000e+01	1.76152927758906e-02
1.18400000000000e+01	1.69714766372043e-02
1.18500000000000e+01	1.63544953365330e-02
1.18600000000000e+01	1.57631898298608e-02
1.18700000000000e+01	1.51965263508555e-02
1.18800000000000e+01	1.46532929855549e-02
1.18900000000000e+01	1.41325503423243e-02
1.19000000000000e+01	1.36331418317818e-02
1.19100000000000e+01	1.31541071593160e-02
1.19200000000000e+01	1.26943985779288e-02
1.19300000000000e+01	1.22531748643556e-02
1.19400000000000e+01	1.18294080669593e-02
1.19500000000000e+01	1.14222717257782e-02
1.19600000000000e+01	1.10310109294966e-02
1.19700000000000e+01	1.06548353129865e-02
1.19800000000000e+01	1.02929560573563e-02
1.19900000000000e+01	9.94474016592918e-03
1.20000000000000e+01	9.60953350185384e-03
1.20100000000000e+01	9.28675492133858e-03
1.20200000000000e+01	8.97592402535831e-03
1.20300000000000e+01	8.67651137014321e-03
1.20400000000000e+01	8.38806096683621e-03
1.20500000000000e+01	8.11012973844301e-03
1.20600000000000e+01	7.84240054507630e-03
1.20700000000000e+01	7.58447366887439e-03
1.20800000000000e+01	7.33602652178974e-03
1.20900000000000e+01	7.09672859212257e-03
1.21000000000000e+01	6.86631013541536e-03
1.21100000000000e+01	6.64448292843921e-03
1.21200000000000e+01	6.43090905056025e-03
1.21300000000000e+01	6.22526578501647e-03
1.21400000000000e+01	6.02733000056745e-03
1.21500000000000e+01	5.83679305149702e-03
1.21600000000000e+01	5.65325691413433e-03
1.21700000000000e+01	5.47651708802003e-03
1.21800000000000e+01	5.30619175495047e-03
1.21900000000000e+01	5.14205702410636e-03
1.22000000000000e+01	4.98378211024040e-03
1.22100000000000e+01	4.83108723002939e-03
1.22200000000000e+01	4.68371092627739e-03
1.22300000000000e+01	4.54139543230106e-03
1.22400000000000e+01	4.40388785143370e-03
1.22500000000000e+01	4.27098449626354e-03
1.22600000000000e+01	4.14246880004166e-03
1.22700000000000e+01	4.01815161588966e-03
1.22800000000000e+01	3.89780324470436e-03
1.22900000000000e+01	3.78130792798690e-03
1.23000000000000e+01	3.66845084328688e-03
1.23100000000000e+01	3.55911529179384e-03
1.23200000000000e+01	3.45314674320715e-03
1.23300000000000e+01	3.35040668321530e-03
1.23400000000000e+01	3.25081049175415e-03
1.23500000000000e+01	3.15423401365920e-03
1.23600000000000e+01	3.06058360300133e-03
1.23700000000000e+01	2.96978212563946e-03
1.23800000000000e+01	2.88172667344648e-03
1.23900000000000e+01	2.79640733667808e-03
1.24000000000000e+01	2.71370673783703e-03
1.24100000000000e+01	2.63360469827659e-03
1.24200000000000e+01	2.55601287411266e-03
1.24300000000000e+01	2.48088013274695e-03
1.24400000000000e+01	2.40816875390246e-03
1.24500000000000e+01	2.33777221794469e-03
1.24600000000000e+01	2.26965080076060e-03
1.24700000000000e+01	2.20372217716651e-03
1.24800000000000e+01	2.13992230549107e-03
1.24900000000000e+01	2.07816674324013e-03
1.25000000000000e+01	2.01841893238131e-03
1.25100000000000e+01	1.96059457804434e-03
1.25200000000000e+01	1.90462112930998e-03
1.25300000000000e+01	1.85044400554661e-03
1.25400000000000e+01	1.79803207007047e-03
1.25500000000000e+01	1.74728444231328e-03
1.25600000000000e+01	1.69818771125647e-03
1.25700000000000e+01	1.65065726086080e-03
1.25800000000000e+01	1.60466881504467e-03
1.25900000000000e+01	1.56015000061724e-03
1.26000000000000e+01	1.51705969818714e-03
1.26100000000000e+01	1.47533073262745e-03
1.26200000000000e+01	1.43493083082526e-03
1.26300000000000e+01	1.39579721594925e-03
1.26400000000000e+01	1.35788032328937e-03
1.26500000000000e+01	1.32114206195868e-03
1.26600000000000e+01	1.28554195771357e-03
1.26700000000000e+01	1.25102802980574e-03
1.26800000000000e+01	1.21757016811684e-03
1.26900000000000e+01	1.18513249775686e-03
1.27000000000000e+01	1.15368618369711e-03
1.27100000000000e+01	1.12320141947659e-03
1.27200000000000e+01	1.09364432968897e-03
1.27300000000000e+01	1.06499071495920e-03
1.27400000000000e+01	1.03721541691639e-03
1.27500000000000e+01	1.01028935317819e-03
1.27600000000000e+01	9.84191479890569e-04
1.27700000000000e+01	9.58888415681316e-04
1.27800000000000e+01	9.34355203175241e-04
1.27900000000000e+01	9.10563144393442e-04
1.28000000000000e+01	8.87488096000499e-04
1.28100000000000e+01	8.65099112928281e-04
1.28200000000000e+01	8.43378132368609e-04
1.28300000000000e+01	8.22290326182701e-04
1.28400000000000e+01	8.01823137163744e-04
1.28500000000000e+01	7.81950502427165e-04
1.28600000000000e+01	7.62645783307828e-04
1.28700000000000e+01	7.43899479939685e-04
1.28800000000000e+01	7.25684824902175e-04
1.28900000000000e+01	7.07986987083386e-04
1.29000000000000e+01	6.90789009595461e-04
1.29100000000000e+01	6.74076668995187e-04
1.29200000000000e+01	6.57828902816029e-04
1.29300000000000e+01	6.42038390862579e-04
1.29400000000000e+01	6.26678696705247e-04
1.29500000000000e+01	6.11746194010049e-04
1.29600000000000e+01	5.97216130993476e-04
1.29700000000000e+01	5.83085726482620e-04
1.29800000000000e+01	5.69334915137126e-04
1.29900000000000e+01	5.55957104689666e-04
1.30000000000000e+01	5.42934948386713e-04
1.30100000000000e+01	5.30263222378787e-04
1.30200000000000e+01	5.17931622140477e-04
1.30300000000000e+01	5.05929279250860e-04
1.30400000000000e+01	4.94244506080165e-04
1.30500000000000e+01	4.82868723067004e-04
1.30600000000000e+01	4.71790552038286e-04
1.30700000000000e+01	4.61000017791124e-04
1.30800000000000e+01	4.50483951599883e-04
1.30900000000000e+01	4.40235404849214e-04
1.31000000000000e+01	4.30239149975270e-04
1.31100000000000e+01	4.20492344413727e-04
1.31200000000000e+01	4.10977487382037e-04
1.31300000000000e+01	4.01690569096403e-04
1.31400000000000e+01	3.92622301779451e-04
1.31500000000000e+01	3.83767258872669e-04
1.31600000000000e+01	3.75121833693393e-04
1.31700000000000e+01	3.66678511480348e-04
1.31800000000000e+01	3.58434139279983e-04
1.31900000000000e+01	3.50388220516721e-04
1.32000000000000e+01	3.42534454663290e-04
1.32100000000000e+01	3.34869444565449e-04
1.32200000000000e+01	3.27390462719603e-04
1.32300000000000e+01	3.20093471599838e-04
1.32400000000000e+01	3.12974445290192e-04
1.32500000000000e+01	3.06027077289945e-04
1.32600000000000e+01	2.99243971954315e-04
1.32700000000000e+01	2.92624586497993e-04
1.32800000000000e+01	2.86161647634636e-04
1.32900000000000e+01	2.79850635961576e-04
1.33000000000000e+01	2.73688745408923e-04
1.33100000000000e+01	2.67669133688586e-04
1.33200000000000e+01	2.61792310057826e-04
1.33300000000000e+01	2.56052437367492e-04
1.33400000000000e+01	2.50450810557863e-04
1.33500000000000e+01	2.44983466344151e-04
1.33600000000000e+01	2.39647006127471e-04
1.33700000000000e+01	2.34439788809805e-04
1.33800000000000e+01	2.29361479755351e-04
1.33900000000000e+01	2.24409065904140e-04
1.34000000000000e+01	2.19578159095857e-04
1.34100000000000e+01	2.14866533802111e-04
1.34200000000000e+01	2.10272169225535e-04
1.34300000000000e+01	2.05789831561537e-04
1.34400000000000e+01	2.01417618217787e-04
1.34500000000000e+01	1.97152783678702e-04
1.34600000000000e+01	1.92989615295103e-04
1.34700000000000e+01	1.88926283568422e-04
1.34800000000000e+01	1.84960687951249e-04
1.34900000000000e+01	1.81087293014255e-04
1.35000000000000e+01	1.77305181113505e-04
1.35100000000000e+01	1.73609010138480e-04
1.35200000000000e+01	1.69997985356254e-04
1.35300000000000e+01	1.66468548118137e-04
1.35400000000000e+01	1.63018683098703e-04
1.35500000000000e+01	1.59643959047759e-04
1.35600000000000e+01	1.56343976724133e-04
1.35700000000000e+01	1.53114639180429e-04
1.35800000000000e+01	1.49955641302177e-04
1.35900000000000e+01	1.46862287899329e-04
1.36000000000000e+01	1.43835339743344e-04
1.36100000000000e+01	1.40871539964372e-04
1.36200000000000e+01	1.37969885012690e-04
1.36300000000000e+01	1.35128182710368e-04
1.36400000000000e+01	1.32346052932245e-04
1.36500000000000e+01	1.29623310860947e-04
1.36600000000000e+01	1.26957253316581e-04
1.36700000000000e+01	1.24348181708227e-04
1.36800000000000e+01	1.21796035707778e-04
1.36900000000000e+01	1.19299810248599e-04
1.37000000000000e+01	1.16858374280889e-04
1.37100000000000e+01	1.14472287443518e-04
1.37200000000000e+01	1.12139897851761e-04
1.37300000000000e+01	1.09862760856096e-04
1.37400000000000e+01	1.07638653656542e-04
1.37500000000000e+01	1.05468393031272e-04
1.37600000000000e+01	1.03350318687900e-04
1.37700000000000e+01	1.01283167777418e-04
1.37800000000000e+01	9.92664868655415e-05
1.37900000000000e+01	9.72985175871057e-05
1.38000000000000e+01	9.53787622701121e-05
1.38100000000000e+01	9.35048367756894e-05
1.38200000000000e+01	9.16752866982087e-05
1.38300000000000e+01	8.98880279944342e-05
1.38400000000000e+01	8.81424828237516e-05
1.38500000000000e+01	8.64367032298194e-05
1.38600000000000e+01	8.47684520589101e-05
1.38700000000000e+01	8.31372161670651e-05
1.38800000000000e+01	8.15420813095855e-05
1.38900000000000e+01	7.99804258971112e-05
1.39000000000000e+01	7.84520227750958e-05
1.39100000000000e+01	7.69560849360755e-05
1.39200000000000e+01	7.54907857543985e-05
1.39300000000000e+01	7.40557642522350e-05
1.39400000000000e+01	7.26503789009379e-05
1.39500000000000e+01	7.12736916356289e-05
1.39600000000000e+01	6.99244168078598e-05
1.39700000000000e+01	6.86025141349934e-05
1.39800000000000e+01	6.73072194781921e-05
1.39900000000000e+01	6.60375414575731e-05
1.40000000000000e+01	6.47937526638943e-05
1.40100000000000e+01	6.35748426880936e-05
1.40200000000000e+01	6.23802151020482e-05
1.40300000000000e+01	6.12100175649789e-05
1.40400000000000e+01	6.00640612354061e-05
1.40500000000000e+01	5.89413906165491e-05
1.40600000000000e+01	5.78421070394700e-05
1.40700000000000e+01	5.67661325851911e-05
1.40800000000000e+01	5.57126755312726e-05
1.40900000000000e+01	5.46811879494570e-05
1.41000000000000e+01	5.36716136619056e-05
1.41100000000000e+01	5.26834263992203e-05
1.41200000000000e+01	5.17155610251298e-05
1.41300000000000e+01	5.07679363575131e-05
1.41400000000000e+01	4.98399118807494e-05
1.41500000000000e+01	4.89300708191509e-05
1.41600000000000e+01	4.80383907831042e-05
1.41700000000000e+01	4.71638630820327e-05
1.41800000000000e+01	4.63060077209430e-05
1.41900000000000e+01	4.54643823910058e-05
1.42000000000000e+01	4.46381973875307e-05
1.42100000000000e+01	4.38272569374316e-05
1.42200000000000e+01	4.30316926463371e-05
1.42300000000000e+01	4.22508135365506e-05
1.42400000000000e+01	4.14846462873981e-05
1.42500000000000e+01	4.07333617478174e-05
1.42600000000000e+01	3.99963045226788e-05
1.42700000000000e+01	3.92738291345477e-05
1.42800000000000e+01	3.85659403209420e-05
1.42900000000000e+01	3.78721281876270e-05
1.43000000000000e+01	3.71925086769463e-05
1.43100000000000e+01	3.65267630155106e-05
1.43200000000000e+01	3.58743371804434e-05
1.43300000000000e+01	3.52352328062270e-05
1.43400000000000e+01	3.46090761560731e-05
1.43500000000000e+01	3.39958196371287e-05
1.43600000000000e+01	3.33946545106469e-05
1.43700000000000e+01	3.28052997961462e-05
1.43800000000000e+01	3.22277584262380e-05
1.43900000000000e+01	3.16618975152501e-05
1.44000000000000e+01	3.11073367620315e-05
1.44100000000000e+01	3.05634979036753e-05
1.44200000000000e+01	3.00307298571615e-05
1.44300000000000e+01	2.95084255181345e-05
1.44400000000000e+01	2.89968265510379e-05
1.44500000000000e+01	2.84952200130204e-05
1.44600000000000e+01	2.80037929999075e-05
1.44700000000000e+01	2.75221284908101e-05
1.44800000000000e+01	2.70500303834690e-05
1.44900000000000e+01	2.65874302211406e-05
1.45000000000000e+01	2.61337798604759e-05
1.45100000000000e+01	2.56892459791475e-05
1.45200000000000e+01	2.52533248008218e-05
1.45300000000000e+01	2.48258166146988e-05
1.45400000000000e+01	2.44068133917912e-05
1.45500000000000e+01	2.39955586489673e-05
1.45600000000000e+01	2.35921513018144e-05
1.45700000000000e+01	2.31965293160066e-05
1.45800000000000e+01	2.28079780855514e-05
1.45900000000000e+01	2.24270580566705e-05
1.46000000000000e+01	2.20529158238039e-05
1.46100000000000e+01	2.16855832589920e-05
1.46200000000000e+01	2.13251224462990e-05
1.46300000000000e+01	2.09710568399043e-05
1.46400000000000e+01	2.06235353944530e-05
1.46500000000000e+01	2.02823460611052e-05
1.46600000000000e+01	1.99472250406120e-05
1.46700000000000e+01	1.96183022253395e-05
1.46800000000000e+01	1.92954525017880e-05
1.46900000000000e+01	1.89784821322112e-05
1.47000000000000e+01	1.86674339031322e-05
1.47100000000000e+01	1.83620401256354e-05
1.47200000000000e+01	1.80623138918262e-05
1.47300000000000e+01	1.77681948855912e-05
1.47400000000000e+01	1.74794998532706e-05
1.47500000000000e+01	1.71962323021447e-05
1.47600000000000e+01	1.69181253977874e-05
1.47700000000000e+01	1.66451266057773e-05
1.47800000000000e+01	1.63769749516987e-05
1.47900000000000e+01	1.61137817885036e-05
1.48000000000000e+01	1.58551562988710e-05
1.48100000000000e+01	1.56009489513730e-05
1.48200000000000e+01	1.53513370319179e-05
1.48300000000000e+01	1.51057866027004e-05
1.48400000000000e+01	1.48644674170816e-05
1.48500000000000e+01	1.46272061149649e-05
1.48600000000000e+01	1.43939320649872e-05
1.48700000000000e+01	1.41644725253666e-05
1.48800000000000e+01	1.39388165410278e-05
1.48900000000000e+01	1.37168159004229e-05
1.49000000000000e+01	1.34986404844537e-05
1.49100000000000e+01	1.32839969086337e-05
1.49200000000000e+01	1.30729119403365e-05
1.49300000000000e+01	1.28654258466474e-05
1.49400000000000e+01	1.26613817415417e-05
1.49500000000000e+01	1.24607811796116e-05
1.49600000000000e+01	1.22636691235957e-05
1.49700000000000e+01	1.20699266398796e-05
1.49800000000000e+01	1.18795953562656e-05
1.49900000000000e+01	1.16926065328629e-05
1.50000000000000e+01	1.15088517713158e-05
1.50100000000000e+01	1.13284037100518e-05
1.50200000000000e+01	1.11510787570498e-05
1.50300000000000e+01	1.09769276675594e-05
1.50400000000000e+01	1.08059006350661e-05
1.50500000000000e+01	1.06378447350667e-05
1.50600000000000e+01	1.04727738824010e-05
1.50700000000000e+01	1.03105019489693e-05
1.50800000000000e+01	1.01509930010049e-05
1.50900000000000e+01	9.99428860398008e-06
1.51000000000000e+01	9.84011472898780e-06
1.51100000000000e+01	9.68858514445835e-06
1.51200000000000e+01	9.53957465539844e-06
1.51300000000000e+01	9.39287411852214e-06
1.51400000000000e+01	9.24868719840211e-06
1.51500000000000e+01	9.10674434819761e-06
1.51600000000000e+01	8.96704578996073e-06
1.51700000000000e+01	8.82959356081202e-06
1.51800000000000e+01	8.69440236768329e-06
1.51900000000000e+01	8.56135484504080e-06
1.52000000000000e+01	8.43049061694570e-06
1.52100000000000e+01	8.30173345416719e-06
1.52200000000000e+01	8.17514526453516e-06
1.52300000000000e+01	8.05057628255338e-06
1.52400000000000e+01	7.92801587561772e-06
1.52500000000000e+01	7.80747226254752e-06
1.52600000000000e+01	7.68884031519806e-06
1.52700000000000e+01	7.57203819024500e-06
1.52800000000000e+01	7.45704375906001e-06
1.52900000000000e+01	7.34367264430142e-06
1.53000000000000e+01	7.23190978741122e-06
1.53100000000000e+01	7.12158431427694e-06
1.53200000000000e+01	7.01274094450278e-06
1.53300000000000e+01	6.90521378176335e-06
1.53400000000000e+01	6.79892230156644e-06
1.53500000000000e+01	6.69382047477056e-06
1.53600000000000e+01	6.58991660668980e-06
1.53700000000000e+01	6.48712655290642e-06
1.53800000000000e+01	6.38539340791395e-06
1.53900000000000e+01	6.28483744092339e-06
1.54000000000000e+01	6.18535562054203e-06
1.54100000000000e+01	6.08711090655886e-06
1.54200000000000e+01	5.99003798136633e-06
1.54300000000000e+01	5.89429470227096e-06
1.54400000000000e+01	5.79988091477610e-06
1.54500000000000e+01	5.70691371803104e-06
1.54600000000000e+01	5.61549799621311e-06
1.54700000000000e+01	5.52575232699309e-06
1.54800000000000e+01	5.43772858952945e-06
1.54900000000000e+01	5.35151692550058e-06
1.55000000000000e+01	5.26723015935672e-06
1.55100000000000e+01	5.18491733866686e-06
1.55200000000000e+01	5.10466288145734e-06
1.55300000000000e+01	5.02646687880561e-06
1.55400000000000e+01	4.95023533863093e-06
1.55500000000000e+01	4.87606207605410e-06
1.55600000000000e+01	4.80378226636627e-06
1.55700000000000e+01	4.73335779516575e-06
1.55800000000000e+01	4.66471949816505e-06
1.55900000000000e+01	4.59771978702622e-06
1.56000000000000e+01	4.53218648745616e-06
1.56100000000000e+01	4.46811352416336e-06
1.56200000000000e+01	4.40527427203860e-06
1.56300000000000e+01	4.34364465971718e-06
1.56400000000000e+01	4.28306389998345e-06
1.56500000000000e+01	4.22344934347632e-06
1.56600000000000e+01	4.16469354086696e-06
1.56700000000000e+01	4.10675483546464e-06
1.56800000000000e+01	4.04957374210501e-06
1.56900000000000e+01	3.99309944413742e-06
1.57000000000000e+01	3.93728523396773e-06
1.57100000000000e+01	3.88208688261309e-06
1.57200000000000e+01	3.82753198854487e-06
1.57300000000000e+01	3.77358154283007e-06
1.57400000000000e+01	3.72021512271836e-06
1.57500000000000e+01	3.66749277213776e-06
1.57600000000000e+01	3.61537861995130e-06
1.57700000000000e+01	3.56390240316214e-06
1.57800000000000e+01	3.51308278398215e-06
1.57900000000000e+01	3.46298960948880e-06
1.58000000000000e+01	3.41360791384710e-06
1.58100000000000e+01	3.36497922975977e-06
1.58200000000000e+01	3.31714193136641e-06
1.58300000000000e+01	3.27012807453231e-06
1.58400000000000e+01	3.22395234926742e-06
1.58500000000000e+01	3.17863182418649e-06
1.58600000000000e+01	3.13419096489454e-06
1.58700000000000e+01	3.09059495673708e-06
1.58800000000000e+01	3.04786050338230e-06
1.58900000000000e+01	3.00599508071313e-06
1.59000000000000e+01	2.96494172353233e-06
1.59100000000000e+01	2.92470651118887e-06
1.59200000000000e+01	2.88522361732881e-06
1.59300000000000e+01	2.84646641030491e-06
1.59400000000000e+01	2.80842462600821e-06
1.59500000000000e+01	2.77101442299986e-06
1.59600000000000e+01	2.73419557101866e-06
1.59700000000000e+01	2.69799196935049e-06
1.59800000000000e+01	2.66232967822499e-06
1.59900000000000e+01	2.62715571990078e-06
1.60000000000000e+01	2.59252241889918e-06
1.60100000000000e+01	2.55834234865030e-06
1.60200000000000e+01	2.52463799011846e-06
1.60300000000000e+01	2.49139078811270e-06
1.60400000000000e+01	2.45857804874842e-06
1.60500000000000e+01	2.42621512008124e-06
1.60600000000000e+01	2.39430375846713e-06
1.60700000000000e+01	2.36279295790816e-06
1.60800000000000e+01	2.33170161634204e-06
1.60900000000000e+01	2.30103888158502e-06
1.61000000000000e+01	2.27080855621483e-06
1.61100000000000e+01	2.24096205396798e-06
1.61200000000000e+01	2.21154334260230e-06
1.61300000000000e+01	2.18252141356128e-06
1.61400000000000e+01	2.15391306850579e-06
1.61500000000000e+01	2.12571386151138e-06
1.61600000000000e+01	2.09789191741759e-06
1.61700000000000e+01	2.07047775942917e-06
1.61800000000000e+01	2.04344981356524e-06
1.61900000000000e+01	2.01684926035461e-06
1.62000000000000e+01	1.99062398684472e-06
1.62100000000000e+01	1.96482198334745e-06
1.62200000000000e+01	1.93940017745276e-06
1.62300000000000e+01	1.91439370803096e-06
1.62400000000000e+01	1.88977777018946e-06
1.62500000000000e+01	1.86557474326742e-06
1.62600000000000e+01	1.84174813100296e-06
1.62700000000000e+01	1.81831283275647e-06
1.62800000000000e+01	1.79524199815961e-06
1.62900000000000e+01	1.77254078222602e-06
1.63000000000000e+01	1.75018958942630e-06
1.63100000000000e+01	1.72814595786579e-06
1.63200000000000e+01	1.70643536356111e-06
1.63300000000000e+01	1.68500817091095e-06
1.63400000000000e+01	1.66384233585866e-06
1.63500000000000e+01	1.64294939385756e-06
1.63600000000000e+01	1.62228643816947e-06
1.63700000000000e+01	1.60183567557654e-06
1.63800000000000e+01	1.58160555880806e-06
1.63900000000000e+01	1.56153562201581e-06
1.64000000000000e+01	1.54165929244376e-06
1.64100000000000e+01	1.52194459960151e-06
1.64200000000000e+01	1.50239566796396e-06
1.64300000000000e+01	1.48300500284136e-06
1.64400000000000e+01	1.46378094728092e-06
1.64500000000000e+01	1.44471388190875e-06
1.64600000000000e+01	1.42583358775280e-06
1.64700000000000e+01	1.40714350374112e-06
1.64800000000000e+01	1.38864902778157e-06
1.64900000000000e+01	1.37038476780938e-06
1.65000000000000e+01	1.35236562462135e-06
1.65100000000000e+01	1.33457751453343e-06
1.65200000000000e+01	1.31705464927900e-06
1.65300000000000e+01	1.29981296304404e-06
1.65400000000000e+01	1.28284396773025e-06
1.65500000000000e+01	1.26616739515646e-06
1.65600000000000e+01	1.24978132163770e-06
1.65700000000000e+01	1.23366857094039e-06
1.65800000000000e+01	1.21784769983430e-06
1.65900000000000e+01	1.20231442500670e-06
1.66000000000000e+01	1.18707083946017e-06
1.66100000000000e+01	1.17209267396444e-06
1.66200000000000e+01	1.15738242156738e-06
1.66300000000000e+01	1.14292644717829e-06
1.66400000000000e+01	1.12873492683433e-06
1.66500000000000e+01	1.11477827287491e-06
1.66600000000000e+01	1.10107184850539e-06
1.66700000000000e+01	1.08758734522860e-06
1.66800000000000e+01	1.07434046343437e-06
1.66900000000000e+01	1.06129953131669e-06
1.67000000000000e+01	1.04846853586315e-06
1.67100000000000e+01	1.03582785529155e-06
1.67200000000000e+01	1.02339278939207e-06
1.67300000000000e+01	1.01113337974763e-06
1.67400000000000e+01	9.99046307833484e-07
1.67500000000000e+01	9.87128663814519e-07
1.67600000000000e+01	9.75371932075660e-07
1.67700000000000e+01	9.63754375642260e-07
1.67800000000000e+01	9.52279683195389e-07
1.67900000000000e+01	9.40946604396764e-07
1.68000000000000e+01	9.29736087035941e-07
1.68100000000000e+01	9.18652550984982e-07
1.68200000000000e+01	9.07695640443567e-07
1.68300000000000e+01	8.96853163820014e-07
1.68400000000000e+01	8.86129559323121e-07
1.68500000000000e+01	8.75523531353744e-07
1.68600000000000e+01	8.65037451817404e-07
1.68700000000000e+01	8.54661316462598e-07
1.68800000000000e+01	8.44407944486581e-07
1.68900000000000e+01	8.34273142178977e-07
1.69000000000000e+01	8.24262798277679e-07
1.69100000000000e+01	8.14368827751179e-07
1.69200000000000e+01	8.04589599282743e-07
1.69300000000000e+01	7.94928553534911e-07
1.69400000000000e+01	7.85396330315748e-07
1.69500000000000e+01	7.75969423929349e-07
1.69600000000000e+01	7.66669899039614e-07
1.69700000000000e+01	7.57480715276923e-07
1.69800000000000e+01	7.48414583998429e-07
1.69900000000000e+01	7.39473561723392e-07
1.70000000000000e+01	7.30648530829003e-07
1.70100000000000e+01	7.21956074206108e-07
1.70200000000000e+01	7.13395137224340e-07
1.70300000000000e+01	7.04966445725898e-07
1.70400000000000e+01	6.96666049788027e-07
1.70500000000000e+01	6.88501536965842e-07
1.70600000000000e+01	6.80469941452299e-07
1.70700000000000e+01	6.72573332306350e-07
1.70800000000000e+01	6.64801090599880e-07
1.70900000000000e+01	6.57156342955764e-07
1.71000000000000e+01	6.49635420360209e-07
1.71100000000000e+01	6.42234430034874e-07
1.71200000000000e+01	6.34934178380342e-07
1.71300000000000e+01	6.27746138365702e-07
1.71400000000000e+01	6.20664001613422e-07
1.71500000000000e+01	6.13676334993020e-07
1.71600000000000e+01	6.06782026816602e-07
1.71700000000000e+01	5.99979728256956e-07
1.71800000000000e+01	5.93262104222877e-07
1.71900000000000e+01	5.86634283688714e-07
1.72000000000000e+01	5.80085859938844e-07
1.72100000000000e+01	5.73622934572599e-07
1.72200000000000e+01	5.67246597270961e-07
1.72300000000000e+01	5.60938227557425e-07
1.72400000000000e+01	5.54713972348953e-07
1.72500000000000e+01	5.48562485880954e-07
1.72600000000000e+01	5.42490219002658e-07
1.72700000000000e+01	5.36491256848305e-07
1.72800000000000e+01	5.30560709661158e-07
1.72900000000000e+01	5.24701554684047e-07
1.73000000000000e+01	5.18914889058045e-07
1.73100000000000e+01	5.13194351861551e-07
1.73200000000000e+01	5.07542478102838e-07
1.73300000000000e+01	5.01952346261349e-07
1.73400000000000e+01	4.96424526449040e-07
1.73500000000000e+01	4.90962433827238e-07
1.73600000000000e+01	4.85558220309489e-07
1.73700000000000e+01	4.80216518112904e-07
1.73800000000000e+01	4.74931282743082e-07
1.73900000000000e+01	4.69707813031292e-07
1.74000000000000e+01	4.64544698515326e-07
1.74100000000000e+01	4.59434597821406e-07
1.74200000000000e+01	4.54381526416200e-07
1.74300000000000e+01	4.49382670575959e-07
1.74400000000000e+01	4.44446925598531e-07
1.74500000000000e+01	4.39561581316144e-07
1.74600000000000e+01	4.34733163992512e-07
1.74700000000000e+01	4.29958443860266e-07
1.74800000000000e+01	4.25236700389743e-07
1.74900000000000e+01	4.20563430650086e-07
1.75000000000000e+01	4.15945859613608e-07
1.75100000000000e+01	4.11379481941532e-07
1.75200000000000e+01	4.06856663993392e-07
1.75300000000000e+01	4.02380034150224e-07
1.75400000000000e+01	3.97948650227873e-07
1.75500000000000e+01	3.93566807777426e-07
1.75600000000000e+01	3.89225940144079e-07
1.75700000000000e+01	3.84930221769508e-07
1.75800000000000e+01	3.80673320542308e-07
1.75900000000000e+01	3.76464251300774e-07
1.76000000000000e+01	3.72293912914039e-07
1.76100000000000e+01	3.68172858929876e-07
1.76200000000000e+01	3.64092971388319e-07
1.76300000000000e+01	3.60059779585283e-07
1.76400000000000e+01	3.56072960332085e-07
1.76500000000000e+01	3.52131935704507e-07
1.76600000000000e+01	3.48241603371332e-07
1.76700000000000e+01	3.44397415551063e-07
1.76800000000000e+01	3.40602220324685e-07
1.76900000000000e+01	3.36856743216606e-07
1.77000000000000e+01	3.33154994930658e-07
1.77100000000000e+01	3.29502716994750e-07
1.77200000000000e+01	3.25895352824121e-07
1.77300000000000e+01	3.22332567104339e-07
1.77400000000000e+01	3.18816676765229e-07
1.77500000000000e+01	3.15338072487277e-07
1.77600000000000e+01	3.11904555101102e-07
1.77700000000000e+01	3.08509139408018e-07
1.77800000000000e+01	3.05154393442119e-07
1.77900000000000e+01	3.01837938623492e-07
1.78000000000000e+01	2.98554834390430e-07
1.78100000000000e+01	2.95310780029327e-07
1.78200000000000e+01	2.92102917167708e-07
1.78300000000000e+01	2.88927284612231e-07
1.78400000000000e+01	2.85785094631549e-07
1.78500000000000e+01	2.82678080688900e-07
1.78600000000000e+01	2.79605693024672e-07
1.78700000000000e+01	2.76565034219960e-07
1.78800000000000e+01	2.73553725544397e-07
1.78900000000000e+01	2.70577775504388e-07
1.79000000000000e+01	2.67633723740379e-07
1.79100000000000e+01	2.64718276577448e-07
1.79200000000000e+01	2.61834397064825e-07
1.79300000000000e+01	2.58981258646975e-07
1.79400000000000e+01	2.56154763152871e-07
1.79500000000000e+01	2.53357938860350e-07
1.79600000000000e+01	2.50586038697239e-07
1.79700000000000e+01	2.47845517312501e-07
1.79800000000000e+01	2.45127856215288e-07
1.79900000000000e+01	2.42440388199586e-07
1.80000000000000e+01	2.39779205831123e-07
1.80100000000000e+01	2.37151380169213e-07
1.80200000000000e+01	2.34551747359476e-07
1.80300000000000e+01	2.31987902489814e-07
1.80400000000000e+01	2.29459492917208e-07
1.80500000000000e+01	2.26967088454656e-07
1.80600000000000e+01	2.24511145605725e-07
1.80700000000000e+01	2.22098086934615e-07
1.80800000000000e+01	2.19722569376527e-07
1.80900000000000e+01	2.17387235226577e-07
1.81000000000000e+01	2.15090265375261e-07
1.81100000000000e+01	2.12832953485925e-07
1.81200000000000e+01	2.10612179608270e-07
1.81300000000000e+01	2.08425978008025e-07
1.81400000000000e+01	2.06270727509123e-07
1.81500000000000e+01	2.04146681934031e-07
1.81600000000000e+01	2.02051042847796e-07
1.81700000000000e+01	1.99982723239050e-07
1.81800000000000e+01	1.97935084492064e-07
1.81900000000000e+01	1.95914262687057e-07
1.82000000000000e+01	1.93913608557384e-07
1.82100000000000e+01	1.91930695605632e-07
1.82200000000000e+01	1.89970094900478e-07
1.82300000000000e+01	1.88027200064665e-07
1.82400000000000e+01	1.86101492952581e-07
1.82500000000000e+01	1.84191580244922e-07
1.82600000000000e+01	1.82300112949157e-07
1.82700000000000e+01	1.80424896811539e-07
1.82800000000000e+01	1.78564079179096e-07
1.82900000000000e+01	1.76720319041577e-07
1.83000000000000e+01	1.74895198296307e-07
1.83100000000000e+01	1.73084210060932e-07
1.83200000000000e+01	1.71291863220353e-07
1.83300000000000e+01	1.69516807966014e-07
1.83400000000000e+01	1.67760602729138e-07
1.83500000000000e+01	1.66022923006190e-07
1.83600000000000e+01	1.64305243105958e-07
1.83700000000000e+01	1.62608591062388e-07
1.83800000000000e+01	1.60933773651959e-07
1.83900000000000e+01	1.59280319905035e-07
1.84000000000000e+01	1.57649885153075e-07
1.84100000000000e+01	1.56042250779643e-07
1.84200000000000e+01	1.54459719281074e-07
1.84300000000000e+01	1.52899863042490e-07
1.84400000000000e+01	1.51365252363826e-07
1.84500000000000e+01	1.49854221714318e-07
1.84600000000000e+01	1.48366848476998e-07
1.84700000000000e+01	1.46902866966496e-07
1.84800000000000e+01	1.45460423123717e-07
1.84900000000000e+01	1.44039240874425e-07
1.85000000000000e+01	1.42637476074383e-07
1.85100000000000e+01	1.41254740403567e-07
1.85200000000000e+01	1.39889664509865e-07
1.85300000000000e+01	1.38541351190390e-07
1.85400000000000e+01	1.37207480403143e-07
1.85500000000000e+01	1.35886999329363e-07
1.85600000000000e+01	1.34580597147488e-07
1.85700000000000e+01	1.33286058005842e-07
1.85800000000000e+01	1.32003419173778e-07
1.85900000000000e+01	1.30731015762182e-07
1.86000000000000e+01	1.29469565997046e-07
1.86100000000000e+01	1.28217940949195e-07
1.86200000000000e+01	1.26977720498376e-07
1.86300000000000e+01	1.25747064042445e-07
1.86400000000000e+01	1.24526078888728e-07
1.86500000000000e+01	1.23315767963289e-07
1.86600000000000e+01	1.22116383440034e-07
1.86700000000000e+01	1.20927922611257e-07
1.86800000000000e+01	1.19749767259019e-07
1.86900000000000e+01	1.18581975779556e-07
1.87000000000000e+01	1.17426591556226e-07
1.87100000000000e+01	1.16281117341486e-07
1.87200000000000e+01	1.15147787576188e-07
1.87300000000000e+01	1.14025205192444e-07
1.87400000000000e+01	1.12913894305466e-07
1.87500000000000e+01	1.11813142928084e-07
1.87600000000000e+01	1.10723361775777e-07
1.87700000000000e+01	1.09644503572496e-07
1.87800000000000e+01	1.08575586271025e-07
1.87900000000000e+01	1.07517028290065e-07
1.88000000000000e+01	1.06468803133699e-07
1.88100000000000e+01	1.05429882039711e-07
1.88200000000000e+01	1.04399893093934e-07
1.88300000000000e+01	1.03380166206665e-07
1.88400000000000e+01	1.02368919663439e-07
1.88500000000000e+01	1.01366107017663e-07
1.88600000000000e+01	1.00372090058125e-07
1.88700000000000e+01	9.93864716139293e-08
1.88800000000000e+01	9.84086398853617e-08
1.88900000000000e+01	9.74390148167309e-08
1.89000000000000e+01	9.64773427172379e-08
1.89100000000000e+01	9.55228267625408e-08
1.89200000000000e+01	9.45756216603468e-08
1.89300000000000e+01	9.36369256570543e-08
1.89400000000000e+01	9.27049522572325e-08
1.89500000000000e+01	9.17817820993492e-08
1.89600000000000e+01	9.08663634980805e-08
1.89700000000000e+01	8.99594401679516e-08
1.89800000000000e+01	8.90608109775433e-08
1.89900000000000e+01	8.81709278095041e-08
1.90000000000000e+01	8.72910042228026e-08
1.90100000000000e+01	8.64201665552800e-08
1.90200000000000e+01	8.55584800638362e-08
1.90300000000000e+01	8.47064044106553e-08
1.90400000000000e+01	8.38638660198715e-08
1.90500000000000e+01	8.30298158864328e-08
1.90600000000000e+01	8.22044214094176e-08
1.90700000000000e+01	8.13870851801446e-08
1.90800000000000e+01	8.05768813699994e-08
1.90900000000000e+01	7.97731100046839e-08
1.91000000000000e+01	7.89760994739635e-08
1.91100000000000e+01	7.81858391975036e-08
1.91200000000000e+01	7.74018376271830e-08
1.91300000000000e+01	7.66252973590033e-08
1.91400000000000e+01	7.58563749272773e-08
1.91500000000000e+01	7.50965846645686e-08
1.91600000000000e+01	7.43472604366408e-08
1.91700000000000e+01	7.36089167056689e-08
1.91800000000000e+01	7.28825695976053e-08
1.91900000000000e+01	7.21699102536064e-08
1.92000000000000e+01	7.14714033285995e-08
1.92100000000000e+01	7.07866362569498e-08
1.92200000000000e+01	7.01162630212336e-08
1.92300000000000e+01	6.94596198302637e-08
1.92400000000000e+01	6.88150972604376e-08
1.92500000000000e+01	6.81829726579029e-08
1.92600000000000e+01	6.75613536661572e-08
1.92700000000000e+01	6.69489487078637e-08
1.92800000000000e+01	6.63456648480617e-08
1.92900000000000e+01	6.57489433658970e-08
1.93000000000000e+01	6.51589045338720e-08
1.93100000000000e+01	6.45747772307575e-08
1.93200000000000e+01	6.39955780812055e-08
1.93300000000000e+01	6.34214041395607e-08
1.93400000000000e+01	6.28514550029386e-08
1.93500000000000e+01	6.22860800648140e-08
1.93600000000000e+01	6.17250536897805e-08
1.93700000000000e+01	6.11678749128780e-08
1.93800000000000e+01	6.06146576574530e-08
1.93900000000000e+01	6.00657628656514e-08
1.94000000000000e+01	5.95211028939491e-08
1.94100000000000e+01	5.89804330368137e-08
1.94200000000000e+01	5.84436022734548e-08
1.94300000000000e+01	5.79111056151429e-08
1.94400000000000e+01	5.73828830175519e-08
1.94500000000000e+01	5.68585722943302e-08
1.94600000000000e+01	5.63384838571510e-08
1.94700000000000e+01	5.58223565208708e-08
1.94800000000000e+01	5.53100310456093e-08
1.94900000000000e+01	5.48023088079259e-08
1.95000000000000e+01	5.42980744488674e-08
1.95100000000000e+01	5.37984199294007e-08
1.95200000000000e+01	5.33022462445036e-08
1.95300000000000e+01	5.28105790466886e-08
1.95400000000000e+01	5.23226296199993e-08
1.95500000000000e+01	5.18384531841248e-08
1.95600000000000e+01	5.13585354303292e-08
1.95700000000000e+01	5.08822943481611e-08
1.95800000000000e+01	5.04104517544557e-08
1.95900000000000e+01	4.99423798994841e-08
1.96000000000000e+01	4.94786330798747e-08
1.96100000000000e+01	4.90189659376541e-08
1.96200000000000e+01	4.85637122589866e-08
1.96300000000000e+01	4.81126574540238e-08
1.96400000000000e+01	4.76660206132180e-08
1.96500000000000e+01	4.72239749785466e-08
1.96600000000000e+01	4.67857087460722e-08
1.96700000000000e+01	4.63523040107604e-08
1.96800000000000e+01	4.59230327794148e-08
1.96900000000000e+01	4.54977936255974e-08
1.97000000000000e+01	4.50767373634286e-08
1.97100000000000e+01	4.46595907709641e-08
1.97200000000000e+01	4.42462165275111e-08
1.97300000000000e+01	4.38362792017149e-08
1.97400000000000e+01	4.34294193678627e-08
1.97500000000000e+01	4.30248908587794e-08
1.97600000000000e+01	4.26213769875924e-08
1.97700000000000e+01	4.22180606159376e-08
1.97800000000000e+01	4.18120687978360e-08
1.97900000000000e+01	4.13994327951201e-08
1.98000000000000e+01	4.09753645429436e-08
1.98100000000000e+01	4.05319283599119e-08
1.98200000000000e+01	4.00592683767808e-08
1.98300000000000e+01	3.95431563697493e-08
1.98400000000000e+01	3.89664547107015e-08
1.98500000000000e+01	3.83072835261646e-08
1.98600000000000e+01	3.75393171059062e-08
1.98700000000000e+01	3.66332567751318e-08
1.98800000000000e+01	3.55564340483664e-08
1.98900000000000e+01	3.42757330857734e-08
1.99000000000000e+01	3.27589617058534e-08
1.99100000000000e+01	3.09789094257491e-08
1.99200000000000e+01	2.89160059126467e-08
1.99300000000000e+01	2.65650066705400e-08
1.99400000000000e+01	2.39381846724151e-08
1.99500000000000e+01	2.10727375182744e-08
1.99600000000000e+01	1.80331407460331e-08
1.99700000000000e+01	1.49152406779946e-08
1.99800000000000e+01	1.18405147198346e-08
1.99900000000000e+01	8.94771415600241e-09
2.00000000000000e+01	6.37380133605945e-09
