# hw(1w)  real                imag
00.00     6.46848700e+00      0.00000000e+00
00.01     6.46851351e+00      0.00000000e+00
00.02     6.46859836e+00      0.00000000e+00
00.03     6.46872562e+00      0.00000000e+00
00.04     6.46891652e+00      0.00000000e+00
00.05     6.46916044e+00      0.00000000e+00
00.06     6.46946270e+00      0.00000000e+00
00.07     6.46981268e+00      0.00000000e+00
00.08     6.47021568e+00      0.00000000e+00
00.09     6.47068232e+00      0.00000000e+00
00.10     6.47119669e+00      0.00000000e+00
00.11     6.47176938e+00      0.00000000e+00
00.12     6.47239510e+00      0.00000000e+00
00.13     6.47306324e+00      0.00000000e+00
00.14     6.47380032e+00      0.00000000e+00
00.15     6.47459042e+00      0.00000000e+00
00.16     6.47542825e+00      0.00000000e+00
00.17     6.47632971e+00      0.00000000e+00
00.18     6.47727890e+00      0.00000000e+00
00.19     6.47828641e+00      0.00000000e+00
00.20     6.47934696e+00      0.00000000e+00
00.21     6.48046583e+00      0.00000000e+00
00.22     6.48163243e+00      0.00000000e+00
00.23     6.48286266e+00      0.00000000e+00
00.24     6.48414061e+00      0.00000000e+00
00.25     6.48547689e+00      0.00000000e+00
00.26     6.48687151e+00      0.00000000e+00
00.27     6.48831915e+00      0.00000000e+00
00.28     6.48981982e+00      0.00000000e+00
00.29     6.49138412e+00      0.00000000e+00
00.30     6.49299614e+00      0.00000000e+00
00.31     6.49466650e+00      0.00000000e+00
00.32     6.49639518e+00      0.00000000e+00
00.33     6.49817689e+00      0.00000000e+00
00.34     6.50001693e+00      0.00000000e+00
00.35     6.50191000e+00      0.00000000e+00
00.36     6.50386140e+00      0.00000000e+00
00.37     6.50586583e+00      0.00000000e+00
00.38     6.50793389e+00      0.00000000e+00
00.39     6.51004967e+00      0.00000000e+00
00.40     6.51223439e+00      0.00000000e+00
00.41     6.51446683e+00      0.00000000e+00
00.42     6.51676290e+00      0.00000000e+00
00.43     6.51911731e+00      0.00000000e+00
00.44     6.52151944e+00      0.00000000e+00
00.45     6.52398520e+00      0.00000000e+00
00.46     6.52650929e+00      0.00000000e+00
00.47     6.52909171e+00      0.00000000e+00
00.48     6.53173777e+00      0.00000000e+00
00.49     6.53443155e+00      0.00000000e+00
00.50     6.53719426e+00      0.00000000e+00
00.51     6.54001000e+00      0.00000000e+00
00.52     6.54288407e+00      0.00000000e+00
00.53     6.54582177e+00      0.00000000e+00
00.54     6.54881251e+00      0.00000000e+00
00.55     6.55187217e+00      0.00000000e+00
00.56     6.55498486e+00      0.00000000e+00
00.57     6.55815589e+00      0.00000000e+00
00.58     6.56139054e+00      0.00000000e+00
00.59     6.56468883e+00      0.00000000e+00
00.60     6.56804545e+00      0.00000000e+00
00.61     6.57146570e+00      0.00000000e+00
00.62     6.57494958e+00      0.00000000e+00
00.63     6.57848119e+00      0.00000000e+00
00.64     6.58208703e+00      0.00000000e+00
00.65     6.58575651e+00      0.00000000e+00
00.66     6.58948432e+00      0.00000000e+00
00.67     6.59327046e+00      0.00000000e+00
00.68     6.59712553e+00      0.00000000e+00
00.69     6.60104423e+00      0.00000000e+00
00.70     6.60502127e+00      0.00000000e+00
00.71     6.60906724e+00      0.00000000e+00
00.72     6.61317684e+00      0.00000000e+00
00.73     6.61734478e+00      0.00000000e+00
00.74     6.62158164e+00      0.00000000e+00
00.75     6.62588745e+00      0.00000000e+00
00.76     6.63025158e+00      0.00000000e+00
00.77     6.63468995e+00      0.00000000e+00
00.78     6.63918665e+00      0.00000000e+00
00.79     6.64375759e+00      0.00000000e+00
00.80     6.64839216e+00      0.00000000e+00
00.81     6.65308506e+00      0.00000000e+00
00.82     6.65785751e+00      0.00000000e+00
00.83     6.66269358e+00      0.00000000e+00
00.84     6.66759329e+00      0.00000000e+00
00.85     6.67256193e+00      0.00000000e+00
00.86     6.67760481e+00      0.00000000e+00
00.87     6.68271663e+00      0.00000000e+00
00.88     6.68789208e+00      0.00000000e+00
00.89     6.69314707e+00      0.00000000e+00
00.90     6.69847099e+00      0.00000000e+00
00.91     6.70385855e+00      0.00000000e+00
00.92     6.70932034e+00      0.00000000e+00
00.93     6.71485638e+00      0.00000000e+00
00.94     6.72046134e+00      0.00000000e+00
00.95     6.72614055e+00      0.00000000e+00
00.96     6.73189930e+00      0.00000000e+00
00.97     6.73772698e+00      0.00000000e+00
00.98     6.74362360e+00      0.00000000e+00
00.99     6.74960506e+00      0.00000000e+00
01.00     6.75565015e+00      0.00000000e+00
01.01     6.76177478e+00      0.00000000e+00
01.02     6.76798426e+00      0.00000000e+00
01.03     6.77426268e+00      0.00000000e+00
01.04     6.78061533e+00      0.00000000e+00
01.05     6.78705282e+00      0.00000000e+00
01.06     6.79356455e+00      0.00000000e+00
01.07     6.80015052e+00      0.00000000e+00
01.08     6.80682664e+00      0.00000000e+00
01.09     6.81357699e+00      0.00000000e+00
01.10     6.82041219e+00      0.00000000e+00
01.11     6.82732163e+00      0.00000000e+00
01.12     6.83431591e+00      0.00000000e+00
01.13     6.84138973e+00      0.00000000e+00
01.14     6.84854839e+00      0.00000000e+00
01.15     6.85579190e+00      0.00000000e+00
01.16     6.86311494e+00      0.00000000e+00
01.17     6.87052814e+00      0.00000000e+00
01.18     6.87802617e+00      0.00000000e+00
01.19     6.88560375e+00      0.00000000e+00
01.20     6.89327678e+00      0.00000000e+00
01.21     6.90103995e+00      0.00000000e+00
01.22     6.90888266e+00      0.00000000e+00
01.23     6.91681552e+00      0.00000000e+00
01.24     6.92483853e+00      0.00000000e+00
01.25     6.93294638e+00      0.00000000e+00
01.26     6.94116028e+00      0.00000000e+00
01.27     6.94945373e+00      0.00000000e+00
01.28     6.95784262e+00      0.00000000e+00
01.29     6.96632696e+00      0.00000000e+00
01.30     6.97490675e+00      0.00000000e+00
01.31     6.98357669e+00      0.00000000e+00
01.32     6.99234738e+00      0.00000000e+00
01.33     7.00121351e+00      0.00000000e+00
01.34     7.01017510e+00      0.00000000e+00
01.35     7.01923213e+00      0.00000000e+00
01.36     7.02838992e+00      0.00000000e+00
01.37     7.03765906e+00      0.00000000e+00
01.38     7.04701835e+00      0.00000000e+00
01.39     7.05648370e+00      0.00000000e+00
01.40     7.06604979e+00      0.00000000e+00
01.41     7.07572194e+00      0.00000000e+00
01.42     7.08549484e+00      0.00000000e+00
01.43     7.09537380e+00      0.00000000e+00
01.44     7.10536411e+00      0.00000000e+00
01.45     7.11546048e+00      0.00000000e+00
01.46     7.12567350e+00      0.00000000e+00
01.47     7.13598198e+00      0.00000000e+00
01.48     7.14641242e+00      0.00000000e+00
01.49     7.15695421e+00      0.00000000e+00
01.50     7.16760206e+00      0.00000000e+00
01.51     7.17837187e+00      0.00000000e+00
01.52     7.18925304e+00      0.00000000e+00
01.53     7.20025087e+00      0.00000000e+00
01.54     7.21137066e+00      0.00000000e+00
01.55     7.22261241e+00      0.00000000e+00
01.56     7.23397082e+00      0.00000000e+00
01.57     7.24544589e+00      0.00000000e+00
01.58     7.25705353e+00      0.00000000e+00
01.59     7.26878314e+00      0.00000000e+00
01.60     7.28064000e+00      0.00000000e+00
01.61     7.29261883e+00      0.00000000e+00
01.62     7.30472493e+00      0.00000000e+00
01.63     7.31696359e+00      0.00000000e+00
01.64     7.32934013e+00      0.00000000e+00
01.65     7.34184392e+00      0.00000000e+00
01.66     7.35448029e+00      0.00000000e+00
01.67     7.36725453e+00      0.00000000e+00
01.68     7.38016664e+00      0.00000000e+00
01.69     7.39321661e+00      0.00000000e+00
01.70     7.40640977e+00      0.00000000e+00
01.71     7.41975139e+00      0.00000000e+00
01.72     7.43322028e+00      0.00000000e+00
01.73     7.44684826e+00      0.00000000e+00
01.74     7.46061941e+00      0.00000000e+00
01.75     7.47453903e+00      0.00000000e+00
01.76     7.48861243e+00      0.00000000e+00
01.77     7.50283961e+00      0.00000000e+00
01.78     7.51721527e+00      0.00000000e+00
01.79     7.53176061e+00      0.00000000e+00
01.80     7.54644913e+00      0.00000000e+00
01.81     7.56130733e+00      0.00000000e+00
01.82     7.57632462e+00      0.00000000e+00
01.83     7.59151159e+00      0.00000000e+00
01.84     7.60686294e+00      0.00000000e+00
01.85     7.62238399e+00      0.00000000e+00
01.86     7.63806941e+00      0.00000000e+00
01.87     7.65393513e+00      0.00000000e+00
01.88     7.66998114e+00      0.00000000e+00
01.89     7.68620214e+00      0.00000000e+00
01.90     7.70260344e+00      0.00000000e+00
01.91     7.71918502e+00      2.08064163e-17
01.92     7.73595751e+00      1.32126250e-13
01.93     7.75291028e+00      9.07266484e-13
01.94     7.77005395e+00      4.14818710e-12
01.95     7.78739383e+00      1.59825250e-11
01.96     7.80493520e+00      5.53611070e-11
01.97     7.82267278e+00      1.74505728e-10
01.98     7.84061186e+00      5.03586320e-10
01.99     7.85875775e+00      1.33676695e-09
02.00     7.87709983e+00      3.27661040e-09
02.01     7.89566994e+00      7.44466570e-09
02.02     7.91444684e+00      1.57439416e-08
02.03     7.93343586e+00      3.11324180e-08
02.04     7.95265290e+00      5.78464062e-08
02.05     7.97209264e+00      1.01513579e-07
02.06     7.99174980e+00      1.69107067e-07
02.07     8.01165089e+00      2.68712624e-07
02.08     8.03177999e+00      4.09118086e-07
02.09     8.05214241e+00      5.99300597e-07
02.10     8.07275936e+00      8.48032225e-07
02.11     8.09361493e+00      1.16396578e-06
02.12     8.11471973e+00      1.55640052e-06
02.13     8.13607906e+00      2.03674471e-06
02.14     8.15769292e+00      2.61998805e-06
02.15     8.17957192e+00      3.32538046e-06
02.16     8.20171605e+00      4.17554597e-06
02.17     8.22413592e+00      5.19422005e-06
02.18     8.24682623e+00      6.40354630e-06
02.19     8.26979759e+00      7.82278577e-06
02.20     8.29304999e+00      9.46982982e-06
02.21     8.31659934e+00      1.13665150e-05
02.22     8.34044034e+00      1.35470757e-05
02.23     8.36458890e+00      1.60688872e-05
02.24     8.38902910e+00      1.90217615e-05
02.25     8.41379278e+00      2.25335578e-05
02.26     8.43886931e+00      2.67673027e-05
02.27     8.46427461e+00      3.19096092e-05
02.28     8.49000337e+00      3.81541907e-05
02.29     8.51606621e+00      4.56889755e-05
02.30     8.54246842e+00      5.46948391e-05
02.31     8.56922592e+00      6.53571644e-05
02.32     8.59633869e+00      7.78770302e-05
02.33     8.62380675e+00      9.24621438e-05
02.34     8.65164069e+00      1.09292692e-04
02.35     8.67985643e+00      1.28479765e-04
02.36     8.70844866e+00      1.50054810e-04
02.37     8.73743329e+00      1.74018091e-04
02.38     8.76682093e+00      2.00433558e-04
02.39     8.79661158e+00      2.29520003e-04
02.40     8.82681583e+00      2.61663992e-04
02.41     8.85743900e+00      2.97332164e-04
02.42     8.88850230e+00      3.36909497e-04
02.43     8.92000572e+00      3.80548179e-04
02.44     8.95195457e+00      4.28133139e-04
02.45     8.98437006e+00      4.79395002e-04
02.46     9.01725218e+00      5.34138626e-04
02.47     9.05061686e+00      5.92462112e-04
02.48     9.08447468e+00      6.54854900e-04
02.49     9.11883627e+00      7.22090657e-04
02.50     9.15370691e+00      7.94957365e-04
02.51     9.18910783e+00      8.73956662e-04
02.52     9.22504962e+00      9.59108697e-04
02.53     9.26153759e+00      1.04999031e-03
02.54     9.29859296e+00      1.14598428e-03
02.55     9.33622631e+00      1.24664463e-03
02.56     9.37445358e+00      1.35200743e-03
02.57     9.41328535e+00      1.46269733e-03
02.58     9.45275344e+00      1.57978390e-03
02.59     9.49285256e+00      1.70446183e-03
02.60     9.53361452e+00      1.83771372e-03
02.61     9.57504462e+00      1.98012870e-03
02.62     9.61716938e+00      2.13187645e-03
02.63     9.66000470e+00      2.29295698e-03
02.64     9.70357710e+00      2.46336498e-03
02.65     9.74789188e+00      2.64333378e-03
02.66     9.79298085e+00      2.83329819e-03
02.67     9.83887584e+00      3.03377788e-03
02.68     9.88557153e+00      3.24528722e-03
02.69     9.93312096e+00      3.46821330e-03
02.70     9.98154534e+00      3.70289549e-03
02.71     1.00308606e+01      3.94987468e-03
02.72     1.00810932e+01      4.21011065e-03
02.73     1.01322962e+01      4.48504574e-03
02.74     1.01844802e+01      4.77647758e-03
02.75     1.02376823e+01      5.08618787e-03
02.76     1.02919397e+01      5.41557122e-03
02.77     1.03472841e+01      5.76544957e-03
02.78     1.04037633e+01      6.13632135e-03
02.79     1.04614144e+01      6.52879639e-03
02.80     1.05202745e+01      6.94420037e-03
02.81     1.05804020e+01      7.38497253e-03
02.82     1.06418392e+01      7.85471871e-03
02.83     1.07046499e+01      8.35806819e-03
02.84     1.07688763e+01      8.90046155e-03
02.85     1.08345929e+01      9.48803403e-03
02.86     1.09018472e+01      1.01277534e-02
02.87     1.09707188e+01      1.08277646e-02
02.88     1.10412661e+01      1.15977717e-02
02.89     1.11135898e+01      1.24494617e-02
02.90     1.11877377e+01      1.33967543e-02
02.91     1.12638316e+01      1.44559131e-02
02.92     1.13419406e+01      1.56455450e-02
02.93     1.14221707e+01      1.69859066e-02
02.94     1.15046226e+01      1.84987814e-02
02.95     1.15894076e+01      2.02071036e-02
02.96     1.16766585e+01      2.21360187e-02
02.97     1.17665024e+01      2.43146386e-02
02.98     1.18590983e+01      2.67794989e-02
02.99     1.19546002e+01      2.95772106e-02
03.00     1.20531883e+01      3.27671640e-02
03.01     1.21550587e+01      3.64231199e-02
03.02     1.22604130e+01      4.06331563e-02
03.03     1.23694686e+01      4.55011004e-02
03.04     1.24824588e+01      5.11478540e-02
03.05     1.25996435e+01      5.77146815e-02
03.06     1.27212984e+01      6.53688834e-02
03.07     1.28477204e+01      7.43121219e-02
03.08     1.29792595e+01      8.47949503e-02
03.09     1.31162604e+01      9.71364328e-02
03.10     1.32590837e+01      1.11747212e-01
03.11     1.34080952e+01      1.29149127e-01
03.12     1.35635920e+01      1.49985132e-01
03.13     1.37257861e+01      1.75006516e-01
03.14     1.38947677e+01      2.05037374e-01
03.15     1.40705049e+01      2.40903868e-01
03.16     1.42528069e+01      2.83358454e-01
03.17     1.44414880e+01      3.33006700e-01
03.18     1.46363522e+01      3.90290324e-01
03.19     1.48373780e+01      4.55576273e-01
03.20     1.50447088e+01      5.29337549e-01
03.21     1.52585832e+01      6.12341455e-01
03.22     1.54791230e+01      7.05710044e-01
03.23     1.57062701e+01      8.10778011e-01
03.24     1.59397273e+01      9.28862549e-01
03.25     1.61790971e+01      1.06113927e+00
03.26     1.64240719e+01      1.20875621e+00
03.27     1.66742857e+01      1.37309208e+00
03.28     1.69295265e+01      1.55594555e+00
03.29     1.71891421e+01      1.75954058e+00
03.30     1.74523105e+01      1.98647551e+00
03.31     1.77178969e+01      2.23983970e+00
03.32     1.79839022e+01      2.52355608e+00
03.33     1.82471819e+01      2.84267339e+00
03.34     1.85025076e+01      3.20309883e+00
03.35     1.87417130e+01      3.61037374e+00
03.36     1.89536094e+01      4.06763734e+00
03.37     1.91249401e+01      4.57348970e+00
03.38     1.92425013e+01      5.12064490e+00
03.39     1.92952633e+01      5.69605826e+00
03.40     1.92762796e+01      6.28263913e+00
03.41     1.91836942e+01      6.86174848e+00
03.42     1.90206357e+01      7.41551616e+00
03.43     1.87937326e+01      7.92812948e+00
03.44     1.85129539e+01      8.38603470e+00
03.45     1.81909201e+01      8.77804311e+00
03.46     1.78430621e+01      9.09595139e+00
03.47     1.74868789e+01      9.33607947e+00
03.48     1.71404738e+01      9.50092493e+00
03.49     1.68207732e+01      9.59990538e+00
03.50     1.65403180e+01      9.64840930e+00
03.51     1.63058956e+01      9.66521890e+00
03.52     1.61178190e+01      9.66913230e+00
03.53     1.59708808e+01      9.67567055e+00
03.54     1.58564376e+01      9.69499894e+00
03.55     1.57649552e+01      9.73147101e+00
03.56     1.56881719e+01      9.78480570e+00
03.57     1.56202707e+01      9.85225621e+00
03.58     1.55578948e+01      9.93073638e+00
03.59     1.54993794e+01      1.00181940e+01
03.60     1.54436691e+01      1.01139451e+01
03.61     1.53895549e+01      1.02181965e+01
03.62     1.53353187e+01      1.03313034e+01
03.63     1.52787653e+01      1.04531862e+01
03.64     1.52175508e+01      1.05829065e+01
03.65     1.51495753e+01      1.07185552e+01
03.66     1.50733912e+01      1.08574757e+01
03.67     1.49884470e+01      1.09967197e+01
03.68     1.48949973e+01      1.11336304e+01
03.69     1.47938109e+01      1.12662089e+01
03.70     1.46858318e+01      1.13929596e+01
03.71     1.45720462e+01      1.15127108e+01
03.72     1.44534298e+01      1.16243542e+01
03.73     1.43310696e+01      1.17268662e+01
03.74     1.42061748e+01      1.18192872e+01
03.75     1.40800816e+01      1.19006892e+01
03.76     1.39543861e+01      1.19700381e+01
03.77     1.38311881e+01      1.20263158e+01
03.78     1.37131921e+01      1.20688859e+01
03.79     1.36035798e+01      1.20981357e+01
03.80     1.35055326e+01      1.21159104e+01
03.81     1.34215694e+01      1.21255242e+01
03.82     1.33529523e+01      1.21312618e+01
03.83     1.32994903e+01      1.21375190e+01
03.84     1.32596298e+01      1.21479441e+01
03.85     1.32309687e+01      1.21647166e+01
03.86     1.32111153e+01      1.21883667e+01
03.87     1.31983411e+01      1.22181202e+01
03.88     1.31919619e+01      1.22528689e+01
03.89     1.31921952e+01      1.22921673e+01
03.90     1.31994175e+01      1.23368851e+01
03.91     1.32133478e+01      1.23889736e+01
03.92     1.32325648e+01      1.24504692e+01
03.93     1.32546877e+01      1.25224270e+01
03.94     1.32770174e+01      1.26041047e+01
03.95     1.32975124e+01      1.26929305e+01
03.96     1.33156159e+01      1.27851447e+01
03.97     1.33325846e+01      1.28769930e+01
03.98     1.33512979e+01      1.29659354e+01
03.99     1.33754729e+01      1.30516378e+01
04.00     1.34085672e+01      1.31360358e+01
04.01     1.34529350e+01      1.32227723e+01
04.02     1.35094142e+01      1.33160895e+01
04.03     1.35774374e+01      1.34199219e+01
04.04     1.36554297e+01      1.35372975e+01
04.05     1.37413283e+01      1.36702736e+01
04.06     1.38328956e+01      1.38199162e+01
04.07     1.39281111e+01      1.39864055e+01
04.08     1.40254849e+01      1.41691211e+01
04.09     1.41244123e+01      1.43670926e+01
04.10     1.42252540e+01      1.45796307e+01
04.11     1.43290652e+01      1.48072868e+01
04.12     1.44368323e+01      1.50523782e+01
04.13     1.45485021e+01      1.53188077e+01
04.14     1.46623938e+01      1.56109819e+01
04.15     1.47753098e+01      1.59323582e+01
04.16     1.48834056e+01      1.62844849e+01
04.17     1.49833670e+01      1.66672825e+01
04.18     1.50730465e+01      1.70802525e+01
04.19     1.51512138e+01      1.75242487e+01
04.20     1.52163152e+01      1.80026065e+01
04.21     1.52649093e+01      1.85211589e+01
04.22     1.52903729e+01      1.90863751e+01
04.23     1.52822704e+01      1.97037170e+01
04.24     1.52266025e+01      2.03753057e+01
04.25     1.51071748e+01      2.10967929e+01
04.26     1.49081162e+01      2.18560354e+01
04.27     1.46175752e+01      2.26317694e+01
04.28     1.42318294e+01      2.33958904e+01
04.29     1.37581751e+01      2.41188094e+01
04.30     1.32148537e+01      2.47767701e+01
04.31     1.26271275e+01      2.53593792e+01
04.32     1.20204970e+01      2.58727879e+01
04.33     1.14133947e+01      2.63376238e+01
04.34     1.08120882e+01      2.67823624e+01
04.35     1.02092386e+01      2.72346308e+01
04.36     9.58597352e+00      2.77142082e+01
04.37     8.91627791e+00      2.82278291e+01
04.38     8.17223826e+00      2.87673802e+01
04.39     7.32944618e+00      2.93101129e+01
04.40     6.37187686e+00      2.98209233e+01
04.41     5.29605173e+00      3.02560110e+01
04.42     4.11382765e+00      3.05688180e+01
04.43     2.85302053e+00      3.07176122e+01
04.44     1.55490251e+00      3.06735466e+01
04.45     2.68495436e-01      3.04273947e+01
04.46    -9.57757077e-01      2.99925191e+01
04.47    -2.08478521e+00      2.94022211e+01
04.48    -3.08941028e+00      2.87021038e+01
04.49    -3.96613443e+00      2.79379297e+01
04.50    -4.72347328e+00      2.71457574e+01
04.51    -5.37660321e+00      2.63466384e+01
04.52    -5.93989457e+00      2.55486861e+01
04.53    -6.42276497e+00      2.47538623e+01
04.54    -6.82999746e+00      2.39648716e+01
04.55    -7.16496988e+00      2.31883422e+01
04.56    -7.43279933e+00      2.24331828e+01
04.57    -7.64138157e+00      2.17071352e+01
04.58    -7.79996452e+00      2.10136464e+01
04.59    -7.91681512e+00      2.03517086e+01
04.60    -7.99734213e+00      1.97177692e+01
04.61    -8.04374617e+00      1.91086465e+01
04.62    -8.05615983e+00      1.85239693e+01
04.63    -8.03469444e+00      1.79671844e+01
04.64    -7.98154004e+00      1.74446550e+01
04.65    -7.90220084e+00      1.69632747e+01
04.66    -7.80537329e+00      1.65275507e+01
04.67    -7.70130223e+00      1.61374831e+01
04.68    -7.59943180e+00      1.57876312e+01
04.69    -7.50619419e+00      1.54690124e+01
04.70    -7.42385366e+00      1.51712915e+01
04.71    -7.35099437e+00      1.48861540e+01
04.72    -7.28434987e+00      1.46091668e+01
04.73    -7.22104607e+00      1.43395132e+01
04.74    -7.15998002e+00      1.40778614e+01
04.75    -7.10152821e+00      1.38236917e+01
04.76    -7.04593456e+00      1.35739657e+01
04.77    -6.99159766e+00      1.33241549e+01
04.78    -6.93449273e+00      1.30708814e+01
04.79    -6.86937541e+00      1.28143944e+01
04.80    -6.79197170e+00      1.25591377e+01
04.81    -6.70099304e+00      1.23122434e+01
04.82    -6.59886808e+00      1.20804777e+01
04.83    -6.49080408e+00      1.18673563e+01
04.84    -6.38258100e+00      1.16715483e+01
04.85    -6.27799028e+00      1.14874381e+01
04.86    -6.17714327e+00      1.13075647e+01
04.87    -6.07634399e+00      1.11260476e+01
04.88    -5.96964279e+00      1.09413487e+01
04.89    -5.85149303e+00      1.07570370e+01
04.90    -5.71903655e+00      1.05803241e+01
04.91    -5.57318541e+00      1.04192011e+01
04.92    -5.41810755e+00      1.02794958e+01
04.93    -5.25954051e+00      1.01632763e+01
04.94    -5.10277639e+00      1.00688668e+01
04.95    -4.95123014e+00      9.99226376e+00
04.96    -4.80596760e+00      9.92917738e+00
04.97    -4.66633124e+00      9.87677596e+00
04.98    -4.53107493e+00      9.83439137e+00
04.99    -4.39963126e+00      9.80300991e+00
05.00    -4.27254113e+00      9.78399438e+00
05.01    -4.15123095e+00      9.77792808e+00
05.02    -4.03727033e+00      9.78411104e+00
05.03    -3.93166149e+00      9.80114336e+00
05.04    -3.83478091e+00      9.82782131e+00
05.05    -3.74677178e+00      9.86376310e+00
05.06    -3.66819086e+00      9.90932402e+00
05.07    -3.60028431e+00      9.96489115e+00
05.08    -3.54489747e+00      1.00300138e+01
05.09    -3.50390749e+00      1.01030799e+01
05.10    -3.47861355e+00      1.01814169e+01
05.11    -3.46936562e+00      1.02617848e+01
05.12    -3.47540541e+00      1.03410763e+01
05.13    -3.49498303e+00      1.04169157e+01
05.14    -3.52573877e+00      1.04882637e+01
05.15    -3.56533413e+00      1.05559316e+01
05.16    -3.61240632e+00      1.06226663e+01
05.17    -3.66758105e+00      1.06926886e+01
05.18    -3.73429449e+00      1.07703840e+01
05.19    -3.81890989e+00      1.08581120e+01
05.20    -3.92968358e+00      1.09537412e+01
05.21    -4.07442645e+00      1.10488560e+01
05.22    -4.25734885e+00      1.11287785e+01
05.23    -4.47623426e+00      1.11750234e+01
05.24    -4.72103404e+00      1.11699487e+01
05.25    -4.97491205e+00      1.11019785e+01
05.26    -5.21773922e+00      1.09696811e+01
05.27    -5.43082876e+00      1.07827181e+01
05.28    -5.60149129e+00      1.05592670e+01
05.29    -5.72545813e+00      1.03207616e+01
05.30    -5.80658965e+00      1.00859945e+01
05.31    -5.85399591e+00      9.86691292e+00
05.32    -5.87808083e+00      9.66752028e+00
05.33    -5.88716969e+00      9.48582810e+00
05.34    -5.88588113e+00      9.31752528e+00
05.35    -5.87564159e+00      9.15943017e+00
05.36    -5.85647758e+00      9.01125115e+00
05.37    -5.82902543e+00      8.87522594e+00
05.38    -5.79562894e+00      8.75424983e+00
05.39    -5.76019621e+00      8.64992424e+00
05.40    -5.72718151e+00      8.56149619e+00
05.41    -5.70039221e+00      8.48607039e+00
05.42    -5.68235768e+00      8.41955315e+00
05.43    -5.67415968e+00      8.35754853e+00
05.44    -5.67560732e+00      8.29588857e+00
05.45    -5.68540143e+00      8.23079776e+00
05.46    -5.70122473e+00      8.15921643e+00
05.47    -5.71995392e+00      8.07928863e+00
05.48    -5.73817934e+00      7.99089240e+00
05.49    -5.75298982e+00      7.89572990e+00
05.50    -5.76273621e+00      7.79691383e+00
05.51    -5.76750335e+00      7.69777430e+00
05.52    -5.76883963e+00      7.60052253e+00
05.53    -5.76890326e+00      7.50523277e+00
05.54    -5.76920552e+00      7.40976271e+00
05.55    -5.76956610e+00      7.31075045e+00
05.56    -5.76784802e+00      7.20536432e+00
05.57    -5.76060982e+00      7.09278240e+00
05.58    -5.74434110e+00      6.97492959e+00
05.59    -5.71675638e+00      6.85596852e+00
05.60    -5.67760645e+00      6.74106932e+00
05.61    -5.62877376e+00      6.63485597e+00
05.62    -5.57365735e+00      6.54018132e+00
05.63    -5.51616003e+00      6.45749611e+00
05.64    -5.45963310e+00      6.38502392e+00
05.65    -5.40599085e+00      6.31962025e+00
05.66    -5.35552493e+00      6.25805044e+00
05.67    -5.30724372e+00      6.19814569e+00
05.68    -5.25973671e+00      6.13933860e+00
05.69    -5.21198047e+00      6.08232912e+00
05.70    -5.16378411e+00      6.02826266e+00
05.71    -5.11567259e+00      5.97783385e+00
05.72    -5.06838299e+00      5.93085181e+00
05.73    -5.02235543e+00      5.88631432e+00
05.74    -4.97734600e+00      5.84296993e+00
05.75    -4.93242141e+00      5.79988539e+00
05.76    -4.88624538e+00      5.75697053e+00
05.77    -4.83750284e+00      5.71516924e+00
05.78    -4.78535065e+00      5.67632156e+00
05.79    -4.72976230e+00      5.64278719e+00
05.80    -4.67159684e+00      5.61697359e+00
05.81    -4.61260945e+00      5.60086924e+00
05.82    -4.55514925e+00      5.59570970e+00
05.83    -4.50197364e+00      5.60181313e+00
05.84    -4.45583473e+00      5.61848486e+00
05.85    -4.41928312e+00      5.64417651e+00
05.86    -4.39444521e+00      5.67667153e+00
05.87    -4.38303907e+00      5.71327617e+00
05.88    -4.38633206e+00      5.75073984e+00
05.89    -4.40490746e+00      5.78500597e+00
05.90    -4.43819260e+00      5.81107411e+00
05.91    -4.48378533e+00      5.82345595e+00
05.92    -4.53712532e+00      5.81744797e+00
05.93    -4.59191296e+00      5.79074351e+00
05.94    -4.64134486e+00      5.74475307e+00
05.95    -4.67996982e+00      5.68459909e+00
05.96    -4.70505696e+00      5.61771066e+00
05.97    -4.71712594e+00      5.55158582e+00
05.98    -4.71932126e+00      5.49162804e+00
05.99    -4.71594873e+00      5.44020233e+00
06.00    -4.71107024e+00      5.39685795e+00
06.01    -4.70756514e+00      5.35946321e+00
06.02    -4.70692352e+00      5.32543570e+00
06.03    -4.70952715e+00      5.29250584e+00
06.04    -4.71509500e+00      5.25899269e+00
06.05    -4.72296422e+00      5.22378268e+00
06.06    -4.73238184e+00      5.18618113e+00
06.07    -4.74251533e+00      5.14590172e+00
06.08    -4.75262230e+00      5.10291793e+00
06.09    -4.76204522e+00      5.05744716e+00
06.10    -4.77025382e+00      5.00981818e+00
06.11    -4.77682389e+00      4.96049234e+00
06.12    -4.78149027e+00      4.91012717e+00
06.13    -4.78426359e+00      4.85955519e+00
06.14    -4.78554155e+00      4.80960363e+00
06.15    -4.78612485e+00      4.76076564e+00
06.16    -4.78692025e+00      4.71276017e+00
06.17    -4.78854819e+00      4.66454790e+00
06.18    -4.79092910e+00      4.61463346e+00
06.19    -4.79322518e+00      4.56179191e+00
06.20    -4.79414785e+00      4.50577405e+00
06.21    -4.79257295e+00      4.44735405e+00
06.22    -4.78802322e+00      4.38792654e+00
06.23    -4.78072138e+00      4.32869523e+00
06.24    -4.77131437e+00      4.27016918e+00
06.25    -4.76031124e+00      4.21205144e+00
06.26    -4.74784456e+00      4.15375341e+00
06.27    -4.73358026e+00      4.09484556e+00
06.28    -4.71699867e+00      4.03537563e+00
06.29    -4.69768619e+00      3.97581025e+00
06.30    -4.67542009e+00      3.91678044e+00
06.31    -4.65017387e+00      3.85888011e+00
06.32    -4.62201647e+00      3.80264484e+00
06.33    -4.59105392e+00      3.74867912e+00
06.34    -4.55756198e+00      3.69775186e+00
06.35    -4.52217167e+00      3.65082284e+00
06.36    -4.48595414e+00      3.60870339e+00
06.37    -4.45039414e+00      3.57162682e+00
06.38    -4.41705068e+00      3.53893028e+00
06.39    -4.38714337e+00      3.50892223e+00
06.40    -4.36100100e+00      3.47924294e+00
06.41    -4.33793949e+00      3.44750620e+00
06.42    -4.31633094e+00      3.41206816e+00
06.43    -4.29413378e+00      3.37252053e+00
06.44    -4.26944965e+00      3.32973293e+00
06.45    -4.24104831e+00      3.28541815e+00
06.46    -4.20848965e+00      3.24149047e+00
06.47    -4.17199638e+00      3.19960434e+00
06.48    -4.13216769e+00      3.16094756e+00
06.49    -4.08977250e+00      3.12640568e+00
06.50    -4.04572286e+00      3.09671579e+00
06.51    -4.00115355e+00      3.07248769e+00
06.52    -3.95746449e+00      3.05399713e+00
06.53    -3.91618817e+00      3.04088352e+00
06.54    -3.87866617e+00      3.03191663e+00
06.55    -3.84563557e+00      3.02515567e+00
06.56    -3.81697440e+00      3.01851137e+00
06.57    -3.79182363e+00      3.01036640e+00
06.58    -3.76892121e+00      2.99997308e+00
06.59    -3.74704752e+00      2.98743747e+00
06.60    -3.72535942e+00      2.97335346e+00
06.61    -3.70338497e+00      2.95840511e+00
06.62    -3.68093328e+00      2.94314920e+00
06.63    -3.65794072e+00      2.92805238e+00
06.64    -3.63444439e+00      2.91359188e+00
06.65    -3.61067233e+00      2.90029267e+00
06.66    -3.58704874e+00      2.88853125e+00
06.67    -3.56415162e+00      2.87840837e+00
06.68    -3.54255367e+00      2.86961647e+00
06.69    -3.52259956e+00      2.86144499e+00
06.70    -3.50426808e+00      2.85296595e+00
06.71    -3.48706077e+00      2.84334153e+00
06.72    -3.47011330e+00      2.83220583e+00
06.73    -3.45253480e+00      2.81995126e+00
06.74    -3.43376320e+00      2.80761184e+00
06.75    -3.41384621e+00      2.79653448e+00
06.76    -3.39347848e+00      2.78773197e+00
06.77    -3.37366224e+00      2.78148538e+00
06.78    -3.35529364e+00      2.77727502e+00
06.79    -3.33878630e+00      2.77415172e+00
06.80    -3.32403945e+00      2.77126705e+00
06.81    -3.31068722e+00      2.76826571e+00
06.82    -3.29839553e+00      2.76534922e+00
06.83    -3.28717498e+00      2.76300012e+00
06.84    -3.27743390e+00      2.76157899e+00
06.85    -3.26975027e+00      2.76092675e+00
06.86    -3.26462254e+00      2.76035936e+00
06.87    -3.26214618e+00      2.75878976e+00
06.88    -3.26193407e+00      2.75518392e+00
06.89    -3.26323323e+00      2.74891081e+00
06.90    -3.26518993e+00      2.73987498e+00
06.91    -3.26709891e+00      2.72846354e+00
06.92    -3.26852004e+00      2.71523327e+00
06.93    -3.26932075e+00      2.70071974e+00
06.94    -3.26947983e+00      2.68529945e+00
06.95    -3.26905561e+00      2.66921632e+00
06.96    -3.26813294e+00      2.65269307e+00
06.97    -3.26684438e+00      2.63598952e+00
06.98    -3.26547098e+00      2.61929658e+00
06.99    -3.26438922e+00      2.60255591e+00
07.00    -3.26386426e+00      2.58538572e+00
07.01    -3.26392259e+00      2.56708606e+00
07.02    -3.26418772e+00      2.54703650e+00
07.03    -3.26400743e+00      2.52497721e+00
07.04    -3.26276129e+00      2.50124227e+00
07.05    -3.26008342e+00      2.47653692e+00
07.06    -3.25604275e+00      2.45164068e+00
07.07    -3.25098396e+00      2.42699897e+00
07.08    -3.24535779e+00      2.40260119e+00
07.09    -3.23942405e+00      2.37807614e+00
07.10    -3.23316685e+00      2.35294128e+00
07.11    -3.22630514e+00      2.32687844e+00
07.12    -3.21844121e+00      2.29987172e+00
07.13    -3.20924631e+00      2.27221807e+00
07.14    -3.19856134e+00      2.24433110e+00
07.15    -3.18641282e+00      2.21662972e+00
07.16    -3.17293863e+00      2.18935256e+00
07.17    -3.15828723e+00      2.16258446e+00
07.18    -3.14250635e+00      2.13631482e+00
07.19    -3.12558009e+00      2.11061257e+00
07.20    -3.10748723e+00      2.08567921e+00
07.21    -3.08831262e+00      2.06186472e+00
07.22    -3.06833730e+00      2.03953500e+00
07.23    -3.04796427e+00      2.01881199e+00
07.24    -3.02760185e+00      1.99953132e+00
07.25    -3.00751517e+00      1.98129529e+00
07.26    -2.98771484e+00      1.96362665e+00
07.27    -2.96801526e+00      1.94626026e+00
07.28    -2.94818841e+00      1.92918022e+00
07.29    -2.92812295e+00      1.91264636e+00
07.30    -2.90790370e+00      1.89691321e+00
07.31    -2.88776930e+00      1.88205501e+00
07.32    -2.86794775e+00      1.86784904e+00
07.33    -2.84848149e+00      1.85384457e+00
07.34    -2.82913719e+00      1.83959618e+00
07.35    -2.80947473e+00      1.82491297e+00
07.36    -2.78902216e+00      1.81002825e+00
07.37    -2.76748784e+00      1.79553593e+00
07.38    -2.74495131e+00      1.78215188e+00
07.39    -2.72177315e+00      1.77036925e+00
07.40    -2.69846772e+00      1.76029410e+00
07.41    -2.67540622e+00      1.75161356e+00
07.42    -2.65268940e+00      1.74386629e+00
07.43    -2.63013696e+00      1.73677126e+00
07.44    -2.60748907e+00      1.73037089e+00
07.45    -2.58460256e+00      1.72509999e+00
07.46    -2.56162060e+00      1.72152066e+00
07.47    -2.53896210e+00      1.72004120e+00
07.48    -2.51722628e+00      1.72077297e+00
07.49    -2.49695931e+00      1.72347736e+00
07.50    -2.47861192e+00      1.72766650e+00
07.51    -2.46242804e+00      1.73278892e+00
07.52    -2.44848720e+00      1.73828784e+00
07.53    -2.43676820e+00      1.74365418e+00
07.54    -2.42713317e+00      1.74836830e+00
07.55    -2.41932228e+00      1.75193702e+00
07.56    -2.41294841e+00      1.75396796e+00
07.57    -2.40752374e+00      1.75417477e+00
07.58    -2.40249677e+00      1.75251502e+00
07.59    -2.39736374e+00      1.74912658e+00
07.60    -2.39169514e+00      1.74429581e+00
07.61    -2.38518871e+00      1.73843101e+00
07.62    -2.37764295e+00      1.73198291e+00
07.63    -2.36901013e+00      1.72540224e+00
07.64    -2.35934328e+00      1.71915034e+00
07.65    -2.34882270e+00      1.71364082e+00
07.66    -2.33772412e+00      1.70918655e+00
07.67    -2.32640813e+00      1.70598371e+00
07.68    -2.31527243e+00      1.70408003e+00
07.69    -2.30467761e+00      1.70332174e+00
07.70    -2.29490471e+00      1.70338538e+00
07.71    -2.28602266e+00      1.70378838e+00
07.72    -2.27788300e+00      1.70405882e+00
07.73    -2.27006680e+00      1.70388383e+00
07.74    -2.26200137e+00      1.70330053e+00
07.75    -2.25310872e+00      1.70284980e+00
07.76    -2.24308129e+00      1.70365051e+00
07.77    -2.23219482e+00      1.70735711e+00
07.78    -2.22166363e+00      1.71584675e+00
07.79    -2.21379970e+00      1.73048755e+00
07.80    -2.21174755e+00      1.75110980e+00
07.81    -2.21863578e+00      1.77512579e+00
07.82    -2.23620367e+00      1.79740249e+00
07.83    -2.26357097e+00      1.81146528e+00
07.84    -2.29687732e+00      1.81177284e+00
07.85    -2.33021548e+00      1.79602378e+00
07.86    -2.35756687e+00      1.76622784e+00
07.87    -2.37480069e+00      1.72784679e+00
07.88    -2.38078746e+00      1.68760450e+00
07.89    -2.37718161e+00      1.65107570e+00
07.90    -2.36725493e+00      1.62129884e+00
07.91    -2.35447009e+00      1.59868224e+00
07.92    -2.34148374e+00      1.58182491e+00
07.93    -2.32973823e+00      1.56867683e+00
07.94    -2.31961535e+00      1.55738417e+00
07.95    -2.31082876e+00      1.54672996e+00
07.96    -2.30289059e+00      1.53617703e+00
07.97    -2.29532893e+00      1.52566334e+00
07.98    -2.28787331e+00      1.51538721e+00
07.99    -2.28044951e+00      1.50561749e+00
08.00    -2.27314237e+00      1.49661932e+00
08.01    -2.26619582e+00      1.48860957e+00
08.02    -2.25999164e+00      1.48168263e+00
08.03    -2.25502300e+00      1.47569428e+00
08.04    -2.25171941e+00      1.47014711e+00
08.05    -2.25031419e+00      1.46418421e+00
08.06    -2.25064826e+00      1.45675087e+00
08.07    -2.25206939e+00      1.44691168e+00
08.08    -2.25359657e+00      1.43419471e+00
08.09    -2.25415335e+00      1.41881419e+00
08.10    -2.25292843e+00      1.40162969e+00
08.11    -2.24959832e+00      1.38384227e+00
08.12    -2.24439636e+00      1.36656337e+00
08.13    -2.23793766e+00      1.35045691e+00
08.14    -2.23092217e+00      1.33559977e+00
08.15    -2.22389607e+00      1.32160750e+00
08.16    -2.21706087e+00      1.30791059e+00
08.17    -2.21033703e+00      1.29403445e+00
08.18    -2.20348062e+00      1.27975848e+00
08.19    -2.19621060e+00      1.26511133e+00
08.20    -2.18836789e+00      1.25026055e+00
08.21    -2.17985703e+00      1.23540659e+00
08.22    -2.17065152e+00      1.22072496e+00
08.23    -2.16079378e+00      1.20638271e+00
08.24    -2.15033153e+00      1.19255642e+00
08.25    -2.13939203e+00      1.17941842e+00
08.26    -2.12819270e+00      1.16708430e+00
08.27    -2.11694034e+00      1.15555833e+00
08.28    -2.10585236e+00      1.14471746e+00
08.29    -2.09505604e+00      1.13435277e+00
08.30    -2.08460969e+00      1.12422777e+00
08.31    -2.07447621e+00      1.11413141e+00
08.32    -2.06455483e+00      1.10389929e+00
08.33    -2.05470769e+00      1.09341901e+00
08.34    -2.04478631e+00      1.08263170e+00
08.35    -2.03462101e+00      1.07154160e+00
08.36    -2.02404210e+00      1.06021554e+00
08.37    -2.01292761e+00      1.04878978e+00
08.38    -2.00117150e+00      1.03745894e+00
08.39    -1.98876315e+00      1.02646482e+00
08.40    -1.97577150e+00      1.01605083e+00
08.41    -1.96235033e+00      1.00640254e+00
08.42    -1.94869584e+00      9.97591019e-01
08.43    -1.93498833e+00      9.89570665e-01
08.44    -1.92133384e+00      9.82229058e-01
08.45    -1.90779071e+00      9.75475522e-01
08.46    -1.89435363e+00      9.69300512e-01
08.47    -1.88109155e+00      9.63751753e-01
08.48    -1.86811581e+00      9.58858409e-01
08.49    -1.85557489e+00      9.54546772e-01
08.50    -1.84356424e+00      9.50623294e-01
08.51    -1.83208387e+00      9.46826021e-01
08.52    -1.82101180e+00      9.42942314e-01
08.53    -1.81014124e+00      9.38902707e-01
08.54    -1.79930249e+00      9.34812724e-01
08.55    -1.78842663e+00      9.30892958e-01
08.56    -1.77757197e+00      9.27366653e-01
08.57    -1.76689761e+00      9.24338273e-01
08.58    -1.75659444e+00      9.21746837e-01
08.59    -1.74674730e+00      9.19403568e-01
08.60    -1.73736150e+00      9.17095297e-01
08.61    -1.72833628e+00      9.14688926e-01
08.62    -1.71954968e+00      9.12178091e-01
08.63    -1.71093807e+00      9.09644454e-01
08.64    -1.70250146e+00      9.07185586e-01
08.65    -1.69429816e+00      9.04834363e-01
08.66    -1.68638121e+00      9.02544651e-01
08.67    -1.67878242e+00      9.00214108e-01
08.68    -1.67145407e+00      8.97729787e-01
08.69    -1.66433783e+00      8.95010556e-01
08.70    -1.65730113e+00      8.92020355e-01
08.71    -1.65023791e+00      8.88778807e-01
08.72    -1.64303683e+00      8.85373404e-01
08.73    -1.63562894e+00      8.81956866e-01
08.74    -1.62801424e+00      8.78728574e-01
08.75    -1.62027758e+00      8.75875183e-01
08.76    -1.61259925e+00      8.73505401e-01
08.77    -1.60514364e+00      8.71605969e-01
08.78    -1.59806451e+00      8.70049622e-01
08.79    -1.59140961e+00      8.68660311e-01
08.80    -1.58516831e+00      8.67296984e-01
08.81    -1.57926109e+00      8.65910324e-01
08.82    -1.57367733e+00      8.64542224e-01
08.83    -1.56843825e+00      8.63266391e-01
08.84    -1.56366051e+00      8.62093431e-01
08.85    -1.55947136e+00      8.60906684e-01
08.86    -1.55591855e+00      8.59462755e-01
08.87    -1.55295433e+00      8.57466813e-01
08.88    -1.55038782e+00      8.54665390e-01
08.89    -1.54794326e+00      8.50935461e-01
08.90    -1.54532372e+00      8.46306722e-01
08.91    -1.54229057e+00      8.40952042e-01
08.92    -1.53866352e+00      8.35142389e-01
08.93    -1.53438953e+00      8.29189033e-01
08.94    -1.52951103e+00      8.23397939e-01
08.95    -1.52419241e+00      8.18013033e-01
08.96    -1.51864047e+00      8.13176959e-01
08.97    -1.51308323e+00      8.08915698e-01
08.98    -1.50774339e+00      8.05151302e-01
08.99    -1.50279066e+00      8.01733703e-01
09.00    -1.49832047e+00      7.98464580e-01
09.01    -1.49437525e+00      7.95118568e-01
09.02    -1.49092849e+00      7.91455453e-01
09.03    -1.48783701e+00      7.87251462e-01
09.04    -1.48492051e+00      7.82351224e-01
09.05    -1.48190857e+00      7.76718152e-01
09.06    -1.47858377e+00      7.70460419e-01
09.07    -1.47478173e+00      7.63807105e-01
09.08    -1.47044411e+00      7.57036070e-01
09.09    -1.46565576e+00      7.50395481e-01
09.10    -1.46054924e+00      7.44034346e-01
09.11    -1.45531016e+00      7.37979708e-01
09.12    -1.45007108e+00      7.32155207e-01
09.13    -1.44490624e+00      7.26422974e-01
09.14    -1.43982093e+00      7.20635592e-01
09.15    -1.43475684e+00      7.14682236e-01
09.16    -1.42960261e+00      7.08522073e-01
09.17    -1.42426277e+00      7.02187982e-01
09.18    -1.41866841e+00      6.95778592e-01
09.19    -1.41280361e+00      6.89422229e-01
09.20    -1.40672140e+00      6.83229190e-01
09.21    -1.40050131e+00      6.77253562e-01
09.22    -1.39423351e+00      6.71485801e-01
09.23    -1.38796040e+00      6.65869167e-01
09.24    -1.38173501e+00      6.60330482e-01
09.25    -1.37553614e+00      6.54805585e-01
09.26    -1.36933727e+00      6.49248341e-01
09.27    -1.36310658e+00      6.43626935e-01
09.28    -1.35680165e+00      6.37933411e-01
09.29    -1.35036946e+00      6.32179967e-01
09.30    -1.34377819e+00      6.26405842e-01
09.31    -1.33701192e+00      6.20665124e-01
09.32    -1.33009188e+00      6.15007659e-01
09.33    -1.32302337e+00      6.09462612e-01
09.34    -1.31585940e+00      6.04018316e-01
09.35    -1.30859468e+00      5.98631289e-01
09.36    -1.30120800e+00      5.93245323e-01
09.37    -1.29362512e+00      5.87833373e-01
09.38    -1.28574529e+00      5.82428847e-01
09.39    -1.27751017e+00      5.77144163e-01
09.40    -1.26887736e+00      5.72156431e-01
09.41    -1.25991047e+00      5.67661320e-01
09.42    -1.25073677e+00      5.63814732e-01
09.43    -1.24153126e+00      5.60692494e-01
09.44    -1.23246893e+00      5.58280290e-01
09.45    -1.22370884e+00      5.56495927e-01
09.46    -1.21535177e+00      5.55225927e-01
09.47    -1.20749314e+00      5.54353631e-01
09.48    -1.20018070e+00      5.53760257e-01
09.49    -1.19345686e+00      5.53319071e-01
09.50    -1.18732693e+00      5.52878946e-01
09.51    -1.18177498e+00      5.52267543e-01
09.52    -1.17671620e+00      5.51313585e-01
09.53    -1.17202329e+00      5.49882913e-01
09.54    -1.16751068e+00      5.47910834e-01
09.55    -1.16301929e+00      5.45420679e-01
09.56    -1.15840062e+00      5.42504187e-01
09.57    -1.15357515e+00      5.39299227e-01
09.58    -1.14851636e+00      5.35941548e-01
09.59    -1.14322956e+00      5.32532964e-01
09.60    -1.13776246e+00      5.29121198e-01
09.61    -1.13212568e+00      5.25712084e-01
09.62    -1.12632981e+00      5.22298727e-01
09.63    -1.12031653e+00      5.18904990e-01
09.64    -1.11408054e+00      5.15604581e-01
09.65    -1.10761123e+00      5.12518932e-01
09.66    -1.10098814e+00      5.09779020e-01
09.67    -1.09431733e+00      5.07477643e-01
09.68    -1.08775787e+00      5.05627526e-01
09.69    -1.08145825e+00      5.04145948e-01
09.70    -1.07550330e+00      5.02873827e-01
09.71    -1.06991954e+00      5.01620795e-01
09.72    -1.06462744e+00      5.00213986e-01
09.73    -1.05951032e+00      4.98556357e-01
09.74    -1.05444092e+00      4.96647380e-01
09.75    -1.04929729e+00      4.94573489e-01
09.76    -1.04404760e+00      4.92460888e-01
09.77    -1.03870777e+00      4.90421464e-01
09.78    -1.03333612e+00      4.88504533e-01
09.79    -1.02798038e+00      4.86695778e-01
09.80    -1.02266176e+00      4.84940580e-01
09.81    -1.01735374e+00      4.83201290e-01
09.82    -1.01201391e+00      4.81491695e-01
09.83    -1.00661575e+00      4.79887094e-01
09.84    -1.00118047e+00      4.78492480e-01
09.85    -9.95777003e-01      4.77393758e-01
09.86    -9.90522014e-01      4.76621152e-01
09.87    -9.85521555e-01      4.76132242e-01
09.88    -9.80871075e-01      4.75824154e-01
09.89    -9.76591785e-01      4.75564321e-01
09.90    -9.72678383e-01      4.75224418e-01
09.91    -9.69067235e-01      4.74708994e-01
09.92    -9.65700012e-01      4.73966084e-01
09.93    -9.62475962e-01      4.72983491e-01
09.94    -9.59352663e-01      4.71788259e-01
09.95    -9.56282392e-01      4.70428643e-01
09.96    -9.53249240e-01      4.68961383e-01
09.97    -9.50290326e-01      4.67434201e-01
09.98    -9.47437466e-01      4.65857704e-01
09.99    -9.44743688e-01      4.64192652e-01
10.00    -9.42224899e-01      4.62355792e-01
10.01    -9.39854586e-01      4.60240540e-01
10.02    -9.37553208e-01      4.57768415e-01
10.03    -9.35230619e-01      4.54911843e-01
10.04    -9.32780766e-01      4.51708474e-01
10.05    -9.30124106e-01      4.48235196e-01
10.06    -9.27250036e-01      4.44580036e-01
10.07    -9.24147948e-01      4.40810337e-01
10.08    -9.20823147e-01      4.36968521e-01
10.09    -9.17286237e-01      4.33073678e-01
10.10    -9.13526613e-01      4.29142246e-01
10.11    -9.09549578e-01      4.25200739e-01
10.12    -9.05323315e-01      4.21292109e-01
10.13    -9.00847825e-01      4.17474685e-01
10.14    -8.96154923e-01      4.13820585e-01
10.15    -8.91271124e-01      4.10402986e-01
10.16    -8.86265362e-01      4.07289763e-01
10.17    -8.81222482e-01      4.04522807e-01
10.18    -8.76259142e-01      4.02106361e-01
10.19    -8.71481397e-01      3.99991108e-01
10.20    -8.66974090e-01      3.98076829e-01
10.21    -8.62769039e-01      3.96217697e-01
10.22    -8.58871544e-01      3.94259405e-01
10.23    -8.55196764e-01      3.92071506e-01
10.24    -8.51638643e-01      3.89576049e-01
10.25    -8.48080522e-01      3.86764020e-01
10.26    -8.44411044e-01      3.83683143e-01
10.27    -8.40561274e-01      3.80420383e-01
10.28    -8.36499396e-01      3.77071189e-01
10.29    -8.32230711e-01      3.73722526e-01
10.30    -8.27781734e-01      3.70439086e-01
10.31    -8.23178979e-01      3.67257988e-01
10.32    -8.18480775e-01      3.64193550e-01
10.33    -8.13697727e-01      3.61242589e-01
10.34    -8.08856350e-01      3.58396093e-01
10.35    -8.03972551e-01      3.55650878e-01
10.36    -7.99041027e-01      3.53012248e-01
10.37    -7.94088292e-01      3.50499292e-01
10.38    -7.89140861e-01      3.48131630e-01
10.39    -7.84230548e-01      3.45910854e-01
10.40    -7.79420987e-01      3.43800904e-01
10.41    -7.74722782e-01      3.41729664e-01
10.42    -7.70125330e-01      3.39596913e-01
10.43    -7.65570299e-01      3.37319397e-01
10.44    -7.60946333e-01      3.34866362e-01
10.45    -7.56147377e-01      3.32292425e-01
10.46    -7.51115102e-01      3.29727502e-01
10.47    -7.45828296e-01      3.27345523e-01
10.48    -7.40393015e-01      3.25296024e-01
10.49    -7.34947128e-01      3.23645290e-01
10.50    -7.29623204e-01      3.22348246e-01
10.51    -7.24527296e-01      3.21271265e-01
10.52    -7.19664707e-01      3.20249432e-01
10.53    -7.14966503e-01      3.19165557e-01
10.54    -7.10337234e-01      3.17994188e-01
10.55    -7.05697360e-01      3.16800017e-01
10.56    -7.01052183e-01      3.15692810e-01
10.57    -6.96428217e-01      3.14762184e-01
10.58    -6.91926213e-01      3.14029879e-01
10.59    -6.87609804e-01      3.13439687e-01
10.60    -6.83526715e-01      3.12889265e-01
10.61    -6.79650431e-01      3.12276802e-01
10.62    -6.75927926e-01      3.11545558e-01
10.63    -6.72316778e-01      3.10695533e-01
10.64    -6.68774565e-01      3.09765967e-01
10.65    -6.65301288e-01      3.08793449e-01
10.66    -6.61944670e-01      3.07774798e-01
10.67    -6.58710015e-01      3.06655926e-01
10.68    -6.55586717e-01      3.05347746e-01
10.69    -6.52495235e-01      3.03771780e-01
10.70    -6.49350726e-01      3.01898331e-01
10.71    -6.46036530e-01      2.99768761e-01
10.72    -6.42473106e-01      2.97484352e-01
10.73    -6.38639244e-01      2.95179793e-01
10.74    -6.34540247e-01      2.92981818e-01
10.75    -6.30266259e-01      2.90981104e-01
10.76    -6.25896823e-01      2.89219013e-01
10.77    -6.21506177e-01      2.87683877e-01
10.78    -6.17168557e-01      2.86326913e-01
10.79    -6.12905175e-01      2.85074942e-01
10.80    -6.08716032e-01      2.83856909e-01
10.81    -6.04569309e-01      2.82622967e-01
10.82    -6.00409861e-01      2.81363042e-01
10.83    -5.96196855e-01      2.80103648e-01
10.84    -5.91893703e-01      2.78906295e-01
10.85    -5.87506238e-01      2.77847874e-01
10.86    -5.83071048e-01      2.77003151e-01
10.87    -5.78659190e-01      2.76426746e-01
10.88    -5.74357629e-01      2.76132976e-01
10.89    -5.70261283e-01      2.76082600e-01
10.90    -5.66438557e-01      2.76186533e-01
10.91    -5.62917555e-01      2.76320692e-01
10.92    -5.59673885e-01      2.76358872e-01
10.93    -5.56637551e-01      2.76207214e-01
10.94    -5.53714696e-01      2.75830191e-01
10.95    -5.50814642e-01      2.75248483e-01
10.96    -5.47874817e-01      2.74526254e-01
10.97    -5.44867648e-01      2.73745164e-01
10.98    -5.41800028e-01      2.72976271e-01
10.99    -5.38701653e-01      2.72273661e-01
11.00    -5.35618125e-01      2.71663319e-01
11.01    -5.32595578e-01      2.71151077e-01
11.02    -5.29680677e-01      2.70724208e-01
11.03    -5.26913721e-01      2.70347716e-01
11.04    -5.24325466e-01      2.69968041e-01
11.05    -5.21924928e-01      2.69512538e-01
11.06    -5.19689834e-01      2.68897423e-01
11.07    -5.17567158e-01      2.68050050e-01
11.08    -5.15474177e-01      2.66931177e-01
11.09    -5.13319684e-01      2.65552472e-01
11.10    -5.11027851e-01      2.63977036e-01
11.11    -5.08559438e-01      2.62306150e-01
11.12    -5.05919747e-01      2.60639508e-01
11.13    -5.03151201e-01      2.59052405e-01
11.14    -5.00311597e-01      2.57576130e-01
11.15    -4.97454495e-01      2.56206969e-01
11.16    -4.94622316e-01      2.54922652e-01
11.17    -4.91845285e-01      2.53696134e-01
11.18    -4.89144083e-01      2.52492949e-01
11.19    -4.86530905e-01      2.51266431e-01
11.20    -4.83993557e-01      2.49958782e-01
11.21    -4.81495449e-01      2.48514323e-01
11.22    -4.78977190e-01      2.46909191e-01
11.23    -4.76374618e-01      2.45163538e-01
11.24    -4.73642660e-01      2.43336753e-01
11.25    -4.70770710e-01      2.41503605e-01
11.26    -4.67775208e-01      2.39727726e-01
11.27    -4.64691149e-01      2.38047296e-01
11.28    -4.61560958e-01      2.36473981e-01
11.29    -4.58420691e-01      2.35004599e-01
11.30    -4.55300044e-01      2.33623773e-01
11.31    -4.52222349e-01      2.32308170e-01
11.32    -4.49202453e-01      2.31025443e-01
11.33    -4.46239827e-01      2.29734232e-01
11.34    -4.43316972e-01      2.28398479e-01
11.35    -4.40401540e-01      2.26996441e-01
11.36    -4.37457473e-01      2.25534483e-01
11.37    -4.34458258e-01      2.24038588e-01
11.38    -4.31393820e-01      2.22551707e-01
11.39    -4.28274764e-01      2.21110429e-01
11.40    -4.25124422e-01      2.19735966e-01
11.41    -4.21967716e-01      2.18427786e-01
11.42    -4.18824798e-01      2.17171574e-01
11.43    -4.15703621e-01      2.15946117e-01
11.44    -4.12599943e-01      2.14732856e-01
11.45    -4.09507930e-01      2.13524367e-01
11.46    -4.06419630e-01      2.12320651e-01
11.47    -4.03330799e-01      2.11125950e-01
11.48    -4.00239848e-01      2.09945566e-01
11.49    -3.97149426e-01      2.08779499e-01
11.50    -3.94061656e-01      2.07627219e-01
11.51    -3.90976537e-01      2.06482894e-01
11.52    -3.87890888e-01      2.05342810e-01
11.53    -3.84801527e-01      2.04203257e-01
11.54    -3.81701031e-01      2.03059462e-01
11.55    -3.78579323e-01      2.01911425e-01
11.56    -3.75425269e-01      2.00761796e-01
11.57    -3.72227203e-01      1.99621713e-01
11.58    -3.68978760e-01      1.98513976e-01
11.59    -3.65683654e-01      1.97462448e-01
11.60    -3.62354610e-01      1.96485158e-01
11.61    -3.59005947e-01      1.95583166e-01
11.62    -3.55644557e-01      1.94751170e-01
11.63    -3.52267258e-01      1.93984928e-01
11.64    -3.48868749e-01      1.93299287e-01
11.65    -3.45452211e-01      1.92725534e-01
11.66    -3.42039915e-01      1.92303438e-01
11.67    -3.38675343e-01      1.92058452e-01
11.68    -3.35410462e-01      1.91987396e-01
11.69    -3.32294588e-01      1.92053680e-01
11.70    -3.29355294e-01      1.92198444e-01
11.71    -3.26594171e-01      1.92354344e-01
11.72    -3.23985236e-01      1.92467292e-01
11.73    -3.21488188e-01      1.92509713e-01
11.74    -3.19062196e-01      1.92495396e-01
11.75    -3.16686050e-01      1.92464110e-01
11.76    -3.14370355e-01      1.92467292e-01
11.77    -3.12157003e-01      1.92538878e-01
11.78    -3.10103262e-01      1.92667734e-01
11.79    -3.08257917e-01      1.92794469e-01
11.80    -3.06637938e-01      1.92822043e-01
11.81    -3.05213099e-01      1.92648644e-01
11.82    -3.03918177e-01      1.92197384e-01
11.83    -3.02662494e-01      1.91441747e-01
11.84    -3.01363329e-01      1.90406657e-01
11.85    -2.99961822e-01      1.89152035e-01
11.86    -2.98432519e-01      1.87743104e-01
11.87    -2.96771179e-01      1.86228119e-01
11.88    -2.94982574e-01      1.84628820e-01
11.89    -2.93061401e-01      1.82950512e-01
11.90    -2.90993343e-01      1.81202737e-01
11.91    -2.88756658e-01      1.79412011e-01
11.92    -2.86334909e-01      1.77627117e-01
11.93    -2.83734988e-01      1.75910629e-01
11.94    -2.80983410e-01      1.74320876e-01
11.95    -2.78127369e-01      1.72900279e-01
11.96    -2.75219361e-01      1.71661565e-01
11.97    -2.72312943e-01      1.70592007e-01
11.98    -2.69443115e-01      1.69660851e-01
11.99    -2.66633207e-01      1.68829385e-01
12.00    -2.63886931e-01      1.68062083e-01
12.01    -2.61200046e-01      1.67338262e-01
12.02    -2.58569370e-01      1.66646258e-01
12.03    -2.55991191e-01      1.65981298e-01
12.04    -2.53467099e-01      1.65337549e-01
12.05    -2.50999216e-01      1.64699632e-01
12.06    -2.48581709e-01      1.64047929e-01
12.07    -2.46202382e-01      1.63364409e-01
12.08    -2.43838962e-01      1.62638467e-01
12.09    -2.41464407e-01      1.61876998e-01
12.10    -2.39063338e-01      1.61107521e-01
12.11    -2.36633635e-01      1.60368323e-01
12.12    -2.34194917e-01      1.59692916e-01
12.13    -2.31781122e-01      1.59097421e-01
12.14    -2.29428838e-01      1.58564605e-01
12.15    -2.27158216e-01      1.58048226e-01
12.16    -2.24963953e-01      1.57494093e-01
12.17    -2.22810521e-01      1.56864502e-01
12.18    -2.20655499e-01      1.56156961e-01
12.19    -2.18464417e-01      1.55407793e-01
12.20    -2.16228263e-01      1.54670822e-01
12.21    -2.13968777e-01      1.53992976e-01
12.22    -2.11724668e-01      1.53390906e-01
12.23    -2.09532527e-01      1.52845628e-01
12.24    -2.07409320e-01      1.52314561e-01
12.25    -2.05350807e-01      1.51753693e-01
12.26    -2.03331533e-01      1.51134548e-01
12.27    -2.01320214e-01      1.50457710e-01
12.28    -1.99292456e-01      1.49747040e-01
12.29    -1.97244548e-01      1.49038598e-01
12.30    -1.95190277e-01      1.48362926e-01
12.31    -1.93155626e-01      1.47732062e-01
12.32    -1.91168699e-01      1.47133863e-01
12.33    -1.89243284e-01      1.46538103e-01
12.34    -1.87380441e-01      1.45908618e-01
12.35    -1.85564261e-01      1.45218788e-01
12.36    -1.83772474e-01      1.44458538e-01
12.37    -1.81984930e-01      1.43632587e-01
12.38    -1.80188370e-01      1.42751489e-01
12.39    -1.78377493e-01      1.41823036e-01
12.40    -1.76547527e-01      1.40848451e-01
12.41    -1.74687865e-01      1.39826406e-01
12.42    -1.72786843e-01      1.38757803e-01
12.43    -1.70828020e-01      1.37651233e-01
12.44    -1.68798141e-01      1.36525519e-01
12.45    -1.66688192e-01      1.35409086e-01
12.46    -1.64501883e-01      1.34336771e-01
12.47    -1.62254063e-01      1.33342884e-01
12.48    -1.59972305e-01      1.32452240e-01
12.49    -1.57691608e-01      1.31673961e-01
12.50    -1.55443257e-01      1.31001206e-01
12.51    -1.53253237e-01      1.30416263e-01
12.52    -1.51142226e-01      1.29898400e-01
12.53    -1.49122953e-01      1.29427148e-01
12.54    -1.47208673e-01      1.28980819e-01
12.55    -1.45406281e-01      1.28532368e-01
12.56    -1.43719488e-01      1.28047064e-01
12.57    -1.42137688e-01      1.27485878e-01
12.58    -1.40639142e-01      1.26812910e-01
12.59    -1.39189380e-01      1.26004724e-01
12.60    -1.37751284e-01      1.25055856e-01
12.61    -1.36290386e-01      1.23979352e-01
12.62    -1.34782294e-01      1.22799711e-01
12.63    -1.33214812e-01      1.21543975e-01
12.64    -1.31586349e-01      1.20233303e-01
12.65    -1.29897435e-01      1.18879520e-01
12.66    -1.28149660e-01      1.17486763e-01
12.67    -1.26336663e-01      1.16057628e-01
12.68    -1.24453139e-01      1.14599382e-01
12.69    -1.22490604e-01      1.13128993e-01
12.70    -1.20450120e-01      1.11671330e-01
12.71    -1.18343882e-01      1.10251952e-01
12.72    -1.16193102e-01      1.08886133e-01
12.73    -1.14025352e-01      1.07570635e-01
12.74    -1.11858664e-01      1.06282977e-01
12.75    -1.09696217e-01      1.04991289e-01
12.76    -1.07524756e-01      1.03668209e-01
12.77    -1.05322539e-01      1.02302655e-01
12.78    -1.03064113e-01      1.00902102e-01
12.79    -1.00733571e-01      9.94867015e-02
12.80    -9.83245478e-02      9.80802098e-02
12.81    -9.58359844e-02      9.67022466e-02
12.82    -9.32726526e-02      9.53686672e-02
12.83    -9.06393251e-02      9.40944782e-02
12.84    -8.79444860e-02      9.28972315e-02
12.85    -8.52029831e-02      9.17954337e-02
12.86    -8.24354969e-02      9.08032960e-02
12.87    -7.96685410e-02      8.99244242e-02
12.88    -7.69275683e-02      8.91482130e-02
12.89    -7.42316687e-02      8.84529742e-02
12.90    -7.15882660e-02      8.78121943e-02
12.91    -6.89962996e-02      8.72023292e-02
12.92    -6.64467550e-02      8.66082662e-02
12.93    -6.39295568e-02      8.60236421e-02
12.94    -6.14356906e-02      8.54494112e-02
12.95    -5.89619748e-02      8.48887023e-02
12.96    -5.65057578e-02      8.43440075e-02
12.97    -5.40691609e-02      8.38154330e-02
12.98    -5.16500630e-02      8.33014410e-02
12.99    -4.92479338e-02      8.28007588e-02
13.00    -4.68606521e-02      8.23141288e-02
13.01    -4.44903392e-02      8.18444674e-02
13.02    -4.21375251e-02      8.13944792e-02
13.03    -3.98075128e-02      8.09634746e-02
13.04    -3.75056048e-02      8.05459920e-02
13.05    -3.52312710e-02      8.01321682e-02
13.06    -3.29797388e-02      7.97132538e-02
13.07    -3.07435845e-02      7.92865975e-02
13.08    -2.85148540e-02      7.88588276e-02
13.09    -2.62946078e-02      7.84428827e-02
13.10    -2.40902698e-02      7.80491563e-02
13.11    -2.19182783e-02      7.76767467e-02
13.12    -1.97902994e-02      7.73088444e-02
13.13    -1.77079237e-02      7.69176102e-02
13.14    -1.56589552e-02      7.64744624e-02
13.15    -1.36184710e-02      7.59623794e-02
13.16    -1.15573063e-02      7.53834821e-02
13.17    -9.45159871e-03      7.47573377e-02
13.18    -7.28756130e-03      7.41139065e-02
13.19    -5.06837567e-03      7.34833078e-02
13.20    -2.80411698e-03      7.28867525e-02
13.21    -5.11223630e-04      7.23337325e-02
13.22     1.79439623e-03      7.18222858e-02
13.23     4.10478853e-03      7.13431326e-02
13.24     6.41624138e-03      7.08846069e-02
13.25     8.73405748e-03      7.04372170e-02
13.26     1.10651304e-02      6.99981523e-02
13.27     1.34205957e-02      6.95732989e-02
13.28     1.58046957e-02      6.91760726e-02
13.29     1.82163699e-02      6.88236543e-02
13.30     2.06471338e-02      6.85310505e-02
13.31     2.30842609e-02      6.83070109e-02
13.32     2.55134340e-02      6.81523307e-02
13.33     2.79224568e-02      6.80621846e-02
13.34     3.03023146e-02      6.80283003e-02
13.35     3.26492957e-02      6.80430418e-02
13.36     3.49586274e-02      6.80993036e-02
13.37     3.72303099e-02      6.81913057e-02
13.38     3.94638129e-02      6.83136923e-02
13.39     4.16617877e-02      6.84628046e-02
13.40     4.38247645e-02      6.86386426e-02
13.41     4.59532737e-02      6.88449181e-02
13.42     4.80446640e-02      6.90870401e-02
13.43     5.00883298e-02      6.93671824e-02
13.44     5.20768474e-02      6.96811561e-02
13.45     5.40033232e-02      7.00195753e-02
13.46     5.58645757e-02      7.03719406e-02
13.47     5.76606048e-02      7.07312524e-02
13.48     5.93882288e-02      7.10935338e-02
13.49     6.10453268e-02      7.14539063e-02
13.50     6.26244749e-02      7.18007037e-02
13.51     6.41272640e-02      7.21142001e-02
13.52     6.55600572e-02      7.23710636e-02
13.53     6.69408838e-02      7.25526285e-02
13.54     6.82920152e-02      7.26529558e-02
13.55     6.96357228e-02      7.26803178e-02
13.56     7.09847331e-02      7.26529558e-02
13.57     7.23427581e-02      7.25903308e-02
13.58     7.37034344e-02      7.25053813e-02
13.59     7.50588080e-02      7.24001755e-02
13.60     7.64019853e-02      7.22663350e-02
13.61     7.77350875e-02      7.20897546e-02
13.62     7.90681897e-02      7.18562762e-02
13.63     8.04187908e-02      7.15585288e-02
13.64     8.18070413e-02      7.12015501e-02
13.65     8.32525610e-02      7.08041648e-02
13.66     8.47643646e-02      7.03967573e-02
13.67     8.63387403e-02      7.00129469e-02
13.68     8.79587193e-02      6.96794592e-02
13.69     8.95983183e-02      6.94079603e-02
13.70     9.12336752e-02      6.91927762e-02
13.71     9.28499423e-02      6.90172033e-02
13.72     9.44418169e-02      6.88634776e-02
13.73     9.60119504e-02      6.87216831e-02
13.74     9.75614033e-02      6.85908121e-02
13.75     9.90864637e-02      6.84730388e-02
13.76     1.00581829e-01      6.83652347e-02
13.77     1.02041136e-01      6.82549913e-02
13.78     1.03465445e-01      6.81239082e-02
13.79     1.04865891e-01      6.79557591e-02
13.80     1.06258914e-01      6.77439157e-02
13.81     1.07658300e-01      6.74930974e-02
13.82     1.09075716e-01      6.72156064e-02
13.83     1.10515402e-01      6.69249116e-02
13.84     1.11977360e-01      6.66315125e-02
13.85     1.13459999e-01      6.63424616e-02
13.86     1.14960137e-01      6.60635919e-02
13.87     1.16475122e-01      6.58023802e-02
13.88     1.17999122e-01      6.55681063e-02
13.89     1.19521531e-01      6.53682470e-02
13.90     1.21027502e-01      6.52036508e-02
13.91     1.22504307e-01      6.50651439e-02
13.92     1.23943464e-01      6.49343260e-02
13.93     1.25348153e-01      6.47892968e-02
13.94     1.26727388e-01      6.46140951e-02
13.95     1.28099200e-01      6.44051682e-02
13.96     1.29476845e-01      6.41725381e-02
13.97     1.30863505e-01      6.39339160e-02
13.98     1.32251755e-01      6.37049979e-02
13.99     1.33628870e-01      6.34893896e-02
14.00     1.34980532e-01      6.32747357e-02
14.01     1.36303559e-01      6.30350531e-02
14.02     1.37611208e-01      6.27416009e-02
14.03     1.38928402e-01      6.23768272e-02
14.04     1.40290669e-01      6.19462999e-02
14.05     1.41723462e-01      6.14814110e-02
14.06     1.43235796e-01      6.10293016e-02
14.07     1.44812823e-01      6.06354691e-02
14.08     1.46424318e-01      6.03265860e-02
14.09     1.48033692e-01      6.01031827e-02
14.10     1.49615491e-01      5.99433589e-02
14.11     1.51156990e-01      5.98166771e-02
14.12     1.52662430e-01      5.96978433e-02
14.13     1.54143478e-01      5.95752446e-02
14.14     1.55609148e-01      5.94508429e-02
14.15     1.57065273e-01      5.93332287e-02
14.16     1.58508672e-01      5.92292425e-02
14.17     1.59932451e-01      5.91390433e-02
14.18     1.61333427e-01      5.90552605e-02
14.19     1.62712663e-01      5.89676596e-02
14.20     1.64076521e-01      5.88690822e-02
14.21     1.65432425e-01      5.87595281e-02
14.22     1.66785147e-01      5.86468985e-02
14.23     1.68137870e-01      5.85430183e-02
14.24     1.69481047e-01      5.84573265e-02
14.25     1.70806195e-01      5.83922092e-02
14.26     1.72102178e-01      5.83414622e-02
14.27     1.73364224e-01      5.82932075e-02
14.28     1.74591272e-01      5.82340822e-02
14.29     1.75788094e-01      5.81535871e-02
14.30     1.76963176e-01      5.80461010e-02
14.31     1.78121288e-01      5.79111470e-02
14.32     1.79268265e-01      5.77512171e-02
14.33     1.80404637e-01      5.75684326e-02
14.34     1.81529342e-01      5.73606723e-02
14.35     1.82643973e-01      5.71199291e-02
14.36     1.83753300e-01      5.68343780e-02
14.37     1.84872703e-01      5.64935195e-02
14.38     1.86020741e-01      5.60943313e-02
14.39     1.87218093e-01      5.56460929e-02
14.40     1.88482260e-01      5.51719773e-02
14.41     1.89819605e-01      5.47045431e-02
14.42     1.91224824e-01      5.42786821e-02
14.43     1.92675116e-01      5.39228701e-02
14.44     1.94143437e-01      5.36516893e-02
14.45     1.95599032e-01      5.34637611e-02
14.46     1.97015387e-01      5.33424881e-02
14.47     1.98373942e-01      5.32598188e-02
14.48     1.99669395e-01      5.31820279e-02
14.49     2.00910760e-01      5.30769812e-02
14.50     2.02116598e-01      5.29216647e-02
14.51     2.03313950e-01      5.27088138e-02
14.52     2.04525620e-01      5.24478673e-02
14.53     2.05764864e-01      5.21594527e-02
14.54     2.07034864e-01      5.18658414e-02
14.55     2.08328196e-01      5.15809796e-02
14.56     2.09636906e-01      5.13074126e-02
14.57     2.10958872e-01      5.10394665e-02
14.58     2.12294626e-01      5.07710432e-02
14.59     2.13652651e-01      5.05028849e-02
14.60     2.15039310e-01      5.02447488e-02
14.61     2.16456196e-01      5.00129672e-02
14.62     2.17900124e-01      4.98254103e-02
14.63     2.19356780e-01      4.96974558e-02
14.64     2.20810784e-01      4.96398683e-02
14.65     2.22238805e-01      4.96567309e-02
14.66     2.23616980e-01      4.97431652e-02
14.67     2.24921978e-01      4.98808766e-02
14.68     2.26136299e-01      5.00368294e-02
14.69     2.27259944e-01      5.01666399e-02
14.70     2.28309351e-01      5.02249167e-02
14.71     2.29321109e-01      5.01805330e-02
14.72     2.30341351e-01      5.00288224e-02
14.73     2.31409318e-01      4.97944424e-02
14.74     2.32548871e-01      4.95226253e-02
14.75     2.33762132e-01      4.92636408e-02
14.76     2.35030010e-01      4.90564107e-02
14.77     2.36323872e-01      4.89196007e-02
14.78     2.37616144e-01      4.88516199e-02
14.79     2.38884553e-01      4.88381510e-02
14.80     2.40117964e-01      4.88611118e-02
14.81     2.41312665e-01      4.89053364e-02
14.82     2.42470248e-01      4.89609619e-02
14.83     2.43589651e-01      4.90220492e-02
14.84     2.44671934e-01      4.90832425e-02
14.85     2.45714978e-01      4.91377013e-02
14.86     2.46720903e-01      4.91759869e-02
14.87     2.47693421e-01      4.91877590e-02
14.88     2.48641016e-01      4.91636316e-02
14.89     2.49574823e-01      4.90989385e-02
14.90     2.50506510e-01      4.89953765e-02
14.91     2.51446151e-01      4.88607936e-02
14.92     2.52397988e-01      4.87075982e-02
14.93     2.53359900e-01      4.85481987e-02
14.94     2.54324994e-01      4.83908141e-02
14.95     2.55283725e-01      4.82354446e-02
14.96     2.56227608e-01      4.80726513e-02
14.97     2.57155052e-01      4.78856776e-02
14.98     2.58074013e-01      4.76564944e-02
14.99     2.59000927e-01      4.73724810e-02
15.00     2.59957537e-01      4.70322589e-02
15.01     2.60965052e-01      4.66472289e-02
15.02     2.62040442e-01      4.62408819e-02
15.03     2.63189540e-01      4.58445041e-02
15.04     2.64407044e-01      4.54919797e-02
15.05     2.65674392e-01      4.52124737e-02
15.06     2.66962951e-01      4.50226896e-02
15.07     2.68242496e-01      4.49221501e-02
15.08     2.69486513e-01      4.48931973e-02
15.09     2.70680154e-01      4.49069313e-02
15.10     2.71822888e-01      4.49328616e-02
15.11     2.72926913e-01      4.49483985e-02
15.12     2.74009197e-01      4.49443685e-02
15.13     2.75087769e-01      4.49262332e-02
15.14     2.76174295e-01      4.49105372e-02
15.15     2.77269306e-01      4.49191276e-02
15.16     2.78363786e-01      4.49725789e-02
15.17     2.79440236e-01      4.50844131e-02
15.18     2.80474266e-01      4.52572816e-02
15.19     2.81444132e-01      4.54807910e-02
15.20     2.82329685e-01      4.57319805e-02
15.21     2.83122971e-01      4.59785567e-02
15.22     2.83828762e-01      4.61855746e-02
15.23     2.84462437e-01      4.63231270e-02
15.24     2.85050507e-01      4.63739270e-02
15.25     2.85621079e-01      4.63366489e-02
15.26     2.86197484e-01      4.62251329e-02
15.27     2.86793509e-01      4.60623396e-02
15.28     2.87411276e-01      4.58718661e-02
15.29     2.88040177e-01      4.56699388e-02
15.30     2.88671731e-01      4.54610119e-02
15.31     2.89293209e-01      4.52389872e-02
15.32     2.89901960e-01      4.49927822e-02
15.33     2.90497985e-01      4.47118975e-02
15.34     2.91087647e-01      4.43890683e-02
15.35     2.91676248e-01      4.40181965e-02
15.36     2.92272273e-01      4.35920705e-02
15.37     2.92889509e-01      4.31037436e-02
15.38     2.93545985e-01      4.25517841e-02
15.39     2.94262381e-01      4.19477520e-02
15.40     2.95054077e-01      4.13181608e-02
15.41     2.95922661e-01      4.06998114e-02
15.42     2.96853818e-01      4.01280728e-02
15.43     2.97819442e-01      3.96247392e-02
15.44     2.98787187e-01      3.91908182e-02
15.45     2.99728419e-01      3.88068487e-02
15.46     3.00627759e-01      3.84392646e-02
15.47     3.01485208e-01      3.80500985e-02
15.48     3.02318264e-01      3.76068446e-02
15.49     3.03156623e-01      3.70909436e-02
15.50     3.04033692e-01      3.65041984e-02
15.51     3.04979696e-01      3.58697817e-02
15.52     3.06010013e-01      3.52280473e-02
15.53     3.07123583e-01      3.46256060e-02
15.54     3.08296543e-01      3.41008495e-02
15.55     3.09493896e-01      3.36726554e-02
15.56     3.10679052e-01      3.33355088e-02
15.57     3.11825499e-01      3.30635327e-02
15.58     3.12919449e-01      3.28213047e-02
15.59     3.13965674e-01      3.25759482e-02
15.60     3.14978493e-01      3.23060400e-02
15.61     3.15974872e-01      3.20041035e-02
15.62     3.16974434e-01      3.16738505e-02
15.63     3.17986192e-01      3.13252501e-02
15.64     3.19018630e-01      3.09700214e-02
15.65     3.20072279e-01      3.06200423e-02
15.66     3.21144488e-01      3.02875621e-02
15.67     3.22231544e-01      2.99847241e-02
15.68     3.23319131e-01      2.97210202e-02
15.69     3.24392930e-01      2.94997380e-02
15.70     3.25435444e-01      2.93137718e-02
15.71     3.26433945e-01      2.91453576e-02
15.72     3.27385251e-01      2.89686182e-02
15.73     3.28295197e-01      2.87569338e-02
15.74     3.29183402e-01      2.84905255e-02
15.75     3.30074258e-01      2.81623936e-02
15.76     3.30989506e-01      2.77807573e-02
15.77     3.31948237e-01      2.73662972e-02
15.78     3.32957873e-01      2.69456329e-02
15.79     3.34014174e-01      2.65444296e-02
15.80     3.35104412e-01      2.61816710e-02
15.81     3.36211618e-01      2.58672731e-02
15.82     3.37318295e-01      2.56017132e-02
15.83     3.38409063e-01      2.53777266e-02
15.84     3.39471727e-01      2.51823216e-02
15.85     3.40501514e-01      2.49992719e-02
15.86     3.41498424e-01      2.48113968e-02
15.87     3.42469351e-01      2.46039016e-02
15.88     3.43424899e-01      2.43667112e-02
15.89     3.44378858e-01      2.40967501e-02
15.90     3.45344482e-01      2.37979952e-02
15.91     3.46331317e-01      2.34806808e-02
15.92     3.47343605e-01      2.31579577e-02
15.93     3.48380285e-01      2.28431356e-02
15.94     3.49436056e-01      2.25465018e-02
15.95     3.50501901e-01      2.22738362e-02
15.96     3.51569337e-01      2.20255102e-02
15.97     3.52629880e-01      2.17968041e-02
15.98     3.53680348e-01      2.15789686e-02
15.99     3.54720210e-01      2.13620877e-02
16.00     3.55754239e-01      2.11378889e-02
16.01     3.56789859e-01      2.09034560e-02
16.02     3.57835554e-01      2.06619704e-02
16.03     3.58897157e-01      2.04220226e-02
16.04     3.59974669e-01      2.01944301e-02
16.05     3.61064376e-01      1.99894272e-02
16.06     3.62158856e-01      1.98131650e-02
16.07     3.63248564e-01      1.96678177e-02
16.08     3.64325545e-01      1.95511049e-02
16.09     3.65381315e-01      1.94569818e-02
16.10     3.66410042e-01      1.93761154e-02
16.11     3.67412255e-01      1.92966277e-02
16.12     3.68389545e-01      1.92063225e-02
16.13     3.69349336e-01      1.90955488e-02
16.14     3.70303824e-01      1.89597463e-02
16.15     3.71263615e-01      1.88015133e-02
16.16     3.72237724e-01      1.86295463e-02
16.17     3.73230922e-01      1.84570491e-02
16.18     3.74242150e-01      1.82973313e-02
16.19     3.75262392e-01      1.81607334e-02
16.20     3.76282634e-01      1.80516566e-02
16.21     3.77293861e-01      1.79681389e-02
16.22     3.78287060e-01      1.79030746e-02
16.23     3.79259577e-01      1.78461765e-02
16.24     3.80210884e-01      1.77872103e-02
16.25     3.81147874e-01      1.77185401e-02
16.26     3.82076379e-01      1.76370374e-02
16.27     3.83003823e-01      1.75446111e-02
16.28     3.83934980e-01      1.74469882e-02
16.29     3.84870909e-01      1.73519636e-02
16.30     3.85810019e-01      1.72671201e-02
16.31     3.86745948e-01      1.71972834e-02
16.32     3.87672863e-01      1.71435139e-02
16.33     3.88583869e-01      1.71019936e-02
16.34     3.89473134e-01      1.70647156e-02
16.35     3.90341718e-01      1.70211803e-02
16.36     3.91193334e-01      1.69619490e-02
16.37     3.92035935e-01      1.68809235e-02
16.38     3.92879597e-01      1.67782099e-02
16.39     3.93731743e-01      1.66596413e-02
16.40     3.94597146e-01      1.65352873e-02
16.41     3.95473685e-01      1.64158914e-02
16.42     3.96358177e-01      1.63099644e-02
16.43     3.97243200e-01      1.62215205e-02
16.44     3.98119739e-01      1.61498013e-02
16.45     3.98980899e-01      1.60891860e-02
16.46     3.99825091e-01      1.60314129e-02
16.47     4.00650724e-01      1.59671599e-02
16.48     4.01462569e-01      1.58881177e-02
16.49     4.02268582e-01      1.57895561e-02
16.50     4.03074594e-01      1.56712314e-02
16.51     4.03890682e-01      1.55380007e-02
16.52     4.04720026e-01      1.53985871e-02
16.53     4.05562097e-01      1.52633095e-02
16.54     4.06412652e-01      1.51410926e-02
16.55     4.07264798e-01      1.50366662e-02
16.56     4.08109521e-01      1.49491184e-02
16.57     4.08940456e-01      1.48722185e-02
16.58     4.09753892e-01      1.47966972e-02
16.59     4.10552481e-01      1.47132537e-02
16.60     4.11340464e-01      1.46154134e-02
16.61     4.12125796e-01      1.45011240e-02
16.62     4.12912188e-01      1.43726551e-02
16.63     4.13706535e-01      1.42352565e-02
16.64     4.14509366e-01      1.40951694e-02
16.65     4.15317499e-01      1.39577549e-02
16.66     4.16130405e-01      1.38263219e-02
16.67     4.16943841e-01      1.37020104e-02
16.68     4.17754626e-01      1.35844015e-02
16.69     4.18560639e-01      1.34723074e-02
16.70     4.19358697e-01      1.33641214e-02
16.71     4.20147211e-01      1.32573937e-02
16.72     4.20925119e-01      1.31481790e-02
16.73     4.21692421e-01      1.30308300e-02
16.74     4.22450710e-01      1.28989886e-02
16.75     4.23206876e-01      1.27475007e-02
16.76     4.23966755e-01      1.25745580e-02
16.77     4.24740421e-01      1.23829710e-02
16.78     4.25532116e-01      1.21798823e-02
16.79     4.26345553e-01      1.19751605e-02
16.80     4.27178609e-01      1.17789707e-02
16.81     4.28027043e-01      1.15994950e-02
16.82     4.28882901e-01      1.14413045e-02
16.83     4.29740880e-01      1.13046748e-02
16.84     4.30590905e-01      1.11861061e-02
16.85     4.31431916e-01      1.10797814e-02
16.86     4.32261790e-01      1.09794328e-02
16.87     4.33080529e-01      1.08800494e-02
16.88     4.33891314e-01      1.07786615e-02
16.89     4.34696796e-01      1.06740814e-02
16.90     4.35497506e-01      1.05662401e-02
16.91     4.36296625e-01      1.04555406e-02
16.92     4.37093623e-01      1.03427519e-02
16.93     4.37891681e-01      1.02291413e-02
16.94     4.38689209e-01      1.01163048e-02
16.95     4.39485677e-01      1.00057274e-02
16.96     4.40278963e-01      9.89800272e-03
16.97     4.41070128e-01      9.79243630e-03
16.98     4.41855990e-01      9.68725698e-03
16.99     4.42637610e-01      9.58020580e-03
17.00     4.43414988e-01      9.46931015e-03
17.01     4.44190244e-01      9.35327087e-03
17.02     4.44966031e-01      9.23151526e-03
17.03     4.45743409e-01      9.10412287e-03
17.04     4.46524499e-01      8.97195804e-03
17.05     4.47313012e-01      8.83694035e-03
17.06     4.48108419e-01      8.70226733e-03
17.07     4.48911781e-01      8.57216525e-03
17.08     4.49720444e-01      8.45109900e-03
17.09     4.50532820e-01      8.34253124e-03
17.10     4.51342544e-01      8.24781417e-03
17.11     4.52145906e-01      8.16547363e-03
17.12     4.52939191e-01      8.09146896e-03
17.13     4.53720281e-01      8.02012095e-03
17.14     4.54489175e-01      7.94568146e-03
17.15     4.55250644e-01      7.86364318e-03
17.16     4.56006811e-01      7.77155095e-03
17.17     4.56762448e-01      7.66915555e-03
17.18     4.57521797e-01      7.55809022e-03
17.19     4.58287508e-01      7.44143052e-03
17.20     4.59062235e-01      7.32331788e-03
17.21     4.59845976e-01      7.20851943e-03
17.22     4.60636610e-01      7.10188186e-03
17.23     4.61431487e-01      7.00754128e-03
17.24     4.62226364e-01      6.92797937e-03
17.25     4.63015938e-01      6.86323324e-03
17.26     4.63794907e-01      6.81056669e-03
17.27     4.64561149e-01      6.76486260e-03
17.28     4.65312013e-01      6.71981605e-03
17.29     4.66050151e-01      6.66944027e-03
17.30     4.66778744e-01      6.60948779e-03
17.31     4.67500973e-01      6.53809205e-03
17.32     4.68221612e-01      6.45556592e-03
17.33     4.68943311e-01      6.36348960e-03
17.34     4.69669253e-01      6.26383571e-03
17.35     4.70399967e-01      6.15846548e-03
17.36     4.71136514e-01      6.04926140e-03
17.37     4.71881545e-01      5.93865740e-03
17.38     4.72634530e-01      5.83003662e-03
17.39     4.73394939e-01      5.72748744e-03
17.40     4.74160651e-01      5.63482252e-03
17.41     4.74926893e-01      5.55423718e-03
17.42     4.75689954e-01      5.48535493e-03
17.43     4.76446651e-01      5.42530170e-03
17.44     4.77195394e-01      5.36984062e-03
17.45     4.77936713e-01      5.31497344e-03
17.46     4.78671139e-01      5.25817608e-03
17.47     4.79401853e-01      5.19863191e-03
17.48     4.80128855e-01      5.13675984e-03
17.49     4.80855327e-01      5.07327576e-03
17.50     4.81580208e-01      5.00868871e-03
17.51     4.82303498e-01      4.94325322e-03
17.52     4.83026788e-01      4.87730337e-03
17.53     4.83750609e-01      4.81152851e-03
17.54     4.84473369e-01      4.74695737e-03
17.55     4.85196128e-01      4.68451792e-03
17.56     4.85917297e-01      4.62457604e-03
17.57     4.86635815e-01      4.56664390e-03
17.58     4.87351151e-01      4.50955488e-03
17.59     4.88064896e-01      4.45207347e-03
17.60     4.88776521e-01      4.39344136e-03
17.61     4.89486554e-01      4.33370630e-03
17.62     4.90197648e-01      4.27367958e-03
17.63     4.90909802e-01      4.21455432e-03
17.64     4.91621957e-01      4.15758197e-03
17.65     4.92333581e-01      4.10370110e-03
17.66     4.93043614e-01      4.05343667e-03
17.67     4.93751526e-01      4.00682582e-03
17.68     4.94456787e-01      3.96349205e-03
17.69     4.95158867e-01      3.92277251e-03
17.70     4.95856173e-01      3.88389832e-03
17.71     4.96549768e-01      3.84615890e-03
17.72     4.97239121e-01      3.80902400e-03
17.73     4.97924232e-01      3.77203227e-03
17.74     4.98605630e-01      3.73470117e-03
17.75     4.99282787e-01      3.69632543e-03
17.76     4.99956232e-01      3.65617858e-03
17.77     5.00627555e-01      3.61364022e-03
17.78     5.01296758e-01      3.56860427e-03
17.79     5.01964369e-01      3.52141012e-03
17.80     5.02631451e-01      3.47269939e-03
17.81     5.03297471e-01      3.42301827e-03
17.82     5.03963492e-01      3.37266370e-03
17.83     5.04628453e-01      3.32189022e-03
17.84     5.05293943e-01      3.27106371e-03
17.85     5.05958373e-01      3.22085231e-03
17.86     5.06621743e-01      3.17190296e-03
17.87     5.07282991e-01      3.12443838e-03
17.88     5.07942648e-01      3.07797070e-03
17.89     5.08598594e-01      3.03142878e-03
17.90     5.09251888e-01      2.98358770e-03
17.91     5.09903062e-01      2.93358841e-03
17.92     5.10552644e-01      2.88118700e-03
17.93     5.11202757e-01      2.82662738e-03
17.94     5.11852339e-01      2.77040270e-03
17.95     5.12502452e-01      2.71303795e-03
17.96     5.13153625e-01      2.65520125e-03
17.97     5.13805859e-01      2.59779938e-03
17.98     5.14459153e-01      2.54200953e-03
17.99     5.15111387e-01      2.48889755e-03
18.00     5.15763090e-01      2.43887175e-03
18.01     5.16411612e-01      2.39131701e-03
18.02     5.17056953e-01      2.34461071e-03
18.03     5.17698051e-01      2.29673781e-03
18.04     5.18336497e-01      2.24605978e-03
18.05     5.18973884e-01      2.19184484e-03
18.06     5.19611270e-01      2.13439524e-03
18.07     5.20249186e-01      2.07470259e-03
18.08     5.20889754e-01      2.01400773e-03
18.09     5.21530852e-01      1.95333408e-03
18.10     5.22174601e-01      1.89337100e-03
18.11     5.22818351e-01      1.83451618e-03
18.12     5.23463161e-01      1.77698651e-03
18.13     5.24107971e-01      1.72094319e-03
18.14     5.24753311e-01      1.66654424e-03
18.15     5.25398651e-01      1.61388247e-03
18.16     5.26042931e-01      1.56297960e-03
18.17     5.26687211e-01      1.51374390e-03
18.18     5.27330430e-01      1.46604175e-03
18.19     5.27972588e-01      1.41972467e-03
18.20     5.28614747e-01      1.37467812e-03
18.21     5.29254785e-01      1.33081831e-03
18.22     5.29893231e-01      1.28808162e-03
18.23     5.30531678e-01      1.24640919e-03
18.24     5.31169064e-01      1.20573843e-03
18.25     5.31805390e-01      1.16600679e-03
18.26     5.32440125e-01      1.12715964e-03
18.27     5.33073269e-01      1.08915191e-03
18.28     5.33706943e-01      1.05194755e-03
18.29     5.34338496e-01      1.01553381e-03
18.30     5.34970049e-01      9.79939877e-04
18.31     5.35600012e-01      9.45278689e-04
18.32     5.36229974e-01      9.11759707e-04
18.33     5.36858876e-01      8.79642231e-04
18.34     5.37486717e-01      8.49136250e-04
18.35     5.38114028e-01      8.20303275e-04
18.36     5.38738688e-01      7.93017633e-04
18.37     5.39362287e-01      7.67023200e-04
18.38     5.39983765e-01      7.42038405e-04
18.39     5.40603652e-01      7.17847426e-04
18.40     5.41221949e-01      6.94340496e-04
18.41     5.41839184e-01      6.71496936e-04
18.42     5.42454829e-01      6.49339548e-04
18.43     5.43069414e-01      6.27907040e-04
18.44     5.43682408e-01      6.07234942e-04
18.45     5.44294341e-01      5.87375219e-04
18.46     5.44905213e-01      5.68406882e-04
18.47     5.45514495e-01      5.50455606e-04
18.48     5.46122186e-01      5.33679941e-04
18.49     5.46728817e-01      5.18227834e-04
18.50     5.47334387e-01      5.04171931e-04
18.51     5.47937835e-01      4.91459205e-04
18.52     5.48539163e-01      4.79895048e-04
18.53     5.49137309e-01      4.69181445e-04
18.54     5.49734925e-01      4.59000765e-04
18.55     5.50329359e-01      4.49092645e-04
18.56     5.50922203e-01      4.39310199e-04
18.57     5.51513455e-01      4.29613657e-04
18.58     5.52102587e-01      4.20044380e-04
18.59     5.52691188e-01      4.10668122e-04
18.60     5.53277138e-01      4.01547455e-04
18.61     5.53863087e-01      3.92721088e-04
18.62     5.54446386e-01      3.84203339e-04
18.63     5.55029154e-01      3.76003223e-04
18.64     5.55610332e-01      3.68149904e-04
18.65     5.56190448e-01      3.60707015e-04
18.66     5.56769505e-01      3.53778490e-04
18.67     5.57346970e-01      3.47491062e-04
18.68     5.57923906e-01      3.41971998e-04
18.69     5.58498720e-01      3.37325760e-04
18.70     5.59073534e-01      3.33635602e-04
18.71     5.59645697e-01      3.30965155e-04
18.72     5.60217329e-01      3.29371160e-04
18.73     5.60786310e-01      3.28896037e-04
18.74     5.61354231e-01      3.29564179e-04
18.75     5.61920030e-01      3.31366041e-04
18.76     5.62483709e-01      3.34255489e-04
18.77     5.63044736e-01      3.38147151e-04
18.78     5.63603642e-01      3.42910048e-04
18.79     5.64159897e-01      3.48368131e-04
18.80     5.64712970e-01      3.54297095e-04
18.81     5.65263922e-01      3.60438168e-04
18.82     5.65812222e-01      3.66542121e-04
18.83     5.66357341e-01      3.72401090e-04
18.84     5.66900339e-01      3.77858642e-04
18.85     5.67441216e-01      3.82780621e-04
18.86     5.67978911e-01      3.86997339e-04
18.87     5.68514485e-01      3.90274416e-04
18.88     5.69047938e-01      3.92338762e-04
18.89     5.69578740e-01      3.92963952e-04
18.90     5.70109011e-01      3.92057188e-04
18.91     5.70637161e-01      3.89704374e-04
18.92     5.71164781e-01      3.86137769e-04
18.93     5.71691871e-01      3.81652204e-04
18.94     5.72217370e-01      3.76506981e-04
18.95     5.72741808e-01      3.70864893e-04
18.96     5.73266247e-01      3.64775257e-04
18.97     5.73789094e-01      3.58197771e-04
18.98     5.74311412e-01      3.51041759e-04
18.99     5.74832138e-01      3.43190562e-04
19.00     5.75351804e-01      3.34530170e-04
19.01     5.75870940e-01      3.24972559e-04
19.02     5.76389545e-01      3.14494927e-04
19.03     5.76907620e-01      3.03174694e-04
19.04     5.77425695e-01      2.91188440e-04
19.05     5.77943240e-01      2.78775849e-04
19.06     5.78460785e-01      2.66177821e-04
19.07     5.78978860e-01      2.53588808e-04
19.08     5.79496405e-01      2.41147952e-04
19.09     5.80013950e-01      2.28959082e-04
19.10     5.80530434e-01      2.17126872e-04
19.11     5.81047979e-01      2.05782087e-04
19.12     5.81564463e-01      1.95077340e-04
19.13     5.82080417e-01      1.85182954e-04
19.14     5.82595841e-01      1.76268297e-04
19.15     5.83110734e-01      1.68468748e-04
19.16     5.83625098e-01      1.61850166e-04
19.17     5.84137870e-01      1.56362547e-04
19.18     5.84648521e-01      1.51816318e-04
19.19     5.85157582e-01      1.47902438e-04
19.20     5.85665052e-01      1.44252263e-04
19.21     5.86170400e-01      1.40521167e-04
19.22     5.86674688e-01      1.36451494e-04
19.23     5.87177385e-01      1.31898796e-04
19.24     5.87678492e-01      1.26828553e-04
19.25     5.88178538e-01      1.21294482e-04
19.26     5.88679114e-01      1.15414727e-04
19.27     5.89177569e-01      1.09341901e-04
19.28     5.89676024e-01      1.03225698e-04
19.29     5.90173949e-01      9.71745063e-05
19.30     5.90670813e-01      9.12366867e-05
19.31     5.91166617e-01      8.54169056e-05
19.32     5.91662421e-01      7.97240183e-05
19.33     5.92157164e-01      7.42229833e-05
19.34     5.92650846e-01      6.90573449e-05
19.35     5.93144529e-01      6.44224550e-05
19.36     5.93637681e-01      6.04990303e-05
19.37     5.94129243e-01      5.73766335e-05
19.38     5.94619744e-01      5.50030858e-05
19.39     5.95108124e-01      5.31825582e-05
19.40     5.95595974e-01      5.16236665e-05
19.41     5.96081702e-01      5.00224061e-05
19.42     5.96566370e-01      4.81487983e-05
19.43     5.97049978e-01      4.59073413e-05
19.44     5.97531994e-01      4.33473502e-05
19.45     5.98014011e-01      4.06245288e-05
19.46     5.98493906e-01      3.79316199e-05
19.47     5.98974863e-01      3.54324934e-05
19.48     5.99453167e-01      3.32217444e-05
19.49     5.99930942e-01      3.13167976e-05
19.50     6.00408186e-01      2.96719171e-05
19.51     6.00884370e-01      2.81983195e-05
19.52     6.01358963e-01      2.67824897e-05
19.53     6.01831965e-01      2.53023856e-05
19.54     6.02304436e-01      2.36459717e-05
19.55     6.02775317e-01      2.17339352e-05
19.56     6.03245668e-01      1.95423289e-05
19.57     6.03715489e-01      1.71160140e-05
19.58     6.04184779e-01      1.45635953e-05
19.59     6.04652478e-01      1.20318942e-05
19.60     6.05120177e-01      9.66869218e-06
19.61     6.05587346e-01      7.58667184e-06
19.62     6.06053455e-01      5.84318204e-06
19.63     6.06518503e-01      4.44026963e-06
19.64     6.06982490e-01      3.34073341e-06
19.65     6.07446478e-01      2.49012990e-06
19.66     6.07908344e-01      1.83492184e-06
19.67     6.08369680e-01      1.33188999e-06
19.68     6.08829956e-01      9.49576539e-07
19.69     6.09288640e-01      6.65082244e-07
19.70     6.09746795e-01      4.60051763e-07
19.71     6.10203889e-01      3.17979605e-07
19.72     6.10659922e-01      2.23437313e-07
19.73     6.11114895e-01      1.62615772e-07
19.74     6.11569338e-01      1.24196551e-07
19.75     6.12022189e-01      9.98007282e-08
19.76     6.12473981e-01      8.37885483e-08
19.77     6.12925772e-01      7.26285634e-08
19.78     6.13375972e-01      6.42033999e-08
19.79     6.13824582e-01      5.72856389e-08
19.80     6.14273722e-01      5.12166302e-08
19.81     6.14720740e-01      4.56923692e-08
19.82     6.15167759e-01      4.05832578e-08
19.83     6.15613187e-01      3.57968164e-08
19.84     6.16057554e-01      3.12225843e-08
19.85     6.16505103e-01      2.67596084e-08
19.86     6.16959546e-01      2.23779073e-08
19.87     6.17444744e-01      1.81431390e-08
19.88     6.18029634e-01      1.41889638e-08
19.89     6.18902460e-01      1.06615245e-08
19.90     6.20517136e-01      7.67104332e-09
19.91     6.23831863e-01      5.26859379e-09
19.92     6.30608200e-01      3.44453615e-09
19.93     6.43605682e-01      2.13920374e-09
19.94     6.66379776e-01      1.26057857e-09
19.95     7.02384140e-01      7.04605701e-10
19.96     7.53346930e-01      3.73625274e-10
19.97     8.17492795e-01      1.87822168e-10
19.98     8.88657173e-01      8.93362737e-11
19.99     9.57285476e-01      4.00582414e-11
20.00     1.01334111e+00      1.68162410e-11
