0.00000 0.0
0.01000 0.0
0.02000 0.0
0.03000 0.0
0.04000 0.0
0.05000 0.0
0.06000 0.0
0.07000 0.0
0.08000 0.0
0.09000 0.0
0.10000 0.0
0.11000 0.0
0.12000 0.0
0.13000 0.0
0.14000 0.0
0.15000 0.0
0.16000 0.0
0.17000 0.0
0.18000 0.0
0.19000 0.0
0.20000 0.0
0.21000 0.0
0.22000 0.0
0.23000 0.0
0.24000 0.0
0.25000 0.0
0.26000 0.0
0.27000 0.0
0.28000 0.0
0.29000 0.0
0.30000 0.0
0.31000 0.0
0.32000 0.0
0.33000 0.0
0.34000 0.0
0.35000 0.0
0.36000 0.0
0.37000 0.0
0.38000 0.0
0.39000 0.0
0.40000 0.0
0.41000 0.0
0.42000 0.0
0.43000 0.0
0.44000 0.0
0.45000 0.0
0.46000 0.0
0.47000 9.360269489398014e-45
0.48000 2.1260909330922082e-43
0.49000 1.7877012152608185e-42
0.50000 1.0714354503647622e-41
0.51000 5.49805834929194e-41
0.52000 2.5493438175479945e-40
0.53000 1.096749123517869e-39
0.54000 4.4450475777054684e-39
0.55000 1.707335534309671e-38
0.56000 6.231530252973464e-38
0.57000 2.1641647081755315e-37
0.58000 7.15743578246806e-37
0.59000 2.2556218066705832e-36
0.60000 6.77664903363974e-36
0.61000 1.9416716218999095e-35
0.62000 5.307695223652883e-35
0.63000 1.3847442770602562e-34
0.64000 3.448525104582131e-34
0.65000 8.202225061073773e-34
0.66000 1.863922323049841e-33
0.67000 4.0486615612518914e-33
0.68000 8.409356337528117e-33
0.69000 1.6709180716876922e-32
0.70000 3.1772630876134787e-32
0.71000 5.783941211916471e-32
0.72000 1.0083448743687086e-31
0.73000 1.683828477027528e-31
0.74000 2.693508198221912e-31
0.75000 4.126628475363583e-31
0.76000 6.051920114333505e-31
0.77000 8.486658219918531e-31
0.78000 1.1357988059511743e-30
0.79000 1.4461755794104807e-30
0.80000 1.7430016022835476e-30
0.81000 1.9724491647914177e-30
0.82000 2.0679440771741114e-30
0.83000 1.9627754564737273e-30
0.84000 1.6145375737988093e-30
0.85000 1.0449431637876189e-30
0.86000 3.967058625486406e-31
0.87000 4.620346701286467e-33
0.88000 4.709405434103603e-31
0.89000 2.7240736496943852e-30
0.90000 8.028157265670747e-30
0.91000 1.7900832816201687e-29
0.92000 3.389425585940655e-29
0.93000 5.721187467053924e-29
0.94000 8.816143347175513e-29
0.95000 1.2550409968109713e-28
0.96000 1.6584769747952892e-28
0.97000 2.0329295001718135e-28
0.98000 2.2962752283269276e-28
0.99000 2.3543746414001745e-28
1.00000 2.125111688715593e-28
1.01000 1.5804438055543784e-28
1.02000 8.114149309347751e-29
1.03000 1.2465035224484879e-29
1.04000 1.8163536739384437e-29
1.05000 2.198032357271918e-28
1.06000 8.226652068993781e-28
1.07000 2.155311024960369e-27
1.08000 4.723303281977562e-27
1.09000 9.279334586860803e-27
1.10000 1.690909016139884e-26
1.11000 2.912789861608011e-26
1.12000 4.7975971243053166e-26
1.13000 7.609196242743891e-26
1.14000 1.1673357082111805e-25
1.15000 1.737175737134502e-25
1.16000 2.5123727151625957e-25
1.17000 3.535548563306319e-25
1.18000 4.84563820526273e-25
1.19000 6.472906539969526e-25
1.20000 8.4336779662774e-25
1.21000 1.0726486177543812e-24
1.22000 1.3330297137501342e-24
1.23000 1.6205143359317252e-24
1.24000 1.9296203252101346e-24
1.25000 2.2540428885318648e-24
1.26000 2.587389972222612e-24
1.27000 2.9240103701034665e-24
1.28000 3.2595124509392958e-24
1.29000 3.591185392019622e-24
1.30000 3.917991251457649e-24
1.31000 4.24030798231304e-24
1.32000 4.559494599328528e-24
1.33000 4.877230499928302e-24
1.34000 5.1949402763915084e-24
1.35000 5.5132962955598686e-24
1.36000 5.831784632858556e-24
1.37000 6.1486227039059816e-24
1.38000 6.460713768174687e-24
1.39000 6.763910959013778e-24
1.40000 7.053722749188149e-24
1.41000 7.325673411948529e-24
1.42000 7.576345986097337e-24
1.43000 7.804216839585755e-24
1.44000 8.010472777558682e-24
1.45000 8.199811854810196e-24
1.46000 8.380958961451185e-24
1.47000 8.566939232531556e-24
1.48000 8.775130505227517e-24
1.49000 9.027034272440124e-24
1.50000 9.347644640535187e-24
1.51000 9.765040391924012e-24
1.52000 1.0309545365413808e-23
1.53000 1.1013211898842077e-23
1.54000 1.190860771920975e-23
1.55000 1.3027947268756242e-23
1.56000 1.4401431482837226e-23
1.57000 1.6055537007836758e-23
1.58000 1.801143285263245e-23
1.59000 2.028269780047977e-23
1.60000 2.2874146028241093e-23
1.61000 2.5780369477722205e-23
1.62000 2.898437017242951e-23
1.63000 3.245628946667896e-23
1.64000 3.6151620303781044e-23
1.65000 4.0008359496042004e-23
1.66000 4.394456843701918e-23
1.67000 4.7855727433476256e-23
1.68000 5.161398154009154e-23
1.69000 5.507090015520218e-23
1.70000 5.806429103051429e-23
1.71000 6.04295624259849e-23
1.72000 6.201657780677595e-23
1.73000 6.270582775912877e-23
1.74000 6.242551137605524e-23
1.75000 6.11643343862814e-23
1.76000 5.897427021860526e-23
1.77000 5.59680444747946e-23
1.78000 5.2305861410597193e-23
1.79000 4.8178836033661065e-23
1.80000 4.3788960484866595e-23
1.81000 3.933069221104838e-23
1.82000 3.497668158428712e-23
1.83000 3.0869159366251655e-23
1.84000 2.711490457314795e-23
1.85000 2.378674060540019e-23
1.86000 2.0925954464587347e-23
1.87000 1.8548152570262312e-23
1.88000 1.6649272430440532e-23
1.89000 1.5212164637094834e-23
1.90000 1.421115092400622e-23
1.91000 1.361761610580153e-23
1.92000 1.340262436768474e-23
1.93000 1.3537736050954148e-23
1.94000 1.3994939752702412e-23
1.95000 1.47459363343686e-23
1.96000 1.5761259905985976e-23
1.97000 1.7011571201604787e-23
1.98000 1.8470110947111642e-23
1.99000 2.0118402918211412e-23
2.00000 2.1952074440518358e-23
2.01000 2.3987378620966848e-23
2.02000 2.6266758937574753e-23
2.03000 2.886005652515357e-23
2.04000 3.1871016093403686e-23
2.05000 3.542823265840225e-23
2.06000 3.969028349007659e-23
2.07000 4.483523311681351e-23
2.08000 5.1054934671659685e-23
2.09000 5.85394939338733e-23
2.10000 6.74661654288251e-23
2.11000 7.797346014210583e-23
2.12000 9.013344862128424e-23
2.13000 1.0392518821484715e-22
2.14000 1.1920269806716088e-22
2.15000 1.3566641758106246e-22
2.16000 1.5284609917263896e-22
2.17000 1.7009522102670077e-22
2.18000 1.8660859049133104e-22
2.19000 2.0146689010558463e-22
2.20000 2.1368935235078715e-22
2.21000 2.2232424838486967e-22
2.22000 2.265721440872229e-22
2.23000 2.258372331739862e-22
2.24000 2.1985997392468667e-22
2.25000 2.087385405068138e-22
2.26000 1.9296154446749491e-22
2.27000 1.7334469820901494e-22
2.28000 1.5097487251766068e-22
2.29000 1.270896121119955e-22
2.30000 1.0295852582455154e-22
2.31000 7.977016156016246e-23
2.32000 5.854112073828809e-23
2.33000 4.00629891328623e-23
2.34000 2.487817520282203e-23
2.35000 1.3285749436721576e-23
2.36000 5.370527572047593e-24
2.37000 1.0390942865096651e-24
2.38000 5.613603879547487e-26
2.39000 2.074513886715227e-24
2.40000 6.65696976751439e-24
2.41000 1.3289071118107708e-23
2.42000 2.1388478758452588e-23
2.43000 3.031314687922523e-23
2.44000 3.937365874051992e-23
2.45000 4.78562089643829e-23
2.46000 5.505398283021077e-23
2.47000 6.031347461919251e-23
2.48000 6.308311036796169e-23
2.49000 6.297970484570385e-23
2.50000 5.984421299670692e-23
2.51000 5.379745163029257e-23
2.52000 4.527450481631037e-23
2.53000 3.503842432576888e-23
2.54000 2.4144463083765423e-23
2.55000 1.387838363568874e-23
2.56000 5.63717608018476e-24
2.57000 7.862195086635657e-25
2.58000 4.98033034571637e-25
2.59000 5.60429442851246e-24
2.60000 1.648762028530531e-23
2.61000 3.303369494570693e-23
2.62000 5.465119629434584e-23
2.63000 8.035578182482502e-23
2.64000 1.088956061161779e-22
2.65000 1.3889096766635628e-22
2.66000 1.6897146891474708e-22
2.67000 1.9787221181312799e-22
2.68000 2.2451532169830893e-22
2.69000 2.480251837311474e-22
2.70000 2.677404806162718e-22
2.71000 2.831737635811167e-22
2.72000 2.939679407525709e-22
2.73000 2.9984117549924916e-22
2.74000 3.0052686960502293e-22
2.75000 2.9572081822233093e-22
2.76000 2.8511255962607383e-22
2.77000 2.683839881882208e-22
2.78000 2.4537124068415068e-22
2.79000 2.162208279827774e-22
2.80000 1.8165595331167398e-22
2.81000 1.4319987603743545e-22
2.82000 1.0332587945530541e-22
2.83000 6.53895420858494e-23
2.84000 3.3283907470202624e-23
2.85000 1.0754592421029057e-23
2.86000 5.053912685934925e-25
2.87000 3.31208764861073e-24
2.88000 1.7503646442295025e-23
2.89000 3.909852781544095e-23
2.90000 6.267335976261428e-23
2.91000 8.275911222732054e-23
2.92000 9.530920506370584e-23
2.93000 9.860578149641246e-23
2.94000 9.327063401187848e-23
2.95000 8.14958758805258e-23
2.96000 6.596790526172851e-23
2.97000 4.900814760814349e-23
2.98000 3.216428941416095e-23
2.99000 1.65346426370126e-23
3.00000 4.0708163273697745e-24
3.01000 5.859041424565396e-25
3.02000 2.2287398824081584e-23
3.03000 1.094167267628578e-22
3.04000 3.532075461393617e-22
3.05000 9.456907810907703e-22
3.06000 2.2650808264714565e-21
3.07000 5.010063823516691e-21
3.08000 1.039167168813289e-20
3.09000 2.037449515734494e-20
3.10000 3.792925265275693e-20
3.11000 6.721542404016818e-20
3.12000 1.135654998920195e-19
3.13000 1.8310799678519436e-19
3.14000 2.819131417426682e-19
3.15000 4.146036634760819e-19
3.16000 5.825404664023796e-19
3.17000 7.820167573707364e-19
3.18000 1.0028486556594742e-18
3.19000 1.2281280139360022e-18
3.20000 1.4355923915671145e-18
3.21000 1.6005298972642293e-18
3.22000 1.7001843004165168e-18
3.23000 1.718504267314442e-18
3.24000 1.649749509809483e-18
3.25000 1.500787111690355e-18
3.26000 1.2899051247946371e-18
3.27000 1.0433646289847655e-18
3.28000 7.901738105857341e-19
3.29000 5.563840047631826e-19
3.30000 3.6059156859349006e-19
3.31000 2.11854189580413e-19
3.32000 1.1003924954072358e-19
3.33000 4.826086416824283e-20
3.34000 1.6159356555421333e-20
3.35000 3.0366962780731698e-21
3.36000 9.22834302738044e-24
3.37000 9.614894222614751e-22
3.38000 2.4830422179206008e-21
3.39000 3.210123267708419e-21
3.40000 2.997574604980412e-21
3.41000 2.2170597867789232e-21
3.42000 1.3071178238383508e-21
3.43000 5.688122073032779e-22
3.44000 1.312722447811895e-22
3.45000 8.422335069569507e-26
3.46000 1.2337895040126898e-22
3.47000 4.419481797105384e-22
3.48000 9.142343838340016e-22
3.49000 1.5203773555204032e-21
3.50000 2.2531432048608855e-21
3.51000 3.1025642095363547e-21
3.52000 4.039407480524912e-21
3.53000 5.003598150659918e-21
3.54000 5.901150819136265e-21
3.55000 6.61518377261124e-21
3.56000 7.030011934686532e-21
3.57000 7.062024432328458e-21
3.58000 6.6850598428160456e-21
3.59000 5.942197603002678e-21
3.60000 4.9377419789867125e-21
3.61000 3.813003389549896e-21
3.62000 2.71370487441474e-21
3.63000 1.7592254214865743e-21
3.64000 1.021486504025301e-21
3.65000 5.182448876219709e-22
3.66000 2.2114554541741086e-22
3.67000 7.450259841611817e-23
3.68000 1.7581660365233815e-23
3.69000 2.1858941048954052e-24
3.70000 4.431172011671197e-26
3.71000 8.117825339673936e-27
3.72000 4.2935721789285676e-26
3.73000 2.258947689756765e-27
3.74000 3.643349047261921e-25
3.75000 1.5093447333169994e-24
3.76000 2.7611564883878204e-24
3.77000 2.8946471811727623e-24
3.78000 1.570396775138218e-24
3.79000 1.1481840108626117e-25
3.80000 8.56339875225831e-25
3.81000 5.610043500530668e-24
3.82000 1.4498344197776532e-23
3.83000 2.5834949697579898e-23
3.84000 3.694534115067337e-23
3.85000 4.528751544428239e-23
3.86000 4.9270695368536986e-23
3.87000 4.8525150612745223e-23
3.88000 4.3708475274352336e-23
3.89000 3.609214400467139e-23
3.90000 2.714939532957935e-23
3.91000 1.8240315733613174e-23
3.92000 1.0455258568095619e-23
3.93000 4.565900712308792e-24
3.94000 1.0283057463704439e-24
3.95000 1.0120296748362918e-26
3.96000 1.3545396848966345e-24
3.97000 4.451833657656007e-24
3.98000 8.000750912072456e-24
3.99000 9.790595685151194e-24
4.00000 7.21657154819582e-24
4.01000 9.18991189745861e-25
4.02000 8.604160452118535e-24
4.03000 1.075709312395684e-22
4.04000 5.503804492568485e-22
4.05000 2.051611148127466e-21
4.06000 6.443419559666449e-21
4.07000 1.8064259625717817e-20
4.08000 4.648487272938802e-20
4.09000 1.1144688768808652e-19
4.10000 2.510755909105411e-19
4.11000 5.342265994990057e-19
4.12000 1.0768144447203873e-18
4.13000 2.0596720358347386e-18
4.14000 3.7415226346127e-18
4.15000 6.455771863397364e-18
4.16000 1.0576030832213367e-17
4.17000 1.6437132543362134e-17
4.18000 2.4209799178157377e-17
4.19000 3.3748982918206176e-17
4.20000 4.446854770391755e-17
4.21000 5.530845045758494e-17
4.22000 6.48556006154755e-17
4.23000 7.162724173820267e-17
4.24000 7.444356685086139e-17
4.25000 7.277276622966308e-17
4.26000 6.689402251317445e-17
4.27000 5.782067145174379e-17
4.28000 4.700568902076602e-17
4.29000 3.595388150094435e-17
4.30000 2.588545242665911e-17
4.31000 1.75477952605673e-17
4.32000 1.1200948740236695e-17
4.33000 6.7287165090180174e-18
4.34000 3.798424559908101e-18
4.35000 2.0087079159340688e-18
4.36000 9.893120397033454e-19
4.37000 4.48933599854034e-19
4.38000 1.8392595528282179e-19
4.39000 6.527319450446302e-20
4.40000 1.8193210629755628e-20
4.41000 2.8943252816026258e-21
4.42000 1.544241152426853e-24
4.43000 9.878887350200772e-22
4.44000 2.5707108345596763e-21
4.45000 3.748367514038681e-21
4.46000 4.3828904951448684e-21
4.47000 4.593706077139212e-21
4.48000 4.53291525461817e-21
4.49000 4.321176274061417e-21
4.50000 4.0409729480943946e-21
4.51000 3.7454951205292245e-21
4.52000 3.467866239481478e-21
4.53000 3.22863608446411e-21
4.54000 3.040063049297949e-21
4.55000 2.9080495442764657e-21
4.56000 2.834524147988503e-21
4.57000 2.8173787697154337e-21
4.58000 2.850706758840469e-21
4.59000 2.9246541745365493e-21
4.60000 3.0258485674730485e-21
4.61000 3.13741778596838e-21
4.62000 3.2408513492066177e-21
4.63000 3.3180687249527796e-21
4.64000 3.353713086731666e-21
4.65000 3.3371085391772813e-21
4.66000 3.2635268456514843e-21
4.67000 3.1343534301887655e-21
4.68000 2.9561826639312497e-21
4.69000 2.739346897229925e-21
4.70000 2.496302593785508e-21
4.71000 2.2397642603178407e-21
4.72000 1.981546361009571e-21
4.73000 1.73159117266112e-21
4.74000 1.4974525386167057e-21
4.75000 1.2840755103177687e-21
4.76000 1.0941000421154098e-21
4.77000 9.280203080233588e-22
4.78000 7.847679777377167e-22
4.79000 6.622081540414932e-22
4.80000 5.575669084409845e-22
4.81000 4.679584078536054e-22
4.82000 3.907555356996905e-22
4.83000 3.2378854359962024e-22
4.84000 2.6547855412855164e-22
4.85000 2.1480623326194963e-22
4.86000 1.7117985386673706e-22
4.87000 1.3424778017111107e-22
4.88000 1.0370265765767081e-22
4.89000 7.913343873839568e-23
4.90000 5.995771779852002e-23
4.91000 4.544137359076553e-23
4.92000 3.476627296212225e-23
4.93000 2.712111576121832e-23
4.94000 2.1774584782117465e-23
4.95000 1.8118770044854583e-23
4.96000 1.5682568909039271e-23
4.97000 1.4120482535763662e-23
4.98000 1.3194498717263167e-23
4.99000 1.2754794586135964e-23
5.00000 1.2724303840809051e-23
5.01000 1.3090195562625202e-23
5.02000 1.3894883592691204e-23
5.03000 1.523935314000232e-23
5.04000 1.728418372860139e-23
5.05000 2.0258774243571098e-23
5.06000 2.4475957010460988e-23
5.07000 3.035564482723643e-23
5.08000 3.846613412719514e-23
5.09000 4.959367915789465e-23
5.10000 6.485881200788517e-23
5.11000 8.590263075699723e-23
5.12000 1.151605902830626e-22
5.13000 1.562285121397053e-22
5.14000 2.1431274295442537e-22
5.15000 2.966789173216551e-22
5.16000 4.12980577971893e-22
5.17000 5.751623817658147e-22
5.18000 7.966716700888261e-22
5.19000 1.0906286320839891e-21
5.20000 1.4667805955508305e-21
5.21000 1.927582644316623e-21
5.22000 2.4641171653806594e-21
5.23000 3.0528912774133035e-21
5.24000 3.6551709206053054e-21
5.25000 4.219937947742183e-21
5.26000 4.6902129134576604e-21
5.27000 5.012462312701514e-21
5.28000 5.146633367287625e-21
5.29000 5.074318011253766e-21
5.30000 4.8028487182925536e-21
5.31000 4.363715282398395e-21
5.32000 3.8061950102444465e-21
5.33000 3.187995644796073e-21
5.34000 2.5649984910846133e-21
5.35000 1.9833152721976405e-21
5.36000 1.474483548774743e-21
5.37000 1.05446844107136e-21
5.38000 7.256604711689283e-22
5.39000 4.806307487162284e-22
5.40000 3.0631022147664898e-22
5.41000 1.876686037820523e-22
5.42000 1.10308520076418e-22
5.43000 6.196316709081362e-23
5.44000 3.3039523651772346e-23
5.45000 1.6532647787934426e-23
5.46000 7.615337477820381e-24
5.47000 3.1218724961946516e-24
5.48000 1.0676013584053377e-24
5.49000 2.6241486849380265e-25
5.50000 2.722790800496387e-26
5.51000 1.675755488169691e-27
5.52000 1.7686867406402797e-26
5.53000 1.8219518434363394e-26
5.54000 4.662860957423319e-27
5.55000 2.2276205890274026e-27
5.56000 3.697988338356241e-26
5.57000 1.2105114623075742e-25
5.58000 2.444628838418301e-25
5.59000 3.734162991419252e-25
5.60000 4.564698458414968e-25
5.61000 4.411639452658626e-25
5.62000 3.0425511705102674e-25
5.63000 9.781804078541068e-26
5.64000 5.873254635030995e-27
5.65000 4.0559771364256638e-25
5.66000 1.908717949638656e-24
5.67000 5.3567442296009065e-24
5.68000 1.1739484347483739e-23
5.69000 2.2016723210415322e-23
5.70000 3.6849858010033445e-23
5.71000 5.628752166528679e-23
5.72000 7.949166308400405e-23
5.73000 1.0461302522554646e-22
5.74000 1.2890970216610317e-22
5.75000 1.49147983730944e-22
5.76000 1.6223117164847369e-22
5.77000 1.659022668525373e-22
5.78000 1.593126306938596e-22
5.79000 1.432755878657534e-22
5.80000 1.2012469099669714e-22
5.81000 9.318307466544975e-23
5.82000 6.604169457464661e-23
5.83000 4.1832567559000373e-23
5.84000 2.2708007781052613e-23
5.85000 9.61673136878525e-24
5.86000 2.3858969492545453e-24
5.87000 2.2143877321310923e-26
5.88000 1.106301952446229e-24
5.89000 4.16402830962453e-24
5.90000 7.93471207254152e-24
5.91000 1.1510547560740376e-23
5.92000 1.4359976244805867e-23
5.93000 1.6271755017376595e-23
5.94000 1.7262432452386898e-23
5.95000 1.7480490355975058e-23
5.96000 1.712720077009987e-23
5.97000 1.6403282113100085e-23
5.98000 1.547840973333689e-23
5.99000 1.447923666988953e-23
6.00000 1.348905361652239e-23
6.01000 1.2553726598006358e-23
6.02000 1.1690020537424725e-23
6.03000 1.0893642269758333e-23
6.04000 1.014736522949118e-23
6.05000 9.427371136785944e-24
6.06000 8.70911304431914e-24
6.07000 7.972656403818726e-24
6.08000 7.206099870074475e-24
6.09000 6.4087800845227774e-24
6.10000 5.590235118529804e-24
6.11000 4.770869490292361e-24
6.12000 3.9766227036140074e-24
6.13000 3.2348573933088268e-24
6.14000 2.5693997571143646e-24
6.15000 1.9967648802879725e-24
6.16000 1.5242455613989402e-24
6.17000 1.15002071691165e-24
6.18000 8.651618627418364e-25
6.19000 6.564239489850431e-25
6.20000 5.091517172110383e-25
6.21000 4.0966011728853775e-25
6.22000 3.466305088363563e-25
6.23000 3.118188242142276e-25
6.24000 3.001391565238423e-25
6.25000 3.095538633074915e-25
6.26000 3.410327233909928e-25
6.27000 3.9863080878656023e-25
6.28000 4.897729150175947e-25
6.29000 6.25459443708204e-25
6.30000 8.201380184970399e-25
6.31000 1.0907109178420712e-24
6.32000 1.4539900423595485e-24
6.33000 1.9225878908671482e-24
6.34000 2.499203324584794e-24
6.35000 3.1706060513289133e-24
6.36000 3.903463130762978e-24
6.37000 4.6440714946882244e-24
6.38000 5.323895178208924e-24
6.39000 5.870761535744766e-24
6.40000 6.223265962743359e-24
6.41000 6.344156767692548e-24
6.42000 6.229107957871003e-24
6.43000 5.90656205251854e-24
6.44000 5.430554185277553e-24
6.45000 4.867653202576873e-24
6.46000 4.283406482829224e-24
6.47000 3.731429011988693e-24
6.48000 3.247974264379561e-24
6.49000 2.8513090113564663e-24
6.50000 2.5449853856283305e-24
6.51000 2.3224184910506657e-24
6.52000 2.171077454728538e-24
6.53000 2.075806851998696e-24
6.54000 2.0205365581948553e-24
6.55000 1.989781987932249e-24
6.56000 1.9691847353411903e-24
6.57000 1.946512863939395e-24
6.58000 1.912098029922433e-24
6.59000 1.859354343708615e-24
6.60000 1.784748975366197e-24
6.61000 1.687495355744656e-24
6.62000 1.5690367293440589e-24
6.63000 1.4324595299339482e-24
6.64000 1.281794681326906e-24
6.65000 1.1216384242006768e-24
6.66000 9.568031044426018e-25
6.67000 7.920908375088051e-25
6.68000 6.323311492983945e-25
6.69000 4.822931176919836e-25
6.70000 3.466079712624857e-25
6.71000 2.296393415656676e-25
6.72000 1.3506205207072822e-25
6.73000 6.541523620161039e-26
6.74000 2.1505491249874273e-26
6.75000 1.8800300228333177e-27
6.76000 2.5457750048432695e-27
6.77000 1.7126251413323362e-26
6.78000 3.7593903485618317e-26
6.79000 5.558169856858249e-26
6.80000 6.41273914083733e-26
6.81000 5.95046970956904e-26
6.82000 4.269407871002353e-26
6.83000 2.0011735826991622e-26
6.84000 2.516374262463951e-27
6.85000 4.084496141359203e-27
6.86000 3.833263544350514e-26
6.87000 1.1495556779125587e-25
6.88000 2.3630896325553364e-25
6.89000 3.9520703967080826e-25
6.90000 5.746689257337847e-25
6.91000 7.501171340146439e-25
6.92000 8.937658932192689e-25
6.93000 9.8040028611695e-25
6.94000 9.93159447685802e-25
6.95000 9.278658430469255e-25
6.96000 7.94592914975073e-25
6.97000 6.1591701436047835e-25
6.98000 4.2203829677602745e-25
6.99000 2.441121415331315e-25
7.00000 1.0738079053503453e-25
7.01000 2.587069382213139e-26
7.02000 1.6276515309561498e-29
7.03000 1.760992796883939e-26
7.04000 5.773255471516955e-26
7.05000 9.665351657955776e-26
7.06000 1.1441262607042166e-25
7.07000 1.0089729940016046e-25
7.08000 6.050559079992462e-26
7.09000 1.4829286662661468e-26
7.10000 3.0048819431929735e-27
7.11000 7.950278702837629e-26
7.12000 3.091898587986536e-25
7.13000 7.596318239073528e-25
7.14000 1.4910610757964584e-24
7.15000 2.54480417958448e-24
7.16000 3.931947807359534e-24
7.17000 5.6242717041539984e-24
7.18000 7.549913470002992e-24
7.19000 9.595391738954676e-24
7.20000 1.1614979541057721e-23
7.21000 1.344739134790147e-23
7.22000 1.4935961862130332e-23
7.23000 1.5951541781132525e-23
7.24000 1.6411019741795347e-23
7.25000 1.6290604024432418e-23
7.26000 1.5628427631672906e-23
7.27000 1.451714968118729e-23
7.28000 1.3087157103233766e-23
7.29000 1.1484603507538657e-23
7.30000 9.849397507375241e-24
7.31000 8.296511772251932e-24
7.32000 6.90574105709526e-24
7.33000 5.720011581833214e-24
7.34000 4.7496400323373084e-24
7.35000 3.981534008988028e-24
7.36000 3.3886399690600706e-24
7.37000 2.9378788728757883e-24
7.38000 2.5958502635050475e-24
7.39000 2.3319476279023848e-24
7.40000 2.11994351358796e-24
7.41000 1.9385867316276827e-24
7.42000 1.771827832944266e-24
7.43000 1.6088975191893306e-24
7.44000 1.4441292170206204e-24
7.45000 1.2763463363884427e-24
7.46000 1.1080271656188754e-24
7.47000 9.439093153888728e-25
7.48000 7.895455427676546e-25
7.49000 6.500020177232619e-25
7.50000 5.288243317949142e-25
7.51000 4.275464351459713e-25
7.52000 3.458013932939825e-25
7.53000 2.8163903534053856e-25
7.54000 2.3216292086443513e-25
7.55000 1.940520738681643e-25
7.56000 1.6398266572596858e-25
7.57000 1.3886696889894068e-25
7.58000 1.1603612586981913e-25
7.59000 9.340941529770039e-26
7.60000 6.97733892152876e-26
7.61000 4.5200928377340674e-26
7.62000 2.1697992649071383e-26
7.63000 4.145715216451753e-27
7.64000 1.6116692627983218e-27
7.65000 2.9030488441379014e-26
7.66000 1.0908105906484576e-25
7.67000 2.73774761319391e-25
7.68000 5.648451034042778e-25
7.69000 1.0316512490160456e-24
7.70000 1.725280105671445e-24
7.71000 2.688015230381299e-24
7.72000 3.9389559437661786e-24
7.73000 5.4582278500643045e-24
7.74000 7.17492301122125e-24
7.75000 8.964147109696856e-24
7.76000 1.065791556033932e-23
7.77000 1.206956721244944e-23
7.78000 1.3028766699993778e-23
7.79000 1.341600006086244e-23
7.80000 1.3188768839288106e-23
7.81000 1.2389108110214212e-23
7.82000 1.1132342524254196e-23
7.83000 9.579962596703642e-24
7.84000 7.905800603932543e-24
7.85000 6.2656041181882554e-24
7.86000 4.775465683969165e-24
7.87000 3.504389636108924e-24
7.88000 2.4771550512814897e-24
7.89000 1.685317146477505e-24
7.90000 1.0997842785116203e-24
7.91000 6.82959827327736e-25
7.92000 3.97042320426989e-25
7.93000 2.0912602636496887e-25
7.94000 9.296629781747675e-26
7.95000 2.88724585199059e-26
7.96000 2.486513296678517e-27
7.97000 3.24817473534607e-27
7.98000 2.298143644577731e-26
7.99000 5.484853978455776e-26
8.00000 9.275471716895503e-26
8.01000 1.3117489518955384e-25
8.02000 1.652951001954857e-25
8.03000 1.9133331307399381e-25
8.04000 2.0683707942662204e-25
8.05000 2.1088262870450212e-25
8.06000 2.0404810561091537e-25
8.07000 1.8818505848927222e-25
8.08000 1.6599257020911895e-25
8.09000 1.4051580652176082e-25
8.10000 1.14624560496667e-25
8.11000 9.064634835899019e-26
8.12000 7.012662883613376e-26
8.13000 5.380470481889294e-26
8.14000 4.1736382886731023e-26
8.15000 3.3538996090629384e-26
8.16000 2.864858333748699e-26
8.17000 2.653677131156326e-26
8.18000 2.683004675513044e-26
8.19000 2.932914770136572e-26
8.20000 3.394826461213622e-26
8.21000 4.0612266563169115e-26
8.22000 4.915281753447715e-26
8.23000 5.923806233792346e-26
8.24000 7.034257216667698e-26
8.25000 8.178378594578165e-26
8.26000 9.278559569591229e-26
8.27000 1.0258780463979786e-25
8.28000 1.1055563532493503e-25
8.29000 1.1627915959890938e-25
8.30000 1.1964104927550458e-25
8.31000 1.2082759083594857e-25
8.32000 1.20278678507768e-25
8.33000 1.185980320509882e-25
8.34000 1.164447279308585e-25
8.35000 1.144111204150864e-25
8.36000 1.1293982659077628e-25
8.37000 1.122684369954488e-25
8.38000 1.1239238289697963e-25
8.39000 1.1307725720412595e-25
8.40000 1.1387605995356148e-25
8.41000 1.14196449027857e-25
8.42000 1.1338953732021254e-25
8.43000 1.1088176664447603e-25
8.44000 1.0628991316075697e-25
8.45000 9.952771664917488e-26
8.46000 9.083656941345123e-26
8.47000 8.075722971395453e-26
8.48000 7.001646040811905e-26
8.49000 5.939459031970539e-26
8.50000 4.958260743247525e-26
8.51000 4.108870591470281e-26
8.52000 3.419737419866261e-26
8.53000 2.899561198330751e-26
8.54000 2.5428538741989066e-26
8.55000 2.3374229745589757e-26
8.56000 2.270580533692746e-26
8.57000 2.3328630456358745e-26
8.58000 2.5188728968125385e-26
8.59000 2.825778037890124e-26
8.60000 3.250634949413664e-26
8.61000 3.786762234565701e-26
8.62000 4.421201948380567e-26
8.63000 5.1320951014207836e-26
8.64000 5.887329293923793e-26
8.65000 6.644770836750976e-26
8.66000 7.353290652516983e-26
8.67000 7.956430493043457e-26
8.68000 8.397415113072254e-26
8.69000 8.625803361103506e-26
8.70000 8.605604076508379e-26
8.71000 8.321472908502634e-26
8.72000 7.784244464669827e-26
8.73000 7.030690532036809e-26
8.74000 6.120320092726288e-26
8.75000 5.1264269555889707e-26
8.76000 4.1254550096429e-26
8.77000 3.1853020650937817e-26
8.78000 2.3571728309259625e-26
8.79000 1.6703972118533202e-26
8.80000 1.132975735786509e-26
8.81000 7.354744121911985e-27
8.82000 4.570779842310211e-27
8.83000 2.7213131217402562e-27
8.84000 1.5527229998873555e-27
8.85000 8.478245745928758e-28
8.86000 4.398767676069547e-28
8.87000 2.1211800597951203e-28
8.88000 8.942393932896419e-29
8.89000 2.7374207652713816e-29
8.90000 2.321866172097199e-30
8.91000 3.848097663009157e-30
8.92000 2.9478514612433206e-29
8.93000 8.085432194351848e-29
8.94000 1.6061822227601604e-28
8.95000 2.696881274418815e-28
8.96000 4.050068489542775e-28
8.97000 5.583375294662263e-28
8.98000 7.163993505254176e-28
8.99000 8.625104168053416e-28
9.00000 9.794126909266412e-28
9.01000 1.0525587543056933e-27
9.02000 1.0728482004865808e-27
9.03000 1.0382842560284331e-27
9.04000 9.54179535105259e-28
9.05000 8.317979408232785e-28
9.06000 6.860469521979691e-28
9.07000 5.328242202558688e-28
9.08000 3.8654958041841866e-28
9.09000 2.5838197077173517e-28
9.10000 1.5529679406842853e-28
9.11000 8.004310141114057e-29
9.12000 3.171504145766432e-29
9.13000 6.743249682247332e-30
9.14000 1.0146352710732937e-32
9.15000 5.883915100015004e-30
9.16000 1.9030060107458072e-29
9.17000 3.494717489531922e-29
9.18000 5.022865041985057e-29
9.19000 6.260964974762802e-29
9.20000 7.086941227363396e-29
9.21000 7.464548909654125e-29
9.22000 7.421093302661866e-29
9.23000 7.027053679888757e-29
9.24000 6.375206209821995e-29
9.25000 5.564787752771426e-29
9.26000 4.688194668755091e-29
9.27000 3.82211114421316e-29
9.28000 3.022600646491311e-29
9.29000 2.32423441240558e-29
9.30000 1.7422175321530303e-29
9.31000 1.27655195425462e-29
9.32000 9.169596304470583e-30
9.33000 6.476761121330212e-30
9.34000 4.511758117692963e-30
9.35000 3.107757627761484e-30
9.36000 2.1218382478365264e-30
9.37000 1.4382950661378215e-30
9.38000 9.689550711505504e-31
9.39000 6.489942788379311e-31
9.40000 4.321405076039918e-31
9.41000 2.859878488521365e-31
9.42000 1.8811872784064474e-31
9.43000 1.2310554208491443e-31
9.44000 8.035172021000061e-32
9.45000 5.255787310031904e-32
9.46000 3.470343370545349e-32
9.47000 2.3361874744080503e-32
9.48000 1.6222821885158456e-32
9.49000 1.1751715160340885e-32
9.50000 8.94160083788547e-33
9.51000 7.146436223811126e-33
9.52000 5.964931738411368e-33
9.53000 5.1280145719098315e-33
9.54000 4.461900109449835e-33
9.55000 3.862496850846592e-33
9.56000 3.275191092408341e-33
9.57000 2.6850008373075198e-33
9.58000 2.1055053135111433e-33
9.59000 1.565461369295054e-33
9.60000 1.095365735275076e-33
9.61000 7.166882492258406e-34
9.62000 4.361475609552559e-34
9.63000 2.4604596112593397e-34
9.64000 1.2881038470898082e-34
9.65000 6.329244563920973e-35
9.66000 3.0156210216356486e-35
9.67000 1.4940534595404377e-35
9.68000 8.580080186943697e-36
9.69000 6.280673169493906e-36
9.70000 5.8413739922219916e-36
9.71000 6.25538916720421e-36
9.72000 6.925846072709109e-36
9.73000 7.40762637394354e-36
9.74000 7.414208124489501e-36
9.75000 6.865465569143143e-36
9.76000 5.870916911881343e-36
9.77000 4.6455031135596657e-36
9.78000 3.411653799922229e-36
9.79000 2.334036879308368e-36
9.80000 1.4920669247168806e-36
9.81000 8.937760133688013e-37
9.82000 5.028847784894475e-37
9.83000 2.663130485018277e-37
9.84000 1.3295617954155388e-37
9.85000 6.265287670400935e-38
9.86000 2.7902297656553947e-38
9.87000 1.1754403249984256e-38
9.88000 4.6595605069080165e-39
9.89000 1.7693680228194207e-39
9.90000 6.393309714028658e-40
9.91000 2.1943517828446447e-40
9.92000 7.160335863427656e-41
9.93000 2.225300964066387e-41
9.94000 6.606253055228548e-42
9.95000 1.8833649373832287e-42
9.96000 5.105777342293617e-43
9.97000 1.2939056142283779e-43
9.98000 2.782475631654553e-44
9.99000 4.0495162531426915e-47
10.00000 0.0
10.01000 0.0
10.02000 0.0
10.03000 0.0
10.04000 0.0
10.05000 0.0
10.06000 0.0
10.07000 0.0
10.08000 0.0
10.09000 0.0
10.10000 0.0
10.11000 0.0
10.12000 0.0
10.13000 0.0
10.14000 0.0
10.15000 0.0
10.16000 0.0
10.17000 0.0
10.18000 0.0
10.19000 0.0
10.20000 0.0
10.21000 0.0
10.22000 0.0
10.23000 0.0
10.24000 0.0
10.25000 0.0
10.26000 0.0
10.27000 0.0
10.28000 0.0
10.29000 0.0
10.30000 0.0
10.31000 0.0
10.32000 0.0
10.33000 0.0
10.34000 0.0
10.35000 0.0
10.36000 0.0
10.37000 0.0
10.38000 0.0
10.39000 0.0
10.40000 0.0
10.41000 0.0
10.42000 0.0
10.43000 0.0
10.44000 0.0
10.45000 0.0
10.46000 0.0
10.47000 0.0
10.48000 0.0
10.49000 0.0
10.50000 0.0
10.51000 0.0
10.52000 0.0
10.53000 0.0
10.54000 0.0
10.55000 0.0
10.56000 0.0
10.57000 0.0
10.58000 0.0
10.59000 0.0
10.60000 0.0
10.61000 0.0
10.62000 0.0
10.63000 0.0
10.64000 0.0
10.65000 0.0
10.66000 0.0
10.67000 0.0
10.68000 0.0
10.69000 0.0
10.70000 0.0
10.71000 0.0
10.72000 0.0
10.73000 0.0
10.74000 0.0
10.75000 0.0
10.76000 0.0
10.77000 0.0
10.78000 0.0
10.79000 0.0
10.80000 0.0
10.81000 0.0
10.82000 0.0
10.83000 0.0
10.84000 0.0
10.85000 0.0
10.86000 0.0
10.87000 0.0
10.88000 0.0
10.89000 0.0
10.90000 0.0
10.91000 0.0
10.92000 0.0
10.93000 0.0
10.94000 0.0
10.95000 0.0
10.96000 0.0
10.97000 0.0
10.98000 0.0
10.99000 0.0
11.00000 0.0
11.01000 0.0
11.02000 0.0
11.03000 0.0
11.04000 0.0
11.05000 0.0
11.06000 0.0
11.07000 0.0
11.08000 0.0
11.09000 0.0
11.10000 0.0
11.11000 0.0
11.12000 0.0
11.13000 0.0
11.14000 0.0
11.15000 0.0
11.16000 0.0
11.17000 0.0
11.18000 0.0
11.19000 0.0
11.20000 0.0
11.21000 0.0
11.22000 0.0
11.23000 0.0
11.24000 0.0
11.25000 0.0
11.26000 0.0
11.27000 0.0
11.28000 0.0
11.29000 0.0
11.30000 0.0
11.31000 0.0
11.32000 0.0
11.33000 0.0
11.34000 0.0
11.35000 0.0
11.36000 0.0
11.37000 0.0
11.38000 0.0
11.39000 0.0
11.40000 0.0
11.41000 0.0
11.42000 0.0
11.43000 0.0
11.44000 0.0
11.45000 0.0
11.46000 0.0
11.47000 0.0
11.48000 0.0
11.49000 0.0
11.50000 0.0
11.51000 0.0
11.52000 0.0
11.53000 0.0
11.54000 0.0
11.55000 0.0
11.56000 0.0
11.57000 0.0
11.58000 0.0
11.59000 0.0
11.60000 0.0
11.61000 0.0
11.62000 0.0
11.63000 0.0
11.64000 0.0
11.65000 0.0
11.66000 0.0
11.67000 0.0
11.68000 0.0
11.69000 0.0
11.70000 0.0
11.71000 0.0
11.72000 0.0
11.73000 0.0
11.74000 0.0
11.75000 0.0
11.76000 0.0
11.77000 0.0
11.78000 0.0
11.79000 0.0
11.80000 0.0
11.81000 0.0
11.82000 0.0
11.83000 0.0
11.84000 0.0
11.85000 0.0
11.86000 0.0
11.87000 0.0
11.88000 0.0
11.89000 0.0
11.90000 0.0
11.91000 0.0
11.92000 0.0
11.93000 0.0
11.94000 0.0
11.95000 0.0
11.96000 0.0
11.97000 0.0
11.98000 0.0
11.99000 0.0
12.00000 0.0
12.01000 0.0
12.02000 0.0
12.03000 0.0
12.04000 0.0
12.05000 0.0
12.06000 0.0
12.07000 0.0
12.08000 0.0
12.09000 0.0
12.10000 0.0
12.11000 0.0
12.12000 0.0
12.13000 0.0
12.14000 0.0
12.15000 0.0
12.16000 0.0
12.17000 0.0
12.18000 0.0
12.19000 0.0
12.20000 0.0
12.21000 0.0
12.22000 0.0
12.23000 0.0
12.24000 0.0
12.25000 0.0
12.26000 0.0
12.27000 0.0
12.28000 0.0
12.29000 0.0
12.30000 0.0
12.31000 0.0
12.32000 0.0
12.33000 0.0
12.34000 0.0
12.35000 0.0
12.36000 0.0
12.37000 0.0
12.38000 0.0
12.39000 0.0
12.40000 0.0
12.41000 0.0
12.42000 0.0
12.43000 0.0
12.44000 0.0
12.45000 0.0
12.46000 0.0
12.47000 0.0
12.48000 0.0
12.49000 0.0
12.50000 0.0
12.51000 0.0
12.52000 0.0
12.53000 0.0
12.54000 0.0
12.55000 0.0
12.56000 0.0
12.57000 0.0
12.58000 0.0
12.59000 0.0
12.60000 0.0
12.61000 0.0
12.62000 0.0
12.63000 0.0
12.64000 0.0
12.65000 0.0
12.66000 0.0
12.67000 0.0
12.68000 0.0
12.69000 0.0
12.70000 0.0
12.71000 0.0
12.72000 0.0
12.73000 0.0
12.74000 0.0
12.75000 0.0
12.76000 0.0
12.77000 0.0
12.78000 0.0
12.79000 0.0
12.80000 0.0
12.81000 0.0
12.82000 0.0
12.83000 0.0
12.84000 0.0
12.85000 0.0
12.86000 0.0
12.87000 0.0
12.88000 0.0
12.89000 0.0
12.90000 0.0
12.91000 0.0
12.92000 0.0
12.93000 0.0
12.94000 0.0
12.95000 0.0
12.96000 0.0
12.97000 0.0
12.98000 0.0
12.99000 0.0
13.00000 0.0
13.01000 0.0
13.02000 0.0
13.03000 0.0
13.04000 0.0
13.05000 0.0
13.06000 0.0
13.07000 0.0
13.08000 0.0
13.09000 0.0
13.10000 0.0
13.11000 0.0
13.12000 0.0
13.13000 0.0
13.14000 0.0
13.15000 0.0
13.16000 0.0
13.17000 0.0
13.18000 0.0
13.19000 0.0
13.20000 0.0
13.21000 0.0
13.22000 0.0
13.23000 0.0
13.24000 0.0
13.25000 0.0
13.26000 0.0
13.27000 0.0
13.28000 0.0
13.29000 0.0
13.30000 0.0
13.31000 0.0
13.32000 0.0
13.33000 0.0
13.34000 0.0
13.35000 0.0
13.36000 0.0
13.37000 0.0
13.38000 0.0
13.39000 0.0
13.40000 0.0
13.41000 0.0
13.42000 0.0
13.43000 0.0
13.44000 0.0
13.45000 0.0
13.46000 0.0
13.47000 0.0
13.48000 0.0
13.49000 0.0
13.50000 0.0
13.51000 0.0
13.52000 0.0
13.53000 0.0
13.54000 0.0
13.55000 0.0
13.56000 0.0
13.57000 0.0
13.58000 0.0
13.59000 0.0
13.60000 0.0
13.61000 0.0
13.62000 0.0
13.63000 0.0
13.64000 0.0
13.65000 0.0
13.66000 0.0
13.67000 0.0
13.68000 0.0
13.69000 0.0
13.70000 0.0
13.71000 0.0
13.72000 0.0
13.73000 0.0
13.74000 0.0
13.75000 0.0
13.76000 0.0
13.77000 0.0
13.78000 0.0
13.79000 0.0
13.80000 0.0
13.81000 0.0
13.82000 0.0
13.83000 0.0
13.84000 0.0
13.85000 0.0
13.86000 0.0
13.87000 0.0
13.88000 0.0
13.89000 0.0
13.90000 0.0
13.91000 0.0
13.92000 0.0
13.93000 0.0
13.94000 0.0
13.95000 0.0
13.96000 0.0
13.97000 0.0
13.98000 0.0
13.99000 0.0
14.00000 0.0
14.01000 0.0
14.02000 0.0
14.03000 0.0
14.04000 0.0
14.05000 0.0
14.06000 0.0
14.07000 0.0
14.08000 0.0
14.09000 0.0
14.10000 0.0
14.11000 0.0
14.12000 0.0
14.13000 0.0
14.14000 0.0
14.15000 0.0
14.16000 0.0
14.17000 0.0
14.18000 0.0
14.19000 0.0
14.20000 0.0
14.21000 0.0
14.22000 0.0
14.23000 0.0
14.24000 0.0
14.25000 0.0
14.26000 0.0
14.27000 0.0
14.28000 0.0
14.29000 0.0
14.30000 0.0
14.31000 0.0
14.32000 0.0
14.33000 0.0
14.34000 0.0
14.35000 0.0
14.36000 0.0
14.37000 0.0
14.38000 0.0
14.39000 0.0
14.40000 0.0
14.41000 0.0
14.42000 0.0
14.43000 0.0
14.44000 0.0
14.45000 0.0
14.46000 0.0
14.47000 0.0
14.48000 0.0
14.49000 0.0
14.50000 0.0
14.51000 0.0
14.52000 0.0
14.53000 0.0
14.54000 0.0
14.55000 0.0
14.56000 0.0
14.57000 0.0
14.58000 0.0
14.59000 0.0
14.60000 0.0
14.61000 0.0
14.62000 0.0
14.63000 0.0
14.64000 0.0
14.65000 0.0
14.66000 0.0
14.67000 0.0
14.68000 0.0
14.69000 0.0
14.70000 0.0
14.71000 0.0
14.72000 0.0
14.73000 0.0
14.74000 0.0
14.75000 0.0
14.76000 0.0
14.77000 0.0
14.78000 0.0
14.79000 0.0
14.80000 0.0
14.81000 0.0
14.82000 0.0
14.83000 0.0
14.84000 0.0
14.85000 0.0
14.86000 0.0
14.87000 0.0
14.88000 0.0
14.89000 0.0
14.90000 0.0
14.91000 0.0
14.92000 0.0
14.93000 0.0
14.94000 0.0
14.95000 0.0
14.96000 0.0
14.97000 0.0
14.98000 0.0
14.99000 0.0
15.00000 0.0
15.01000 0.0
15.02000 0.0
15.03000 0.0
15.04000 0.0
15.05000 0.0
15.06000 0.0
15.07000 0.0
15.08000 0.0
15.09000 0.0
15.10000 0.0
15.11000 0.0
15.12000 0.0
15.13000 0.0
15.14000 0.0
15.15000 0.0
15.16000 0.0
15.17000 0.0
15.18000 0.0
15.19000 0.0
15.20000 0.0
15.21000 0.0
15.22000 0.0
15.23000 0.0
15.24000 0.0
15.25000 0.0
15.26000 0.0
15.27000 0.0
15.28000 0.0
15.29000 0.0
15.30000 0.0
15.31000 0.0
15.32000 0.0
15.33000 0.0
15.34000 0.0
15.35000 0.0
15.36000 0.0
15.37000 0.0
15.38000 0.0
15.39000 0.0
15.40000 0.0
15.41000 0.0
15.42000 0.0
15.43000 0.0
15.44000 0.0
15.45000 0.0
15.46000 0.0
15.47000 0.0
15.48000 0.0
15.49000 0.0
15.50000 0.0
15.51000 0.0
15.52000 0.0
15.53000 0.0
15.54000 0.0
15.55000 0.0
15.56000 0.0
15.57000 0.0
15.58000 0.0
15.59000 0.0
15.60000 0.0
15.61000 0.0
15.62000 0.0
15.63000 0.0
15.64000 0.0
15.65000 0.0
15.66000 0.0
15.67000 0.0
15.68000 0.0
15.69000 0.0
15.70000 0.0
15.71000 0.0
15.72000 0.0
15.73000 0.0
15.74000 0.0
15.75000 0.0
15.76000 0.0
15.77000 0.0
15.78000 0.0
15.79000 0.0
15.80000 0.0
15.81000 0.0
15.82000 0.0
15.83000 0.0
15.84000 0.0
15.85000 0.0
15.86000 0.0
15.87000 0.0
15.88000 0.0
15.89000 0.0
15.90000 0.0
15.91000 0.0
15.92000 0.0
15.93000 0.0
15.94000 0.0
15.95000 0.0
15.96000 0.0
15.97000 0.0
15.98000 0.0
15.99000 0.0
16.00000 0.0
16.01000 0.0
16.02000 0.0
16.03000 0.0
16.04000 0.0
16.05000 0.0
16.06000 0.0
16.07000 0.0
16.08000 0.0
16.09000 0.0
16.10000 0.0
16.11000 0.0
16.12000 0.0
16.13000 0.0
16.14000 0.0
16.15000 0.0
16.16000 0.0
16.17000 0.0
16.18000 0.0
16.19000 0.0
16.20000 0.0
16.21000 0.0
16.22000 0.0
16.23000 0.0
16.24000 0.0
16.25000 0.0
16.26000 0.0
16.27000 0.0
16.28000 0.0
16.29000 0.0
16.30000 0.0
16.31000 0.0
16.32000 0.0
16.33000 0.0
16.34000 0.0
16.35000 0.0
16.36000 0.0
16.37000 0.0
16.38000 0.0
16.39000 0.0
16.40000 0.0
16.41000 0.0
16.42000 0.0
16.43000 0.0
16.44000 0.0
16.45000 0.0
16.46000 0.0
16.47000 0.0
16.48000 0.0
16.49000 0.0
16.50000 0.0
16.51000 0.0
16.52000 0.0
16.53000 0.0
16.54000 0.0
16.55000 0.0
16.56000 0.0
16.57000 0.0
16.58000 0.0
16.59000 0.0
16.60000 0.0
16.61000 0.0
16.62000 0.0
16.63000 0.0
16.64000 0.0
16.65000 0.0
16.66000 0.0
16.67000 0.0
16.68000 0.0
16.69000 0.0
16.70000 0.0
16.71000 0.0
16.72000 0.0
16.73000 0.0
16.74000 0.0
16.75000 0.0
16.76000 0.0
16.77000 0.0
16.78000 0.0
16.79000 0.0
16.80000 0.0
16.81000 0.0
16.82000 0.0
16.83000 0.0
16.84000 0.0
16.85000 0.0
16.86000 0.0
16.87000 0.0
16.88000 0.0
16.89000 0.0
16.90000 0.0
16.91000 0.0
16.92000 0.0
16.93000 0.0
16.94000 0.0
16.95000 0.0
16.96000 0.0
16.97000 0.0
16.98000 0.0
16.99000 0.0
17.00000 0.0
17.01000 0.0
17.02000 0.0
17.03000 0.0
17.04000 0.0
17.05000 0.0
17.06000 0.0
17.07000 0.0
17.08000 0.0
17.09000 0.0
17.10000 0.0
17.11000 0.0
17.12000 0.0
17.13000 0.0
17.14000 0.0
17.15000 0.0
17.16000 0.0
17.17000 0.0
17.18000 0.0
17.19000 0.0
17.20000 0.0
17.21000 0.0
17.22000 0.0
17.23000 0.0
17.24000 0.0
17.25000 0.0
17.26000 0.0
17.27000 0.0
17.28000 0.0
17.29000 0.0
17.30000 0.0
17.31000 0.0
17.32000 0.0
17.33000 0.0
17.34000 0.0
17.35000 0.0
17.36000 0.0
17.37000 0.0
17.38000 0.0
17.39000 0.0
17.40000 0.0
17.41000 0.0
17.42000 0.0
17.43000 0.0
17.44000 0.0
17.45000 0.0
17.46000 0.0
17.47000 0.0
17.48000 0.0
17.49000 0.0
17.50000 0.0
17.51000 0.0
17.52000 0.0
17.53000 0.0
17.54000 0.0
17.55000 0.0
17.56000 0.0
17.57000 0.0
17.58000 0.0
17.59000 0.0
17.60000 0.0
17.61000 0.0
17.62000 0.0
17.63000 0.0
17.64000 0.0
17.65000 0.0
17.66000 0.0
17.67000 0.0
17.68000 0.0
17.69000 0.0
17.70000 0.0
17.71000 0.0
17.72000 0.0
17.73000 0.0
17.74000 0.0
17.75000 0.0
17.76000 0.0
17.77000 0.0
17.78000 0.0
17.79000 0.0
17.80000 0.0
17.81000 0.0
17.82000 0.0
17.83000 0.0
17.84000 0.0
17.85000 0.0
17.86000 0.0
17.87000 0.0
17.88000 0.0
17.89000 0.0
17.90000 0.0
17.91000 0.0
17.92000 0.0
17.93000 0.0
17.94000 0.0
17.95000 0.0
17.96000 0.0
17.97000 0.0
17.98000 0.0
17.99000 0.0
18.00000 0.0
18.01000 0.0
18.02000 0.0
18.03000 0.0
18.04000 0.0
18.05000 0.0
18.06000 0.0
18.07000 0.0
18.08000 0.0
18.09000 0.0
18.10000 0.0
18.11000 0.0
18.12000 0.0
18.13000 0.0
18.14000 0.0
18.15000 0.0
18.16000 0.0
18.17000 0.0
18.18000 0.0
18.19000 0.0
18.20000 0.0
18.21000 0.0
18.22000 0.0
18.23000 0.0
18.24000 0.0
18.25000 0.0
18.26000 0.0
18.27000 0.0
18.28000 0.0
18.29000 0.0
18.30000 0.0
18.31000 0.0
18.32000 0.0
18.33000 0.0
18.34000 0.0
18.35000 0.0
18.36000 0.0
18.37000 0.0
18.38000 0.0
18.39000 0.0
18.40000 0.0
18.41000 0.0
18.42000 0.0
18.43000 0.0
18.44000 0.0
18.45000 0.0
18.46000 0.0
18.47000 0.0
18.48000 0.0
18.49000 0.0
18.50000 0.0
18.51000 0.0
18.52000 0.0
18.53000 0.0
18.54000 0.0
18.55000 0.0
18.56000 0.0
18.57000 0.0
18.58000 0.0
18.59000 0.0
18.60000 0.0
18.61000 0.0
18.62000 0.0
18.63000 0.0
18.64000 0.0
18.65000 0.0
18.66000 0.0
18.67000 0.0
18.68000 0.0
18.69000 0.0
18.70000 0.0
18.71000 0.0
18.72000 0.0
18.73000 0.0
18.74000 0.0
18.75000 0.0
18.76000 0.0
18.77000 0.0
18.78000 0.0
18.79000 0.0
18.80000 0.0
18.81000 0.0
18.82000 0.0
18.83000 0.0
18.84000 0.0
18.85000 0.0
18.86000 0.0
18.87000 0.0
18.88000 0.0
18.89000 0.0
18.90000 0.0
18.91000 0.0
18.92000 0.0
18.93000 0.0
18.94000 0.0
18.95000 0.0
18.96000 0.0
18.97000 0.0
18.98000 0.0
18.99000 0.0
19.00000 0.0
19.01000 0.0
19.02000 0.0
19.03000 0.0
19.04000 0.0
19.05000 0.0
19.06000 0.0
19.07000 0.0
19.08000 0.0
19.09000 0.0
19.10000 0.0
19.11000 0.0
19.12000 0.0
19.13000 0.0
19.14000 0.0
19.15000 0.0
19.16000 0.0
19.17000 0.0
19.18000 0.0
19.19000 0.0
19.20000 0.0
19.21000 0.0
19.22000 0.0
19.23000 0.0
19.24000 0.0
19.25000 0.0
19.26000 0.0
19.27000 0.0
19.28000 0.0
19.29000 0.0
19.30000 0.0
19.31000 0.0
19.32000 0.0
19.33000 0.0
19.34000 0.0
19.35000 0.0
19.36000 0.0
19.37000 0.0
19.38000 0.0
19.39000 0.0
19.40000 0.0
19.41000 0.0
19.42000 0.0
19.43000 0.0
19.44000 0.0
19.45000 0.0
19.46000 0.0
19.47000 0.0
19.48000 0.0
19.49000 0.0
19.50000 0.0
19.51000 0.0
19.52000 0.0
19.53000 0.0
19.54000 0.0
19.55000 0.0
19.56000 0.0
19.57000 0.0
19.58000 0.0
19.59000 0.0
19.60000 0.0
19.61000 0.0
19.62000 0.0
19.63000 0.0
19.64000 0.0
19.65000 0.0
19.66000 0.0
19.67000 0.0
19.68000 0.0
19.69000 0.0
19.70000 0.0
19.71000 0.0
19.72000 0.0
19.73000 0.0
19.74000 0.0
19.75000 0.0
19.76000 0.0
19.77000 0.0
19.78000 0.0
19.79000 0.0
19.80000 0.0
19.81000 0.0
19.82000 0.0
19.83000 0.0
19.84000 0.0
19.85000 0.0
19.86000 0.0
19.87000 0.0
19.88000 0.0
19.89000 0.0
19.90000 0.0
19.91000 0.0
19.92000 0.0
19.93000 0.0
19.94000 0.0
19.95000 0.0
19.96000 0.0
19.97000 0.0
19.98000 0.0
19.99000 0.0
20.00000 0.0
