1.00000000000000e-02	5.66923374493462e+26
2.00000000000000e-02	2.26754883524894e+27
3.00000000000000e-02	5.10147911066320e+27
4.00000000000000e-02	9.06791445906964e+27
5.00000000000000e-02	1.41659572874609e+28
6.00000000000000e-02	2.03944299723108e+28
7.00000000000000e-02	2.77514017543574e+28
8.00000000000000e-02	3.62353082927674e+28
9.00000000000000e-02	4.58441077514522e+28
1.00000000000000e-01	5.65750015068916e+28
1.10000000000000e-01	6.84263304169830e+28
1.20000000000000e-01	8.13934417419705e+28
1.30000000000000e-01	9.54747090829672e+28
1.40000000000000e-01	1.10665515281425e+29
1.50000000000000e-01	1.26962813159501e+29
1.60000000000000e-01	1.44361070123676e+29
1.70000000000000e-01	1.62856834022993e+29
1.80000000000000e-01	1.82446810399392e+29
1.90000000000000e-01	2.03122668131795e+29
2.00000000000000e-01	2.24885471666100e+29
2.10000000000000e-01	2.47720486374399e+29
2.20000000000000e-01	2.71629220731302e+29
2.30000000000000e-01	2.96603295981103e+29
2.40000000000000e-01	3.22638079197974e+29
2.50000000000000e-01	3.49720959131057e+29
2.60000000000000e-01	3.77850993967582e+29
2.70000000000000e-01	4.07021535485381e+29
2.80000000000000e-01	4.37217639287405e+29
2.90000000000000e-01	4.68440861358778e+29
3.00000000000000e-01	5.00679058496406e+29
3.10000000000000e-01	5.33921251616751e+29
3.20000000000000e-01	5.68163487036374e+29
3.30000000000000e-01	6.03397049569986e+29
3.40000000000000e-01	6.39606621731336e+29
3.50000000000000e-01	6.76789327264787e+29
3.60000000000000e-01	7.14936588842749e+29
3.70000000000000e-01	7.54027567444910e+29
3.80000000000000e-01	7.94056818869250e+29
3.90000000000000e-01	8.35024917685718e+29
4.00000000000000e-01	8.76910365935042e+29
4.10000000000000e-01	9.19693250349132e+29
4.20000000000000e-01	9.63393607556481e+29
4.30000000000000e-01	1.00796896984536e+30
4.40000000000000e-01	1.05340631452706e+30
4.50000000000000e-01	1.09971658424768e+30
4.60000000000000e-01	1.14687763747916e+30
4.70000000000000e-01	1.19487120508391e+30
4.80000000000000e-01	1.24369169079887e+30
4.90000000000000e-01	1.29331066908680e+30
5.00000000000000e-01	1.34373061626307e+30
5.10000000000000e-01	1.39494709155488e+30
5.20000000000000e-01	1.44691745483481e+30
5.30000000000000e-01	1.49964951926580e+30
5.40000000000000e-01	1.55311192726113e+30
5.50000000000000e-01	1.60730740010644e+30
5.60000000000000e-01	1.66222367211796e+30
5.70000000000000e-01	1.71782208021247e+30
5.80000000000000e-01	1.77408536011559e+30
5.90000000000000e-01	1.83102541480513e+30
6.00000000000000e-01	1.88862161992249e+30
6.10000000000000e-01	1.94683234912195e+30
6.20000000000000e-01	2.00567576913021e+30
6.30000000000000e-01	2.06509416781233e+30
6.40000000000000e-01	2.12511456633636e+30
6.50000000000000e-01	2.18567822095672e+30
6.60000000000000e-01	2.24677842747769e+30
6.70000000000000e-01	2.30843908503808e+30
6.80000000000000e-01	2.37056449093758e+30
6.90000000000000e-01	2.43320536366621e+30
7.00000000000000e-01	2.49632350217856e+30
7.10000000000000e-01	2.55988861255952e+30
7.20000000000000e-01	2.62390426591714e+30
7.30000000000000e-01	2.68831709692150e+30
7.40000000000000e-01	2.75310612052201e+30
7.50000000000000e-01	2.81829545088725e+30
7.60000000000000e-01	2.88381668510300e+30
7.70000000000000e-01	2.94969309729861e+30
7.80000000000000e-01	3.01586647316252e+30
7.90000000000000e-01	3.08233467490531e+30
8.00000000000000e-01	3.14907860682298e+30
8.10000000000000e-01	3.21606031795221e+30
8.20000000000000e-01	3.28330141561795e+30
8.30000000000000e-01	3.35069459986690e+30
8.40000000000000e-01	3.41834990779951e+30
8.50000000000000e-01	3.48609890856591e+30
8.60000000000000e-01	3.55401149462200e+30
8.70000000000000e-01	3.62204051508590e+30
8.80000000000000e-01	3.69013025223503e+30
8.90000000000000e-01	3.75835405495000e+30
9.00000000000000e-01	3.82658946457464e+30
9.10000000000000e-01	3.89484296395894e+30
9.20000000000000e-01	3.96312702240481e+30
9.30000000000000e-01	4.03134400363846e+30
9.40000000000000e-01	4.09955330316655e+30
9.50000000000000e-01	4.16765151337216e+30
9.60000000000000e-01	4.23567386128754e+30
9.70000000000000e-01	4.30359464493834e+30
9.80000000000000e-01	4.37133618049565e+30
9.90000000000000e-01	4.43891383603323e+30
1.00000000000000e+00	4.50625965142052e+30
1.01000000000000e+00	4.57341868761665e+30
1.02000000000000e+00	4.64034796971782e+30
1.03000000000000e+00	4.70697083217259e+30
1.04000000000000e+00	4.77330056779933e+30
1.05000000000000e+00	4.83929694947286e+30
1.06000000000000e+00	4.90489256492768e+30
1.07000000000000e+00	4.97015176210831e+30
1.08000000000000e+00	5.03499447320079e+30
1.09000000000000e+00	5.09942437146622e+30
1.10000000000000e+00	5.16334562903312e+30
1.11000000000000e+00	5.22683256529159e+30
1.12000000000000e+00	5.28974632628973e+30
1.13000000000000e+00	5.35212910430749e+30
1.14000000000000e+00	5.41393079828659e+30
1.15000000000000e+00	5.47517202404229e+30
1.16000000000000e+00	5.53570571265845e+30
1.17000000000000e+00	5.59569543032864e+30
1.18000000000000e+00	5.65486328619751e+30
1.19000000000000e+00	5.71340719507827e+30
1.20000000000000e+00	5.77118579205795e+30
1.21000000000000e+00	5.82817451165261e+30
1.22000000000000e+00	5.88435092661987e+30
1.23000000000000e+00	5.93971218318374e+30
1.24000000000000e+00	5.99420161534419e+30
1.25000000000000e+00	6.04781758218050e+30
1.26000000000000e+00	6.10047616372768e+30
1.27000000000000e+00	6.15224673817175e+30
1.28000000000000e+00	6.20300318640681e+30
1.29000000000000e+00	6.25270194455275e+30
1.30000000000000e+00	6.30135195297080e+30
1.31000000000000e+00	6.34899968448588e+30
1.32000000000000e+00	6.39554668807511e+30
1.33000000000000e+00	6.44094514007455e+30
1.34000000000000e+00	6.48517676599450e+30
1.35000000000000e+00	6.52828548088189e+30
1.36000000000000e+00	6.57006655397281e+30
1.37000000000000e+00	6.61064079393580e+30
1.38000000000000e+00	6.64992462312380e+30
1.39000000000000e+00	6.68799755981004e+30
1.40000000000000e+00	6.72465455320833e+30
1.41000000000000e+00	6.75988260241015e+30
1.42000000000000e+00	6.79381116886721e+30
1.43000000000000e+00	6.82627461533846e+30
1.44000000000000e+00	6.85731134651341e+30
1.45000000000000e+00	6.88679587224944e+30
1.46000000000000e+00	6.91487244863529e+30
1.47000000000000e+00	6.94128958818951e+30
1.48000000000000e+00	6.96618715878317e+30
1.49000000000000e+00	6.98945105722396e+30
1.50000000000000e+00	7.01115240208839e+30
1.51000000000000e+00	7.03114138751120e+30
1.52000000000000e+00	7.04952346649869e+30
1.53000000000000e+00	7.06608580479989e+30
1.54000000000000e+00	7.08101156443469e+30
1.55000000000000e+00	7.09412464394403e+30
1.56000000000000e+00	7.10544945993418e+30
1.57000000000000e+00	7.11495801705163e+30
1.58000000000000e+00	7.12264848001467e+30
1.59000000000000e+00	7.12846414677747e+30
1.60000000000000e+00	7.13245068500869e+30
1.61000000000000e+00	7.13447315903277e+30
1.62000000000000e+00	7.13454909057752e+30
1.63000000000000e+00	7.13271235171294e+30
1.64000000000000e+00	7.12887976044643e+30
1.65000000000000e+00	7.12307105946265e+30
1.66000000000000e+00	7.11524748545402e+30
1.67000000000000e+00	7.10541581724824e+30
1.68000000000000e+00	7.09353411998524e+30
1.69000000000000e+00	7.07964062227410e+30
1.70000000000000e+00	7.06360865304896e+30
1.71000000000000e+00	7.04563197405037e+30
1.72000000000000e+00	7.02552136506743e+30
1.73000000000000e+00	7.00329157672594e+30
1.74000000000000e+00	6.97915579212211e+30
1.75000000000000e+00	6.95294788325618e+30
1.76000000000000e+00	6.92478480480508e+30
1.77000000000000e+00	6.89480731812647e+30
1.78000000000000e+00	6.86314230981464e+30
1.79000000000000e+00	6.82985245740483e+30
1.80000000000000e+00	6.79522670484691e+30
1.81000000000000e+00	6.75954035378304e+30
1.82000000000000e+00	6.72307919640446e+30
1.83000000000000e+00	6.68657043959537e+30
1.84000000000000e+00	6.65030941994738e+30
1.85000000000000e+00	6.61521769500738e+30
1.86000000000000e+00	6.58181716719805e+30
1.87000000000000e+00	6.55088093609876e+30
1.88000000000000e+00	6.52282072967521e+30
1.89000000000000e+00	6.49798546269529e+30
1.90000000000000e+00	6.47628029321609e+30
1.91000000000000e+00	6.45737795526934e+30
1.92000000000000e+00	6.44035529371803e+30
1.93000000000000e+00	6.42386534297725e+30
1.94000000000000e+00	6.40600943221139e+30
1.95000000000000e+00	6.38472540409112e+30
1.96000000000000e+00	6.35718490077512e+30
1.97000000000000e+00	6.32063274210873e+30
1.98000000000000e+00	6.27192989150149e+30
1.99000000000000e+00	6.20783566571681e+30
2.00000000000000e+00	6.12536732475166e+30
2.01000000000000e+00	6.02195499033734e+30
2.02000000000000e+00	5.89563122823201e+30
2.03000000000000e+00	5.74521855675872e+30
2.04000000000000e+00	5.57048874588406e+30
2.05000000000000e+00	5.37202753948175e+30
2.06000000000000e+00	5.15156546030093e+30
2.07000000000000e+00	4.91149429262388e+30
2.08000000000000e+00	4.65511591070118e+30
2.09000000000000e+00	4.38613796252152e+30
2.10000000000000e+00	4.10844602162752e+30
2.11000000000000e+00	3.82602246518224e+30
2.12000000000000e+00	3.54249703974672e+30
2.13000000000000e+00	3.26100184716663e+30
2.14000000000000e+00	2.98409758624019e+30
2.15000000000000e+00	2.71373192443596e+30
2.16000000000000e+00	2.45128407566012e+30
2.17000000000000e+00	2.19781870831297e+30
2.18000000000000e+00	1.95427803805867e+30
2.19000000000000e+00	1.72206022057349e+30
2.20000000000000e+00	1.50289626824556e+30
2.21000000000000e+00	1.29878792743745e+30
2.22000000000000e+00	1.11121668848983e+30
2.23000000000000e+00	9.40661772119420e+29
2.24000000000000e+00	7.86208500731276e+29
2.25000000000000e+00	6.45942457117372e+29
2.26000000000000e+00	5.17623399239027e+29
2.27000000000000e+00	3.99613117827531e+29
2.28000000000000e+00	2.91707731227372e+29
2.29000000000000e+00	1.95621345267801e+29
2.30000000000000e+00	1.15048049021218e+29
2.31000000000000e+00	5.53771108604177e+28
2.32000000000000e+00	2.32458511520578e+28
2.33000000000000e+00	2.59650705567370e+28
2.34000000000000e+00	7.07715131012345e+28
2.35000000000000e+00	1.64039945135327e+29
2.36000000000000e+00	3.11058946786050e+29
2.37000000000000e+00	5.17099787430091e+29
2.38000000000000e+00	7.89995316128907e+29
2.39000000000000e+00	1.14359330240094e+30
2.40000000000000e+00	1.60096329518183e+30
2.41000000000000e+00	2.19665416338306e+30
2.42000000000000e+00	2.97667773605533e+30
2.43000000000000e+00	3.99494156080051e+30
2.44000000000000e+00	5.30442413926295e+30
2.45000000000000e+00	6.94377638885674e+30
2.46000000000000e+00	8.92395677377105e+30
2.47000000000000e+00	1.12225681730654e+31
2.48000000000000e+00	1.37886315689779e+31
2.49000000000000e+00	1.65512902539473e+31
2.50000000000000e+00	1.94246124009637e+31
2.51000000000000e+00	2.23059767576317e+31
2.52000000000000e+00	2.50714891564760e+31
2.53000000000000e+00	2.75770184567922e+31
2.54000000000000e+00	2.96693593121830e+31
2.55000000000000e+00	3.12124269554419e+31
2.56000000000000e+00	3.21214857456231e+31
2.57000000000000e+00	3.23908358430287e+31
2.58000000000000e+00	3.20910092165441e+31
2.59000000000000e+00	3.13416812269878e+31
2.60000000000000e+00	3.02716189863531e+31
2.61000000000000e+00	2.89915954944304e+31
2.62000000000000e+00	2.75880363247953e+31
2.63000000000000e+00	2.61338916678085e+31
2.64000000000000e+00	2.46975445506922e+31
2.65000000000000e+00	2.33481351447038e+31
2.66000000000000e+00	2.21501915843375e+31
2.67000000000000e+00	2.11551851447160e+31
2.68000000000000e+00	2.03944822591323e+31
2.69000000000000e+00	1.98759378200208e+31
2.70000000000000e+00	1.95833149676984e+31
2.71000000000000e+00	1.94789798189372e+31
2.72000000000000e+00	1.95095899424401e+31
2.73000000000000e+00	1.96152795992382e+31
2.74000000000000e+00	1.97429758320505e+31
2.75000000000000e+00	1.98620056142416e+31
2.76000000000000e+00	1.99744194557887e+31
2.77000000000000e+00	2.01156772656746e+31
2.78000000000000e+00	2.03421961622993e+31
2.79000000000000e+00	2.07102881812118e+31
2.80000000000000e+00	2.12539299693627e+31
2.81000000000000e+00	2.19659612798832e+31
2.82000000000000e+00	2.27878003890927e+31
2.83000000000000e+00	2.36109857661382e+31
2.84000000000000e+00	2.42967852478429e+31
2.85000000000000e+00	2.47154452309673e+31
2.86000000000000e+00	2.47850289568850e+31
2.87000000000000e+00	2.44938753472762e+31
2.88000000000000e+00	2.38922845539288e+31
2.89000000000000e+00	2.30637622868470e+31
2.90000000000000e+00	2.21029227886587e+31
2.91000000000000e+00	2.11023277240590e+31
2.92000000000000e+00	2.01539156194252e+31
2.93000000000000e+00	1.93463544758460e+31
2.94000000000000e+00	1.87582581834686e+31
2.95000000000000e+00	1.84480571137647e+31
2.96000000000000e+00	1.84467591687365e+31
2.97000000000000e+00	1.87550536312797e+31
2.98000000000000e+00	1.93490750076651e+31
2.99000000000000e+00	2.01898515529062e+31
3.00000000000000e+00	2.12383036973042e+31
3.01000000000000e+00	2.24690186598570e+31
3.02000000000000e+00	2.38822763975370e+31
3.03000000000000e+00	2.55056416230394e+31
3.04000000000000e+00	2.73855244980510e+31
3.05000000000000e+00	2.95676477909921e+31
3.06000000000000e+00	3.20699667863394e+31
3.07000000000000e+00	3.48552475818579e+31
3.08000000000000e+00	3.78099255004717e+31
3.09000000000000e+00	4.07471159256712e+31
3.10000000000000e+00	4.34418846348791e+31
3.11000000000000e+00	4.56900389694347e+31
3.12000000000000e+00	4.73622272758677e+31
3.13000000000000e+00	4.84193524933781e+31
3.14000000000000e+00	4.88827157111096e+31
3.15000000000000e+00	4.87989105496206e+31
3.16000000000000e+00	4.82293096236420e+31
3.17000000000000e+00	4.72644960464105e+31
3.18000000000000e+00	4.60436003020131e+31
3.19000000000000e+00	4.47526528700650e+31
3.20000000000000e+00	4.35862399680638e+31
3.21000000000000e+00	4.27028551456736e+31
3.22000000000000e+00	4.21921754766438e+31
3.23000000000000e+00	4.20598906289956e+31
3.24000000000000e+00	4.22343756333670e+31
3.25000000000000e+00	4.25816433489738e+31
3.26000000000000e+00	4.29277096820217e+31
3.27000000000000e+00	4.30955089548212e+31
3.28000000000000e+00	4.29382861692921e+31
3.29000000000000e+00	4.23682030913255e+31
3.30000000000000e+00	4.13696906783431e+31
3.31000000000000e+00	3.99893670577623e+31
3.32000000000000e+00	3.83114283919890e+31
3.33000000000000e+00	3.64294487409644e+31
3.34000000000000e+00	3.44281878134748e+31
3.35000000000000e+00	3.23758226693019e+31
3.36000000000000e+00	3.03293111167812e+31
3.37000000000000e+00	2.83415584249670e+31
3.38000000000000e+00	2.64672443209512e+31
3.39000000000000e+00	2.47664262578080e+31
3.40000000000000e+00	2.33032271271372e+31
3.41000000000000e+00	2.21429159151800e+31
3.42000000000000e+00	2.13459675159673e+31
3.43000000000000e+00	2.09650240341833e+31
3.44000000000000e+00	2.10443266573710e+31
3.45000000000000e+00	2.16226481068178e+31
3.46000000000000e+00	2.27402043716028e+31
3.47000000000000e+00	2.44442308413465e+31
3.48000000000000e+00	2.67934527993284e+31
3.49000000000000e+00	2.98576776494365e+31
3.50000000000000e+00	3.37078110233322e+31
3.51000000000000e+00	3.84012929237339e+31
3.52000000000000e+00	4.39600854484219e+31
3.53000000000000e+00	5.03558263648900e+31
3.54000000000000e+00	5.75064528377409e+31
3.55000000000000e+00	6.52852777981188e+31
3.56000000000000e+00	7.35344627385747e+31
3.57000000000000e+00	8.20689660052049e+31
3.58000000000000e+00	9.06752282068227e+31
3.59000000000000e+00	9.91154535543929e+31
3.60000000000000e+00	1.07148270768471e+32
3.61000000000000e+00	1.14563404906176e+32
3.62000000000000e+00	1.21207823827035e+32
3.63000000000000e+00	1.26981081402722e+32
3.64000000000000e+00	1.31818813683103e+32
3.65000000000000e+00	1.35672115585341e+32
3.66000000000000e+00	1.38507898475417e+32
3.67000000000000e+00	1.40319556228570e+32
3.68000000000000e+00	1.41129622001756e+32
3.69000000000000e+00	1.40969577211816e+32
3.70000000000000e+00	1.39872244929633e+32
3.71000000000000e+00	1.37872647734410e+32
3.72000000000000e+00	1.35043263743587e+32
3.73000000000000e+00	1.31539329419729e+32
3.74000000000000e+00	1.27618580509997e+32
3.75000000000000e+00	1.23617800573942e+32
3.76000000000000e+00	1.19897442031181e+32
3.77000000000000e+00	1.16773496402750e+32
3.78000000000000e+00	1.14481093390525e+32
3.79000000000000e+00	1.13154804943010e+32
3.80000000000000e+00	1.12834875567003e+32
3.81000000000000e+00	1.13477775849806e+32
3.82000000000000e+00	1.14978385866746e+32
3.83000000000000e+00	1.17192424322551e+32
3.84000000000000e+00	1.19971554619299e+32
3.85000000000000e+00	1.23206719301689e+32
3.86000000000000e+00	1.26833632856659e+32
3.87000000000000e+00	1.30833678081281e+32
3.88000000000000e+00	1.35194143330425e+32
3.89000000000000e+00	1.39875321600564e+32
3.90000000000000e+00	1.44798290918568e+32
3.91000000000000e+00	1.49848670700286e+32
3.92000000000000e+00	1.54931354616231e+32
3.93000000000000e+00	1.59981570481356e+32
3.94000000000000e+00	1.64985376565553e+32
3.95000000000000e+00	1.69974247329484e+32
3.96000000000000e+00	1.74983539459108e+32
3.97000000000000e+00	1.80038528154937e+32
3.98000000000000e+00	1.85128010632483e+32
3.99000000000000e+00	1.90208032037807e+32
4.00000000000000e+00	1.95213361450384e+32
4.01000000000000e+00	2.00078342817387e+32
4.02000000000000e+00	2.04769290818240e+32
4.03000000000000e+00	2.09276557541527e+32
4.04000000000000e+00	2.13611290003750e+32
4.05000000000000e+00	2.17777677344835e+32
4.06000000000000e+00	2.21734360262375e+32
4.07000000000000e+00	2.25405525622698e+32
4.08000000000000e+00	2.28699709241677e+32
4.09000000000000e+00	2.31549975648995e+32
4.10000000000000e+00	2.33941287495557e+32
4.11000000000000e+00	2.35903646097837e+32
4.12000000000000e+00	2.37477699719939e+32
4.13000000000000e+00	2.38694885547132e+32
4.14000000000000e+00	2.39592537095929e+32
4.15000000000000e+00	2.40218287676525e+32
4.16000000000000e+00	2.40660101023531e+32
4.17000000000000e+00	2.41035965555769e+32
4.18000000000000e+00	2.41476740279245e+32
4.19000000000000e+00	2.42063744726740e+32
4.20000000000000e+00	2.42838610665148e+32
4.21000000000000e+00	2.43786624389854e+32
4.22000000000000e+00	2.44868755667859e+32
4.23000000000000e+00	2.46038859916712e+32
4.24000000000000e+00	2.47269858641935e+32
4.25000000000000e+00	2.48558556143602e+32
4.26000000000000e+00	2.49911503534689e+32
4.27000000000000e+00	2.51338268361646e+32
4.28000000000000e+00	2.52855398099444e+32
4.29000000000000e+00	2.54503495091160e+32
4.30000000000000e+00	2.56351675487092e+32
4.31000000000000e+00	2.58525290114516e+32
4.32000000000000e+00	2.61207351915193e+32
4.33000000000000e+00	2.64613864470829e+32
4.34000000000000e+00	2.68953628439191e+32
4.35000000000000e+00	2.74386332022774e+32
4.36000000000000e+00	2.81001945848559e+32
4.37000000000000e+00	2.88781452448152e+32
4.38000000000000e+00	2.97591599704743e+32
4.39000000000000e+00	3.07182668619474e+32
4.40000000000000e+00	3.17195746427599e+32
4.41000000000000e+00	3.27217910141556e+32
4.42000000000000e+00	3.36804408888180e+32
4.43000000000000e+00	3.45573616520749e+32
4.44000000000000e+00	3.53235999164600e+32
4.45000000000000e+00	3.59610054637879e+32
4.46000000000000e+00	3.64620679379570e+32
4.47000000000000e+00	3.68253774310502e+32
4.48000000000000e+00	3.70574471164566e+32
4.49000000000000e+00	3.71713118418800e+32
4.50000000000000e+00	3.71903728881005e+32
4.51000000000000e+00	3.71486547238527e+32
4.52000000000000e+00	3.70882277244543e+32
4.53000000000000e+00	3.70551980543137e+32
4.54000000000000e+00	3.70958408270233e+32
4.55000000000000e+00	3.72525532792622e+32
4.56000000000000e+00	3.75629036900990e+32
4.57000000000000e+00	3.80559488131541e+32
4.58000000000000e+00	3.87502665250756e+32
4.59000000000000e+00	3.96491194179951e+32
4.60000000000000e+00	4.07414069900163e+32
4.61000000000000e+00	4.20032201059419e+32
4.62000000000000e+00	4.34060237229625e+32
4.63000000000000e+00	4.49226688560848e+32
4.64000000000000e+00	4.65343686629103e+32
4.65000000000000e+00	4.82303630589438e+32
4.66000000000000e+00	5.00015609206728e+32
4.67000000000000e+00	5.18322713179061e+32
4.68000000000000e+00	5.36927128171301e+32
4.69000000000000e+00	5.55369789223827e+32
4.70000000000000e+00	5.73141139356225e+32
4.71000000000000e+00	5.89832252866906e+32
4.72000000000000e+00	6.05270910403956e+32
4.73000000000000e+00	6.19651540847362e+32
4.74000000000000e+00	6.33368200791011e+32
4.75000000000000e+00	6.46988292099363e+32
4.76000000000000e+00	6.61053340469489e+32
4.77000000000000e+00	6.76025836768215e+32
4.78000000000000e+00	6.92342017527213e+32
4.79000000000000e+00	7.10489153750168e+32
4.80000000000000e+00	7.30994046702962e+32
4.81000000000000e+00	7.54476287161096e+32
4.82000000000000e+00	7.81529488085507e+32
4.83000000000000e+00	8.12769677212982e+32
4.84000000000000e+00	8.48903421538618e+32
4.85000000000000e+00	8.90748319721111e+32
4.86000000000000e+00	9.39371999344374e+32
4.87000000000000e+00	9.95985613774632e+32
4.88000000000000e+00	1.06186801405596e+33
4.89000000000000e+00	1.13823159143046e+33
4.90000000000000e+00	1.22601540378240e+33
4.91000000000000e+00	1.32606167060452e+33
4.92000000000000e+00	1.43920069023357e+33
4.93000000000000e+00	1.56656266710910e+33
4.94000000000000e+00	1.70982488224837e+33
4.95000000000000e+00	1.87142453578862e+33
4.96000000000000e+00	2.05451237333473e+33
4.97000000000000e+00	2.26290141976940e+33
4.98000000000000e+00	2.50075005545426e+33
4.99000000000000e+00	2.77262938942238e+33
5.00000000000000e+00	3.08334856154118e+33
5.01000000000000e+00	3.43870922662907e+33
5.02000000000000e+00	3.84626093211746e+33
5.03000000000000e+00	4.31688257676369e+33
5.04000000000000e+00	4.86598404790407e+33
5.05000000000000e+00	5.51451414595479e+33
5.06000000000000e+00	6.28836058603283e+33
5.07000000000000e+00	7.21696877922146e+33
5.08000000000000e+00	8.33084504990465e+33
5.09000000000000e+00	9.65877902556141e+33
5.10000000000000e+00	1.12256310645713e+34
5.11000000000000e+00	1.30523959781324e+34
5.12000000000000e+00	1.51581865191949e+34
5.13000000000000e+00	1.75621335305613e+34
5.14000000000000e+00	2.02838060423212e+34
5.15000000000000e+00	2.33402840281715e+34
5.16000000000000e+00	2.67389353023904e+34
5.17000000000000e+00	3.04692676230066e+34
5.18000000000000e+00	3.44964793262349e+34
5.19000000000000e+00	3.87580906407243e+34
5.20000000000000e+00	4.31607708107022e+34
5.21000000000000e+00	4.75774201296145e+34
5.22000000000000e+00	5.18396212296165e+34
5.23000000000000e+00	5.57338813618231e+34
5.24000000000000e+00	5.90092624610365e+34
5.25000000000000e+00	6.14004396687723e+34
5.26000000000000e+00	6.26734484121178e+34
5.27000000000000e+00	6.26768867719613e+34
5.28000000000000e+00	6.13812372602100e+34
5.29000000000000e+00	5.88891741965042e+34
5.30000000000000e+00	5.54113069903600e+34
5.31000000000000e+00	5.12223070834011e+34
5.32000000000000e+00	4.66099053605053e+34
5.33000000000000e+00	4.18398489054176e+34
5.34000000000000e+00	3.71301495291887e+34
5.35000000000000e+00	3.26445392407910e+34
5.36000000000000e+00	2.84881796355598e+34
5.37000000000000e+00	2.47163052235612e+34
5.38000000000000e+00	2.13447851766421e+34
5.39000000000000e+00	1.83651599580189e+34
5.40000000000000e+00	1.57559439674471e+34
5.41000000000000e+00	1.34922119875830e+34
5.42000000000000e+00	1.15488860747008e+34
5.43000000000000e+00	9.90058177103354e+33
5.44000000000000e+00	8.52083751328623e+33
5.45000000000000e+00	7.38129533298115e+33
5.46000000000000e+00	6.45182576590964e+33
5.47000000000000e+00	5.70194146623331e+33
5.48000000000000e+00	5.10213635484696e+33
5.49000000000000e+00	4.62546918645868e+33
5.50000000000000e+00	4.24798688938337e+33
5.51000000000000e+00	3.94950658003126e+33
5.52000000000000e+00	3.71339636618449e+33
5.53000000000000e+00	3.52628475806904e+33
5.54000000000000e+00	3.37778456413655e+33
5.55000000000000e+00	3.26005232678643e+33
5.56000000000000e+00	3.16703767304804e+33
5.57000000000000e+00	3.09402083761714e+33
5.58000000000000e+00	3.03700327367259e+33
5.59000000000000e+00	2.99237271069196e+33
5.60000000000000e+00	2.95675035293369e+33
5.61000000000000e+00	2.92708372086177e+33
5.62000000000000e+00	2.90076085170646e+33
5.63000000000000e+00	2.87576340711944e+33
5.64000000000000e+00	2.85044176825503e+33
5.65000000000000e+00	2.82349931246545e+33
5.66000000000000e+00	2.79384691262744e+33
5.67000000000000e+00	2.76054040613315e+33
5.68000000000000e+00	2.72289500099863e+33
5.69000000000000e+00	2.68064833111663e+33
5.70000000000000e+00	2.63399563858353e+33
5.71000000000000e+00	2.58390986121376e+33
5.72000000000000e+00	2.53168540660530e+33
5.73000000000000e+00	2.47912080296384e+33
5.74000000000000e+00	2.42805038982002e+33
5.75000000000000e+00	2.38017071605028e+33
5.76000000000000e+00	2.33642401560773e+33
5.77000000000000e+00	2.29696366352361e+33
5.78000000000000e+00	2.26114004940804e+33
5.79000000000000e+00	2.22733214893779e+33
5.80000000000000e+00	2.19346754611954e+33
5.81000000000000e+00	2.15700892007461e+33
5.82000000000000e+00	2.11560634904433e+33
5.83000000000000e+00	2.06717302406787e+33
5.84000000000000e+00	2.01031264207752e+33
5.85000000000000e+00	1.94437628862640e+33
5.86000000000000e+00	1.86960387203100e+33
5.87000000000000e+00	1.78704487589600e+33
5.88000000000000e+00	1.69854070767873e+33
5.89000000000000e+00	1.60641341805934e+33
5.90000000000000e+00	1.51333976178836e+33
5.91000000000000e+00	1.42195703290099e+33
5.92000000000000e+00	1.33454330791931e+33
5.93000000000000e+00	1.25295262249358e+33
5.94000000000000e+00	1.17850278965009e+33
5.95000000000000e+00	1.11204896667558e+33
5.96000000000000e+00	1.05407645342824e+33
5.97000000000000e+00	1.00479635157737e+33
5.98000000000000e+00	9.64195186570318e+32
5.99000000000000e+00	9.32014360824114e+32
6.00000000000000e+00	9.07800492341046e+32
6.01000000000000e+00	8.90836609774809e+32
6.02000000000000e+00	8.80250138486920e+32
6.03000000000000e+00	8.75028246194334e+32
6.04000000000000e+00	8.74151663685301e+32
6.05000000000000e+00	8.76660517559594e+32
6.06000000000000e+00	8.81773439892445e+32
6.07000000000000e+00	8.88893664278020e+32
6.08000000000000e+00	8.97630057059720e+32
6.09000000000000e+00	9.07779105776484e+32
6.10000000000000e+00	9.19249359598353e+32
6.11000000000000e+00	9.32091678341812e+32
6.12000000000000e+00	9.46396206182816e+32
6.13000000000000e+00	9.62305495176784e+32
6.14000000000000e+00	9.79946900809876e+32
6.15000000000000e+00	9.99487875367765e+32
6.16000000000000e+00	1.02105389116245e+33
6.17000000000000e+00	1.04479884563530e+33
6.18000000000000e+00	1.07079786196804e+33
6.19000000000000e+00	1.09908881841803e+33
6.20000000000000e+00	1.12959160090758e+33
6.21000000000000e+00	1.16217310856293e+33
6.22000000000000e+00	1.19670661840791e+33
6.23000000000000e+00	1.23294615003594e+33
6.24000000000000e+00	1.27061734857303e+33
6.25000000000000e+00	1.30929489796125e+33
6.26000000000000e+00	1.34830196701547e+33
6.27000000000000e+00	1.38674833380809e+33
6.28000000000000e+00	1.42346135850522e+33
6.29000000000000e+00	1.45713742118270e+33
6.30000000000000e+00	1.48644206622636e+33
6.31000000000000e+00	1.51014702535770e+33
6.32000000000000e+00	1.52719620611101e+33
6.33000000000000e+00	1.53691710171946e+33
6.34000000000000e+00	1.53887778480014e+33
6.35000000000000e+00	1.53304008611259e+33
6.36000000000000e+00	1.51970599979941e+33
6.37000000000000e+00	1.49957044869833e+33
6.38000000000000e+00	1.47361141420364e+33
6.39000000000000e+00	1.44316728374258e+33
6.40000000000000e+00	1.40974364550377e+33
6.41000000000000e+00	1.37488971841106e+33
6.42000000000000e+00	1.34017039667481e+33
6.43000000000000e+00	1.30689454294701e+33
6.44000000000000e+00	1.27614467043732e+33
6.45000000000000e+00	1.24869301905074e+33
6.46000000000000e+00	1.22501463218692e+33
6.47000000000000e+00	1.20534800668316e+33
6.48000000000000e+00	1.18969102826223e+33
6.49000000000000e+00	1.17793282316430e+33
6.50000000000000e+00	1.16979993023352e+33
6.51000000000000e+00	1.16496745800323e+33
6.52000000000000e+00	1.16308407116578e+33
6.53000000000000e+00	1.16381190609402e+33
6.54000000000000e+00	1.16683770386707e+33
6.55000000000000e+00	1.17192019209006e+33
6.56000000000000e+00	1.17881308273314e+33
6.57000000000000e+00	1.18728411539099e+33
6.58000000000000e+00	1.19707464137270e+33
6.59000000000000e+00	1.20793541761271e+33
6.60000000000000e+00	1.21960056839626e+33
6.61000000000000e+00	1.23190388959580e+33
6.62000000000000e+00	1.24475679247256e+33
6.63000000000000e+00	1.25819685598844e+33
6.64000000000000e+00	1.27234869452551e+33
6.65000000000000e+00	1.28735427086982e+33
6.66000000000000e+00	1.30327312997983e+33
6.67000000000000e+00	1.32007649837055e+33
6.68000000000000e+00	1.33756743165630e+33
6.69000000000000e+00	1.35546751725812e+33
6.70000000000000e+00	1.37340691913600e+33
6.71000000000000e+00	1.39095901868734e+33
6.72000000000000e+00	1.40765507807548e+33
6.73000000000000e+00	1.42297780237217e+33
6.74000000000000e+00	1.43644867960749e+33
6.75000000000000e+00	1.44774677637836e+33
6.76000000000000e+00	1.45675058449246e+33
6.77000000000000e+00	1.46356244541516e+33
6.78000000000000e+00	1.46838630518368e+33
6.79000000000000e+00	1.47148577330270e+33
6.80000000000000e+00	1.47298822908064e+33
6.81000000000000e+00	1.47297425672876e+33
6.82000000000000e+00	1.47142086375960e+33
6.83000000000000e+00	1.46833075254746e+33
6.84000000000000e+00	1.46380276827458e+33
6.85000000000000e+00	1.45799660532528e+33
6.86000000000000e+00	1.45117147816808e+33
6.87000000000000e+00	1.44362553600471e+33
6.88000000000000e+00	1.43575257551933e+33
6.89000000000000e+00	1.42797336378142e+33
6.90000000000000e+00	1.42067798475620e+33
6.91000000000000e+00	1.41419448639580e+33
6.92000000000000e+00	1.40863253716522e+33
6.93000000000000e+00	1.40394000500154e+33
6.94000000000000e+00	1.39995655249992e+33
6.95000000000000e+00	1.39647309923889e+33
6.96000000000000e+00	1.39330299007115e+33
6.97000000000000e+00	1.39040127980473e+33
6.98000000000000e+00	1.38773761881049e+33
6.99000000000000e+00	1.38533750222129e+33
7.00000000000000e+00	1.38313862578046e+33
7.01000000000000e+00	1.38097452203383e+33
7.02000000000000e+00	1.37857968326610e+33
7.03000000000000e+00	1.37561990569679e+33
7.04000000000000e+00	1.37179000884881e+33
7.05000000000000e+00	1.36695399362467e+33
7.06000000000000e+00	1.36113903022045e+33
7.07000000000000e+00	1.35457091424117e+33
7.08000000000000e+00	1.34755638438643e+33
7.09000000000000e+00	1.34045122013460e+33
7.10000000000000e+00	1.33360836413213e+33
7.11000000000000e+00	1.32728258219326e+33
7.12000000000000e+00	1.32172526294519e+33
7.13000000000000e+00	1.31712964296313e+33
7.14000000000000e+00	1.31371287033790e+33
7.15000000000000e+00	1.31165813390018e+33
7.16000000000000e+00	1.31114691025673e+33
7.17000000000000e+00	1.31241092194783e+33
7.18000000000000e+00	1.31567181957596e+33
7.19000000000000e+00	1.32114573308148e+33
7.20000000000000e+00	1.32909571045975e+33
7.21000000000000e+00	1.33973457353419e+33
7.22000000000000e+00	1.35323064890237e+33
7.23000000000000e+00	1.36967716366541e+33
7.24000000000000e+00	1.38898646457580e+33
7.25000000000000e+00	1.41093288058490e+33
7.26000000000000e+00	1.43512495654185e+33
7.27000000000000e+00	1.46099420621234e+33
7.28000000000000e+00	1.48779721038412e+33
7.29000000000000e+00	1.51465513349230e+33
7.30000000000000e+00	1.54062687595372e+33
7.31000000000000e+00	1.56474278714694e+33
7.32000000000000e+00	1.58612445363220e+33
7.33000000000000e+00	1.60401953980355e+33
7.34000000000000e+00	1.61786805262647e+33
7.35000000000000e+00	1.62733587279527e+33
7.36000000000000e+00	1.63232524602776e+33
7.37000000000000e+00	1.63299135087474e+33
7.38000000000000e+00	1.62970351913724e+33
7.39000000000000e+00	1.62301806236023e+33
7.40000000000000e+00	1.61361883865124e+33
7.41000000000000e+00	1.60224024465020e+33
7.42000000000000e+00	1.58961723480503e+33
7.43000000000000e+00	1.57642528953249e+33
7.44000000000000e+00	1.56316675055561e+33
7.45000000000000e+00	1.55024828516139e+33
7.46000000000000e+00	1.53796518039550e+33
7.47000000000000e+00	1.52659134861836e+33
7.48000000000000e+00	1.51637381042478e+33
7.49000000000000e+00	1.50756480407159e+33
7.50000000000000e+00	1.50031413241976e+33
7.51000000000000e+00	1.49470912083206e+33
7.52000000000000e+00	1.49061318371332e+33
7.53000000000000e+00	1.48775477010221e+33
7.54000000000000e+00	1.48581240963673e+33
7.55000000000000e+00	1.48444092392035e+33
7.56000000000000e+00	1.48341291647254e+33
7.57000000000000e+00	1.48260248756796e+33
7.58000000000000e+00	1.48203115027003e+33
7.59000000000000e+00	1.48190027251137e+33
7.60000000000000e+00	1.48244405223447e+33
7.61000000000000e+00	1.48399514156115e+33
7.62000000000000e+00	1.48695013240963e+33
7.63000000000000e+00	1.49162212174470e+33
7.64000000000000e+00	1.49833912980118e+33
7.65000000000000e+00	1.50729049762354e+33
7.66000000000000e+00	1.51855843428779e+33
7.67000000000000e+00	1.53207513127080e+33
7.68000000000000e+00	1.54766059617633e+33
7.69000000000000e+00	1.56498114411409e+33
7.70000000000000e+00	1.58375464455109e+33
7.71000000000000e+00	1.60358464309073e+33
7.72000000000000e+00	1.62425201032661e+33
7.73000000000000e+00	1.64551504182465e+33
7.74000000000000e+00	1.66725171049711e+33
7.75000000000000e+00	1.68940872601005e+33
7.76000000000000e+00	1.71192827061636e+33
7.77000000000000e+00	1.73478482923784e+33
7.78000000000000e+00	1.75806026891022e+33
7.79000000000000e+00	1.78180444913833e+33
7.80000000000000e+00	1.80618127524030e+33
7.81000000000000e+00	1.83127680413103e+33
7.82000000000000e+00	1.85720599287903e+33
7.83000000000000e+00	1.88404028950384e+33
7.84000000000000e+00	1.91168460778853e+33
7.85000000000000e+00	1.94003295873987e+33
7.86000000000000e+00	1.96880132630401e+33
7.87000000000000e+00	1.99758180909986e+33
7.88000000000000e+00	2.02588254562054e+33
7.89000000000000e+00	2.05296132868230e+33
7.90000000000000e+00	2.07802914201569e+33
7.91000000000000e+00	2.10022514665204e+33
7.92000000000000e+00	2.11862886449228e+33
7.93000000000000e+00	2.13247362486677e+33
7.94000000000000e+00	2.14114555841366e+33
7.95000000000000e+00	2.14431373176398e+33
7.96000000000000e+00	2.14201837894892e+33
7.97000000000000e+00	2.13475622835420e+33
7.98000000000000e+00	2.12332657752665e+33
7.99000000000000e+00	2.10885068522971e+33
8.00000000000000e+00	2.09271733047307e+33
8.01000000000000e+00	2.07640164686464e+33
8.02000000000000e+00	2.06148461800511e+33
8.03000000000000e+00	2.04948725321722e+33
8.04000000000000e+00	2.04180190228611e+33
8.05000000000000e+00	2.03974983525686e+33
8.06000000000000e+00	2.04412279269538e+33
8.07000000000000e+00	2.05542932121824e+33
8.08000000000000e+00	2.07354113624101e+33
8.09000000000000e+00	2.09776479007094e+33
8.10000000000000e+00	2.12685758912874e+33
8.11000000000000e+00	2.15904508756479e+33
8.12000000000000e+00	2.19223236519991e+33
8.13000000000000e+00	2.22411589347129e+33
8.14000000000000e+00	2.25253085877074e+33
8.15000000000000e+00	2.27540314967391e+33
8.16000000000000e+00	2.29113097247452e+33
8.17000000000000e+00	2.29859549490662e+33
8.18000000000000e+00	2.29714020845476e+33
8.19000000000000e+00	2.28670094334957e+33
8.20000000000000e+00	2.26786161032065e+33
8.21000000000000e+00	2.24169968071983e+33
8.22000000000000e+00	2.21002865676295e+33
8.23000000000000e+00	2.17500225049188e+33
8.24000000000000e+00	2.13888382578931e+33
8.25000000000000e+00	2.10395947188103e+33
8.26000000000000e+00	2.07201791764913e+33
8.27000000000000e+00	2.04445022569406e+33
8.28000000000000e+00	2.02219060692874e+33
8.29000000000000e+00	2.00567325092736e+33
8.30000000000000e+00	1.99512869966233e+33
8.31000000000000e+00	1.99039613803754e+33
8.32000000000000e+00	1.99109379398311e+33
8.33000000000000e+00	1.99651828566438e+33
8.34000000000000e+00	2.00584074754479e+33
8.35000000000000e+00	2.01809116028047e+33
8.36000000000000e+00	2.03240637006524e+33
8.37000000000000e+00	2.04806703888751e+33
8.38000000000000e+00	2.06469940054454e+33
8.39000000000000e+00	2.08207208097279e+33
8.40000000000000e+00	2.10025473121025e+33
8.41000000000000e+00	2.11935406695248e+33
8.42000000000000e+00	2.13941086359768e+33
8.43000000000000e+00	2.16042612611370e+33
8.44000000000000e+00	2.18219379062622e+33
8.45000000000000e+00	2.20453707438530e+33
8.46000000000000e+00	2.22732848671378e+33
8.47000000000000e+00	2.25049446542779e+33
8.48000000000000e+00	2.27398221759460e+33
8.49000000000000e+00	2.29788880684986e+33
8.50000000000000e+00	2.32216938081613e+33
8.51000000000000e+00	2.34680289570273e+33
8.52000000000000e+00	2.37168219535402e+33
8.53000000000000e+00	2.39653786786141e+33
8.54000000000000e+00	2.42120726564372e+33
8.55000000000000e+00	2.44535234681774e+33
8.56000000000000e+00	2.46885405016814e+33
8.57000000000000e+00	2.49150431650195e+33
8.58000000000000e+00	2.51326041859100e+33
8.59000000000000e+00	2.53415448507840e+33
8.60000000000000e+00	2.55424785919505e+33
8.61000000000000e+00	2.57352956301040e+33
8.62000000000000e+00	2.59212325886770e+33
8.63000000000000e+00	2.61015873079001e+33
8.64000000000000e+00	2.62773484035712e+33
8.65000000000000e+00	2.64492568955702e+33
8.66000000000000e+00	2.66177047046340e+33
8.67000000000000e+00	2.67824821777804e+33
8.68000000000000e+00	2.69441756501836e+33
8.69000000000000e+00	2.71023596901016e+33
8.70000000000000e+00	2.72565797471457e+33
8.71000000000000e+00	2.74070746516188e+33
8.72000000000000e+00	2.75542888767538e+33
8.73000000000000e+00	2.76994110824644e+33
8.74000000000000e+00	2.78437569919456e+33
8.75000000000000e+00	2.79871722547297e+33
8.76000000000000e+00	2.81290394758482e+33
8.77000000000000e+00	2.82684540729204e+33
8.78000000000000e+00	2.84020191528741e+33
8.79000000000000e+00	2.85274733325496e+33
8.80000000000000e+00	2.86413286951564e+33
8.81000000000000e+00	2.87402774017014e+33
8.82000000000000e+00	2.88204565905789e+33
8.83000000000000e+00	2.88789276903167e+33
8.84000000000000e+00	2.89140435810185e+33
8.85000000000000e+00	2.89230511397968e+33
8.86000000000000e+00	2.89051329684924e+33
8.87000000000000e+00	2.88633176794553e+33
8.88000000000000e+00	2.87996393604797e+33
8.89000000000000e+00	2.87184249331097e+33
8.90000000000000e+00	2.86242514234557e+33
8.91000000000000e+00	2.85210462831363e+33
8.92000000000000e+00	2.84116213356842e+33
8.93000000000000e+00	2.82980595135112e+33
8.94000000000000e+00	2.81809917249735e+33
8.95000000000000e+00	2.80599452435306e+33
8.96000000000000e+00	2.79330874650403e+33
8.97000000000000e+00	2.77977487492894e+33
8.98000000000000e+00	2.76500285507212e+33
8.99000000000000e+00	2.74858094065456e+33
9.00000000000000e+00	2.73009886857761e+33
9.01000000000000e+00	2.70920836808781e+33
9.02000000000000e+00	2.68565919199817e+33
9.03000000000000e+00	2.65941854358404e+33
9.04000000000000e+00	2.63064476782368e+33
9.05000000000000e+00	2.59969716602431e+33
9.06000000000000e+00	2.56714845958572e+33
9.07000000000000e+00	2.53375098403086e+33
9.08000000000000e+00	2.50040416190290e+33
9.09000000000000e+00	2.46811745724749e+33
9.10000000000000e+00	2.43804815907046e+33
9.11000000000000e+00	2.41139213158720e+33
9.12000000000000e+00	2.38942316873666e+33
9.13000000000000e+00	2.37342521434325e+33
9.14000000000000e+00	2.36455485294355e+33
9.15000000000000e+00	2.36375100807729e+33
9.16000000000000e+00	2.37159882196109e+33
9.17000000000000e+00	2.38821955947867e+33
9.18000000000000e+00	2.41321526504908e+33
9.19000000000000e+00	2.44562648200125e+33
9.20000000000000e+00	2.48399527739333e+33
9.21000000000000e+00	2.52646564682197e+33
9.22000000000000e+00	2.57098218699104e+33
9.23000000000000e+00	2.61545903228483e+33
9.24000000000000e+00	2.65799418634123e+33
9.25000000000000e+00	2.69704041851377e+33
9.26000000000000e+00	2.73152678214935e+33
9.27000000000000e+00	2.76089966175421e+33
9.28000000000000e+00	2.78505336715920e+33
9.29000000000000e+00	2.80428150797406e+33
9.30000000000000e+00	2.81917667756758e+33
9.31000000000000e+00	2.83047649159656e+33
9.32000000000000e+00	2.83902016924989e+33
9.33000000000000e+00	2.84556240985389e+33
9.34000000000000e+00	2.85077349804056e+33
9.35000000000000e+00	2.85514203178242e+33
9.36000000000000e+00	2.85897447727959e+33
9.37000000000000e+00	2.86236296097102e+33
9.38000000000000e+00	2.86527153264799e+33
9.39000000000000e+00	2.86756291903421e+33
9.40000000000000e+00	2.86901505373758e+33
9.41000000000000e+00	2.86946067176373e+33
9.42000000000000e+00	2.86873882067848e+33
9.43000000000000e+00	2.86682582944730e+33
9.44000000000000e+00	2.86383112240601e+33
9.45000000000000e+00	2.85995239400829e+33
9.46000000000000e+00	2.85550009407371e+33
9.47000000000000e+00	2.85089685365742e+33
9.48000000000000e+00	2.84654819530817e+33
9.49000000000000e+00	2.84291998474540e+33
9.50000000000000e+00	2.84041257351710e+33
9.51000000000000e+00	2.83939192160590e+33
9.52000000000000e+00	2.84013596401014e+33
9.53000000000000e+00	2.84282141358643e+33
9.54000000000000e+00	2.84757623982800e+33
9.55000000000000e+00	2.85440008361025e+33
9.56000000000000e+00	2.86320689267419e+33
9.57000000000000e+00	2.87382897267212e+33
9.58000000000000e+00	2.88605287683126e+33
9.59000000000000e+00	2.89964892536019e+33
9.60000000000000e+00	2.91435547005318e+33
9.61000000000000e+00	2.92995171783483e+33
9.62000000000000e+00	2.94620528543084e+33
9.63000000000000e+00	2.96284189988323e+33
9.64000000000000e+00	2.97963538633304e+33
9.65000000000000e+00	2.99634372122975e+33
9.66000000000000e+00	3.01269954001945e+33
9.67000000000000e+00	3.02847895114508e+33
9.68000000000000e+00	3.04350347351107e+33
9.69000000000000e+00	3.05766770311682e+33
9.70000000000000e+00	3.07093158412918e+33
9.71000000000000e+00	3.08337313306100e+33
9.72000000000000e+00	3.09507949099693e+33
9.73000000000000e+00	3.10624237785155e+33
9.74000000000000e+00	3.11702679939067e+33
9.75000000000000e+00	3.12763749401424e+33
9.76000000000000e+00	3.13816995066537e+33
9.77000000000000e+00	3.14874269590967e+33
9.78000000000000e+00	3.15934578558197e+33
9.79000000000000e+00	3.16994809184401e+33
9.80000000000000e+00	3.18041552627224e+33
9.81000000000000e+00	3.19064180458098e+33
9.82000000000000e+00	3.20045564884998e+33
9.83000000000000e+00	3.20971782945321e+33
9.84000000000000e+00	3.21831155742554e+33
9.85000000000000e+00	3.22621631856016e+33
9.86000000000000e+00	3.23346154762619e+33
9.87000000000000e+00	3.24021138765115e+33
9.88000000000000e+00	3.24685371166632e+33
9.89000000000000e+00	3.25412887409907e+33
9.90000000000000e+00	3.26357870849625e+33
9.91000000000000e+00	3.27820925265494e+33
9.92000000000000e+00	3.30352341853557e+33
9.93000000000000e+00	3.34864262601507e+33
9.94000000000000e+00	3.42715510888968e+33
9.95000000000000e+00	3.55707420710965e+33
9.96000000000000e+00	3.75943592675337e+33
9.97000000000000e+00	4.05485882716433e+33
9.98000000000000e+00	4.45697192900883e+33
9.99000000000000e+00	4.96181252385949e+33
1.00000000000000e+01	5.53581626033680e+33
1.00100000000000e+01	6.10499551090145e+33
1.00200000000000e+01	6.54254616913160e+33
1.00300000000000e+01	6.68702557829676e+33
1.00400000000000e+01	6.41509302218072e+33
1.00500000000000e+01	5.73207223542462e+33
1.00600000000000e+01	4.78622202633021e+33
1.00700000000000e+01	3.77910417228372e+33
1.00800000000000e+01	2.86463379299865e+33
1.00900000000000e+01	2.11435889270668e+33
1.01000000000000e+01	1.53683471232531e+33
1.01100000000000e+01	1.10928155692044e+33
1.01200000000000e+01	7.99841815265592e+32
1.01300000000000e+01	5.78489580611657e+32
1.01400000000000e+01	4.20848063351860e+32
1.01500000000000e+01	3.08511469249551e+32
1.01600000000000e+01	2.28138355627785e+32
1.01700000000000e+01	1.70272745645257e+32
1.01800000000000e+01	1.28287117307765e+32
1.01900000000000e+01	9.75614608978129e+31
1.02000000000000e+01	7.48716294497852e+31
1.02100000000000e+01	5.79625585084887e+31
1.02200000000000e+01	4.52486654421592e+31
1.02300000000000e+01	3.56054673080941e+31
1.02400000000000e+01	2.82306573404095e+31
1.02500000000000e+01	2.25461497487616e+31
1.02600000000000e+01	1.81319818066051e+31
1.02700000000000e+01	1.46798995418941e+31
1.02800000000000e+01	1.19620507242234e+31
1.02900000000000e+01	9.80823885194356e+30
1.03000000000000e+01	8.09071394322892e+30
1.03100000000000e+01	6.71265352641006e+30
1.03200000000000e+01	5.60029852980606e+30
1.03300000000000e+01	4.69712227930076e+30
1.03400000000000e+01	3.95955909861413e+30
1.03500000000000e+01	3.35384830426055e+30
1.03600000000000e+01	2.85372401438188e+30
1.03700000000000e+01	2.43865120952985e+30
1.03800000000000e+01	2.09247181322041e+30
1.03900000000000e+01	1.80241297013936e+30
1.04000000000000e+01	1.55830341930782e+30
1.04100000000000e+01	1.35203791705364e+30
1.04200000000000e+01	1.17706181897840e+30
1.04300000000000e+01	1.02807703138671e+30
1.04400000000000e+01	9.00764127294241e+29
1.04500000000000e+01	7.91588492312903e+29
1.04600000000000e+01	6.97639333717907e+29
1.04700000000000e+01	6.16511750140391e+29
1.04800000000000e+01	5.46214770179041e+29
1.04900000000000e+01	4.85094334285587e+29
1.05000000000000e+01	4.31774639128992e+29
1.05100000000000e+01	3.85113165234310e+29
1.05200000000000e+01	3.44154094685341e+29
1.05300000000000e+01	3.08103837477662e+29
1.05400000000000e+01	2.76291220022994e+29
1.05500000000000e+01	2.48159118820045e+29
1.05600000000000e+01	2.23235844523488e+29
1.05700000000000e+01	2.01118825431622e+29
1.05800000000000e+01	1.81465702492476e+29
1.05900000000000e+01	1.63980271097587e+29
1.06000000000000e+01	1.48405564566658e+29
1.06100000000000e+01	1.34518766156786e+29
1.06200000000000e+01	1.22121978405042e+29
1.06300000000000e+01	1.11043121579084e+29
1.06400000000000e+01	1.01129561629421e+29
1.06500000000000e+01	9.22475548304574e+28
1.06600000000000e+01	8.42779785276150e+28
1.06700000000000e+01	7.71170583913432e+28
1.06800000000000e+01	7.06740339688540e+28
1.06900000000000e+01	6.48688330784393e+28
1.07000000000000e+01	5.96299726736588e+28
1.07100000000000e+01	5.48951605365179e+28
1.07200000000000e+01	5.06092937029869e+28
1.07300000000000e+01	4.67228946919823e+28
1.07400000000000e+01	4.31922343326960e+28
1.07500000000000e+01	3.99782249416569e+28
1.07600000000000e+01	3.70461986346870e+28
1.07700000000000e+01	3.43651788764866e+28
1.07800000000000e+01	3.19081766556335e+28
1.07900000000000e+01	2.96513549450037e+28
1.08000000000000e+01	2.75738087266238e+28
1.08100000000000e+01	2.56577875786650e+28
1.08200000000000e+01	2.38880399363443e+28
1.08300000000000e+01	2.22515169033184e+28
1.08400000000000e+01	2.07369972503429e+28
1.08500000000000e+01	1.93350347958129e+28
1.08600000000000e+01	1.80371595185474e+28
1.08700000000000e+01	1.68360542546247e+28
1.08800000000000e+01	1.57250745442956e+28
1.08900000000000e+01	1.46979513547051e+28
1.09000000000000e+01	1.37489574620749e+28
1.09100000000000e+01	1.28724045089745e+28
1.09200000000000e+01	1.20629901941241e+28
1.09300000000000e+01	1.13153802302883e+28
1.09400000000000e+01	1.06246726798422e+28
1.09500000000000e+01	9.98596038092698e+27
1.09600000000000e+01	9.39464966243260e+27
1.09700000000000e+01	8.84642703129463e+27
1.09800000000000e+01	8.33733569237800e+27
1.09900000000000e+01	7.86362944254455e+27
1.10000000000000e+01	7.42194675187789e+27
1.10100000000000e+01	7.00936029058077e+27
1.10200000000000e+01	6.62318918721681e+27
1.10300000000000e+01	6.26115261627991e+27
1.10400000000000e+01	5.92117844811424e+27
1.10500000000000e+01	5.60163492615778e+27
1.10600000000000e+01	5.30106003808407e+27
1.10700000000000e+01	5.01815163182499e+27
1.10800000000000e+01	4.75183479247127e+27
1.10900000000000e+01	4.50123619838418e+27
1.11000000000000e+01	4.26548791594332e+27
1.11100000000000e+01	4.04385316708177e+27
1.11200000000000e+01	3.83561733859801e+27
1.11300000000000e+01	3.64004899106553e+27
1.11400000000000e+01	3.45648650868000e+27
1.11500000000000e+01	3.28421360980308e+27
1.11600000000000e+01	3.12254369412260e+27
1.11700000000000e+01	2.97076490159582e+27
1.11800000000000e+01	2.82816172500530e+27
1.11900000000000e+01	2.69410093348901e+27
1.12000000000000e+01	2.56792700148474e+27
1.12100000000000e+01	2.44902857862714e+27
1.12200000000000e+01	2.33687215609265e+27
1.12300000000000e+01	2.23093840995310e+27
1.12400000000000e+01	2.13080994700031e+27
1.12500000000000e+01	2.03603829050053e+27
1.12600000000000e+01	1.94630901584345e+27
1.12700000000000e+01	1.86128306541515e+27
1.12800000000000e+01	1.78065390541127e+27
1.12900000000000e+01	1.70415989410008e+27
1.13000000000000e+01	1.63154255454706e+27
1.13100000000000e+01	1.56253884512115e+27
1.13200000000000e+01	1.49692810292270e+27
1.13300000000000e+01	1.43448795825020e+27
1.13400000000000e+01	1.37500359430599e+27
1.13500000000000e+01	1.31826504264182e+27
1.13600000000000e+01	1.26410890645741e+27
1.13700000000000e+01	1.21233864221745e+27
1.13800000000000e+01	1.16281653939887e+27
1.13900000000000e+01	1.11540607120344e+27
1.14000000000000e+01	1.06997171411494e+27
1.14100000000000e+01	1.02642112321065e+27
1.14200000000000e+01	9.84664331891169e+26
1.14300000000000e+01	9.44620268617601e+26
1.14400000000000e+01	9.06238615114931e+26
1.14500000000000e+01	8.69464915352231e+26
1.14600000000000e+01	8.34258385339545e+26
1.14700000000000e+01	8.00575720518197e+26
1.14800000000000e+01	7.68387566742072e+26
1.14900000000000e+01	7.37658869192993e+26
1.15000000000000e+01	7.08346378082675e+26
1.15100000000000e+01	6.80412515327669e+26
1.15200000000000e+01	6.53804026764298e+26
1.15300000000000e+01	6.28471001893397e+26
1.15400000000000e+01	6.04356138703710e+26
1.15500000000000e+01	5.81395981228997e+26
1.15600000000000e+01	5.59526798602035e+26
1.15700000000000e+01	5.38676758357537e+26
1.15800000000000e+01	5.18787225681668e+26
1.15900000000000e+01	4.99793409056275e+26
1.16000000000000e+01	4.81629451922428e+26
1.16100000000000e+01	4.64237467115655e+26
1.16200000000000e+01	4.47566537176410e+26
1.16300000000000e+01	4.31568668920466e+26
1.16400000000000e+01	4.16199525565031e+26
1.16500000000000e+01	4.01418144865702e+26
1.16600000000000e+01	3.87195882414671e+26
1.16700000000000e+01	3.73499010311472e+26
1.16800000000000e+01	3.60308401588371e+26
1.16900000000000e+01	3.47597015633494e+26
1.17000000000000e+01	3.35352240336458e+26
1.17100000000000e+01	3.23550843769606e+26
1.17200000000000e+01	3.12181914897547e+26
1.17300000000000e+01	3.01232556947660e+26
1.17400000000000e+01	2.90694012358252e+26
1.17500000000000e+01	2.80556186811340e+26
1.17600000000000e+01	2.70811523944485e+26
1.17700000000000e+01	2.61454377326626e+26
1.17800000000000e+01	2.52481409941874e+26
1.17900000000000e+01	2.43886992878862e+26
1.18000000000000e+01	2.35666122138687e+26
1.18100000000000e+01	2.27812281869532e+26
1.18200000000000e+01	2.20317511861625e+26
1.18300000000000e+01	2.13169179584078e+26
1.18400000000000e+01	2.06355937085953e+26
1.18500000000000e+01	1.99859902163848e+26
1.18600000000000e+01	1.93664441919919e+26
1.18700000000000e+01	1.87750020755236e+26
1.18800000000000e+01	1.82094147184533e+26
1.18900000000000e+01	1.76677350702688e+26
1.19000000000000e+01	1.71477221444590e+26
1.19100000000000e+01	1.66476073850599e+26
1.19200000000000e+01	1.61655544168658e+26
1.19300000000000e+01	1.57000421859201e+26
1.19400000000000e+01	1.52499371758551e+26
1.19500000000000e+01	1.48143332969585e+26
1.19600000000000e+01	1.43923061402483e+26
1.19700000000000e+01	1.39834459749341e+26
1.19800000000000e+01	1.35873380703939e+26
1.19900000000000e+01	1.32038105025607e+26
1.20000000000000e+01	1.28326844946807e+26
1.20100000000000e+01	1.24736349863974e+26
1.20200000000000e+01	1.21263634876663e+26
1.20300000000000e+01	1.17905583189257e+26
1.20400000000000e+01	1.14659620349484e+26
1.20500000000000e+01	1.11519424453248e+26
1.20600000000000e+01	1.08480804198142e+26
1.20700000000000e+01	1.05537303973232e+26
1.20800000000000e+01	1.02683583869846e+26
1.20900000000000e+01	9.99144484050658e+25
1.21000000000000e+01	9.72254065493808e+25
1.21100000000000e+01	9.46107303627073e+25
1.21200000000000e+01	9.20680967649034e+25
1.21300000000000e+01	8.95932270497800e+25
1.21400000000000e+01	8.71834876025921e+25
1.21500000000000e+01	8.48366128596748e+25
1.21600000000000e+01	8.25509160688410e+25
1.21700000000000e+01	8.03244186188376e+25
1.21800000000000e+01	7.81552687173744e+25
1.21900000000000e+01	7.60429251739426e+25
1.22000000000000e+01	7.39869551456479e+25
1.22100000000000e+01	7.19854230875421e+25
1.22200000000000e+01	7.00382845374170e+25
1.22300000000000e+01	6.81442107997767e+25
1.22400000000000e+01	6.63028871623644e+25
1.22500000000000e+01	6.45140409062349e+25
1.22600000000000e+01	6.27769525407262e+25
1.22700000000000e+01	6.10908881595730e+25
1.22800000000000e+01	5.94557057766597e+25
1.22900000000000e+01	5.78712779661565e+25
1.23000000000000e+01	5.63378238674571e+25
1.23100000000000e+01	5.48546132015422e+25
1.23200000000000e+01	5.34213385504643e+25
1.23300000000000e+01	5.20383332200655e+25
1.23400000000000e+01	5.07051100332628e+25
1.23500000000000e+01	4.94209465910215e+25
1.23600000000000e+01	4.81846862025670e+25
1.23700000000000e+01	4.69952908282725e+25
1.23800000000000e+01	4.58510054463879e+25
1.23900000000000e+01	4.47504081497630e+25
1.24000000000000e+01	4.36907909185332e+25
1.24100000000000e+01	4.26700752612945e+25
1.24200000000000e+01	4.16861793974030e+25
1.24300000000000e+01	4.07368006395550e+25
1.24400000000000e+01	3.98196818849440e+25
1.24500000000000e+01	3.89325342852022e+25
1.24600000000000e+01	3.80732025061866e+25
1.24700000000000e+01	3.72398872688867e+25
1.24800000000000e+01	3.64308002695707e+25
1.24900000000000e+01	3.56439471933984e+25
1.25000000000000e+01	3.48778343381898e+25
1.25100000000000e+01	3.41305738235892e+25
1.25200000000000e+01	3.34008549620070e+25
1.25300000000000e+01	3.26873405136918e+25
1.25400000000000e+01	3.19884604994742e+25
1.25500000000000e+01	3.13032238420588e+25
1.25600000000000e+01	3.06306911793458e+25
1.25700000000000e+01	2.99703731323426e+25
1.25800000000000e+01	2.93216191792226e+25
1.25900000000000e+01	2.86845918383438e+25
1.26000000000000e+01	2.80593359042810e+25
1.26100000000000e+01	2.74456830857255e+25
1.26200000000000e+01	2.68445028045684e+25
1.26300000000000e+01	2.62561469382092e+25
1.26400000000000e+01	2.56810683048380e+25
1.26500000000000e+01	2.51195154039385e+25
1.26600000000000e+01	2.45721056247805e+25
1.26700000000000e+01	2.40389420421146e+25
1.26800000000000e+01	2.35199482723042e+25
1.26900000000000e+01	2.30149459550772e+25
1.27000000000000e+01	2.25235511761752e+25
1.27100000000000e+01	2.20453506077422e+25
1.27200000000000e+01	2.15796323474048e+25
1.27300000000000e+01	2.11259716989226e+25
1.27400000000000e+01	2.06834355640034e+25
1.27500000000000e+01	2.02514367648462e+25
1.27600000000000e+01	1.98296029384111e+25
1.27700000000000e+01	1.94171437669955e+25
1.27800000000000e+01	1.90138494564029e+25
1.27900000000000e+01	1.86195519005495e+25
1.28000000000000e+01	1.82338579595604e+25
1.28100000000000e+01	1.78570134040871e+25
1.28200000000000e+01	1.74890785176764e+25
1.28300000000000e+01	1.71300640764842e+25
1.28400000000000e+01	1.67802385782751e+25
1.28500000000000e+01	1.64396768763095e+25
1.28600000000000e+01	1.61084132761398e+25
1.28700000000000e+01	1.57867502137559e+25
1.28800000000000e+01	1.54743566775519e+25
1.28900000000000e+01	1.51714016145861e+25
1.29000000000000e+01	1.48774533890510e+25
1.29100000000000e+01	1.45923654175968e+25
1.29200000000000e+01	1.43156004846722e+25
1.29300000000000e+01	1.40467747036939e+25
1.29400000000000e+01	1.37854946732880e+25
1.29500000000000e+01	1.35310020263349e+25
1.29600000000000e+01	1.32827820618767e+25
1.29700000000000e+01	1.30402766280337e+25
1.29800000000000e+01	1.28029871132106e+25
1.29900000000000e+01	1.25702938201974e+25
1.30000000000000e+01	1.23417538003010e+25
1.30100000000000e+01	1.21169179563971e+25
1.30200000000000e+01	1.18955514883068e+25
1.30300000000000e+01	1.16772710512210e+25
1.30400000000000e+01	1.14620054741810e+25
1.30500000000000e+01	1.12497438351522e+25
1.30600000000000e+01	1.10405355350707e+25
1.30700000000000e+01	1.08343438622272e+25
1.30800000000000e+01	1.06314804521739e+25
1.30900000000000e+01	1.04322883984273e+25
1.31000000000000e+01	1.02368114969592e+25
1.31100000000000e+01	1.00452988368501e+25
1.31200000000000e+01	9.85802652553184e+24
1.31300000000000e+01	9.67507990008223e+24
1.31400000000000e+01	9.49642466691156e+24
1.31500000000000e+01	9.32202629010260e+24
1.31600000000000e+01	9.15179211579869e+24
1.31700000000000e+01	8.98569485074126e+24
1.31800000000000e+01	8.82322231251097e+24
1.31900000000000e+01	8.66419320957625e+24
1.32000000000000e+01	8.50838894672602e+24
1.32100000000000e+01	8.35534271991308e+24
1.32200000000000e+01	8.20495546546336e+24
1.32300000000000e+01	8.05680618482229e+24
1.32400000000000e+01	7.91088494677781e+24
1.32500000000000e+01	7.76694547917766e+24
1.32600000000000e+01	7.62507025990307e+24
1.32700000000000e+01	7.48516825358693e+24
1.32800000000000e+01	7.34728303543353e+24
1.32900000000000e+01	7.21156529403407e+24
1.33000000000000e+01	7.07804207479147e+24
1.33100000000000e+01	6.94673366452755e+24
1.33200000000000e+01	6.81782950036073e+24
1.33300000000000e+01	6.69135668131618e+24
1.33400000000000e+01	6.56737284299359e+24
1.33500000000000e+01	6.44584324537786e+24
1.33600000000000e+01	6.32689551524633e+24
1.33700000000000e+01	6.21046612017939e+24
1.33800000000000e+01	6.09654117862435e+24
1.33900000000000e+01	5.98517336630103e+24
1.34000000000000e+01	5.87627911001811e+24
1.34100000000000e+01	5.76986300660377e+24
1.34200000000000e+01	5.66582160727045e+24
1.34300000000000e+01	5.56405639430903e+24
1.34400000000000e+01	5.46451772163381e+24
1.34500000000000e+01	5.36700572416579e+24
1.34600000000000e+01	5.27136813279895e+24
1.34700000000000e+01	5.17750322610576e+24
1.34800000000000e+01	5.08528115870718e+24
1.34900000000000e+01	4.99458221888908e+24
1.35000000000000e+01	4.90540158773043e+24
1.35100000000000e+01	4.81766813391642e+24
1.35200000000000e+01	4.73140966861574e+24
1.35300000000000e+01	4.64668313366662e+24
1.35400000000000e+01	4.56363792595832e+24
1.35500000000000e+01	4.48227558696729e+24
1.35600000000000e+01	4.40270174324614e+24
1.35700000000000e+01	4.32500858238723e+24
1.35800000000000e+01	4.24919080362543e+24
1.35900000000000e+01	4.17526796235504e+24
1.36000000000000e+01	4.10322650560535e+24
1.36100000000000e+01	4.03300182884253e+24
1.36200000000000e+01	3.96452122957637e+24
1.36300000000000e+01	3.89769993969590e+24
1.36400000000000e+01	3.83245143701978e+24
1.36500000000000e+01	3.76871202722770e+24
1.36600000000000e+01	3.70637888070950e+24
1.36700000000000e+01	3.64536735512323e+24
1.36800000000000e+01	3.58568341151666e+24
1.36900000000000e+01	3.52725397077382e+24
1.37000000000000e+01	3.46997337750253e+24
1.37100000000000e+01	3.41389471736628e+24
1.37200000000000e+01	3.35894584250147e+24
1.37300000000000e+01	3.30506759723144e+24
1.37400000000000e+01	3.25235997291141e+24
1.37500000000000e+01	3.20071537655502e+24
1.37600000000000e+01	3.15019264835280e+24
1.37700000000000e+01	3.10081589021677e+24
1.37800000000000e+01	3.05256391898961e+24
1.37900000000000e+01	3.00549396858054e+24
1.38000000000000e+01	2.95959364895381e+24
1.38100000000000e+01	2.91489949874267e+24
1.38200000000000e+01	2.87131629301304e+24
1.38300000000000e+01	2.82885205346896e+24
1.38400000000000e+01	2.78746644566487e+24
1.38500000000000e+01	2.74704132517845e+24
1.38600000000000e+01	2.70748248858468e+24
1.38700000000000e+01	2.66873309671783e+24
1.38800000000000e+01	2.63067761044873e+24
1.38900000000000e+01	2.59324341063462e+24
1.39000000000000e+01	2.55632228066746e+24
1.39100000000000e+01	2.51991843190852e+24
1.39200000000000e+01	2.48394593594103e+24
1.39300000000000e+01	2.44844325434377e+24
1.39400000000000e+01	2.41340167328175e+24
1.39500000000000e+01	2.37882043989902e+24
1.39600000000000e+01	2.34479873812359e+24
1.39700000000000e+01	2.31130455883917e+24
1.39800000000000e+01	2.27838589983729e+24
1.39900000000000e+01	2.24609923917420e+24
1.40000000000000e+01	2.21440901279246e+24
1.40100000000000e+01	2.18332521093744e+24
1.40200000000000e+01	2.15283652449547e+24
1.40300000000000e+01	2.12291931538024e+24
1.40400000000000e+01	2.09351455304792e+24
1.40500000000000e+01	2.06460050706895e+24
1.40600000000000e+01	2.03610139788265e+24
1.40700000000000e+01	2.00797747962415e+24
1.40800000000000e+01	1.98022711221710e+24
1.40900000000000e+01	1.95277858197359e+24
1.41000000000000e+01	1.92567446889656e+24
1.41100000000000e+01	1.89886388469605e+24
1.41200000000000e+01	1.87241890823561e+24
1.41300000000000e+01	1.84633512903407e+24
1.41400000000000e+01	1.82066056226574e+24
1.41500000000000e+01	1.79538657199807e+24
1.41600000000000e+01	1.77059139750530e+24
1.41700000000000e+01	1.74626567420493e+24
1.41800000000000e+01	1.72246382803503e+24
1.41900000000000e+01	1.69914298831568e+24
1.42000000000000e+01	1.67633451528206e+24
1.42100000000000e+01	1.65400477926494e+24
1.42200000000000e+01	1.63217217250638e+24
1.42300000000000e+01	1.61078128924492e+24
1.42400000000000e+01	1.58983597232697e+24
1.42500000000000e+01	1.56928495663386e+24
1.42600000000000e+01	1.54913802758936e+24
1.42700000000000e+01	1.52932572296206e+24
1.42800000000000e+01	1.50987235440291e+24
1.42900000000000e+01	1.49074814355053e+24
1.43000000000000e+01	1.47192175709287e+24
1.43100000000000e+01	1.45339837221488e+24
1.43200000000000e+01	1.43514155169804e+24
1.43300000000000e+01	1.41718053342421e+24
1.43400000000000e+01	1.39946522628196e+24
1.43500000000000e+01	1.38202937152304e+24
1.43600000000000e+01	1.36483450433765e+24
1.43700000000000e+01	1.34789921363834e+24
1.43800000000000e+01	1.33121057580722e+24
1.43900000000000e+01	1.31476770754160e+24
1.44000000000000e+01	1.29858414752638e+24
1.44100000000000e+01	1.28264467738438e+24
1.44200000000000e+01	1.26693668300551e+24
1.44300000000000e+01	1.25147306016397e+24
1.44400000000000e+01	1.23622990638472e+24
1.44500000000000e+01	1.22121927663383e+24
1.44600000000000e+01	1.20642718235806e+24
1.44700000000000e+01	1.19183860713614e+24
1.44800000000000e+01	1.17743907988737e+24
1.44900000000000e+01	1.16323400952306e+24
1.45000000000000e+01	1.14919449372814e+24
1.45100000000000e+01	1.13534502100220e+24
1.45200000000000e+01	1.12163949472861e+24
1.45300000000000e+01	1.10810278860197e+24
1.45400000000000e+01	1.09472675060943e+24
1.45500000000000e+01	1.08151089304706e+24
1.45600000000000e+01	1.06844633089402e+24
1.45700000000000e+01	1.05553935417533e+24
1.45800000000000e+01	1.04278458594945e+24
1.45900000000000e+01	1.03018804791831e+24
1.46000000000000e+01	1.01775639808739e+24
1.46100000000000e+01	1.00547361163481e+24
1.46200000000000e+01	9.93360775886211e+23
1.46300000000000e+01	9.81417371441768e+23
1.46400000000000e+01	9.69632095020666e+23
1.46500000000000e+01	9.58010133113790e+23
1.46600000000000e+01	9.46556391981401e+23
1.46700000000000e+01	9.35259190456138e+23
1.46800000000000e+01	9.24123132568022e+23
1.46900000000000e+01	9.13143870546510e+23
1.47000000000000e+01	9.02309979313952e+23
1.47100000000000e+01	8.91626092961986e+23
1.47200000000000e+01	8.81087853670499e+23
1.47300000000000e+01	8.70671593354589e+23
1.47400000000000e+01	8.60389502169946e+23
1.47500000000000e+01	8.50231137256672e+23
1.47600000000000e+01	8.40189983673732e+23
1.47700000000000e+01	8.30277584952435e+23
1.47800000000000e+01	8.20465921208125e+23
1.47900000000000e+01	8.10781362243280e+23
1.48000000000000e+01	8.01196692284249e+23
1.48100000000000e+01	7.91737191418745e+23
1.48200000000000e+01	7.82375444251848e+23
1.48300000000000e+01	7.73135467801651e+23
1.48400000000000e+01	7.64003084977860e+23
1.48500000000000e+01	7.54980143527812e+23
1.48600000000000e+01	7.46057937151358e+23
1.48700000000000e+01	7.37221610519066e+23
1.48800000000000e+01	7.28474019091012e+23
1.48900000000000e+01	7.19796694595404e+23
1.49000000000000e+01	7.11188016528700e+23
1.49100000000000e+01	7.02639438536908e+23
1.49200000000000e+01	6.94139939249044e+23
1.49300000000000e+01	6.85690309288431e+23
1.49400000000000e+01	6.77302472197816e+23
1.49500000000000e+01	6.68981067285080e+23
1.49600000000000e+01	6.60728648846439e+23
1.49700000000000e+01	6.52566817981229e+23
1.49800000000000e+01	6.44522281170593e+23
1.49900000000000e+01	6.36591497248190e+23
1.50000000000000e+01	6.28807722882960e+23
1.50100000000000e+01	6.21184233553714e+23
1.50200000000000e+01	6.13720939699924e+23
1.50300000000000e+01	6.06432900634865e+23
1.50400000000000e+01	5.99317505094893e+23
1.50500000000000e+01	5.92370893765234e+23
1.50600000000000e+01	5.85595724324962e+23
1.50700000000000e+01	5.78977714188151e+23
1.50800000000000e+01	5.72500015214197e+23
1.50900000000000e+01	5.66165410362908e+23
1.51000000000000e+01	5.59954508839856e+23
1.51100000000000e+01	5.53866944323164e+23
1.51200000000000e+01	5.47885624497801e+23
1.51300000000000e+01	5.42007103192791e+23
1.51400000000000e+01	5.36228381909858e+23
1.51500000000000e+01	5.30534429894415e+23
1.51600000000000e+01	5.24927831814669e+23
1.51700000000000e+01	5.19406642723463e+23
1.51800000000000e+01	5.13965584250752e+23
1.51900000000000e+01	5.08596692708267e+23
1.52000000000000e+01	5.03304260011424e+23
1.52100000000000e+01	4.98078127260063e+23
1.52200000000000e+01	4.92912085531048e+23
1.52300000000000e+01	4.87814590637803e+23
1.52400000000000e+01	4.82774864744194e+23
1.52500000000000e+01	4.77793955610814e+23
1.52600000000000e+01	4.72857885361288e+23
1.52700000000000e+01	4.67983058954299e+23
1.52800000000000e+01	4.63160942596877e+23
1.52900000000000e+01	4.58383287105380e+23
1.53000000000000e+01	4.53653576884681e+23
1.53100000000000e+01	4.48979755228140e+23
1.53200000000000e+01	4.44349665523194e+23
1.53300000000000e+01	4.39770908561572e+23
1.53400000000000e+01	4.35230954608251e+23
1.53500000000000e+01	4.30745000932950e+23
1.53600000000000e+01	4.26297064582438e+23
1.53700000000000e+01	4.21898001035357e+23
1.53800000000000e+01	4.17536672133840e+23
1.53900000000000e+01	4.13220649622353e+23
1.54000000000000e+01	4.08938696097140e+23
1.54100000000000e+01	4.04701624158944e+23
1.54200000000000e+01	4.00506437269171e+23
1.54300000000000e+01	3.96353956083463e+23
1.54400000000000e+01	3.92243602994672e+23
1.54500000000000e+01	3.88175034912658e+23
1.54600000000000e+01	3.84159151073660e+23
1.54700000000000e+01	3.80184376916224e+23
1.54800000000000e+01	3.76259731146553e+23
1.54900000000000e+01	3.72381264964363e+23
1.55000000000000e+01	3.68543679092889e+23
1.55100000000000e+01	3.64753158056119e+23
1.55200000000000e+01	3.60998605858196e+23
1.55300000000000e+01	3.57288845612374e+23
1.55400000000000e+01	3.53607321960156e+23
1.55500000000000e+01	3.49963905631409e+23
1.55600000000000e+01	3.46352143281525e+23
1.55700000000000e+01	3.42773222419072e+23
1.55800000000000e+01	3.39229946375558e+23
1.55900000000000e+01	3.35717347282178e+23
1.56000000000000e+01	3.32245314891735e+23
1.56100000000000e+01	3.28810727469478e+23
1.56200000000000e+01	3.25414072804251e+23
1.56300000000000e+01	3.22061214995598e+23
1.56400000000000e+01	3.18754193555378e+23
1.56500000000000e+01	3.15490607545088e+23
1.56600000000000e+01	3.12280497463095e+23
1.56700000000000e+01	3.09114211402201e+23
1.56800000000000e+01	3.06001941004762e+23
1.56900000000000e+01	3.02936982146215e+23
1.57000000000000e+01	2.99920632764498e+23
1.57100000000000e+01	2.96953438180600e+23
1.57200000000000e+01	2.94034351448726e+23
1.57300000000000e+01	2.91164245279770e+23
1.57400000000000e+01	2.88335307726060e+23
1.57500000000000e+01	2.85546382243550e+23
1.57600000000000e+01	2.82798284118691e+23
1.57700000000000e+01	2.80083878866758e+23
1.57800000000000e+01	2.77399174114635e+23
1.57900000000000e+01	2.74743643329436e+23
1.58000000000000e+01	2.72110195163103e+23
1.58100000000000e+01	2.69496967684402e+23
1.58200000000000e+01	2.66899927065030e+23
1.58300000000000e+01	2.64312080450045e+23
1.58400000000000e+01	2.61738630528282e+23
1.58500000000000e+01	2.59171018318903e+23
1.58600000000000e+01	2.56609365816151e+23
1.58700000000000e+01	2.54050813451346e+23
1.58800000000000e+01	2.51501931031932e+23
1.58900000000000e+01	2.48956900668951e+23
1.59000000000000e+01	2.46420636727168e+23
1.59100000000000e+01	2.43899642513492e+23
1.59200000000000e+01	2.41393027984160e+23
1.59300000000000e+01	2.38909491460564e+23
1.59400000000000e+01	2.36450194479129e+23
1.59500000000000e+01	2.34022349130648e+23
1.59600000000000e+01	2.31632838234002e+23
1.59700000000000e+01	2.29278730550958e+23
1.59800000000000e+01	2.26970123587458e+23
1.59900000000000e+01	2.24705171586002e+23
1.60000000000000e+01	2.22486381466529e+23
1.60100000000000e+01	2.20309535273913e+23
1.60200000000000e+01	2.18178873687026e+23
1.60300000000000e+01	2.16088038261533e+23
1.60400000000000e+01	2.14034830297771e+23
1.60500000000000e+01	2.12017664874271e+23
1.60600000000000e+01	2.10033084127137e+23
1.60700000000000e+01	2.08076142348925e+23
1.60800000000000e+01	2.06145979670592e+23
1.60900000000000e+01	2.04242229245358e+23
1.61000000000000e+01	2.02360737779548e+23
1.61100000000000e+01	2.00501140460089e+23
1.61200000000000e+01	1.98665423243214e+23
1.61300000000000e+01	1.96849552270478e+23
1.61400000000000e+01	1.95055091338797e+23
1.61500000000000e+01	1.93283679509645e+23
1.61600000000000e+01	1.91531067816627e+23
1.61700000000000e+01	1.89800431606239e+23
1.61800000000000e+01	1.88091089065196e+23
1.61900000000000e+01	1.86398669463978e+23
1.62000000000000e+01	1.84724257533644e+23
1.62100000000000e+01	1.83063669149431e+23
1.62200000000000e+01	1.81419816429732e+23
1.62300000000000e+01	1.79785526738618e+23
1.62400000000000e+01	1.78160025962280e+23
1.62500000000000e+01	1.76543974068427e+23
1.62600000000000e+01	1.74933738750614e+23
1.62700000000000e+01	1.73330105144920e+23
1.62800000000000e+01	1.71733219228013e+23
1.62900000000000e+01	1.70139052793318e+23
1.63000000000000e+01	1.68553003319678e+23
1.63100000000000e+01	1.66974307369240e+23
1.63200000000000e+01	1.65401602593834e+23
1.63300000000000e+01	1.63841697424350e+23
1.63400000000000e+01	1.62291508918525e+23
1.63500000000000e+01	1.60749182246808e+23
1.63600000000000e+01	1.59217732096922e+23
1.63700000000000e+01	1.57698582759387e+23
1.63800000000000e+01	1.56185052895791e+23
1.63900000000000e+01	1.54680356160074e+23
1.64000000000000e+01	1.53183095389850e+23
1.64100000000000e+01	1.51690729292658e+23
1.64200000000000e+01	1.50205440469499e+23
1.64300000000000e+01	1.48726501874202e+23
1.64400000000000e+01	1.47255032256064e+23
1.64500000000000e+01	1.45793437100167e+23
1.64600000000000e+01	1.44345060156777e+23
1.64700000000000e+01	1.42909031936564e+23
1.64800000000000e+01	1.41489941149700e+23
1.64900000000000e+01	1.40090270606366e+23
1.65000000000000e+01	1.38709381752092e+23
1.65100000000000e+01	1.37348156228485e+23
1.65200000000000e+01	1.36005615519337e+23
1.65300000000000e+01	1.34683946542826e+23
1.65400000000000e+01	1.33376958737550e+23
1.65500000000000e+01	1.32087254615409e+23
1.65600000000000e+01	1.30814432237053e+23
1.65700000000000e+01	1.29554873852032e+23
1.65800000000000e+01	1.28312596031921e+23
1.65900000000000e+01	1.27088144599424e+23
1.66000000000000e+01	1.25880330042171e+23
1.66100000000000e+01	1.24695623644029e+23
1.66200000000000e+01	1.23531433415774e+23
1.66300000000000e+01	1.22392053803218e+23
1.66400000000000e+01	1.21278147440983e+23
1.66500000000000e+01	1.20189819519412e+23
1.66600000000000e+01	1.19126864932443e+23
1.66700000000000e+01	1.18090389098472e+23
1.66800000000000e+01	1.17076519649881e+23
1.66900000000000e+01	1.16083830843592e+23
1.67000000000000e+01	1.15108872349292e+23
1.67100000000000e+01	1.14150725957979e+23
1.67200000000000e+01	1.13206416273107e+23
1.67300000000000e+01	1.12272184248510e+23
1.67400000000000e+01	1.11348122703956e+23
1.67500000000000e+01	1.10432887655134e+23
1.67600000000000e+01	1.09526225524732e+23
1.67700000000000e+01	1.08627524124372e+23
1.67800000000000e+01	1.07738124952986e+23
1.67900000000000e+01	1.06857795994815e+23
1.68000000000000e+01	1.05988241246865e+23
1.68100000000000e+01	1.05130017324016e+23
1.68200000000000e+01	1.04282254999173e+23
1.68300000000000e+01	1.03444675608852e+23
1.68400000000000e+01	1.02617511846095e+23
1.68500000000000e+01	1.01799763909308e+23
1.68600000000000e+01	1.00989050168860e+23
1.68700000000000e+01	1.00184497429181e+23
1.68800000000000e+01	9.93837390582622e+22
1.68900000000000e+01	9.85860555160523e+22
1.69000000000000e+01	9.77891757247269e+22
1.69100000000000e+01	9.69934125057295e+22
1.69200000000000e+01	9.61980051060749e+22
1.69300000000000e+01	9.54022139242159e+22
1.69400000000000e+01	9.46063985604952e+22
1.69500000000000e+01	9.38125975520396e+22
1.69600000000000e+01	9.30217955032032e+22
1.69700000000000e+01	9.22345394631539e+22
1.69800000000000e+01	9.14523814270844e+22
1.69900000000000e+01	9.06775934113018e+22
1.70000000000000e+01	8.99115261892032e+22
1.70100000000000e+01	8.91543646003060e+22
1.70200000000000e+01	8.84074648496149e+22
1.70300000000000e+01	8.76704852770819e+22
1.70400000000000e+01	8.69433379209289e+22
1.70500000000000e+01	8.62274014040626e+22
1.70600000000000e+01	8.55197688784244e+22
1.70700000000000e+01	8.48212247046557e+22
1.70800000000000e+01	8.41312487626291e+22
1.70900000000000e+01	8.34480765928753e+22
1.71000000000000e+01	8.27719418741839e+22
1.71100000000000e+01	8.21012561980139e+22
1.71200000000000e+01	8.14363822085379e+22
1.71300000000000e+01	8.07761443330428e+22
1.71400000000000e+01	8.01211590705395e+22
1.71500000000000e+01	7.94703166626706e+22
1.71600000000000e+01	7.88243543731567e+22
1.71700000000000e+01	7.81826352300461e+22
1.71800000000000e+01	7.75460628212398e+22
1.71900000000000e+01	7.69138992428969e+22
1.72000000000000e+01	7.62871814762231e+22
1.72100000000000e+01	7.56653230782237e+22
1.72200000000000e+01	7.50493893511981e+22
1.72300000000000e+01	7.44388344393282e+22
1.72400000000000e+01	7.38347375998561e+22
1.72500000000000e+01	7.32365041926188e+22
1.72600000000000e+01	7.26443823779901e+22
1.72700000000000e+01	7.20598521818445e+22
1.72800000000000e+01	7.14809020435164e+22
1.72900000000000e+01	7.09089649178771e+22
1.73000000000000e+01	7.03440920612318e+22
1.73100000000000e+01	6.97853495997909e+22
1.73200000000000e+01	6.92325432455508e+22
1.73300000000000e+01	6.86861280472584e+22
1.73400000000000e+01	6.81458378768674e+22
1.73500000000000e+01	6.76104618005029e+22
1.73600000000000e+01	6.70795612603541e+22
1.73700000000000e+01	6.65533679983523e+22
1.73800000000000e+01	6.60307323302791e+22
1.73900000000000e+01	6.55119820386022e+22
1.74000000000000e+01	6.49966974927855e+22
1.74100000000000e+01	6.44833590276646e+22
1.74200000000000e+01	6.39738653183244e+22
1.74300000000000e+01	6.34661524239239e+22
1.74400000000000e+01	6.29617370815945e+22
1.74500000000000e+01	6.24608965378908e+22
1.74600000000000e+01	6.19632789952153e+22
1.74700000000000e+01	6.14699100817703e+22
1.74800000000000e+01	6.09803579381355e+22
1.74900000000000e+01	6.04950305607098e+22
1.75000000000000e+01	6.00147968857144e+22
1.75100000000000e+01	5.95391222380503e+22
1.75200000000000e+01	5.90686707112142e+22
1.75300000000000e+01	5.86027568507575e+22
1.75400000000000e+01	5.81420483959363e+22
1.75500000000000e+01	5.76856218768683e+22
1.75600000000000e+01	5.72340482135744e+22
1.75700000000000e+01	5.67867331143694e+22
1.75800000000000e+01	5.63435376607333e+22
1.75900000000000e+01	5.59051387287785e+22
1.76000000000000e+01	5.54711108967221e+22
1.76100000000000e+01	5.50421714760551e+22
1.76200000000000e+01	5.46184576262801e+22
1.76300000000000e+01	5.41989558465418e+22
1.76400000000000e+01	5.37849489209780e+22
1.76500000000000e+01	5.33765547433602e+22
1.76600000000000e+01	5.29731551904120e+22
1.76700000000000e+01	5.25746592935981e+22
1.76800000000000e+01	5.21814353553453e+22
1.76900000000000e+01	5.17928227332218e+22
1.77000000000000e+01	5.14091513124803e+22
1.77100000000000e+01	5.10295656441372e+22
1.77200000000000e+01	5.06545531292529e+22
1.77300000000000e+01	5.02832985696875e+22
1.77400000000000e+01	4.99157464791436e+22
1.77500000000000e+01	4.95523376912310e+22
1.77600000000000e+01	4.91929450624307e+22
1.77700000000000e+01	4.88364535551743e+22
1.77800000000000e+01	4.84837112176488e+22
1.77900000000000e+01	4.81345726173493e+22
1.78000000000000e+01	4.77883554884636e+22
1.78100000000000e+01	4.74448220470274e+22
1.78200000000000e+01	4.71042263163552e+22
1.78300000000000e+01	4.67657232944933e+22
1.78400000000000e+01	4.64296687481998e+22
1.78500000000000e+01	4.60953409705956e+22
1.78600000000000e+01	4.57625672259927e+22
1.78700000000000e+01	4.54318207671337e+22
1.78800000000000e+01	4.51031193601434e+22
1.78900000000000e+01	4.47755111617806e+22
1.79000000000000e+01	4.44501924234806e+22
1.79100000000000e+01	4.41272040133883e+22
1.79200000000000e+01	4.38062743878262e+22
1.79300000000000e+01	4.34875654542314e+22
1.79400000000000e+01	4.31717540200120e+22
1.79500000000000e+01	4.28583420580067e+22
1.79600000000000e+01	4.25479048985125e+22
1.79700000000000e+01	4.22398252466829e+22
1.79800000000000e+01	4.19340750606012e+22
1.79900000000000e+01	4.16309594109539e+22
1.80000000000000e+01	4.13297330785440e+22
1.80100000000000e+01	4.10303126841234e+22
1.80200000000000e+01	4.07328525065875e+22
1.80300000000000e+01	4.04371599491897e+22
1.80400000000000e+01	4.01421454450018e+22
1.80500000000000e+01	3.98487069373374e+22
1.80600000000000e+01	3.95566751637415e+22
1.80700000000000e+01	3.92657344046067e+22
1.80800000000000e+01	3.89759414419550e+22
1.80900000000000e+01	3.86879437858398e+22
1.81000000000000e+01	3.84015149128091e+22
1.81100000000000e+01	3.81169633160840e+22
1.81200000000000e+01	3.78349562987895e+22
1.81300000000000e+01	3.75554313030944e+22
1.81400000000000e+01	3.72790759727193e+22
1.81500000000000e+01	3.70056208152687e+22
1.81600000000000e+01	3.67353460900017e+22
1.81700000000000e+01	3.64686618068948e+22
1.81800000000000e+01	3.62051943523534e+22
1.81900000000000e+01	3.59452913475170e+22
1.82000000000000e+01	3.56884482701955e+22
1.82100000000000e+01	3.54345171245310e+22
1.82200000000000e+01	3.51837353246570e+22
1.82300000000000e+01	3.49354825019807e+22
1.82400000000000e+01	3.46895817648404e+22
1.82500000000000e+01	3.44464037246143e+22
1.82600000000000e+01	3.42053467507795e+22
1.82700000000000e+01	3.39667580508909e+22
1.82800000000000e+01	3.37297772474174e+22
1.82900000000000e+01	3.34955994711635e+22
1.83000000000000e+01	3.32630100895837e+22
1.83100000000000e+01	3.30328237532119e+22
1.83200000000000e+01	3.28050508310627e+22
1.83300000000000e+01	3.25788308601685e+22
1.83400000000000e+01	3.23553699706730e+22
1.83500000000000e+01	3.21334553740879e+22
1.83600000000000e+01	3.19137643944339e+22
1.83700000000000e+01	3.16958211085298e+22
1.83800000000000e+01	3.14798732887631e+22
1.83900000000000e+01	3.12654172956036e+22
1.84000000000000e+01	3.10522586490863e+22
1.84100000000000e+01	3.08402238693228e+22
1.84200000000000e+01	3.06295612784377e+22
1.84300000000000e+01	3.04200455842244e+22
1.84400000000000e+01	3.02108180051094e+22
1.84500000000000e+01	3.00029103628501e+22
1.84600000000000e+01	2.97951387444327e+22
1.84700000000000e+01	2.95882657502667e+22
1.84800000000000e+01	2.93819691873286e+22
1.84900000000000e+01	2.91763651355847e+22
1.85000000000000e+01	2.89719548546030e+22
1.85100000000000e+01	2.87685476902312e+22
1.85200000000000e+01	2.85667551455361e+22
1.85300000000000e+01	2.83663508107153e+22
1.85400000000000e+01	2.81675872870097e+22
1.85500000000000e+01	2.79709276858379e+22
1.85600000000000e+01	2.77758583151204e+22
1.85700000000000e+01	2.75834518354745e+22
1.85800000000000e+01	2.73927596180714e+22
1.85900000000000e+01	2.72044229680529e+22
1.86000000000000e+01	2.70184686633086e+22
1.86100000000000e+01	2.68340913484137e+22
1.86200000000000e+01	2.66518939256523e+22
1.86300000000000e+01	2.64717834485016e+22
1.86400000000000e+01	2.62929894337675e+22
1.86500000000000e+01	2.61160996750489e+22
1.86600000000000e+01	2.59406245776872e+22
1.86700000000000e+01	2.57668699432570e+22
1.86800000000000e+01	2.55943685488265e+22
1.86900000000000e+01	2.54234328232883e+22
1.87000000000000e+01	2.52533932345463e+22
1.87100000000000e+01	2.50848170361651e+22
1.87200000000000e+01	2.49177008568488e+22
1.87300000000000e+01	2.47514204151061e+22
1.87400000000000e+01	2.45865650171125e+22
1.87500000000000e+01	2.44231902743599e+22
1.87600000000000e+01	2.42606438747489e+22
1.87700000000000e+01	2.40995292168163e+22
1.87800000000000e+01	2.39398942331620e+22
1.87900000000000e+01	2.37810887764343e+22
1.88000000000000e+01	2.36237020174417e+22
1.88100000000000e+01	2.34674474194538e+22
1.88200000000000e+01	2.33126041804169e+22
1.88300000000000e+01	2.31587977189490e+22
1.88400000000000e+01	2.30060441839407e+22
1.88500000000000e+01	2.28545896005093e+22
1.88600000000000e+01	2.27040709355710e+22
1.88700000000000e+01	2.25545083402763e+22
1.88800000000000e+01	2.24060655461583e+22
1.88900000000000e+01	2.22581983334209e+22
1.89000000000000e+01	2.21117018101433e+22
1.89100000000000e+01	2.19656996342692e+22
1.89200000000000e+01	2.18207074129198e+22
1.89300000000000e+01	2.16764807486835e+22
1.89400000000000e+01	2.15332794069973e+22
1.89500000000000e+01	2.13905320116175e+22
1.89600000000000e+01	2.12488333730894e+22
1.89700000000000e+01	2.11081629931678e+22
1.89800000000000e+01	2.09682867704572e+22
1.89900000000000e+01	2.08292710758956e+22
1.90000000000000e+01	2.06911544093655e+22
1.90100000000000e+01	2.05542117475096e+22
1.90200000000000e+01	2.04179953619833e+22
1.90300000000000e+01	2.02833808531708e+22
1.90400000000000e+01	2.01496233352403e+22
1.90500000000000e+01	2.00173153935231e+22
1.90600000000000e+01	1.98862289791050e+22
1.90700000000000e+01	1.97567263596383e+22
1.90800000000000e+01	1.96285138588971e+22
1.90900000000000e+01	1.95016562378029e+22
1.91000000000000e+01	1.93761105971941e+22
1.91100000000000e+01	1.92521100768350e+22
1.91200000000000e+01	1.91293558502502e+22
1.91300000000000e+01	1.90078068403829e+22
1.91400000000000e+01	1.88875746732393e+22
1.91500000000000e+01	1.87683544632638e+22
1.91600000000000e+01	1.86500499745368e+22
1.91700000000000e+01	1.85326221686621e+22
1.91800000000000e+01	1.84161843317271e+22
1.91900000000000e+01	1.83004661975167e+22
1.92000000000000e+01	1.81856640544972e+22
1.92100000000000e+01	1.80712548811217e+22
1.92200000000000e+01	1.79577281766243e+22
1.92300000000000e+01	1.78450421282184e+22
1.92400000000000e+01	1.77327303772356e+22
1.92500000000000e+01	1.76212956284447e+22
1.92600000000000e+01	1.75105045057245e+22
1.92700000000000e+01	1.74006129446714e+22
1.92800000000000e+01	1.72911531351316e+22
1.92900000000000e+01	1.71826063433064e+22
1.93000000000000e+01	1.70749623151317e+22
1.93100000000000e+01	1.69677778303436e+22
1.93200000000000e+01	1.68614781048605e+22
1.93300000000000e+01	1.67560520625868e+22
1.93400000000000e+01	1.66510423293547e+22
1.93500000000000e+01	1.65468705217680e+22
1.93600000000000e+01	1.64433085692110e+22
1.93700000000000e+01	1.63403113061565e+22
1.93800000000000e+01	1.62381203884744e+22
1.93900000000000e+01	1.61364942001771e+22
1.94000000000000e+01	1.60354136451241e+22
1.94100000000000e+01	1.59349249263288e+22
1.94200000000000e+01	1.58352023392929e+22
1.94300000000000e+01	1.57360736898658e+22
1.94400000000000e+01	1.56375187191595e+22
1.94500000000000e+01	1.55397907865532e+22
1.94600000000000e+01	1.54426743322249e+22
1.94700000000000e+01	1.53461661554549e+22
1.94800000000000e+01	1.52503033954778e+22
1.94900000000000e+01	1.51552873958860e+22
1.95000000000000e+01	1.50609024276509e+22
1.95100000000000e+01	1.49671617754517e+22
1.95200000000000e+01	1.48742820954794e+22
1.95300000000000e+01	1.47820294617404e+22
1.95400000000000e+01	1.46903962314357e+22
1.95500000000000e+01	1.45994147585074e+22
1.95600000000000e+01	1.45092572750141e+22
1.95700000000000e+01	1.44197146591006e+22
1.95800000000000e+01	1.43307798729069e+22
1.95900000000000e+01	1.42424459689654e+22
1.96000000000000e+01	1.41548830250647e+22
1.96100000000000e+01	1.40679252719875e+22
1.96200000000000e+01	1.39815279094300e+22
1.96300000000000e+01	1.38958968072132e+22
1.96400000000000e+01	1.38106385957233e+22
1.96500000000000e+01	1.37261127358811e+22
1.96600000000000e+01	1.36423285550643e+22
1.96700000000000e+01	1.35588608755220e+22
1.96800000000000e+01	1.34761007956624e+22
1.96900000000000e+01	1.33938329662141e+22
1.97000000000000e+01	1.33120877297418e+22
1.97100000000000e+01	1.32308040420584e+22
1.97200000000000e+01	1.31498287883767e+22
1.97300000000000e+01	1.30691961603708e+22
1.97400000000000e+01	1.29887939292021e+22
1.97500000000000e+01	1.29081859532711e+22
1.97600000000000e+01	1.28270874397859e+22
1.97700000000000e+01	1.27446596323831e+22
1.97800000000000e+01	1.26601301102064e+22
1.97900000000000e+01	1.25720391039625e+22
1.98000000000000e+01	1.24778627745833e+22
1.98100000000000e+01	1.23747024321079e+22
1.98200000000000e+01	1.22583006651336e+22
1.98300000000000e+01	1.21226780071570e+22
1.98400000000000e+01	1.19608287173579e+22
1.98500000000000e+01	1.17635767529577e+22
1.98600000000000e+01	1.15206435739487e+22
1.98700000000000e+01	1.12204701291291e+22
1.98800000000000e+01	1.08508379613385e+22
1.98900000000000e+01	1.04002217926331e+22
1.99000000000000e+01	9.85853074076524e+21
1.99100000000000e+01	9.21951390012501e+21
1.99200000000000e+01	8.48137568886152e+21
1.99300000000000e+01	7.64947716249312e+21
1.99400000000000e+01	6.73725594156544e+21
1.99500000000000e+01	5.76782647511391e+21
1.99600000000000e+01	4.77324953238472e+21
1.99700000000000e+01	3.79330934633106e+21
1.99800000000000e+01	2.87172621230395e+21
1.99900000000000e+01	2.05069759094064e+21
2.00000000000000e+01	1.36412314665907e+21
