1.00000000000000e-02	9.96285405780097e+26
2.00000000000000e-02	3.98529970371078e+27
3.00000000000000e-02	8.96759062148682e+27
4.00000000000000e-02	1.59439573337391e+28
5.00000000000000e-02	2.49155516266729e+28
6.00000000000000e-02	3.58841240062958e+28
7.00000000000000e-02	4.88512736147952e+28
8.00000000000000e-02	6.38196940138844e+28
9.00000000000000e-02	8.07912585416787e+28
1.00000000000000e-01	9.97691489828695e+28
1.10000000000000e-01	1.20757330603612e+29
1.20000000000000e-01	1.43758323047119e+29
1.30000000000000e-01	1.68776794869321e+29
1.40000000000000e-01	1.95816767816622e+29
1.50000000000000e-01	2.24884194818378e+29
1.60000000000000e-01	2.55981484708555e+29
1.70000000000000e-01	2.89116268226076e+29
1.80000000000000e-01	3.24293270312656e+29
1.90000000000000e-01	3.61519187541378e+29
2.00000000000000e-01	4.00801391294371e+29
2.10000000000000e-01	4.42145220341924e+29
2.20000000000000e-01	4.85557674793395e+29
2.30000000000000e-01	5.31048256555189e+29
2.40000000000000e-01	5.78625203051043e+29
2.50000000000000e-01	6.28294603265055e+29
2.60000000000000e-01	6.80067559587355e+29
2.70000000000000e-01	7.33953411484346e+29
2.80000000000000e-01	7.89957144351149e+29
2.90000000000000e-01	8.48098056895180e+29
3.00000000000000e-01	9.08380297112324e+29
3.10000000000000e-01	9.70814400820556e+29
3.20000000000000e-01	1.03541321683913e+30
3.30000000000000e-01	1.10219273571357e+30
3.40000000000000e-01	1.17115630825630e+30
3.50000000000000e-01	1.24232534578241e+30
3.60000000000000e-01	1.31570810743287e+30
3.70000000000000e-01	1.39132046377131e+30
3.80000000000000e-01	1.46918209783593e+30
3.90000000000000e-01	1.54929577386582e+30
4.00000000000000e-01	1.63169151217644e+30
4.10000000000000e-01	1.71636515966146e+30
4.20000000000000e-01	1.80335588799877e+30
4.30000000000000e-01	1.89266264827467e+30
4.40000000000000e-01	1.98431282322671e+30
4.50000000000000e-01	2.07832410497670e+30
4.60000000000000e-01	2.17470581189183e+30
4.70000000000000e-01	2.27349793189188e+30
4.80000000000000e-01	2.37470210796145e+30
4.90000000000000e-01	2.47833699859314e+30
5.00000000000000e-01	2.58443183510275e+30
5.10000000000000e-01	2.69300738276048e+30
5.20000000000000e-01	2.80409031741857e+30
5.30000000000000e-01	2.91770276428855e+30
5.40000000000000e-01	3.03387319421286e+30
5.50000000000000e-01	3.15259407785545e+30
5.60000000000000e-01	3.27389917178775e+30
5.70000000000000e-01	3.39788491675020e+30
5.80000000000000e-01	3.52451212213139e+30
5.90000000000000e-01	3.65379774042584e+30
6.00000000000000e-01	3.78582496520651e+30
6.10000000000000e-01	3.92056224101971e+30
6.20000000000000e-01	4.05810596033542e+30
6.30000000000000e-01	4.19840496686473e+30
6.40000000000000e-01	4.34158662095942e+30
6.50000000000000e-01	4.48764959210705e+30
6.60000000000000e-01	4.63655378067148e+30
6.70000000000000e-01	4.78839876569297e+30
6.80000000000000e-01	4.94323679019446e+30
6.90000000000000e-01	5.10110271003327e+30
7.00000000000000e-01	5.26202195429799e+30
7.10000000000000e-01	5.42601821864195e+30
7.20000000000000e-01	5.59312715978042e+30
7.30000000000000e-01	5.76348208563477e+30
7.40000000000000e-01	5.93692360706607e+30
7.50000000000000e-01	6.11370084956545e+30
7.60000000000000e-01	6.29387140085944e+30
7.70000000000000e-01	6.47731023514461e+30
7.80000000000000e-01	6.66420244289353e+30
7.90000000000000e-01	6.85448171869355e+30
8.00000000000000e-01	7.04828937568229e+30
8.10000000000000e-01	7.24565863324266e+30
8.20000000000000e-01	7.44666517792068e+30
8.30000000000000e-01	7.65135812046195e+30
8.40000000000000e-01	7.85987290202977e+30
8.50000000000000e-01	8.07199696253060e+30
8.60000000000000e-01	8.28807604969922e+30
8.70000000000000e-01	8.50818555497945e+30
8.80000000000000e-01	8.73216127170577e+30
8.90000000000000e-01	8.96011786648892e+30
9.00000000000000e-01	9.19237212461762e+30
9.10000000000000e-01	9.42884021408426e+30
9.20000000000000e-01	9.66941166890943e+30
9.30000000000000e-01	9.91451130449412e+30
9.40000000000000e-01	1.01639739111376e+31
9.50000000000000e-01	1.04180271549958e+31
9.60000000000000e-01	1.06766323724941e+31
9.70000000000000e-01	1.09399480002304e+31
9.80000000000000e-01	1.12080653797759e+31
9.90000000000000e-01	1.14811030270620e+31
1.00000000000000e+00	1.17592568974961e+31
1.01000000000000e+00	1.20422127385448e+31
1.02000000000000e+00	1.23307018644961e+31
1.03000000000000e+00	1.26243403334191e+31
1.04000000000000e+00	1.29234029559316e+31
1.05000000000000e+00	1.32280280396368e+31
1.06000000000000e+00	1.35382009407251e+31
1.07000000000000e+00	1.38543024308444e+31
1.08000000000000e+00	1.41764355735421e+31
1.09000000000000e+00	1.45043471171669e+31
1.10000000000000e+00	1.48387345752111e+31
1.11000000000000e+00	1.51792946291499e+31
1.12000000000000e+00	1.55265285024670e+31
1.13000000000000e+00	1.58801788030619e+31
1.14000000000000e+00	1.62409079750576e+31
1.15000000000000e+00	1.66085838483914e+31
1.16000000000000e+00	1.69834426604968e+31
1.17000000000000e+00	1.73657048062982e+31
1.18000000000000e+00	1.77552544717218e+31
1.19000000000000e+00	1.81528866775198e+31
1.20000000000000e+00	1.85583360974875e+31
1.21000000000000e+00	1.89721333645431e+31
1.22000000000000e+00	1.93942762322705e+31
1.23000000000000e+00	1.98250418284019e+31
1.24000000000000e+00	2.02646309976675e+31
1.25000000000000e+00	2.07132500480326e+31
1.26000000000000e+00	2.11715888339913e+31
1.27000000000000e+00	2.16394494882053e+31
1.28000000000000e+00	2.21174123928440e+31
1.29000000000000e+00	2.26055135999387e+31
1.30000000000000e+00	2.31043920812053e+31
1.31000000000000e+00	2.36141157576278e+31
1.32000000000000e+00	2.41352275933457e+31
1.33000000000000e+00	2.46683530595961e+31
1.34000000000000e+00	2.52131518370634e+31
1.35000000000000e+00	2.57704125513350e+31
1.36000000000000e+00	2.63408060387892e+31
1.37000000000000e+00	2.69244325413782e+31
1.38000000000000e+00	2.75217398594016e+31
1.39000000000000e+00	2.81337771834685e+31
1.40000000000000e+00	2.87603377328401e+31
1.41000000000000e+00	2.94025548652083e+31
1.42000000000000e+00	3.00607113227954e+31
1.43000000000000e+00	3.07353979942861e+31
1.44000000000000e+00	3.14276777156669e+31
1.45000000000000e+00	3.21376082348872e+31
1.46000000000000e+00	3.28666183180275e+31
1.47000000000000e+00	3.36151975099353e+31
1.48000000000000e+00	3.43845011519232e+31
1.49000000000000e+00	3.51749147038317e+31
1.50000000000000e+00	3.59880340738890e+31
1.51000000000000e+00	3.68246734266227e+31
1.52000000000000e+00	3.76857496182183e+31
1.53000000000000e+00	3.85734572281652e+31
1.54000000000000e+00	3.94880171344501e+31
1.55000000000000e+00	4.04317404064787e+31
1.56000000000000e+00	4.14061744331943e+31
1.57000000000000e+00	4.24116255980258e+31
1.58000000000000e+00	4.34503206830770e+31
1.59000000000000e+00	4.45231597411060e+31
1.60000000000000e+00	4.56309180154175e+31
1.61000000000000e+00	4.67745687319628e+31
1.62000000000000e+00	4.79544697749103e+31
1.63000000000000e+00	4.91703500351377e+31
1.64000000000000e+00	5.04217911132554e+31
1.65000000000000e+00	5.17073181111529e+31
1.66000000000000e+00	5.30261839216631e+31
1.67000000000000e+00	5.43768993664830e+31
1.68000000000000e+00	5.57578330676643e+31
1.69000000000000e+00	5.71676311300970e+31
1.70000000000000e+00	5.86065332202565e+31
1.71000000000000e+00	6.00744631699340e+31
1.72000000000000e+00	6.15742298136998e+31
1.73000000000000e+00	6.31077682280370e+31
1.74000000000000e+00	6.46817197419262e+31
1.75000000000000e+00	6.63040806784528e+31
1.76000000000000e+00	6.79866576545078e+31
1.77000000000000e+00	6.97444867288927e+31
1.78000000000000e+00	7.15978521575934e+31
1.79000000000000e+00	7.35712516067546e+31
1.80000000000000e+00	7.56950726307638e+31
1.81000000000000e+00	7.80068855445525e+31
1.82000000000000e+00	8.05485566890759e+31
1.83000000000000e+00	8.33693170237567e+31
1.84000000000000e+00	8.65232807965842e+31
1.85000000000000e+00	9.00713801138706e+31
1.86000000000000e+00	9.40731878071517e+31
1.87000000000000e+00	9.85912438105142e+31
1.88000000000000e+00	1.03685663111180e+32
1.89000000000000e+00	1.09412573247808e+32
1.90000000000000e+00	1.15820126909222e+32
1.91000000000000e+00	1.22953445736488e+32
1.92000000000000e+00	1.30845548294300e+32
1.93000000000000e+00	1.39526252182734e+32
1.94000000000000e+00	1.49016349789161e+32
1.95000000000000e+00	1.59336895929350e+32
1.96000000000000e+00	1.70501204573604e+32
1.97000000000000e+00	1.82523811902045e+32
1.98000000000000e+00	1.95407727637193e+32
1.99000000000000e+00	2.09156246524126e+32
2.00000000000000e+00	2.23748297910910e+32
2.01000000000000e+00	2.39152457391051e+32
2.02000000000000e+00	2.55296614018567e+32
2.03000000000000e+00	2.72080253648999e+32
2.04000000000000e+00	2.89353755930448e+32
2.05000000000000e+00	3.06909436062312e+32
2.06000000000000e+00	3.24488149583875e+32
2.07000000000000e+00	3.41777542807806e+32
2.08000000000000e+00	3.58415337060533e+32
2.09000000000000e+00	3.74004081951947e+32
2.10000000000000e+00	3.88128402700537e+32
2.11000000000000e+00	4.00359008629851e+32
2.12000000000000e+00	4.10295606649669e+32
2.13000000000000e+00	4.17558530259779e+32
2.14000000000000e+00	4.21842384136249e+32
2.15000000000000e+00	4.22903712249998e+32
2.16000000000000e+00	4.20605382080883e+32
2.17000000000000e+00	4.14940703781591e+32
2.18000000000000e+00	4.06069594555942e+32
2.19000000000000e+00	3.94363882939781e+32
2.20000000000000e+00	3.80421571596625e+32
2.21000000000000e+00	3.65043864953549e+32
2.22000000000000e+00	3.49127678554159e+32
2.23000000000000e+00	3.33502592440052e+32
2.24000000000000e+00	3.18791134018568e+32
2.25000000000000e+00	3.05325465315744e+32
2.26000000000000e+00	2.93134298956509e+32
2.27000000000000e+00	2.82009757752246e+32
2.28000000000000e+00	2.71610860446785e+32
2.29000000000000e+00	2.61569273159043e+32
2.30000000000000e+00	2.51568881109153e+32
2.31000000000000e+00	2.41367047978285e+32
2.32000000000000e+00	2.30781507011332e+32
2.33000000000000e+00	2.19697647081561e+32
2.34000000000000e+00	2.08084407886053e+32
2.35000000000000e+00	1.96078542424403e+32
2.36000000000000e+00	1.84017537890665e+32
2.37000000000000e+00	1.72423425585288e+32
2.38000000000000e+00	1.61910652706768e+32
2.39000000000000e+00	1.53063494780092e+32
2.40000000000000e+00	1.46358982920913e+32
2.41000000000000e+00	1.42128622645408e+32
2.42000000000000e+00	1.40570290189203e+32
2.43000000000000e+00	1.41750599146484e+32
2.44000000000000e+00	1.45613714088364e+32
2.45000000000000e+00	1.51983129754899e+32
2.46000000000000e+00	1.60591833926433e+32
2.47000000000000e+00	1.71114174787382e+32
2.48000000000000e+00	1.83219986983063e+32
2.49000000000000e+00	1.96581667600666e+32
2.50000000000000e+00	2.10847273196506e+32
2.51000000000000e+00	2.25605560675242e+32
2.52000000000000e+00	2.40355889296123e+32
2.53000000000000e+00	2.54509975817691e+32
2.54000000000000e+00	2.67438146454320e+32
2.55000000000000e+00	2.78553605834230e+32
2.56000000000000e+00	2.87435485285017e+32
2.57000000000000e+00	2.93925186393322e+32
2.58000000000000e+00	2.98131539387169e+32
2.59000000000000e+00	3.00314983703969e+32
2.60000000000000e+00	3.00733340561196e+32
2.61000000000000e+00	2.99521245975970e+32
2.62000000000000e+00	2.96682743611214e+32
2.63000000000000e+00	2.92177886917743e+32
2.64000000000000e+00	2.86027324188626e+32
2.65000000000000e+00	2.78390859221629e+32
2.66000000000000e+00	2.69550975197286e+32
2.67000000000000e+00	2.59860180231928e+32
2.68000000000000e+00	2.49640215657108e+32
2.69000000000000e+00	2.39107302239878e+32
2.70000000000000e+00	2.28341790459837e+32
2.71000000000000e+00	2.17295110906648e+32
2.72000000000000e+00	2.05853133177150e+32
2.73000000000000e+00	1.93911739661601e+32
2.74000000000000e+00	1.81463339961390e+32
2.75000000000000e+00	1.68655370586212e+32
2.76000000000000e+00	1.55786361123727e+32
2.77000000000000e+00	1.43246268169542e+32
2.78000000000000e+00	1.31415988895670e+32
2.79000000000000e+00	1.20572223719216e+32
2.80000000000000e+00	1.10839011084610e+32
2.81000000000000e+00	1.02189722361022e+32
2.82000000000000e+00	9.44953164206945e+31
2.83000000000000e+00	8.75857086115596e+31
2.84000000000000e+00	8.13166486634758e+31
2.85000000000000e+00	7.56114346221677e+31
2.86000000000000e+00	7.04707151989339e+31
2.87000000000000e+00	6.59377032686895e+31
2.88000000000000e+00	6.20543062414833e+31
2.89000000000000e+00	5.88169317012242e+31
2.90000000000000e+00	5.61675909204086e+31
2.91000000000000e+00	5.40090830408627e+31
2.92000000000000e+00	5.22405573019141e+31
2.93000000000000e+00	5.07875828078025e+31
2.94000000000000e+00	4.96187749124714e+31
2.95000000000000e+00	4.87419517342729e+31
2.96000000000000e+00	4.81891757305005e+31
2.97000000000000e+00	4.80021921099866e+31
2.98000000000000e+00	4.82262599485630e+31
2.99000000000000e+00	4.89096698553945e+31
3.00000000000000e+00	5.01125631949900e+31
3.01000000000000e+00	5.19186374580384e+31
3.02000000000000e+00	5.44384547923229e+31
3.03000000000000e+00	5.78144575228538e+31
3.04000000000000e+00	6.22116875708267e+31
3.05000000000000e+00	6.78018550184355e+31
3.06000000000000e+00	7.47386908979320e+31
3.07000000000000e+00	8.31194185253147e+31
3.08000000000000e+00	9.29454021571941e+31
3.09000000000000e+00	1.04085794068873e+32
3.10000000000000e+00	1.16267397883469e+32
3.11000000000000e+00	1.29101366256494e+32
3.12000000000000e+00	1.42131990577645e+32
3.13000000000000e+00	1.54882002335300e+32
3.14000000000000e+00	1.66870125364207e+32
3.15000000000000e+00	1.77613571173435e+32
3.16000000000000e+00	1.86651292095519e+32
3.17000000000000e+00	1.93630910255153e+32
3.18000000000000e+00	1.98416998835005e+32
3.19000000000000e+00	2.01160051552591e+32
3.20000000000000e+00	2.02261101504463e+32
3.21000000000000e+00	2.02236539408199e+32
3.22000000000000e+00	2.01551623296625e+32
3.23000000000000e+00	2.00497305907370e+32
3.24000000000000e+00	1.99143591265367e+32
3.25000000000000e+00	1.97364338438001e+32
3.26000000000000e+00	1.94909351287441e+32
3.27000000000000e+00	1.91498410114139e+32
3.28000000000000e+00	1.86912837477884e+32
3.29000000000000e+00	1.81060135673640e+32
3.30000000000000e+00	1.73995249321415e+32
3.31000000000000e+00	1.65903609560049e+32
3.32000000000000e+00	1.57033234575026e+32
3.33000000000000e+00	1.47630348044642e+32
3.34000000000000e+00	1.37894669970048e+32
3.35000000000000e+00	1.27953464206676e+32
3.36000000000000e+00	1.17874778401345e+32
3.37000000000000e+00	1.07688620519167e+32
3.38000000000000e+00	9.74169935998635e+31
3.39000000000000e+00	8.71035187744962e+31
3.40000000000000e+00	7.68388351004218e+31
3.41000000000000e+00	6.67693856884846e+31
3.42000000000000e+00	5.70901600955607e+31
3.43000000000000e+00	4.80141415431975e+31
3.44000000000000e+00	3.97300166069788e+31
3.45000000000000e+00	3.23721023990705e+31
3.46000000000000e+00	2.60099157961701e+31
3.47000000000000e+00	2.06573240923025e+31
3.48000000000000e+00	1.62894269473957e+31
3.49000000000000e+00	1.28579069709022e+31
3.50000000000000e+00	1.03012087406661e+31
3.51000000000000e+00	8.54974084595605e+30
3.52000000000000e+00	7.52752771359978e+30
3.53000000000000e+00	7.15153332423355e+30
3.54000000000000e+00	7.33071197731989e+30
3.55000000000000e+00	7.96630769253271e+30
3.56000000000000e+00	8.95504507177596e+30
3.57000000000000e+00	1.01937844330312e+31
3.58000000000000e+00	1.15849673908251e+31
3.59000000000000e+00	1.30407612042191e+31
3.60000000000000e+00	1.44879478107792e+31
3.61000000000000e+00	1.58719712774999e+31
3.62000000000000e+00	1.71597595209572e+31
3.63000000000000e+00	1.83386008252053e+31
3.64000000000000e+00	1.94119492395591e+31
3.65000000000000e+00	2.03933067046670e+31
3.66000000000000e+00	2.13007292666793e+31
3.67000000000000e+00	2.21528568502978e+31
3.68000000000000e+00	2.29650536565979e+31
3.69000000000000e+00	2.37455887175787e+31
3.70000000000000e+00	2.44922400832839e+31
3.71000000000000e+00	2.51918496216714e+31
3.72000000000000e+00	2.58228589502469e+31
3.73000000000000e+00	2.63626297206954e+31
3.74000000000000e+00	2.67947221379714e+31
3.75000000000000e+00	2.71147083370858e+31
3.76000000000000e+00	2.73308879987810e+31
3.77000000000000e+00	2.74612227884920e+31
3.78000000000000e+00	2.75289414244910e+31
3.79000000000000e+00	2.75593452049669e+31
3.80000000000000e+00	2.75766992751248e+31
3.81000000000000e+00	2.76034361935588e+31
3.82000000000000e+00	2.76583060964730e+31
3.83000000000000e+00	2.77564268083723e+31
3.84000000000000e+00	2.79100153415103e+31
3.85000000000000e+00	2.81291609788617e+31
3.86000000000000e+00	2.84219170593342e+31
3.87000000000000e+00	2.87922645630199e+31
3.88000000000000e+00	2.92362888631217e+31
3.89000000000000e+00	2.97396982476106e+31
3.90000000000000e+00	3.02761905306114e+31
3.91000000000000e+00	3.08107503036406e+31
3.92000000000000e+00	3.13045156450889e+31
3.93000000000000e+00	3.17206703050961e+31
3.94000000000000e+00	3.20301577167142e+31
3.95000000000000e+00	3.22110510430892e+31
3.96000000000000e+00	3.22510393061153e+31
3.97000000000000e+00	3.21446671753028e+31
3.98000000000000e+00	3.18922693394814e+31
3.99000000000000e+00	3.14973680342972e+31
4.00000000000000e+00	3.09710029877729e+31
4.01000000000000e+00	3.03280472017563e+31
4.02000000000000e+00	2.95895717961902e+31
4.03000000000000e+00	2.87787855847743e+31
4.04000000000000e+00	2.79195610466508e+31
4.05000000000000e+00	2.70336822654233e+31
4.06000000000000e+00	2.61367717366344e+31
4.07000000000000e+00	2.52410322019006e+31
4.08000000000000e+00	2.43531780921172e+31
4.09000000000000e+00	2.34802611961312e+31
4.10000000000000e+00	2.26284073496720e+31
4.11000000000000e+00	2.18032210072573e+31
4.12000000000000e+00	2.10081777104189e+31
4.13000000000000e+00	2.02445807728499e+31
4.14000000000000e+00	1.95107948028036e+31
4.15000000000000e+00	1.88066758600607e+31
4.16000000000000e+00	1.81316089821161e+31
4.17000000000000e+00	1.74889342794677e+31
4.18000000000000e+00	1.68831358980336e+31
4.19000000000000e+00	1.63192580016825e+31
4.20000000000000e+00	1.58006165157923e+31
4.21000000000000e+00	1.53288151549375e+31
4.22000000000000e+00	1.49034305157248e+31
4.23000000000000e+00	1.45209363287406e+31
4.24000000000000e+00	1.41756391083316e+31
4.25000000000000e+00	1.38603623856485e+31
4.26000000000000e+00	1.35673683910048e+31
4.27000000000000e+00	1.32883680524515e+31
4.28000000000000e+00	1.30158494691159e+31
4.29000000000000e+00	1.27434957074717e+31
4.30000000000000e+00	1.24665868701386e+31
4.31000000000000e+00	1.21818277725256e+31
4.32000000000000e+00	1.18880674540825e+31
4.33000000000000e+00	1.15853073466928e+31
4.34000000000000e+00	1.12747871732618e+31
4.35000000000000e+00	1.09589495168694e+31
4.36000000000000e+00	1.06398074731156e+31
4.37000000000000e+00	1.03191760673129e+31
4.38000000000000e+00	9.99703838306363e+30
4.39000000000000e+00	9.67251358131037e+30
4.40000000000000e+00	9.34334277087128e+30
4.41000000000000e+00	9.00735502614709e+30
4.42000000000000e+00	8.66298495481774e+30
4.43000000000000e+00	8.31049887831317e+30
4.44000000000000e+00	7.95225708802122e+30
4.45000000000000e+00	7.59242904582807e+30
4.46000000000000e+00	7.23652510352264e+30
4.47000000000000e+00	6.89038379346296e+30
4.48000000000000e+00	6.55891436776485e+30
4.49000000000000e+00	6.24578166229495e+30
4.50000000000000e+00	5.95278507591236e+30
4.51000000000000e+00	5.68033753414268e+30
4.52000000000000e+00	5.42825554108979e+30
4.53000000000000e+00	5.19667552485067e+30
4.54000000000000e+00	4.98741753583964e+30
4.55000000000000e+00	4.80380530354852e+30
4.56000000000000e+00	4.65043757088481e+30
4.57000000000000e+00	4.53179084927805e+30
4.58000000000000e+00	4.45136268885261e+30
4.59000000000000e+00	4.41059520051469e+30
4.60000000000000e+00	4.40914295267677e+30
4.61000000000000e+00	4.44516151327728e+30
4.62000000000000e+00	4.51579866403975e+30
4.63000000000000e+00	4.61762952882579e+30
4.64000000000000e+00	4.74690174023820e+30
4.65000000000000e+00	4.89945366135039e+30
4.66000000000000e+00	5.07035026029469e+30
4.67000000000000e+00	5.25389302528231e+30
4.68000000000000e+00	5.44362847648065e+30
4.69000000000000e+00	5.63239102300408e+30
4.70000000000000e+00	5.81313656843216e+30
4.71000000000000e+00	5.97921475470811e+30
4.72000000000000e+00	6.12541038303916e+30
4.73000000000000e+00	6.24847975096523e+30
4.74000000000000e+00	6.34782417361441e+30
4.75000000000000e+00	6.42543004328643e+30
4.76000000000000e+00	6.48608449778881e+30
4.77000000000000e+00	6.53654949237460e+30
4.78000000000000e+00	6.58523032768036e+30
4.79000000000000e+00	6.64140134850110e+30
4.80000000000000e+00	6.71425744701411e+30
4.81000000000000e+00	6.81232424460603e+30
4.82000000000000e+00	6.94283780382717e+30
4.83000000000000e+00	7.11111837545869e+30
4.84000000000000e+00	7.32032040977821e+30
4.85000000000000e+00	7.57165195092711e+30
4.86000000000000e+00	7.86368516555013e+30
4.87000000000000e+00	8.19272814126687e+30
4.88000000000000e+00	8.55219604835206e+30
4.89000000000000e+00	8.93290374716589e+30
4.90000000000000e+00	9.32307638892943e+30
4.91000000000000e+00	9.70892819403423e+30
4.92000000000000e+00	1.00756994163199e+31
4.93000000000000e+00	1.04092305757954e+31
4.94000000000000e+00	1.06973457875661e+31
4.95000000000000e+00	1.09315245052102e+31
4.96000000000000e+00	1.11069805457776e+31
4.97000000000000e+00	1.12228869835146e+31
4.98000000000000e+00	1.12818721555815e+31
4.99000000000000e+00	1.12895972471447e+31
5.00000000000000e+00	1.12538083224399e+31
5.01000000000000e+00	1.11844722036948e+31
5.02000000000000e+00	1.10924019255477e+31
5.03000000000000e+00	1.09894515212663e+31
5.04000000000000e+00	1.08874309304782e+31
5.05000000000000e+00	1.07974646257272e+31
5.06000000000000e+00	1.07292602465779e+31
5.07000000000000e+00	1.06897747474336e+31
5.08000000000000e+00	1.06827845166993e+31
5.09000000000000e+00	1.07083333508366e+31
5.10000000000000e+00	1.07624048784637e+31
5.11000000000000e+00	1.08375914680828e+31
5.12000000000000e+00	1.09230622415789e+31
5.13000000000000e+00	1.10061303771206e+31
5.14000000000000e+00	1.10719024671582e+31
5.15000000000000e+00	1.11047407216274e+31
5.16000000000000e+00	1.10876544668254e+31
5.17000000000000e+00	1.10038029216858e+31
5.18000000000000e+00	1.08364203935005e+31
5.19000000000000e+00	1.05713773146844e+31
5.20000000000000e+00	1.01976450431651e+31
5.21000000000000e+00	9.70967364989118e+30
5.22000000000000e+00	9.10831583107449e+30
5.23000000000000e+00	8.40202614218844e+30
5.24000000000000e+00	7.60698761024901e+30
5.25000000000000e+00	6.74676887336206e+30
5.26000000000000e+00	5.85158125533941e+30
5.27000000000000e+00	4.95637634559328e+30
5.28000000000000e+00	4.09814579666947e+30
5.29000000000000e+00	3.31244625084882e+30
5.30000000000000e+00	2.62971735124378e+30
5.31000000000000e+00	2.07215148712485e+30
5.32000000000000e+00	1.65217523097900e+30
5.33000000000000e+00	1.37205907654449e+30
5.34000000000000e+00	1.22535230115464e+30
5.35000000000000e+00	1.19883940233621e+30
5.36000000000000e+00	1.27485030620193e+30
5.37000000000000e+00	1.43352994225882e+30
5.38000000000000e+00	1.65453128339302e+30
5.39000000000000e+00	1.91825368750538e+30
5.40000000000000e+00	2.20644311739400e+30
5.41000000000000e+00	2.50236971935122e+30
5.42000000000000e+00	2.79078257458116e+30
5.43000000000000e+00	3.05777566483699e+30
5.44000000000000e+00	3.29097765047909e+30
5.45000000000000e+00	3.48003602805906e+30
5.46000000000000e+00	3.61736755104518e+30
5.47000000000000e+00	3.69885662363441e+30
5.48000000000000e+00	3.72430191386652e+30
5.49000000000000e+00	3.69732166438476e+30
5.50000000000000e+00	3.62494710229220e+30
5.51000000000000e+00	3.51644760489699e+30
5.52000000000000e+00	3.38227475806957e+30
5.53000000000000e+00	3.23248985737154e+30
5.54000000000000e+00	3.07575949901685e+30
5.55000000000000e+00	2.91854923142841e+30
5.56000000000000e+00	2.76492268718427e+30
5.57000000000000e+00	2.61677706097029e+30
5.58000000000000e+00	2.47453661750329e+30
5.59000000000000e+00	2.33784795980430e+30
5.60000000000000e+00	2.20644593376135e+30
5.61000000000000e+00	2.08087638466229e+30
5.62000000000000e+00	1.96284091146429e+30
5.63000000000000e+00	1.85553217127282e+30
5.64000000000000e+00	1.76342983469768e+30
5.65000000000000e+00	1.69215241458836e+30
5.66000000000000e+00	1.64791488717395e+30
5.67000000000000e+00	1.63708616967943e+30
5.68000000000000e+00	1.66583388379831e+30
5.69000000000000e+00	1.73974768925728e+30
5.70000000000000e+00	1.86360586336042e+30
5.71000000000000e+00	2.04119171635916e+30
5.72000000000000e+00	2.27517752418828e+30
5.73000000000000e+00	2.56693176163636e+30
5.74000000000000e+00	2.91658440132922e+30
5.75000000000000e+00	3.32300046346112e+30
5.76000000000000e+00	3.78434003553860e+30
5.77000000000000e+00	4.29916948480832e+30
5.78000000000000e+00	4.86872683845571e+30
5.79000000000000e+00	5.50006525962950e+30
5.80000000000000e+00	6.20882021774523e+30
5.81000000000000e+00	7.02116763799944e+30
5.82000000000000e+00	7.97164908849671e+30
5.83000000000000e+00	9.09681097693154e+30
5.84000000000000e+00	1.04234140117517e+31
5.85000000000000e+00	1.19552032263371e+31
5.86000000000000e+00	1.36611092637088e+31
5.87000000000000e+00	1.54698156581114e+31
5.88000000000000e+00	1.72740112179399e+31
5.89000000000000e+00	1.89449075583687e+31
5.90000000000000e+00	2.03522223957565e+31
5.91000000000000e+00	2.13862176784152e+31
5.92000000000000e+00	2.19753243129507e+31
5.93000000000000e+00	2.20947869254557e+31
5.94000000000000e+00	2.17647646812565e+31
5.95000000000000e+00	2.10409347193602e+31
5.96000000000000e+00	2.00003267155716e+31
5.97000000000000e+00	1.87257285713920e+31
5.98000000000000e+00	1.72950033657820e+31
5.99000000000000e+00	1.57743652553865e+31
6.00000000000000e+00	1.42173257847325e+31
6.01000000000000e+00	1.26651687958420e+31
6.02000000000000e+00	1.11513854074181e+31
6.03000000000000e+00	9.70371157133283e+30
6.04000000000000e+00	8.34661603396698e+30
6.05000000000000e+00	7.10161076820617e+30
6.06000000000000e+00	5.98728029114864e+30
6.07000000000000e+00	5.01823717699542e+30
6.08000000000000e+00	4.20427419709511e+30
6.09000000000000e+00	3.54967425818692e+30
6.10000000000000e+00	3.05293630971966e+30
6.11000000000000e+00	2.70724894002227e+30
6.12000000000000e+00	2.50134437773660e+30
6.13000000000000e+00	2.42025167987523e+30
6.14000000000000e+00	2.44633788876998e+30
6.15000000000000e+00	2.55990810038754e+30
6.16000000000000e+00	2.73952962659255e+30
6.17000000000000e+00	2.96240921365331e+30
6.18000000000000e+00	3.20490061928748e+30
6.19000000000000e+00	3.44304370520584e+30
6.20000000000000e+00	3.65376104250262e+30
6.21000000000000e+00	3.81617011601301e+30
6.22000000000000e+00	3.91317212424061e+30
6.23000000000000e+00	3.93339955812591e+30
6.24000000000000e+00	3.87289562749143e+30
6.25000000000000e+00	3.73665626734553e+30
6.26000000000000e+00	3.53985367297734e+30
6.27000000000000e+00	3.30835838499560e+30
6.28000000000000e+00	3.07799595221497e+30
6.29000000000000e+00	2.89290494014994e+30
6.30000000000000e+00	2.80208704446459e+30
6.31000000000000e+00	2.85492934359344e+30
6.32000000000000e+00	3.09537199780408e+30
6.33000000000000e+00	3.55666115126932e+30
6.34000000000000e+00	4.25658845992537e+30
6.35000000000000e+00	5.19533974948965e+30
6.36000000000000e+00	6.35547037377266e+30
6.37000000000000e+00	7.70475864758489e+30
6.38000000000000e+00	9.20076165147539e+30
6.39000000000000e+00	1.07963614943333e+31
6.40000000000000e+00	1.24448994738778e+31
6.41000000000000e+00	1.41044040037105e+31
6.42000000000000e+00	1.57393050326002e+31
6.43000000000000e+00	1.73214557933798e+31
6.44000000000000e+00	1.88292036551825e+31
6.45000000000000e+00	2.02451161069647e+31
6.46000000000000e+00	2.15549916708907e+31
6.47000000000000e+00	2.27456066394722e+31
6.48000000000000e+00	2.38046699710101e+31
6.49000000000000e+00	2.47192239069141e+31
6.50000000000000e+00	2.54770864154282e+31
6.51000000000000e+00	2.60662021165564e+31
6.52000000000000e+00	2.64763889952578e+31
6.53000000000000e+00	2.66995264638206e+31
6.54000000000000e+00	2.67308870261647e+31
6.55000000000000e+00	2.65700559882653e+31
6.56000000000000e+00	2.62205498866707e+31
6.57000000000000e+00	2.56900359705429e+31
6.58000000000000e+00	2.49897118865417e+31
6.59000000000000e+00	2.41344452879584e+31
6.60000000000000e+00	2.31416757544460e+31
6.61000000000000e+00	2.20321720724310e+31
6.62000000000000e+00	2.08293046396704e+31
6.63000000000000e+00	1.95592305392143e+31
6.64000000000000e+00	1.82502667448858e+31
6.65000000000000e+00	1.69329256449785e+31
6.66000000000000e+00	1.56382083647460e+31
6.67000000000000e+00	1.43978188052082e+31
6.68000000000000e+00	1.32422708414732e+31
6.69000000000000e+00	1.21999816420894e+31
6.70000000000000e+00	1.12960370084808e+31
6.71000000000000e+00	1.05507946330635e+31
6.72000000000000e+00	9.97762982664106e+30
6.73000000000000e+00	9.58306697446789e+30
6.74000000000000e+00	9.36570903196449e+30
6.75000000000000e+00	9.31724151992397e+30
6.76000000000000e+00	9.42365773076320e+30
6.77000000000000e+00	9.66656453131249e+30
6.78000000000000e+00	1.00256338374272e+31
6.79000000000000e+00	1.04799242247280e+31
6.80000000000000e+00	1.10093895027900e+31
6.81000000000000e+00	1.15958404822671e+31
6.82000000000000e+00	1.22237510495523e+31
6.83000000000000e+00	1.28795132269273e+31
6.84000000000000e+00	1.35524409186080e+31
6.85000000000000e+00	1.42332535807584e+31
6.86000000000000e+00	1.49146965229361e+31
6.87000000000000e+00	1.55902301249357e+31
6.88000000000000e+00	1.62551417815491e+31
6.89000000000000e+00	1.69057365487670e+31
6.90000000000000e+00	1.75395823901863e+31
6.91000000000000e+00	1.81570615372983e+31
6.92000000000000e+00	1.87601137139303e+31
6.93000000000000e+00	1.93529965666494e+31
6.94000000000000e+00	1.99417168643491e+31
6.95000000000000e+00	2.05332869486908e+31
6.96000000000000e+00	2.11351160690751e+31
6.97000000000000e+00	2.17537767041808e+31
6.98000000000000e+00	2.23943784283838e+31
6.99000000000000e+00	2.30616911280311e+31
7.00000000000000e+00	2.37581542523912e+31
7.01000000000000e+00	2.44855345405217e+31
7.02000000000000e+00	2.52450097806637e+31
7.03000000000000e+00	2.60379759005923e+31
7.04000000000000e+00	2.68660239127823e+31
7.05000000000000e+00	2.77334347775699e+31
7.06000000000000e+00	2.86468126421669e+31
7.07000000000000e+00	2.96182689493070e+31
7.08000000000000e+00	3.06654043739815e+31
7.09000000000000e+00	3.18122836224553e+31
7.10000000000000e+00	3.30894575698782e+31
7.11000000000000e+00	3.45345311278022e+31
7.12000000000000e+00	3.61875791571562e+31
7.13000000000000e+00	3.80887810607904e+31
7.14000000000000e+00	4.02723112746878e+31
7.15000000000000e+00	4.27595713564544e+31
7.16000000000000e+00	4.55520031113264e+31
7.17000000000000e+00	4.86218436753885e+31
7.18000000000000e+00	5.19103445668307e+31
7.19000000000000e+00	5.53208900207277e+31
7.20000000000000e+00	5.87242107432515e+31
7.21000000000000e+00	6.19604929773640e+31
7.22000000000000e+00	6.48510740356858e+31
7.23000000000000e+00	6.72068711559363e+31
7.24000000000000e+00	6.88410343663314e+31
7.25000000000000e+00	6.95819141115389e+31
7.26000000000000e+00	6.92881575217192e+31
7.27000000000000e+00	6.78619869345231e+31
7.28000000000000e+00	6.52685931988960e+31
7.29000000000000e+00	6.15471653713447e+31
7.30000000000000e+00	5.68233842792838e+31
7.31000000000000e+00	5.13045676048922e+31
7.32000000000000e+00	4.52657590723113e+31
7.33000000000000e+00	3.90209286379982e+31
7.34000000000000e+00	3.28876685282133e+31
7.35000000000000e+00	2.71506660969153e+31
7.36000000000000e+00	2.20319044526114e+31
7.37000000000000e+00	1.76750457187265e+31
7.38000000000000e+00	1.41404271449470e+31
7.39000000000000e+00	1.14141807246016e+31
7.40000000000000e+00	9.42601655387433e+30
7.41000000000000e+00	8.06882226972601e+30
7.42000000000000e+00	7.21948046419491e+30
7.43000000000000e+00	6.75532569407154e+30
7.44000000000000e+00	6.56627998408107e+30
7.45000000000000e+00	6.56182646062389e+30
7.46000000000000e+00	6.67354503699580e+30
7.47000000000000e+00	6.85396084344898e+30
7.48000000000000e+00	7.07284096821598e+30
7.49000000000000e+00	7.31203170852587e+30
7.50000000000000e+00	7.56007082639379e+30
7.51000000000000e+00	7.80752467878559e+30
7.52000000000000e+00	8.04400890241444e+30
7.53000000000000e+00	8.25693077907041e+30
7.54000000000000e+00	8.43201435839162e+30
7.55000000000000e+00	8.55526318123605e+30
7.56000000000000e+00	8.61540240044227e+30
7.57000000000000e+00	8.60685842062258e+30
7.58000000000000e+00	8.53159825734971e+30
7.59000000000000e+00	8.40065614181380e+30
7.60000000000000e+00	8.23394424284250e+30
7.61000000000000e+00	8.05877722895330e+30
7.62000000000000e+00	7.90697766231884e+30
7.63000000000000e+00	7.81088769220831e+30
7.64000000000000e+00	7.79915544556911e+30
7.65000000000000e+00	7.89252171544501e+30
7.66000000000000e+00	8.10078639894103e+30
7.67000000000000e+00	8.42114446660387e+30
7.68000000000000e+00	8.83856365811379e+30
7.69000000000000e+00	9.32766229818622e+30
7.70000000000000e+00	9.85579619727079e+30
7.71000000000000e+00	1.03870715603645e+31
7.72000000000000e+00	1.08865136000409e+31
7.73000000000000e+00	1.13226998339575e+31
7.74000000000000e+00	1.16712099971662e+31
7.75000000000000e+00	1.19168591104732e+31
7.76000000000000e+00	1.20536472141181e+31
7.77000000000000e+00	1.20860496089708e+31
7.78000000000000e+00	1.20288330439619e+31
7.79000000000000e+00	1.19058488545824e+31
7.80000000000000e+00	1.17488280468858e+31
7.81000000000000e+00	1.15957097789285e+31
7.82000000000000e+00	1.14882236103565e+31
7.83000000000000e+00	1.14704267239717e+31
7.84000000000000e+00	1.15857781728648e+31
7.85000000000000e+00	1.18750486970394e+31
7.86000000000000e+00	1.23740982570653e+31
7.87000000000000e+00	1.31123873071391e+31
7.88000000000000e+00	1.41100083874898e+31
7.89000000000000e+00	1.53779955009297e+31
7.90000000000000e+00	1.69179612303625e+31
7.91000000000000e+00	1.87212373931350e+31
7.92000000000000e+00	2.07715979958616e+31
7.93000000000000e+00	2.30465852537181e+31
7.94000000000000e+00	2.55210739400401e+31
7.95000000000000e+00	2.81696603714176e+31
7.96000000000000e+00	3.09713042518650e+31
7.97000000000000e+00	3.39108904986676e+31
7.98000000000000e+00	3.69843973306120e+31
7.99000000000000e+00	4.01993324784079e+31
8.00000000000000e+00	4.35748970469493e+31
8.01000000000000e+00	4.71406902463645e+31
8.02000000000000e+00	5.09324216595467e+31
8.03000000000000e+00	5.49904264614912e+31
8.04000000000000e+00	5.93508537746975e+31
8.05000000000000e+00	6.40425529383190e+31
8.06000000000000e+00	6.90781326796766e+31
8.07000000000000e+00	7.44462926331551e+31
8.08000000000000e+00	8.01064571855777e+31
8.09000000000000e+00	8.59844291365536e+31
8.10000000000000e+00	9.19690416780766e+31
8.11000000000000e+00	9.79114596510737e+31
8.12000000000000e+00	1.03626143814336e+32
8.13000000000000e+00	1.08896741326012e+32
8.14000000000000e+00	1.13479770345606e+32
8.15000000000000e+00	1.17115052733639e+32
8.16000000000000e+00	1.19537117362769e+32
8.17000000000000e+00	1.20492386858234e+32
8.18000000000000e+00	1.19763103808163e+32
8.19000000000000e+00	1.17191546554824e+32
8.20000000000000e+00	1.12713942316770e+32
8.21000000000000e+00	1.06386057097453e+32
8.22000000000000e+00	9.83959107467944e+31
8.23000000000000e+00	8.90580991533504e+31
8.24000000000000e+00	7.87871846692028e+31
8.25000000000000e+00	6.80495601159490e+31
8.26000000000000e+00	5.73183952278403e+31
8.27000000000000e+00	4.70234158182894e+31
8.28000000000000e+00	3.75195649428712e+31
8.29000000000000e+00	2.90616473770674e+31
8.30000000000000e+00	2.18007802990509e+31
8.31000000000000e+00	1.57899840459719e+31
8.32000000000000e+00	1.09975837514038e+31
8.33000000000000e+00	7.32894302123684e+30
8.34000000000000e+00	4.64883214319943e+30
8.35000000000000e+00	2.80220193703380e+30
8.36000000000000e+00	1.63081821324305e+30
8.37000000000000e+00	9.84859448970064e+29
8.38000000000000e+00	7.30244621557200e+29
8.39000000000000e+00	7.52416088910183e+29
8.40000000000000e+00	9.57665316028941e+29
8.41000000000000e+00	1.27289502066300e+30
8.42000000000000e+00	1.64412380724472e+30
8.43000000000000e+00	2.03438794738510e+30
8.44000000000000e+00	2.42101490944704e+30
8.45000000000000e+00	2.79279797955690e+30
8.46000000000000e+00	3.14708691425610e+30
8.47000000000000e+00	3.48698353229556e+30
8.48000000000000e+00	3.81881805207352e+30
8.49000000000000e+00	4.15001847160352e+30
8.50000000000000e+00	4.48751707445597e+30
8.51000000000000e+00	4.83652083221237e+30
8.52000000000000e+00	5.19997519366588e+30
8.53000000000000e+00	5.57847752595633e+30
8.54000000000000e+00	5.97060219412117e+30
8.55000000000000e+00	6.37340139274296e+30
8.56000000000000e+00	6.78315414005962e+30
8.57000000000000e+00	7.19613737504815e+30
8.58000000000000e+00	7.60898475927605e+30
8.59000000000000e+00	8.01937910298270e+30
8.60000000000000e+00	8.42589426979384e+30
8.61000000000000e+00	8.82813305246022e+30
8.62000000000000e+00	9.22645913164200e+30
8.63000000000000e+00	9.62169785776217e+30
8.64000000000000e+00	1.00148007369068e+31
8.65000000000000e+00	1.04065405270958e+31
8.66000000000000e+00	1.07971895745845e+31
8.67000000000000e+00	1.11867936382416e+31
8.68000000000000e+00	1.15746964105956e+31
8.69000000000000e+00	1.19600122371593e+31
8.70000000000000e+00	1.23416303563931e+31
8.71000000000000e+00	1.27185012426043e+31
8.72000000000000e+00	1.30896603580024e+31
8.73000000000000e+00	1.34546308152976e+31
8.74000000000000e+00	1.38130478612858e+31
8.75000000000000e+00	1.41652792870431e+31
8.76000000000000e+00	1.45116632559781e+31
8.77000000000000e+00	1.48529810198979e+31
8.78000000000000e+00	1.51900674756243e+31
8.79000000000000e+00	1.55235423952171e+31
8.80000000000000e+00	1.58541062199359e+31
8.81000000000000e+00	1.61817838779014e+31
8.82000000000000e+00	1.65067486531718e+31
8.83000000000000e+00	1.68286234235851e+31
8.84000000000000e+00	1.71468616844876e+31
8.85000000000000e+00	1.74607111954847e+31
8.86000000000000e+00	1.77695360541373e+31
8.87000000000000e+00	1.80727808088042e+31
8.88000000000000e+00	1.83698900155626e+31
8.89000000000000e+00	1.86606231873691e+31
8.90000000000000e+00	1.89450773259304e+31
8.91000000000000e+00	1.92237596983618e+31
8.92000000000000e+00	1.94969097257984e+31
8.93000000000000e+00	1.97653162227130e+31
8.94000000000000e+00	2.00294983765267e+31
8.95000000000000e+00	2.02899607301690e+31
8.96000000000000e+00	2.05465667934633e+31
8.97000000000000e+00	2.07988890210815e+31
8.98000000000000e+00	2.10458224485140e+31
8.99000000000000e+00	2.12855465686329e+31
9.00000000000000e+00	2.15156143039654e+31
9.01000000000000e+00	2.17328534734965e+31
9.02000000000000e+00	2.19339802163623e+31
9.03000000000000e+00	2.21149333419252e+31
9.04000000000000e+00	2.22726409339918e+31
9.05000000000000e+00	2.24040431230488e+31
9.06000000000000e+00	2.25074228255872e+31
9.07000000000000e+00	2.25823309098237e+31
9.08000000000000e+00	2.26298246082914e+31
9.09000000000000e+00	2.26525451823831e+31
9.10000000000000e+00	2.26547479965740e+31
9.11000000000000e+00	2.26415210005144e+31
9.12000000000000e+00	2.26190351520917e+31
9.13000000000000e+00	2.25934483885426e+31
9.14000000000000e+00	2.25705070170831e+31
9.15000000000000e+00	2.25557698487226e+31
9.16000000000000e+00	2.25534096952583e+31
9.17000000000000e+00	2.25665037594071e+31
9.18000000000000e+00	2.25972435141057e+31
9.19000000000000e+00	2.26463849723072e+31
9.20000000000000e+00	2.27136774142333e+31
9.21000000000000e+00	2.27985000366680e+31
9.22000000000000e+00	2.28993607895447e+31
9.23000000000000e+00	2.30143775179958e+31
9.24000000000000e+00	2.31421291179749e+31
9.25000000000000e+00	2.32806926240733e+31
9.26000000000000e+00	2.34286917966920e+31
9.27000000000000e+00	2.35848178504736e+31
9.28000000000000e+00	2.37484134952943e+31
9.29000000000000e+00	2.39185945244445e+31
9.30000000000000e+00	2.40950361572474e+31
9.31000000000000e+00	2.42774174633493e+31
9.32000000000000e+00	2.44655844660308e+31
9.33000000000000e+00	2.46594755961731e+31
9.34000000000000e+00	2.48589733198795e+31
9.35000000000000e+00	2.50637094814368e+31
9.36000000000000e+00	2.52735333242809e+31
9.37000000000000e+00	2.54878795385768e+31
9.38000000000000e+00	2.57064402611092e+31
9.39000000000000e+00	2.59283190308982e+31
9.40000000000000e+00	2.61525601248958e+31
9.41000000000000e+00	2.63784114736018e+31
9.42000000000000e+00	2.66048620576347e+31
9.43000000000000e+00	2.68306020069031e+31
9.44000000000000e+00	2.70549457716495e+31
9.45000000000000e+00	2.72763407342293e+31
9.46000000000000e+00	2.74941923774854e+31
9.47000000000000e+00	2.77075147438170e+31
9.48000000000000e+00	2.79156270155102e+31
9.49000000000000e+00	2.81181124212504e+31
9.50000000000000e+00	2.83145463022784e+31
9.51000000000000e+00	2.85051202354757e+31
9.52000000000000e+00	2.86895803772642e+31
9.53000000000000e+00	2.88687173503986e+31
9.54000000000000e+00	2.90429658586472e+31
9.55000000000000e+00	2.92131387650100e+31
9.56000000000000e+00	2.93801016860112e+31
9.57000000000000e+00	2.95451302106724e+31
9.58000000000000e+00	2.97092701197299e+31
9.59000000000000e+00	2.98735245003465e+31
9.60000000000000e+00	3.00389911694405e+31
9.61000000000000e+00	3.02065452783202e+31
9.62000000000000e+00	3.03768520042548e+31
9.63000000000000e+00	3.05503568317809e+31
9.64000000000000e+00	3.07270764224573e+31
9.65000000000000e+00	3.09075511603552e+31
9.66000000000000e+00	3.10912709442538e+31
9.67000000000000e+00	3.12781556575154e+31
9.68000000000000e+00	3.14681487256298e+31
9.69000000000000e+00	3.16613366928195e+31
9.70000000000000e+00	3.18574991899539e+31
9.71000000000000e+00	3.20572573875787e+31
9.72000000000000e+00	3.22604827023683e+31
9.73000000000000e+00	3.24677444453570e+31
9.74000000000000e+00	3.26796059333015e+31
9.75000000000000e+00	3.28963737330805e+31
9.76000000000000e+00	3.31184174916861e+31
9.77000000000000e+00	3.33458102216511e+31
9.78000000000000e+00	3.35785967449948e+31
9.79000000000000e+00	3.38163399869153e+31
9.80000000000000e+00	3.40581307975605e+31
9.81000000000000e+00	3.43034195401520e+31
9.82000000000000e+00	3.45507035139593e+31
9.83000000000000e+00	3.47986370991459e+31
9.84000000000000e+00	3.50461238826966e+31
9.85000000000000e+00	3.52917395007950e+31
9.86000000000000e+00	3.55341255231238e+31
9.87000000000000e+00	3.57729939562117e+31
9.88000000000000e+00	3.60087252713118e+31
9.89000000000000e+00	3.62444359096145e+31
9.90000000000000e+00	3.64890155037321e+31
9.91000000000000e+00	3.67625278768619e+31
9.92000000000000e+00	3.71036829055397e+31
9.93000000000000e+00	3.75785854418089e+31
9.94000000000000e+00	3.82856303926043e+31
9.95000000000000e+00	3.93514153915118e+31
9.96000000000000e+00	4.09146251370563e+31
9.97000000000000e+00	4.30908419590038e+31
9.98000000000000e+00	4.59228582890394e+31
9.99000000000000e+00	4.93123887864102e+31
1.00000000000000e+01	5.29731302301884e+31
1.00100000000000e+01	5.64141110226832e+31
1.00200000000000e+01	5.89100369292997e+31
1.00300000000000e+01	5.96211800571162e+31
1.00400000000000e+01	5.79202952547793e+31
1.00500000000000e+01	5.37717008345664e+31
1.00600000000000e+01	4.78205961254506e+31
1.00700000000000e+01	4.10692090087685e+31
1.00800000000000e+01	3.44251313449923e+31
1.00900000000000e+01	2.84531252936180e+31
1.01000000000000e+01	2.33787202185273e+31
1.01100000000000e+01	1.92071534948245e+31
1.01200000000000e+01	1.58371267531662e+31
1.01300000000000e+01	1.31347007321401e+31
1.01400000000000e+01	1.09699021550685e+31
1.01500000000000e+01	9.23071932533078e+30
1.01600000000000e+01	7.82622242474881e+30
1.01700000000000e+01	6.68464259003105e+30
1.01800000000000e+01	5.75014426086423e+30
1.01900000000000e+01	4.97952016067543e+30
1.02000000000000e+01	4.33939728181959e+30
1.02100000000000e+01	3.80391352469692e+30
1.02200000000000e+01	3.35287438530801e+30
1.02300000000000e+01	2.97055501987910e+30
1.02400000000000e+01	2.64449440866153e+30
1.02500000000000e+01	2.36485589226395e+30
1.02600000000000e+01	2.12375815320250e+30
1.02700000000000e+01	1.91486256363573e+30
1.02800000000000e+01	1.73301019724425e+30
1.02900000000000e+01	1.57401937392052e+30
1.03000000000000e+01	1.43442600161351e+30
1.03100000000000e+01	1.31135815571915e+30
1.03200000000000e+01	1.20243321999789e+30
1.03300000000000e+01	1.10566306766140e+30
1.03400000000000e+01	1.01935807978915e+30
1.03500000000000e+01	9.42110231084879e+29
1.03600000000000e+01	8.72720485796401e+29
1.03700000000000e+01	8.10173751553110e+29
1.03800000000000e+01	7.53609739769719e+29
1.03900000000000e+01	7.02301849298674e+29
1.04000000000000e+01	6.55625579656320e+29
1.04100000000000e+01	6.13052831211898e+29
1.04200000000000e+01	5.74133702977350e+29
1.04300000000000e+01	5.38473657327664e+29
1.04400000000000e+01	5.05737980947441e+29
1.04500000000000e+01	4.75640650742087e+29
1.04600000000000e+01	4.47915242184673e+29
1.04700000000000e+01	4.22341107605304e+29
1.04800000000000e+01	3.98712949121171e+29
1.04900000000000e+01	3.76854792913785e+29
1.05000000000000e+01	3.56600874107369e+29
1.05100000000000e+01	3.37806985377430e+29
1.05200000000000e+01	3.20336995831691e+29
1.05300000000000e+01	3.04077035459876e+29
1.05400000000000e+01	2.88918361131001e+29
1.05500000000000e+01	2.74767614685013e+29
1.05600000000000e+01	2.61542093455555e+29
1.05700000000000e+01	2.49164366142796e+29
1.05800000000000e+01	2.37570119105311e+29
1.05900000000000e+01	2.26700835946183e+29
1.06000000000000e+01	2.16503009013288e+29
1.06100000000000e+01	2.06929543321671e+29
1.06200000000000e+01	1.97935529855101e+29
1.06300000000000e+01	1.89481412608680e+29
1.06400000000000e+01	1.81527280874471e+29
1.06500000000000e+01	1.74037587411541e+29
1.06600000000000e+01	1.66978328265634e+29
1.06700000000000e+01	1.60317169389276e+29
1.06800000000000e+01	1.54024030190850e+29
1.06900000000000e+01	1.48069047943681e+29
1.07000000000000e+01	1.42429286596172e+29
1.07100000000000e+01	1.37078882280806e+29
1.07200000000000e+01	1.31998109139334e+29
1.07300000000000e+01	1.27168021351505e+29
1.07400000000000e+01	1.22571860638301e+29
1.07500000000000e+01	1.18195498254715e+29
1.07600000000000e+01	1.14025682731321e+29
1.07700000000000e+01	1.10051159656195e+29
1.07800000000000e+01	1.06263177376329e+29
1.07900000000000e+01	1.02651062884286e+29
1.08000000000000e+01	9.92058157534988e+28
1.08100000000000e+01	9.59198019484583e+28
1.08200000000000e+01	9.27841221949046e+28
1.08300000000000e+01	8.97902125834116e+28
1.08400000000000e+01	8.69292763137153e+28
1.08500000000000e+01	8.41935680996710e+28
1.08600000000000e+01	8.15745804024021e+28
1.08700000000000e+01	7.90657429372423e+28
1.08800000000000e+01	7.66594321588462e+28
1.08900000000000e+01	7.43495348898568e+28
1.09000000000000e+01	7.21316699802636e+28
1.09100000000000e+01	7.00007447179755e+28
1.09200000000000e+01	6.79530052306090e+28
1.09300000000000e+01	6.59856252132388e+28
1.09400000000000e+01	6.40950526348330e+28
1.09500000000000e+01	6.22794028614207e+28
1.09600000000000e+01	6.05351833666065e+28
1.09700000000000e+01	5.88603257920800e+28
1.09800000000000e+01	5.72515407070747e+28
1.09900000000000e+01	5.57064213190178e+28
1.10000000000000e+01	5.42209574457893e+28
1.10100000000000e+01	5.27927398354288e+28
1.10200000000000e+01	5.14187512365961e+28
1.10300000000000e+01	5.00952703472335e+28
1.10400000000000e+01	4.88203953239813e+28
1.10500000000000e+01	4.75903477971152e+28
1.10600000000000e+01	4.64036110378577e+28
1.10700000000000e+01	4.52573537348940e+28
1.10800000000000e+01	4.41496682229698e+28
1.10900000000000e+01	4.30786694530137e+28
1.11000000000000e+01	4.20424654805733e+28
1.11100000000000e+01	4.10399736545766e+28
1.11200000000000e+01	4.00694296578121e+28
1.11300000000000e+01	3.91302788789922e+28
1.11400000000000e+01	3.82208764405808e+28
1.11500000000000e+01	3.73404586574557e+28
1.11600000000000e+01	3.64877125811806e+28
1.11700000000000e+01	3.56624322931267e+28
1.11800000000000e+01	3.48629949816374e+28
1.11900000000000e+01	3.40886785437017e+28
1.12000000000000e+01	3.33384720806672e+28
1.12100000000000e+01	3.26116863923850e+28
1.12200000000000e+01	3.19069782158617e+28
1.12300000000000e+01	3.12239042779163e+28
1.12400000000000e+01	3.05613890198480e+28
1.12500000000000e+01	2.99188734208435e+28
1.12600000000000e+01	2.92959726716230e+28
1.12700000000000e+01	2.86921396277902e+28
1.12800000000000e+01	2.81067303703951e+28
1.12900000000000e+01	2.75395942674998e+28
1.13000000000000e+01	2.69900000394468e+28
1.13100000000000e+01	2.64575800354923e+28
1.13200000000000e+01	2.59418499898168e+28
1.13300000000000e+01	2.54417767554357e+28
1.13400000000000e+01	2.49563818385058e+28
1.13500000000000e+01	2.44846622351769e+28
1.13600000000000e+01	2.40254101086001e+28
1.13700000000000e+01	2.35767270178190e+28
1.13800000000000e+01	2.31377691476333e+28
1.13900000000000e+01	2.27066199538820e+28
1.14000000000000e+01	2.22822614526580e+28
1.14100000000000e+01	2.18637339072147e+28
1.14200000000000e+01	2.14501408268439e+28
1.14300000000000e+01	2.10409795549333e+28
1.14400000000000e+01	2.06366408860134e+28
1.14500000000000e+01	2.02372129525141e+28
1.14600000000000e+01	1.98434758739915e+28
1.14700000000000e+01	1.94562429956504e+28
1.14800000000000e+01	1.90765315284773e+28
1.14900000000000e+01	1.87055495766973e+28
1.15000000000000e+01	1.83443718206418e+28
1.15100000000000e+01	1.79936717559493e+28
1.15200000000000e+01	1.76540503939582e+28
1.15300000000000e+01	1.73258033807259e+28
1.15400000000000e+01	1.70091982994213e+28
1.15500000000000e+01	1.67039406277572e+28
1.15600000000000e+01	1.64093501573540e+28
1.15700000000000e+01	1.61252760349931e+28
1.15800000000000e+01	1.58506496521392e+28
1.15900000000000e+01	1.55849812025138e+28
1.16000000000000e+01	1.53274561223436e+28
1.16100000000000e+01	1.50773870138628e+28
1.16200000000000e+01	1.48341995487223e+28
1.16300000000000e+01	1.45971750835502e+28
1.16400000000000e+01	1.43659600635470e+28
1.16500000000000e+01	1.41402557805941e+28
1.16600000000000e+01	1.39195489552390e+28
1.16700000000000e+01	1.37037982693747e+28
1.16800000000000e+01	1.34927323096649e+28
1.16900000000000e+01	1.32863153722126e+28
1.17000000000000e+01	1.30842826974843e+28
1.17100000000000e+01	1.28865959454281e+28
1.17200000000000e+01	1.26933465439478e+28
1.17300000000000e+01	1.25043600718274e+28
1.17400000000000e+01	1.23194247958244e+28
1.17500000000000e+01	1.21387654600509e+28
1.17600000000000e+01	1.19620661454493e+28
1.17700000000000e+01	1.17893317981962e+28
1.17800000000000e+01	1.16203443908007e+28
1.17900000000000e+01	1.14550361267176e+28
1.18000000000000e+01	1.12933751332816e+28
1.18100000000000e+01	1.11351027918144e+28
1.18200000000000e+01	1.09800253337980e+28
1.18300000000000e+01	1.08280117150402e+28
1.18400000000000e+01	1.06788900560208e+28
1.18500000000000e+01	1.05325318856356e+28
1.18600000000000e+01	1.03887037986532e+28
1.18700000000000e+01	1.02474466722129e+28
1.18800000000000e+01	1.01083992503388e+28
1.18900000000000e+01	9.97161799085231e+27
1.19000000000000e+01	9.83690716610658e+27
1.19100000000000e+01	9.70414501174634e+27
1.19200000000000e+01	9.57337307733482e+27
1.19300000000000e+01	9.44440636751206e+27
1.19400000000000e+01	9.31731347023854e+27
1.19500000000000e+01	9.19198511478186e+27
1.19600000000000e+01	9.06852533355308e+27
1.19700000000000e+01	8.94690350342669e+27
1.19800000000000e+01	8.82721668857487e+27
1.19900000000000e+01	8.70963620100175e+27
1.20000000000000e+01	8.59423193109103e+27
1.20100000000000e+01	8.48107054335614e+27
1.20200000000000e+01	8.37025554579405e+27
1.20300000000000e+01	8.26197659860432e+27
1.20400000000000e+01	8.15610473082424e+27
1.20500000000000e+01	8.05285979723126e+27
1.20600000000000e+01	7.95194434295692e+27
1.20700000000000e+01	7.85330065909664e+27
1.20800000000000e+01	7.75678300703267e+27
1.20900000000000e+01	7.66211690929353e+27
1.21000000000000e+01	7.56902440131901e+27
1.21100000000000e+01	7.47728951123766e+27
1.21200000000000e+01	7.38668637272101e+27
1.21300000000000e+01	7.29679919456631e+27
1.21400000000000e+01	7.20752595771386e+27
1.21500000000000e+01	7.11876433429168e+27
1.21600000000000e+01	7.03024501216005e+27
1.21700000000000e+01	6.94210640960965e+27
1.21800000000000e+01	6.85429302954282e+27
1.21900000000000e+01	6.76700356362892e+27
1.22000000000000e+01	6.68030092852676e+27
1.22100000000000e+01	6.59442412090583e+27
1.22200000000000e+01	6.50963255161124e+27
1.22300000000000e+01	6.42607091041542e+27
1.22400000000000e+01	6.34389262546128e+27
1.22500000000000e+01	6.26336563849411e+27
1.22600000000000e+01	6.18451117719306e+27
1.22700000000000e+01	6.10747175317260e+27
1.22800000000000e+01	6.03230388514894e+27
1.22900000000000e+01	5.95899526773991e+27
1.23000000000000e+01	5.88759210677712e+27
1.23100000000000e+01	5.81793190976749e+27
1.23200000000000e+01	5.74993985702350e+27
1.23300000000000e+01	5.68367507968034e+27
1.23400000000000e+01	5.61890208189872e+27
1.23500000000000e+01	5.55561812284261e+27
1.23600000000000e+01	5.49376007794167e+27
1.23700000000000e+01	5.43321404006059e+27
1.23800000000000e+01	5.37397491194807e+27
1.23900000000000e+01	5.31595472367627e+27
1.24000000000000e+01	5.25920479578999e+27
1.24100000000000e+01	5.20360946080879e+27
1.24200000000000e+01	5.14923277427853e+27
1.24300000000000e+01	5.09600908616845e+27
1.24400000000000e+01	5.04388044209632e+27
1.24500000000000e+01	4.99283958101084e+27
1.24600000000000e+01	4.94280896505174e+27
1.24700000000000e+01	4.89374592493533e+27
1.24800000000000e+01	4.84554130533594e+27
1.24900000000000e+01	4.79807285770151e+27
1.25000000000000e+01	4.75130752237116e+27
1.25100000000000e+01	4.70507480444120e+27
1.25200000000000e+01	4.65928707034470e+27
1.25300000000000e+01	4.61376624363098e+27
1.25400000000000e+01	4.56845080352598e+27
1.25500000000000e+01	4.52324011143965e+27
1.25600000000000e+01	4.47794968943024e+27
1.25700000000000e+01	4.43252840483615e+27
1.25800000000000e+01	4.38695956033060e+27
1.25900000000000e+01	4.34115020704404e+27
1.26000000000000e+01	4.29514140320270e+27
1.26100000000000e+01	4.24894701775581e+27
1.26200000000000e+01	4.20263631511820e+27
1.26300000000000e+01	4.15628255415786e+27
1.26400000000000e+01	4.11010732406526e+27
1.26500000000000e+01	4.06412755793751e+27
1.26600000000000e+01	4.01855316017073e+27
1.26700000000000e+01	3.97346892454151e+27
1.26800000000000e+01	3.92905223189811e+27
1.26900000000000e+01	3.88538007866167e+27
1.27000000000000e+01	3.84258024149387e+27
1.27100000000000e+01	3.80061861369893e+27
1.27200000000000e+01	3.75961335775109e+27
1.27300000000000e+01	3.71953427465448e+27
1.27400000000000e+01	3.68040427946080e+27
1.27500000000000e+01	3.64217988582257e+27
1.27600000000000e+01	3.60482082520668e+27
1.27700000000000e+01	3.56831017219244e+27
1.27800000000000e+01	3.53259541944700e+27
1.27900000000000e+01	3.49758471393923e+27
1.28000000000000e+01	3.46330609445283e+27
1.28100000000000e+01	3.42966981266013e+27
1.28200000000000e+01	3.39666676660653e+27
1.28300000000000e+01	3.36423354861108e+27
1.28400000000000e+01	3.33235860043132e+27
1.28500000000000e+01	3.30104971890611e+27
1.28600000000000e+01	3.27022928211809e+27
1.28700000000000e+01	3.23995379557148e+27
1.28800000000000e+01	3.21016473300787e+27
1.28900000000000e+01	3.18085200290200e+27
1.29000000000000e+01	3.15202348107188e+27
1.29100000000000e+01	3.12366253595366e+27
1.29200000000000e+01	3.09573773387721e+27
1.29300000000000e+01	3.06825131873950e+27
1.29400000000000e+01	3.04116655536152e+27
1.29500000000000e+01	3.01454845036718e+27
1.29600000000000e+01	2.98829785698133e+27
1.29700000000000e+01	2.96246780090935e+27
1.29800000000000e+01	2.93700429601836e+27
1.29900000000000e+01	2.91195204374575e+27
1.30000000000000e+01	2.88724639864071e+27
1.30100000000000e+01	2.86292057172156e+27
1.30200000000000e+01	2.83887875189308e+27
1.30300000000000e+01	2.81519796508434e+27
1.30400000000000e+01	2.79177478138721e+27
1.30500000000000e+01	2.76865509997662e+27
1.30600000000000e+01	2.74575550195717e+27
1.30700000000000e+01	2.72309798761677e+27
1.30800000000000e+01	2.70065340538827e+27
1.30900000000000e+01	2.67843464186919e+27
1.31000000000000e+01	2.65639832973194e+27
1.31100000000000e+01	2.63452698432166e+27
1.31200000000000e+01	2.61282419835050e+27
1.31300000000000e+01	2.59127266233848e+27
1.31400000000000e+01	2.56988534533798e+27
1.31500000000000e+01	2.54860604368145e+27
1.31600000000000e+01	2.52742467359787e+27
1.31700000000000e+01	2.50633242755146e+27
1.31800000000000e+01	2.48531672493954e+27
1.31900000000000e+01	2.46434287807932e+27
1.32000000000000e+01	2.44342245551147e+27
1.32100000000000e+01	2.42252566285736e+27
1.32200000000000e+01	2.40166275649561e+27
1.32300000000000e+01	2.38085920277226e+27
1.32400000000000e+01	2.36007593578944e+27
1.32500000000000e+01	2.33936216342844e+27
1.32600000000000e+01	2.31874273094591e+27
1.32700000000000e+01	2.29824361914400e+27
1.32800000000000e+01	2.27792036700796e+27
1.32900000000000e+01	2.25777031195652e+27
1.33000000000000e+01	2.23784165115996e+27
1.33100000000000e+01	2.21815998665178e+27
1.33200000000000e+01	2.19873977859660e+27
1.33300000000000e+01	2.17961446927193e+27
1.33400000000000e+01	2.16075234496833e+27
1.33500000000000e+01	2.14216414001300e+27
1.33600000000000e+01	2.12388096657836e+27
1.33700000000000e+01	2.10584431566612e+27
1.33800000000000e+01	2.08806191906190e+27
1.33900000000000e+01	2.07053977399852e+27
1.34000000000000e+01	2.05324419331337e+27
1.34100000000000e+01	2.03618566430220e+27
1.34200000000000e+01	2.01938418174125e+27
1.34300000000000e+01	2.00277086661186e+27
1.34400000000000e+01	1.98640478243852e+27
1.34500000000000e+01	1.97024863693765e+27
1.34600000000000e+01	1.95430406544188e+27
1.34700000000000e+01	1.93856960122060e+27
1.34800000000000e+01	1.92304594089573e+27
1.34900000000000e+01	1.90768909413903e+27
1.35000000000000e+01	1.89251937693846e+27
1.35100000000000e+01	1.87749903153379e+27
1.35200000000000e+01	1.86264945583548e+27
1.35300000000000e+01	1.84791210243382e+27
1.35400000000000e+01	1.83330331281083e+27
1.35500000000000e+01	1.81878591388946e+27
1.35600000000000e+01	1.80434906299908e+27
1.35700000000000e+01	1.79001661971658e+27
1.35800000000000e+01	1.77572660778943e+27
1.35900000000000e+01	1.76150098631305e+27
1.36000000000000e+01	1.74734469464436e+27
1.36100000000000e+01	1.73322894518022e+27
1.36200000000000e+01	1.71917808134550e+27
1.36300000000000e+01	1.70519943297005e+27
1.36400000000000e+01	1.69128962115312e+27
1.36500000000000e+01	1.67749337972980e+27
1.36600000000000e+01	1.66382197061851e+27
1.36700000000000e+01	1.65031184179731e+27
1.36800000000000e+01	1.63696350544926e+27
1.36900000000000e+01	1.62381369571119e+27
1.37000000000000e+01	1.61087775732868e+27
1.37100000000000e+01	1.59820185357532e+27
1.37200000000000e+01	1.58575914584949e+27
1.37300000000000e+01	1.57357516748690e+27
1.37400000000000e+01	1.56162498493471e+27
1.37500000000000e+01	1.54990706550563e+27
1.37600000000000e+01	1.53841318857189e+27
1.37700000000000e+01	1.52709753164688e+27
1.37800000000000e+01	1.51597136430070e+27
1.37900000000000e+01	1.50496361407846e+27
1.38000000000000e+01	1.49407587859724e+27
1.38100000000000e+01	1.48327384591438e+27
1.38200000000000e+01	1.47255455947655e+27
1.38300000000000e+01	1.46192201956507e+27
1.38400000000000e+01	1.45133686613725e+27
1.38500000000000e+01	1.44084893208036e+27
1.38600000000000e+01	1.43043346178431e+27
1.38700000000000e+01	1.42010897873441e+27
1.38800000000000e+01	1.40990620453469e+27
1.38900000000000e+01	1.39982497505398e+27
1.39000000000000e+01	1.38986847276355e+27
1.39100000000000e+01	1.38006505019988e+27
1.39200000000000e+01	1.37042832824994e+27
1.39300000000000e+01	1.36092886864989e+27
1.39400000000000e+01	1.35158282036969e+27
1.39500000000000e+01	1.34237851324240e+27
1.39600000000000e+01	1.33330616506121e+27
1.39700000000000e+01	1.32435569455528e+27
1.39800000000000e+01	1.31552309724691e+27
1.39900000000000e+01	1.30676500088181e+27
1.40000000000000e+01	1.29809839461926e+27
1.40100000000000e+01	1.28951280504781e+27
1.40200000000000e+01	1.28099989296478e+27
1.40300000000000e+01	1.27253861747987e+27
1.40400000000000e+01	1.26413399818240e+27
1.40500000000000e+01	1.25578385091642e+27
1.40600000000000e+01	1.24749800665920e+27
1.40700000000000e+01	1.23926480683829e+27
1.40800000000000e+01	1.23108564745237e+27
1.40900000000000e+01	1.22297429530191e+27
1.41000000000000e+01	1.21493573004340e+27
1.41100000000000e+01	1.20696075991766e+27
1.41200000000000e+01	1.19905793625639e+27
1.41300000000000e+01	1.19124654959601e+27
1.41400000000000e+01	1.18350783607438e+27
1.41500000000000e+01	1.17584848081150e+27
1.41600000000000e+01	1.16826614811607e+27
1.41700000000000e+01	1.16076189759188e+27
1.41800000000000e+01	1.15333773530426e+27
1.41900000000000e+01	1.14595962177049e+27
1.42000000000000e+01	1.13866603803171e+27
1.42100000000000e+01	1.13141643043500e+27
1.42200000000000e+01	1.12423039401219e+27
1.42300000000000e+01	1.11708444015058e+27
1.42400000000000e+01	1.10998362207439e+27
1.42500000000000e+01	1.10294421498520e+27
1.42600000000000e+01	1.09594045434338e+27
1.42700000000000e+01	1.08898104030504e+27
1.42800000000000e+01	1.08208989404588e+27
1.42900000000000e+01	1.07525560497614e+27
1.43000000000000e+01	1.06848930833436e+27
1.43100000000000e+01	1.06179000106459e+27
1.43200000000000e+01	1.05516013887864e+27
1.43300000000000e+01	1.04859363812922e+27
1.43400000000000e+01	1.04211044495714e+27
1.43500000000000e+01	1.03569655318532e+27
1.43600000000000e+01	1.02934922722911e+27
1.43700000000000e+01	1.02305864791331e+27
1.43800000000000e+01	1.01683686063147e+27
1.43900000000000e+01	1.01065683808740e+27
1.44000000000000e+01	1.00452449632953e+27
1.44100000000000e+01	9.98428301541942e+26
1.44200000000000e+01	9.92361199130987e+26
1.44300000000000e+01	9.86330511089184e+26
1.44400000000000e+01	9.80322479874896e+26
1.44500000000000e+01	9.74345556151860e+26
1.44600000000000e+01	9.68379606150157e+26
1.44700000000000e+01	9.62449871522742e+26
1.44800000000000e+01	9.56533169266498e+26
1.44900000000000e+01	9.50647463166132e+26
1.45000000000000e+01	9.44782822224234e+26
1.45100000000000e+01	9.38949913233026e+26
1.45200000000000e+01	9.33138669411549e+26
1.45300000000000e+01	9.27352832203692e+26
1.45400000000000e+01	9.21589144934338e+26
1.45500000000000e+01	9.15858138286906e+26
1.45600000000000e+01	9.10150337603234e+26
1.45700000000000e+01	9.04460297974478e+26
1.45800000000000e+01	8.98795840917175e+26
1.45900000000000e+01	8.93162334066657e+26
1.46000000000000e+01	8.87561255947967e+26
1.46100000000000e+01	8.81990450082809e+26
1.46200000000000e+01	8.76470467242654e+26
1.46300000000000e+01	8.70992974474572e+26
1.46400000000000e+01	8.65564643742643e+26
1.46500000000000e+01	8.60204758333422e+26
1.46600000000000e+01	8.54904008695620e+26
1.46700000000000e+01	8.49674002392636e+26
1.46800000000000e+01	8.44515831906150e+26
1.46900000000000e+01	8.39429238165417e+26
1.47000000000000e+01	8.34405937327702e+26
1.47100000000000e+01	8.29450777504181e+26
1.47200000000000e+01	8.24557204058808e+26
1.47300000000000e+01	8.19720790181575e+26
1.47400000000000e+01	8.14929817963182e+26
1.47500000000000e+01	8.10184079524022e+26
1.47600000000000e+01	8.05477025501958e+26
1.47700000000000e+01	8.00804425718489e+26
1.47800000000000e+01	7.96154829440278e+26
1.47900000000000e+01	7.91530804550157e+26
1.48000000000000e+01	7.86928323649069e+26
1.48100000000000e+01	7.82340531016638e+26
1.48200000000000e+01	7.77770489172861e+26
1.48300000000000e+01	7.73218911227855e+26
1.48400000000000e+01	7.68684745064209e+26
1.48500000000000e+01	7.64162017841851e+26
1.48600000000000e+01	7.59656964232737e+26
1.48700000000000e+01	7.55168259306416e+26
1.48800000000000e+01	7.50696352793402e+26
1.48900000000000e+01	7.46235344535287e+26
1.49000000000000e+01	7.41788949609932e+26
1.49100000000000e+01	7.37359721989413e+26
1.49200000000000e+01	7.32940630276679e+26
1.49300000000000e+01	7.28540051522877e+26
1.49400000000000e+01	7.24159190566408e+26
1.49500000000000e+01	7.19796158379277e+26
1.49600000000000e+01	7.15465203331251e+26
1.49700000000000e+01	7.11159313254798e+26
1.49800000000000e+01	7.06882760385951e+26
1.49900000000000e+01	7.02650757145582e+26
1.50000000000000e+01	6.98454274403459e+26
1.50100000000000e+01	6.94296291817883e+26
1.50200000000000e+01	6.90188406986004e+26
1.50300000000000e+01	6.86118700435693e+26
1.50400000000000e+01	6.82092648835493e+26
1.50500000000000e+01	6.78103966648077e+26
1.50600000000000e+01	6.74155422070167e+26
1.50700000000000e+01	6.70246455865604e+26
1.50800000000000e+01	6.66375223321630e+26
1.50900000000000e+01	6.62537341230777e+26
1.51000000000000e+01	6.58737938293451e+26
1.51100000000000e+01	6.54972775945557e+26
1.51200000000000e+01	6.51249826146638e+26
1.51300000000000e+01	6.47570227485308e+26
1.51400000000000e+01	6.43937063965192e+26
1.51500000000000e+01	6.40345802641865e+26
1.51600000000000e+01	6.36803844015850e+26
1.51700000000000e+01	6.33310993863285e+26
1.51800000000000e+01	6.29862671253162e+26
1.51900000000000e+01	6.26461825476185e+26
1.52000000000000e+01	6.23100852605542e+26
1.52100000000000e+01	6.19786847994907e+26
1.52200000000000e+01	6.16501383716050e+26
1.52300000000000e+01	6.13253893500203e+26
1.52400000000000e+01	6.10029370683825e+26
1.52500000000000e+01	6.06828959801463e+26
1.52600000000000e+01	6.03646686262536e+26
1.52700000000000e+01	6.00474291451396e+26
1.52800000000000e+01	5.97312026289781e+26
1.52900000000000e+01	5.94152465489771e+26
1.53000000000000e+01	5.90999206754602e+26
1.53100000000000e+01	5.87849339694224e+26
1.53200000000000e+01	5.84698825661355e+26
1.53300000000000e+01	5.81553013949247e+26
1.53400000000000e+01	5.78411854987693e+26
1.53500000000000e+01	5.75274061958473e+26
1.53600000000000e+01	5.72145321434305e+26
1.53700000000000e+01	5.69027951151010e+26
1.53800000000000e+01	5.65920854356179e+26
1.53900000000000e+01	5.62831222829000e+26
1.54000000000000e+01	5.59757638619612e+26
1.54100000000000e+01	5.56706778729779e+26
1.54200000000000e+01	5.53682575834865e+26
1.54300000000000e+01	5.50682283941577e+26
1.54400000000000e+01	5.47713729979646e+26
1.54500000000000e+01	5.44778036391495e+26
1.54600000000000e+01	5.41871761029416e+26
1.54700000000000e+01	5.39000035981152e+26
1.54800000000000e+01	5.36158517259073e+26
1.54900000000000e+01	5.33349727124070e+26
1.55000000000000e+01	5.30571951263654e+26
1.55100000000000e+01	5.27819424312387e+26
1.55200000000000e+01	5.25093440207415e+26
1.55300000000000e+01	5.22393719905626e+26
1.55400000000000e+01	5.19713573815528e+26
1.55500000000000e+01	5.17057534652041e+26
1.55600000000000e+01	5.14421652259780e+26
1.55700000000000e+01	5.11811648515944e+26
1.55800000000000e+01	5.09225211459030e+26
1.55900000000000e+01	5.06671752813566e+26
1.56000000000000e+01	5.04140090069048e+26
1.56100000000000e+01	5.01644888446500e+26
1.56200000000000e+01	4.99177397380948e+26
1.56300000000000e+01	4.96737054387067e+26
1.56400000000000e+01	4.94327922337714e+26
1.56500000000000e+01	4.91946430909148e+26
1.56600000000000e+01	4.89586923306400e+26
1.56700000000000e+01	4.87250404567522e+26
1.56800000000000e+01	4.84931228182401e+26
1.56900000000000e+01	4.82633814979794e+26
1.57000000000000e+01	4.80345052460359e+26
1.57100000000000e+01	4.78072121095877e+26
1.57200000000000e+01	4.75814808654078e+26
1.57300000000000e+01	4.73572923815643e+26
1.57400000000000e+01	4.71339451590131e+26
1.57500000000000e+01	4.69127500635619e+26
1.57600000000000e+01	4.66930812294410e+26
1.57700000000000e+01	4.64754099612399e+26
1.57800000000000e+01	4.62593449764399e+26
1.57900000000000e+01	4.60453650843399e+26
1.58000000000000e+01	4.58329329180848e+26
1.58100000000000e+01	4.56223865347521e+26
1.58200000000000e+01	4.54133981133747e+26
1.58300000000000e+01	4.52054320742892e+26
1.58400000000000e+01	4.49984049156164e+26
1.58500000000000e+01	4.47916052048456e+26
1.58600000000000e+01	4.45850087519770e+26
1.58700000000000e+01	4.43778676202765e+26
1.58800000000000e+01	4.41701804836550e+26
1.58900000000000e+01	4.39612327675281e+26
1.59000000000000e+01	4.37512657690734e+26
1.59100000000000e+01	4.35401780982351e+26
1.59200000000000e+01	4.33276291565418e+26
1.59300000000000e+01	4.31141959462459e+26
1.59400000000000e+01	4.28997132555443e+26
1.59500000000000e+01	4.26850055048724e+26
1.59600000000000e+01	4.24702302874803e+26
1.59700000000000e+01	4.22562337204497e+26
1.59800000000000e+01	4.20432400625644e+26
1.59900000000000e+01	4.18320866428885e+26
1.60000000000000e+01	4.16231994454526e+26
1.60100000000000e+01	4.14165432198962e+26
1.60200000000000e+01	4.12123634019261e+26
1.60300000000000e+01	4.10115439726085e+26
1.60400000000000e+01	4.08129241519569e+26
1.60500000000000e+01	4.06172773981098e+26
1.60600000000000e+01	4.04244737721806e+26
1.60700000000000e+01	4.02339450716336e+26
1.60800000000000e+01	4.00459960018070e+26
1.60900000000000e+01	3.98603417800470e+26
1.61000000000000e+01	3.96762105252226e+26
1.61100000000000e+01	3.94944836454194e+26
1.61200000000000e+01	3.93142065897743e+26
1.61300000000000e+01	3.91352828148358e+26
1.61400000000000e+01	3.89578598384625e+26
1.61500000000000e+01	3.87816597242096e+26
1.61600000000000e+01	3.86062682920284e+26
1.61700000000000e+01	3.84313878772694e+26
1.61800000000000e+01	3.82572733425104e+26
1.61900000000000e+01	3.80837091597596e+26
1.62000000000000e+01	3.79102574100379e+26
1.62100000000000e+01	3.77372205241498e+26
1.62200000000000e+01	3.75642795879769e+26
1.62300000000000e+01	3.73914620896515e+26
1.62400000000000e+01	3.72192682786349e+26
1.62500000000000e+01	3.70478517445326e+26
1.62600000000000e+01	3.68771161753564e+26
1.62700000000000e+01	3.67076026107009e+26
1.62800000000000e+01	3.65393033938263e+26
1.62900000000000e+01	3.63727312825876e+26
1.63000000000000e+01	3.62077586048191e+26
1.63100000000000e+01	3.60448144420192e+26
1.63200000000000e+01	3.58835542447202e+26
1.63300000000000e+01	3.57241132414223e+26
1.63400000000000e+01	3.55658727530308e+26
1.63500000000000e+01	3.54083674465912e+26
1.63600000000000e+01	3.52514786226028e+26
1.63700000000000e+01	3.50935873078345e+26
1.63800000000000e+01	3.49347959244421e+26
1.63900000000000e+01	3.47733025436376e+26
1.64000000000000e+01	3.46090911250890e+26
1.64100000000000e+01	3.44415644848917e+26
1.64200000000000e+01	3.42701827470768e+26
1.64300000000000e+01	3.40951875596432e+26
1.64400000000000e+01	3.39166380965913e+26
1.64500000000000e+01	3.37354357981855e+26
1.64600000000000e+01	3.35521241805668e+26
1.64700000000000e+01	3.33678312660026e+26
1.64800000000000e+01	3.31839610839022e+26
1.64900000000000e+01	3.30016175196346e+26
1.65000000000000e+01	3.28215929623334e+26
1.65100000000000e+01	3.26449991916378e+26
1.65200000000000e+01	3.24721592466280e+26
1.65300000000000e+01	3.23034643646843e+26
1.65400000000000e+01	3.21393192411967e+26
1.65500000000000e+01	3.19792849762280e+26
1.65600000000000e+01	3.18234269949733e+26
1.65700000000000e+01	3.16713964947730e+26
1.65800000000000e+01	3.15224553723814e+26
1.65900000000000e+01	3.13762660866579e+26
1.66000000000000e+01	3.12329156356687e+26
1.66100000000000e+01	3.10919468999898e+26
1.66200000000000e+01	3.09536228306614e+26
1.66300000000000e+01	3.08177441660520e+26
1.66400000000000e+01	3.06844588249791e+26
1.66500000000000e+01	3.05544971141179e+26
1.66600000000000e+01	3.04271870926811e+26
1.66700000000000e+01	3.03031378230768e+26
1.66800000000000e+01	3.01823143914228e+26
1.66900000000000e+01	3.00643754124415e+26
1.67000000000000e+01	2.99489971507025e+26
1.67100000000000e+01	2.98361820159227e+26
1.67200000000000e+01	2.97251673017897e+26
1.67300000000000e+01	2.96158286673693e+26
1.67400000000000e+01	2.95074409826483e+26
1.67500000000000e+01	2.93998862259051e+26
1.67600000000000e+01	2.92924429443992e+26
1.67700000000000e+01	2.91852118934535e+26
1.67800000000000e+01	2.90776385180147e+26
1.67900000000000e+01	2.89696891062698e+26
1.68000000000000e+01	2.88615325911044e+26
1.68100000000000e+01	2.87531692328571e+26
1.68200000000000e+01	2.86443923097977e+26
1.68300000000000e+01	2.85352609596781e+26
1.68400000000000e+01	2.84261330215011e+26
1.68500000000000e+01	2.83167365235626e+26
1.68600000000000e+01	2.82074846080220e+26
1.68700000000000e+01	2.80981297549506e+26
1.68800000000000e+01	2.79887292939657e+26
1.68900000000000e+01	2.78796059053516e+26
1.69000000000000e+01	2.77705050920079e+26
1.69100000000000e+01	2.76617811358723e+26
1.69200000000000e+01	2.75534445583613e+26
1.69300000000000e+01	2.74450459711102e+26
1.69400000000000e+01	2.73370929296522e+26
1.69500000000000e+01	2.72296649764234e+26
1.69600000000000e+01	2.71225402152870e+26
1.69700000000000e+01	2.70157601444462e+26
1.69800000000000e+01	2.69096603059985e+26
1.69900000000000e+01	2.68042724308323e+26
1.70000000000000e+01	2.66991023154019e+26
1.70100000000000e+01	2.65946972830240e+26
1.70200000000000e+01	2.64911117711126e+26
1.70300000000000e+01	2.63880679711583e+26
1.70400000000000e+01	2.62855827450602e+26
1.70500000000000e+01	2.61838604148698e+26
1.70600000000000e+01	2.60826611419051e+26
1.70700000000000e+01	2.59821238950698e+26
1.70800000000000e+01	2.58820522045412e+26
1.70900000000000e+01	2.57825926257491e+26
1.71000000000000e+01	2.56835237071757e+26
1.71100000000000e+01	2.55847801225248e+26
1.71200000000000e+01	2.54866202843521e+26
1.71300000000000e+01	2.53887634832012e+26
1.71400000000000e+01	2.52915363576634e+26
1.71500000000000e+01	2.51946251047530e+26
1.71600000000000e+01	2.50980694083706e+26
1.71700000000000e+01	2.50021887743631e+26
1.71800000000000e+01	2.49067004472822e+26
1.71900000000000e+01	2.48118847054362e+26
1.72000000000000e+01	2.47175553798016e+26
1.72100000000000e+01	2.46237056938064e+26
1.72200000000000e+01	2.45306057307854e+26
1.72300000000000e+01	2.44379967188842e+26
1.72400000000000e+01	2.43461752817259e+26
1.72500000000000e+01	2.42548470619144e+26
1.72600000000000e+01	2.41642391491827e+26
1.72700000000000e+01	2.40740907622125e+26
1.72800000000000e+01	2.39843862679369e+26
1.72900000000000e+01	2.38952888512417e+26
1.73000000000000e+01	2.38065772422315e+26
1.73100000000000e+01	2.37181472053873e+26
1.73200000000000e+01	2.36302023418270e+26
1.73300000000000e+01	2.35425016417672e+26
1.73400000000000e+01	2.34552224362789e+26
1.73500000000000e+01	2.33680990982035e+26
1.73600000000000e+01	2.32813765169227e+26
1.73700000000000e+01	2.31947618959194e+26
1.73800000000000e+01	2.31082963211172e+26
1.73900000000000e+01	2.30219573098836e+26
1.74000000000000e+01	2.29359878941577e+26
1.74100000000000e+01	2.28504246111116e+26
1.74200000000000e+01	2.27650066025144e+26
1.74300000000000e+01	2.26797693902929e+26
1.74400000000000e+01	2.25949483206094e+26
1.74500000000000e+01	2.25103427462261e+26
1.74600000000000e+01	2.24259228859916e+26
1.74700000000000e+01	2.23419504771374e+26
1.74800000000000e+01	2.22582242735510e+26
1.74900000000000e+01	2.21746826626930e+26
1.75000000000000e+01	2.20916450443638e+26
1.75100000000000e+01	2.20088195902522e+26
1.75200000000000e+01	2.19264630495725e+26
1.75300000000000e+01	2.18443153954977e+26
1.75400000000000e+01	2.17626319730001e+26
1.75500000000000e+01	2.16809883186818e+26
1.75600000000000e+01	2.16000007071437e+26
1.75700000000000e+01	2.15190211712686e+26
1.75800000000000e+01	2.14384988477584e+26
1.75900000000000e+01	2.13582082852963e+26
1.76000000000000e+01	2.12783427510560e+26
1.76100000000000e+01	2.11987079996850e+26
1.76200000000000e+01	2.11193042393644e+26
1.76300000000000e+01	2.10403527926963e+26
1.76400000000000e+01	2.09616026018471e+26
1.76500000000000e+01	2.08833320292803e+26
1.76600000000000e+01	2.08052620022305e+26
1.76700000000000e+01	2.07274503726977e+26
1.76800000000000e+01	2.06500574173747e+26
1.76900000000000e+01	2.05729210074454e+26
1.77000000000000e+01	2.04960118591214e+26
1.77100000000000e+01	2.04195458974379e+26
1.77200000000000e+01	2.03433331976213e+26
1.77300000000000e+01	2.02673727548523e+26
1.77400000000000e+01	2.01918501296131e+26
1.77500000000000e+01	2.01165766658110e+26
1.77600000000000e+01	2.00417649507412e+26
1.77700000000000e+01	1.99671710961289e+26
1.77800000000000e+01	1.98928499333835e+26
1.77900000000000e+01	1.98187445294616e+26
1.78000000000000e+01	1.97451208672200e+26
1.78100000000000e+01	1.96719207217189e+26
1.78200000000000e+01	1.95987758011144e+26
1.78300000000000e+01	1.95260786691321e+26
1.78400000000000e+01	1.94538265920086e+26
1.78500000000000e+01	1.93815992969390e+26
1.78600000000000e+01	1.93100220382679e+26
1.78700000000000e+01	1.92384944961060e+26
1.78800000000000e+01	1.91674042954488e+26
1.78900000000000e+01	1.90965690670414e+26
1.79000000000000e+01	1.90259338399449e+26
1.79100000000000e+01	1.89557836693717e+26
1.79200000000000e+01	1.88858303813625e+26
1.79300000000000e+01	1.88163575022769e+26
1.79400000000000e+01	1.87470784359227e+26
1.79500000000000e+01	1.86780452906067e+26
1.79600000000000e+01	1.86094597859167e+26
1.79700000000000e+01	1.85408880139926e+26
1.79800000000000e+01	1.84729624867588e+26
1.79900000000000e+01	1.84050747118774e+26
1.80000000000000e+01	1.83376007868757e+26
1.80100000000000e+01	1.82703378604681e+26
1.80200000000000e+01	1.82035365907719e+26
1.80300000000000e+01	1.81369431276985e+26
1.80400000000000e+01	1.80705822662343e+26
1.80500000000000e+01	1.80046255747021e+26
1.80600000000000e+01	1.79389239084560e+26
1.80700000000000e+01	1.78734249688397e+26
1.80800000000000e+01	1.78083501019176e+26
1.80900000000000e+01	1.77434750571745e+26
1.81000000000000e+01	1.76788494505860e+26
1.81100000000000e+01	1.76146169823508e+26
1.81200000000000e+01	1.75506055619419e+26
1.81300000000000e+01	1.74868141232863e+26
1.81400000000000e+01	1.74234354715010e+26
1.81500000000000e+01	1.73600803389871e+26
1.81600000000000e+01	1.72973278109602e+26
1.81700000000000e+01	1.72345967311207e+26
1.81800000000000e+01	1.71722467386141e+26
1.81900000000000e+01	1.71103247019741e+26
1.82000000000000e+01	1.70483970782650e+26
1.82100000000000e+01	1.69868942968992e+26
1.82200000000000e+01	1.69255750491109e+26
1.82300000000000e+01	1.68646766131953e+26
1.82400000000000e+01	1.68039589548276e+26
1.82500000000000e+01	1.67434695515359e+26
1.82600000000000e+01	1.66833472590211e+26
1.82700000000000e+01	1.66232625929928e+26
1.82800000000000e+01	1.65637295230502e+26
1.82900000000000e+01	1.65042320626473e+26
1.83000000000000e+01	1.64451191963613e+26
1.83100000000000e+01	1.63862028401055e+26
1.83200000000000e+01	1.63276673987290e+26
1.83300000000000e+01	1.62691408816141e+26
1.83400000000000e+01	1.62109925628337e+26
1.83500000000000e+01	1.61532435719376e+26
1.83600000000000e+01	1.60956613266444e+26
1.83700000000000e+01	1.60382916692298e+26
1.83800000000000e+01	1.59811103448894e+26
1.83900000000000e+01	1.59242986229285e+26
1.84000000000000e+01	1.58676726257458e+26
1.84100000000000e+01	1.58112544835209e+26
1.84200000000000e+01	1.57550202497468e+26
1.84300000000000e+01	1.56991494332916e+26
1.84400000000000e+01	1.56436398800877e+26
1.84500000000000e+01	1.55881305406588e+26
1.84600000000000e+01	1.55330025891568e+26
1.84700000000000e+01	1.54780300018652e+26
1.84800000000000e+01	1.54234578094698e+26
1.84900000000000e+01	1.53688608236657e+26
1.85000000000000e+01	1.53146390274575e+26
1.85100000000000e+01	1.52607678495471e+26
1.85200000000000e+01	1.52068924184981e+26
1.85300000000000e+01	1.51533652132353e+26
1.85400000000000e+01	1.51002062838260e+26
1.85500000000000e+01	1.50470411357660e+26
1.85600000000000e+01	1.49942416551913e+26
1.85700000000000e+01	1.49416094671765e+26
1.85800000000000e+01	1.48893176876396e+26
1.85900000000000e+01	1.48372126707375e+26
1.86000000000000e+01	1.47852500988271e+26
1.86100000000000e+01	1.47334943712996e+26
1.86200000000000e+01	1.46820518397647e+26
1.86300000000000e+01	1.46307920158169e+26
1.86400000000000e+01	1.45797140145654e+26
1.86500000000000e+01	1.45289664987129e+26
1.86600000000000e+01	1.44783770354319e+26
1.86700000000000e+01	1.44279449492517e+26
1.86800000000000e+01	1.43776907640324e+26
1.86900000000000e+01	1.43277829118964e+26
1.87000000000000e+01	1.42780293743931e+26
1.87100000000000e+01	1.42284294981875e+26
1.87200000000000e+01	1.41791716518688e+26
1.87300000000000e+01	1.41300652443912e+26
1.87400000000000e+01	1.40811304616872e+26
1.87500000000000e+01	1.40325125954776e+26
1.87600000000000e+01	1.39840433512956e+26
1.87700000000000e+01	1.39357427483368e+26
1.87800000000000e+01	1.38876099882709e+26
1.87900000000000e+01	1.38397890435726e+26
1.88000000000000e+01	1.37921132356856e+26
1.88100000000000e+01	1.37446023630434e+26
1.88200000000000e+01	1.36972556499658e+26
1.88300000000000e+01	1.36502157658378e+26
1.88400000000000e+01	1.36033176269549e+26
1.88500000000000e+01	1.35567437586631e+26
1.88600000000000e+01	1.35101671311808e+26
1.88700000000000e+01	1.34638924594753e+26
1.88800000000000e+01	1.34177762179854e+26
1.88900000000000e+01	1.33719591542878e+26
1.89000000000000e+01	1.33262984073362e+26
1.89100000000000e+01	1.32807734415338e+26
1.89200000000000e+01	1.32354034632150e+26
1.89300000000000e+01	1.31903279575692e+26
1.89400000000000e+01	1.31454053752031e+26
1.89500000000000e+01	1.31006350118880e+26
1.89600000000000e+01	1.30559966430766e+26
1.89700000000000e+01	1.30116676138173e+26
1.89800000000000e+01	1.29674686768245e+26
1.89900000000000e+01	1.29234186723835e+26
1.90000000000000e+01	1.28796742144288e+26
1.90100000000000e+01	1.28360573548160e+26
1.90200000000000e+01	1.27925867799839e+26
1.90300000000000e+01	1.27492426923655e+26
1.90400000000000e+01	1.27061995076925e+26
1.90500000000000e+01	1.26633000105945e+26
1.90600000000000e+01	1.26205245834775e+26
1.90700000000000e+01	1.25780464075908e+26
1.90800000000000e+01	1.25355549810626e+26
1.90900000000000e+01	1.24933400049497e+26
1.91000000000000e+01	1.24514186873124e+26
1.91100000000000e+01	1.24094639939007e+26
1.91200000000000e+01	1.23678197482064e+26
1.91300000000000e+01	1.23262757274328e+26
1.91400000000000e+01	1.22848872456477e+26
1.91500000000000e+01	1.22437684786981e+26
1.91600000000000e+01	1.22027847977507e+26
1.91700000000000e+01	1.21619356026160e+26
1.91800000000000e+01	1.21213528382755e+26
1.91900000000000e+01	1.20807522626312e+26
1.92000000000000e+01	1.20404346735365e+26
1.92100000000000e+01	1.20002304541773e+26
1.92200000000000e+01	1.19603067831476e+26
1.92300000000000e+01	1.19205129130849e+26
1.92400000000000e+01	1.18808302607988e+26
1.92500000000000e+01	1.18412943368832e+26
1.92600000000000e+01	1.18018686032163e+26
1.92700000000000e+01	1.17627004403079e+26
1.92800000000000e+01	1.17236765999446e+26
1.92900000000000e+01	1.16847608628897e+26
1.93000000000000e+01	1.16461173214285e+26
1.93100000000000e+01	1.16075979832883e+26
1.93200000000000e+01	1.15691847024218e+26
1.93300000000000e+01	1.15308946510244e+26
1.93400000000000e+01	1.14928727498988e+26
1.93500000000000e+01	1.14549723577097e+26
1.93600000000000e+01	1.14171755420248e+26
1.93700000000000e+01	1.13795166499963e+26
1.93800000000000e+01	1.13421045379780e+26
1.93900000000000e+01	1.13047940453195e+26
1.94000000000000e+01	1.12676192360523e+26
1.94100000000000e+01	1.12305451289989e+26
1.94200000000000e+01	1.11937484474511e+26
1.94300000000000e+01	1.11570509197899e+26
1.94400000000000e+01	1.11204521960104e+26
1.94500000000000e+01	1.10839858730268e+26
1.94600000000000e+01	1.10477590389358e+26
1.94700000000000e+01	1.10116460235768e+26
1.94800000000000e+01	1.09756463462918e+26
1.94900000000000e+01	1.09397595292985e+26
1.95000000000000e+01	1.09041254045609e+26
1.95100000000000e+01	1.08684458837908e+26
1.95200000000000e+01	1.08331739053856e+26
1.95300000000000e+01	1.07978556931211e+26
1.95400000000000e+01	1.07627865276679e+26
1.95500000000000e+01	1.07276875201254e+26
1.95600000000000e+01	1.06928195698965e+26
1.95700000000000e+01	1.06582142594204e+26
1.95800000000000e+01	1.06235616967270e+26
1.95900000000000e+01	1.05891538564267e+26
1.96000000000000e+01	1.05548521627220e+26
1.96100000000000e+01	1.05207930910771e+26
1.96200000000000e+01	1.04867020738247e+26
1.96300000000000e+01	1.04528522049423e+26
1.96400000000000e+01	1.04190900477843e+26
1.96500000000000e+01	1.03854474082317e+26
1.96600000000000e+01	1.03520271292481e+26
1.96700000000000e+01	1.03187088766021e+26
1.96800000000000e+01	1.02854922333885e+26
1.96900000000000e+01	1.02523767851521e+26
1.97000000000000e+01	1.02192595531957e+26
1.97100000000000e+01	1.01862431093249e+26
1.97200000000000e+01	1.01532406323816e+26
1.97300000000000e+01	1.01200169226790e+26
1.97400000000000e+01	1.00864874818926e+26
1.97500000000000e+01	1.00519671924828e+26
1.97600000000000e+01	1.00160027028471e+26
1.97700000000000e+01	9.97742930896558e+25
1.97800000000000e+01	9.93422431490248e+25
1.97900000000000e+01	9.88410597237616e+25
1.98000000000000e+01	9.82295857514282e+25
1.98100000000000e+01	9.74530364398556e+25
1.98200000000000e+01	9.64377091896918e+25
1.98300000000000e+01	9.50884009247410e+25
1.98400000000000e+01	9.32859151377358e+25
1.98500000000000e+01	9.08902552744078e+25
1.98600000000000e+01	8.77510839799545e+25
1.98700000000000e+01	8.37149116326824e+25
1.98800000000000e+01	7.86491405466538e+25
1.98900000000000e+01	7.24657369819846e+25
1.99000000000000e+01	6.51513152357469e+25
1.99100000000000e+01	5.67964343512658e+25
1.99200000000000e+01	4.76225705583791e+25
1.99300000000000e+01	3.79917010439455e+25
1.99400000000000e+01	2.83969546105415e+25
1.99500000000000e+01	1.94253722678586e+25
1.99600000000000e+01	1.16863657859725e+25
1.99700000000000e+01	5.71157304047999e+24
1.99800000000000e+01	1.84223090182765e+24
1.99900000000000e+01	1.31584974288159e+23
2.00000000000000e+01	3.01205817384982e+23
