1.00000000000000e-02	9.65252803520454e+26
2.00000000000000e-02	3.86073305367072e+27
3.00000000000000e-02	8.68551071198396e+27
4.00000000000000e-02	1.54385579187839e+28
5.00000000000000e-02	2.41176465421618e+28
6.00000000000000e-02	3.47205407433769e+28
7.00000000000000e-02	4.72445550680209e+28
8.00000000000000e-02	6.16852617174282e+28
9.00000000000000e-02	7.80392840657397e+28
1.00000000000000e-01	9.63013821424810e+28
1.10000000000000e-01	1.16468545655332e+29
1.20000000000000e-01	1.38532677470672e+29
1.30000000000000e-01	1.62488839122526e+29
1.40000000000000e-01	1.88327771703128e+29
1.50000000000000e-01	2.16046117467831e+29
1.60000000000000e-01	2.45634509041621e+29
1.70000000000000e-01	2.77086498853242e+29
1.80000000000000e-01	3.10385542201351e+29
1.90000000000000e-01	3.45531356799258e+29
2.00000000000000e-01	3.82511793268438e+29
2.10000000000000e-01	4.21310731783393e+29
2.20000000000000e-01	4.61924562979646e+29
2.30000000000000e-01	5.04337154811705e+29
2.40000000000000e-01	5.48534325216451e+29
2.50000000000000e-01	5.94511114123093e+29
2.60000000000000e-01	6.42249055563813e+29
2.70000000000000e-01	6.91731262163630e+29
2.80000000000000e-01	7.42948118812393e+29
2.90000000000000e-01	7.95889882007238e+29
3.00000000000000e-01	8.50540220898251e+29
3.10000000000000e-01	9.06865571360633e+29
3.20000000000000e-01	9.64871956515572e+29
3.30000000000000e-01	1.02452430752962e+30
3.40000000000000e-01	1.08581506306278e+30
3.50000000000000e-01	1.14873269509946e+30
3.60000000000000e-01	1.21323274787179e+30
3.70000000000000e-01	1.27934546885641e+30
3.80000000000000e-01	1.34698636364837e+30
3.90000000000000e-01	1.41619691444993e+30
4.00000000000000e-01	1.48691136916241e+30
4.10000000000000e-01	1.55914061935146e+30
4.20000000000000e-01	1.63283340874421e+30
4.30000000000000e-01	1.70798193775967e+30
4.40000000000000e-01	1.78458383343218e+30
4.50000000000000e-01	1.86256740612403e+30
4.60000000000000e-01	1.94195355841854e+30
4.70000000000000e-01	2.02268138639293e+30
4.80000000000000e-01	2.10476133903226e+30
4.90000000000000e-01	2.18815462406941e+30
5.00000000000000e-01	2.27285571068199e+30
5.10000000000000e-01	2.35875790694771e+30
5.20000000000000e-01	2.44593845075726e+30
5.30000000000000e-01	2.53429891876243e+30
5.40000000000000e-01	2.62385837695058e+30
5.50000000000000e-01	2.71454744383288e+30
5.60000000000000e-01	2.80635426336711e+30
5.70000000000000e-01	2.89928094277785e+30
5.80000000000000e-01	2.99324156752677e+30
5.90000000000000e-01	3.08824634661587e+30
6.00000000000000e-01	3.18422585315607e+30
6.10000000000000e-01	3.28117990865418e+30
6.20000000000000e-01	3.37904618091988e+30
6.30000000000000e-01	3.47784258255629e+30
6.40000000000000e-01	3.57747310836539e+30
6.50000000000000e-01	3.67797479501980e+30
6.60000000000000e-01	3.77929673030753e+30
6.70000000000000e-01	3.88133581820025e+30
6.80000000000000e-01	3.98408592040703e+30
6.90000000000000e-01	4.08756422501221e+30
7.00000000000000e-01	4.19172298244469e+30
7.10000000000000e-01	4.29649129332930e+30
7.20000000000000e-01	4.40177796609506e+30
7.30000000000000e-01	4.50767940586849e+30
7.40000000000000e-01	4.61404201549546e+30
7.50000000000000e-01	4.72090520848660e+30
7.60000000000000e-01	4.82826511014686e+30
7.70000000000000e-01	4.93588580383110e+30
7.80000000000000e-01	5.04388921119207e+30
7.90000000000000e-01	5.15226828691072e+30
8.00000000000000e-01	5.26088100931164e+30
8.10000000000000e-01	5.36968368740511e+30
8.20000000000000e-01	5.47871037638231e+30
8.30000000000000e-01	5.58785192765836e+30
8.40000000000000e-01	5.69716710361293e+30
8.50000000000000e-01	5.80649986339977e+30
8.60000000000000e-01	5.91580302649521e+30
8.70000000000000e-01	6.02503827368271e+30
8.80000000000000e-01	6.13425462275030e+30
8.90000000000000e-01	6.24334401457012e+30
9.00000000000000e-01	6.35230300811409e+30
9.10000000000000e-01	6.46094406399655e+30
9.20000000000000e-01	6.56940017963873e+30
9.30000000000000e-01	6.67748882216396e+30
9.40000000000000e-01	6.78533021428365e+30
9.50000000000000e-01	6.89272973147328e+30
9.60000000000000e-01	6.99955824579338e+30
9.70000000000000e-01	7.10595319374034e+30
9.80000000000000e-01	7.21187804511923e+30
9.90000000000000e-01	7.31709994591170e+30
1.00000000000000e+00	7.42163650063690e+30
1.01000000000000e+00	7.52556906144905e+30
1.02000000000000e+00	7.62874574985755e+30
1.03000000000000e+00	7.73097899186495e+30
1.04000000000000e+00	7.83244857564999e+30
1.05000000000000e+00	7.93303112507123e+30
1.06000000000000e+00	8.03262201833248e+30
1.07000000000000e+00	8.13122634971622e+30
1.08000000000000e+00	8.22876597977726e+30
1.09000000000000e+00	8.32516536517578e+30
1.10000000000000e+00	8.42024925999515e+30
1.11000000000000e+00	8.51426811233962e+30
1.12000000000000e+00	8.60684919215830e+30
1.13000000000000e+00	8.69824373495690e+30
1.14000000000000e+00	8.78816114217425e+30
1.15000000000000e+00	8.87660294904728e+30
1.16000000000000e+00	8.96361066125239e+30
1.17000000000000e+00	9.04887341841697e+30
1.18000000000000e+00	9.13260267094913e+30
1.19000000000000e+00	9.21467903882701e+30
1.20000000000000e+00	9.29504229741310e+30
1.21000000000000e+00	9.37351444305553e+30
1.22000000000000e+00	9.45014418406295e+30
1.23000000000000e+00	9.52479457469834e+30
1.24000000000000e+00	9.59756295314775e+30
1.25000000000000e+00	9.66820168333114e+30
1.26000000000000e+00	9.73677308202984e+30
1.27000000000000e+00	9.80316864974107e+30
1.28000000000000e+00	9.86742894928281e+30
1.29000000000000e+00	9.92930821818680e+30
1.30000000000000e+00	9.98880836827417e+30
1.31000000000000e+00	1.00460119720866e+31
1.32000000000000e+00	1.01007216435264e+31
1.33000000000000e+00	1.01528429709904e+31
1.34000000000000e+00	1.02023184476037e+31
1.35000000000000e+00	1.02491553954400e+31
1.36000000000000e+00	1.02933931058766e+31
1.37000000000000e+00	1.03346698446765e+31
1.38000000000000e+00	1.03730993775242e+31
1.39000000000000e+00	1.04086257346643e+31
1.40000000000000e+00	1.04413656411079e+31
1.41000000000000e+00	1.04706795329087e+31
1.42000000000000e+00	1.04971521365464e+31
1.43000000000000e+00	1.05204729346061e+31
1.44000000000000e+00	1.05404432013615e+31
1.45000000000000e+00	1.05571172483963e+31
1.46000000000000e+00	1.05703318928566e+31
1.47000000000000e+00	1.05801687974751e+31
1.48000000000000e+00	1.05865772589309e+31
1.49000000000000e+00	1.05891688544287e+31
1.50000000000000e+00	1.05884162819209e+31
1.51000000000000e+00	1.05837335969727e+31
1.52000000000000e+00	1.05753561495153e+31
1.53000000000000e+00	1.05632913293257e+31
1.54000000000000e+00	1.05471585449732e+31
1.55000000000000e+00	1.05271533156564e+31
1.56000000000000e+00	1.05029354999374e+31
1.57000000000000e+00	1.04747481902193e+31
1.58000000000000e+00	1.04423181994261e+31
1.59000000000000e+00	1.04055736487433e+31
1.60000000000000e+00	1.03643398153958e+31
1.61000000000000e+00	1.03184615526079e+31
1.62000000000000e+00	1.02680279075223e+31
1.63000000000000e+00	1.02123253199815e+31
1.64000000000000e+00	1.01514056202908e+31
1.65000000000000e+00	1.00850332572573e+31
1.66000000000000e+00	1.00128931336502e+31
1.67000000000000e+00	9.93491254044863e+30
1.68000000000000e+00	9.85038677900489e+30
1.69000000000000e+00	9.75938405421126e+30
1.70000000000000e+00	9.66136540469432e+30
1.71000000000000e+00	9.55591477059356e+30
1.72000000000000e+00	9.44276430777335e+30
1.73000000000000e+00	9.32092267863410e+30
1.74000000000000e+00	9.18976140069665e+30
1.75000000000000e+00	9.04792941339035e+30
1.76000000000000e+00	8.89444258722633e+30
1.77000000000000e+00	8.72760062347978e+30
1.78000000000000e+00	8.54563627984738e+30
1.79000000000000e+00	8.34697538770301e+30
1.80000000000000e+00	8.13004363609757e+30
1.81000000000000e+00	7.89396124170695e+30
1.82000000000000e+00	7.63838331959898e+30
1.83000000000000e+00	7.36481010010177e+30
1.84000000000000e+00	7.07587200608187e+30
1.85000000000000e+00	6.77598679381191e+30
1.86000000000000e+00	6.47163941737098e+30
1.87000000000000e+00	6.17099175012476e+30
1.88000000000000e+00	5.88375609536779e+30
1.89000000000000e+00	5.62034919687033e+30
1.90000000000000e+00	5.39191510447563e+30
1.91000000000000e+00	5.20897582475563e+30
1.92000000000000e+00	5.08091442283013e+30
1.93000000000000e+00	5.01488521663176e+30
1.94000000000000e+00	5.01597206966385e+30
1.95000000000000e+00	5.08497628290315e+30
1.96000000000000e+00	5.22010907478611e+30
1.97000000000000e+00	5.41565784373594e+30
1.98000000000000e+00	5.66253272336876e+30
1.99000000000000e+00	5.94881548650869e+30
2.00000000000000e+00	6.26081533267841e+30
2.01000000000000e+00	6.58383370371607e+30
2.02000000000000e+00	6.90235888464698e+30
2.03000000000000e+00	7.20263999472583e+30
2.04000000000000e+00	7.47216237212249e+30
2.05000000000000e+00	7.70060409636319e+30
2.06000000000000e+00	7.88140208447849e+30
2.07000000000000e+00	8.01136358133103e+30
2.08000000000000e+00	8.09116658073451e+30
2.09000000000000e+00	8.12489666811884e+30
2.10000000000000e+00	8.11982719426577e+30
2.11000000000000e+00	8.08583352090149e+30
2.12000000000000e+00	8.03331334206987e+30
2.13000000000000e+00	7.97325034569415e+30
2.14000000000000e+00	7.91514180300307e+30
2.15000000000000e+00	7.86619364534725e+30
2.16000000000000e+00	7.83050629207127e+30
2.17000000000000e+00	7.81002774323727e+30
2.18000000000000e+00	7.80444325610165e+30
2.19000000000000e+00	7.81331595758628e+30
2.20000000000000e+00	7.83772290149452e+30
2.21000000000000e+00	7.88062261662351e+30
2.22000000000000e+00	7.94544014831707e+30
2.23000000000000e+00	8.03449488378958e+30
2.24000000000000e+00	8.14692668661014e+30
2.25000000000000e+00	8.27763348234173e+30
2.26000000000000e+00	8.41763835896485e+30
2.27000000000000e+00	8.55603283940119e+30
2.28000000000000e+00	8.68246254838028e+30
2.29000000000000e+00	8.78997694826364e+30
2.30000000000000e+00	8.87732315736536e+30
2.31000000000000e+00	8.94938815732384e+30
2.32000000000000e+00	9.01656302478134e+30
2.33000000000000e+00	9.09453024291739e+30
2.34000000000000e+00	9.20474396599608e+30
2.35000000000000e+00	9.37589951971075e+30
2.36000000000000e+00	9.64477170790852e+30
2.37000000000000e+00	1.00561778753266e+31
2.38000000000000e+00	1.06615467671179e+31
2.39000000000000e+00	1.15163234527046e+31
2.40000000000000e+00	1.26784936463435e+31
2.41000000000000e+00	1.42055188308049e+31
2.42000000000000e+00	1.61507498311494e+31
2.43000000000000e+00	1.85555302581575e+31
2.44000000000000e+00	2.14373051281227e+31
2.45000000000000e+00	2.47768420212367e+31
2.46000000000000e+00	2.85123823242852e+31
2.47000000000000e+00	3.25462564129030e+31
2.48000000000000e+00	3.67586507599774e+31
2.49000000000000e+00	4.10220539227522e+31
2.50000000000000e+00	4.52022058048191e+31
2.51000000000000e+00	4.91605553852708e+31
2.52000000000000e+00	5.27577254325485e+31
2.53000000000000e+00	5.58680474933382e+31
2.54000000000000e+00	5.84079251727101e+31
2.55000000000000e+00	6.03777587695481e+31
2.56000000000000e+00	6.18841709607352e+31
2.57000000000000e+00	6.31318255872198e+31
2.58000000000000e+00	6.43596592407097e+31
2.59000000000000e+00	6.57638220960619e+31
2.60000000000000e+00	6.74457424102099e+31
2.61000000000000e+00	6.94149111905460e+31
2.62000000000000e+00	7.16226370433175e+31
2.63000000000000e+00	7.40224471525059e+31
2.64000000000000e+00	7.66003744907889e+31
2.65000000000000e+00	7.93909119593549e+31
2.66000000000000e+00	8.24631507018742e+31
2.67000000000000e+00	8.59005500414435e+31
2.68000000000000e+00	8.97722467036341e+31
2.69000000000000e+00	9.41131709323817e+31
2.70000000000000e+00	9.89013935564638e+31
2.71000000000000e+00	1.04043963865783e+32
2.72000000000000e+00	1.09384549856049e+32
2.73000000000000e+00	1.14730156945001e+32
2.74000000000000e+00	1.19912036791145e+32
2.75000000000000e+00	1.24854654795482e+32
2.76000000000000e+00	1.29625589754198e+32
2.77000000000000e+00	1.34439235791002e+32
2.78000000000000e+00	1.39597529254888e+32
2.79000000000000e+00	1.45384288158312e+32
2.80000000000000e+00	1.51947735570076e+32
2.81000000000000e+00	1.59197850414143e+32
2.82000000000000e+00	1.66749711084911e+32
2.83000000000000e+00	1.73945457382596e+32
2.84000000000000e+00	1.79979549864645e+32
2.85000000000000e+00	1.84120170110292e+32
2.86000000000000e+00	1.85898665626116e+32
2.87000000000000e+00	1.85192584404900e+32
2.88000000000000e+00	1.82138368044563e+32
2.89000000000000e+00	1.76967122946570e+32
2.90000000000000e+00	1.69904823738698e+32
2.91000000000000e+00	1.61152136466141e+32
2.92000000000000e+00	1.50947130979995e+32
2.93000000000000e+00	1.39597929200639e+32
2.94000000000000e+00	1.27476282115785e+32
2.95000000000000e+00	1.14956828415494e+32
2.96000000000000e+00	1.02365053683514e+32
2.97000000000000e+00	8.99467749063821e+31
2.98000000000000e+00	7.78824101798611e+31
2.99000000000000e+00	6.63134209925542e+31
3.00000000000000e+00	5.53718117584840e+31
3.01000000000000e+00	4.51878989499545e+31
3.02000000000000e+00	3.58847849018926e+31
3.03000000000000e+00	2.75659093822122e+31
3.04000000000000e+00	2.03068372731394e+31
3.05000000000000e+00	1.41567758620866e+31
3.06000000000000e+00	9.14424136711357e+30
3.07000000000000e+00	5.27643283540017e+30
3.08000000000000e+00	2.53061402041391e+30
3.09000000000000e+00	8.45036283594688e+29
3.10000000000000e+00	1.34081194683372e+29
3.11000000000000e+00	3.34397626325450e+29
3.12000000000000e+00	1.46546674307655e+30
3.13000000000000e+00	3.67511285338459e+30
3.14000000000000e+00	7.25591666687161e+30
3.15000000000000e+00	1.26455945501227e+31
3.16000000000000e+00	2.04226877629420e+31
3.17000000000000e+00	3.12887364103947e+31
3.18000000000000e+00	4.60467329040451e+31
3.19000000000000e+00	6.55563538844554e+31
3.20000000000000e+00	9.07042622773641e+31
3.21000000000000e+00	1.22383868424621e+32
3.22000000000000e+00	1.61454975801213e+32
3.23000000000000e+00	2.08658420150428e+32
3.24000000000000e+00	2.64466826875033e+32
3.25000000000000e+00	3.28918588648001e+32
3.26000000000000e+00	4.01510269209958e+32
3.27000000000000e+00	4.81241273406703e+32
3.28000000000000e+00	5.66775083135947e+32
3.29000000000000e+00	6.56720726587692e+32
3.30000000000000e+00	7.49825392253101e+32
3.31000000000000e+00	8.45046841084472e+32
3.32000000000000e+00	9.41422848655117e+32
3.33000000000000e+00	1.03778813487926e+33
3.34000000000000e+00	1.13249305991085e+33
3.35000000000000e+00	1.22318683791653e+33
3.36000000000000e+00	1.30679234294362e+33
3.37000000000000e+00	1.37967765012632e+33
3.38000000000000e+00	1.43806612155034e+33
3.39000000000000e+00	1.47865034153674e+33
3.40000000000000e+00	1.49935211013551e+33
3.41000000000000e+00	1.49994452158343e+33
3.42000000000000e+00	1.48221734906010e+33
3.43000000000000e+00	1.44964424710649e+33
3.44000000000000e+00	1.40642264107876e+33
3.45000000000000e+00	1.35667425481523e+33
3.46000000000000e+00	1.30385215054892e+33
3.47000000000000e+00	1.25061038609184e+33
3.48000000000000e+00	1.19890700627074e+33
3.49000000000000e+00	1.15010355472761e+33
3.50000000000000e+00	1.10510493620425e+33
3.51000000000000e+00	1.06433884034347e+33
3.52000000000000e+00	1.02787721857851e+33
3.53000000000000e+00	9.95521033913799e+32
3.54000000000000e+00	9.66959130002482e+32
3.55000000000000e+00	9.41888451493359e+32
3.56000000000000e+00	9.19968908431678e+32
3.57000000000000e+00	9.00746858597216e+32
3.58000000000000e+00	8.83568761274899e+32
3.59000000000000e+00	8.67571399760999e+32
3.60000000000000e+00	8.51814294616505e+32
3.61000000000000e+00	8.35433081724689e+32
3.62000000000000e+00	8.17741453745079e+32
3.63000000000000e+00	7.98206577347444e+32
3.64000000000000e+00	7.76347674788321e+32
3.65000000000000e+00	7.51703289279989e+32
3.66000000000000e+00	7.23864753579998e+32
3.67000000000000e+00	6.92576329129552e+32
3.68000000000000e+00	6.57804296858256e+32
3.69000000000000e+00	6.19693482520397e+32
3.70000000000000e+00	5.78546385200037e+32
3.71000000000000e+00	5.34848870370479e+32
3.72000000000000e+00	4.89379038690031e+32
3.73000000000000e+00	4.43330997154742e+32
3.74000000000000e+00	3.98302542305484e+32
3.75000000000000e+00	3.56137515576455e+32
3.76000000000000e+00	3.18637767277360e+32
3.77000000000000e+00	2.87318888135817e+32
3.78000000000000e+00	2.63267425982438e+32
3.79000000000000e+00	2.47117808591946e+32
3.80000000000000e+00	2.39096861581755e+32
3.81000000000000e+00	2.39099460569483e+32
3.82000000000000e+00	2.46752617851057e+32
3.83000000000000e+00	2.61505395758659e+32
3.84000000000000e+00	2.82761801299987e+32
3.85000000000000e+00	3.09990399288810e+32
3.86000000000000e+00	3.42833911104713e+32
3.87000000000000e+00	3.81064630894332e+32
3.88000000000000e+00	4.24458702705022e+32
3.89000000000000e+00	4.72601915847504e+32
3.90000000000000e+00	5.24819494726504e+32
3.91000000000000e+00	5.80194453399395e+32
3.92000000000000e+00	6.37711138493873e+32
3.93000000000000e+00	6.96461243623980e+32
3.94000000000000e+00	7.55695522645268e+32
3.95000000000000e+00	8.14855877986212e+32
3.96000000000000e+00	8.73442342552748e+32
3.97000000000000e+00	9.30931400795394e+32
3.98000000000000e+00	9.86685872340165e+32
3.99000000000000e+00	1.04002708645033e+33
4.00000000000000e+00	1.09028516688658e+33
4.01000000000000e+00	1.13697567781970e+33
4.02000000000000e+00	1.17990764428640e+33
4.03000000000000e+00	1.21921853914825e+33
4.04000000000000e+00	1.25528860040323e+33
4.05000000000000e+00	1.28845449792678e+33
4.06000000000000e+00	1.31884845896079e+33
4.07000000000000e+00	1.34641854440419e+33
4.08000000000000e+00	1.37104177221384e+33
4.09000000000000e+00	1.39276164208390e+33
4.10000000000000e+00	1.41188173188874e+33
4.11000000000000e+00	1.42890526523731e+33
4.12000000000000e+00	1.44431030113395e+33
4.13000000000000e+00	1.45849888472423e+33
4.14000000000000e+00	1.47173533941050e+33
4.15000000000000e+00	1.48447491474530e+33
4.16000000000000e+00	1.49733884195989e+33
4.17000000000000e+00	1.51117923913949e+33
4.18000000000000e+00	1.52681166107468e+33
4.19000000000000e+00	1.54481013214182e+33
4.20000000000000e+00	1.56538701208735e+33
4.21000000000000e+00	1.58837214314996e+33
4.22000000000000e+00	1.61339453695913e+33
4.23000000000000e+00	1.64006668968426e+33
4.24000000000000e+00	1.66806320214654e+33
4.25000000000000e+00	1.69716399972067e+33
4.26000000000000e+00	1.72723243822539e+33
4.27000000000000e+00	1.75822163050013e+33
4.28000000000000e+00	1.79011011265231e+33
4.29000000000000e+00	1.82306395558038e+33
4.30000000000000e+00	1.85761617217657e+33
4.31000000000000e+00	1.89472877916426e+33
4.32000000000000e+00	1.93583845290659e+33
4.33000000000000e+00	1.98260678884069e+33
4.34000000000000e+00	2.03659770089732e+33
4.35000000000000e+00	2.09893096082156e+33
4.36000000000000e+00	2.17002841313972e+33
4.37000000000000e+00	2.24943307848442e+33
4.38000000000000e+00	2.33570541628246e+33
4.39000000000000e+00	2.42633988060419e+33
4.40000000000000e+00	2.51799838604973e+33
4.41000000000000e+00	2.60688391400513e+33
4.42000000000000e+00	2.68915867737814e+33
4.43000000000000e+00	2.76165462939026e+33
4.44000000000000e+00	2.82233454395748e+33
4.45000000000000e+00	2.87043523659464e+33
4.46000000000000e+00	2.90655566058491e+33
4.47000000000000e+00	2.93251913718835e+33
4.48000000000000e+00	2.95141919235658e+33
4.49000000000000e+00	2.96767460857990e+33
4.50000000000000e+00	2.98729734098705e+33
4.51000000000000e+00	3.01762066322133e+33
4.52000000000000e+00	3.06708623484557e+33
4.53000000000000e+00	3.14428635718864e+33
4.54000000000000e+00	3.25728304066909e+33
4.55000000000000e+00	3.41277752270836e+33
4.56000000000000e+00	3.61535901113075e+33
4.57000000000000e+00	3.86659939581191e+33
4.58000000000000e+00	4.16416531639512e+33
4.59000000000000e+00	4.50106295020331e+33
4.60000000000000e+00	4.86551564101213e+33
4.61000000000000e+00	5.24187484643350e+33
4.62000000000000e+00	5.61235199582053e+33
4.63000000000000e+00	5.95948011292463e+33
4.64000000000000e+00	6.26852629078279e+33
4.65000000000000e+00	6.52907966102324e+33
4.66000000000000e+00	6.73548928224435e+33
4.67000000000000e+00	6.88638703713007e+33
4.68000000000000e+00	6.98397571641876e+33
4.69000000000000e+00	7.03338401510599e+33
4.70000000000000e+00	7.04240626167957e+33
4.71000000000000e+00	7.02154203184467e+33
4.72000000000000e+00	6.98374742023080e+33
4.73000000000000e+00	6.94282290428187e+33
4.74000000000000e+00	6.91231856891115e+33
4.75000000000000e+00	6.90301768724078e+33
4.76000000000000e+00	6.92237673934901e+33
4.77000000000000e+00	6.97465810968439e+33
4.78000000000000e+00	7.06175926489976e+33
4.79000000000000e+00	7.18492828892158e+33
4.80000000000000e+00	7.34532091031265e+33
4.81000000000000e+00	7.54444074366871e+33
4.82000000000000e+00	7.78390047456395e+33
4.83000000000000e+00	8.06546088840976e+33
4.84000000000000e+00	8.39197214717219e+33
4.85000000000000e+00	8.76777011938804e+33
4.86000000000000e+00	9.19955517177223e+33
4.87000000000000e+00	9.69645525761033e+33
4.88000000000000e+00	1.02681460872894e+34
4.89000000000000e+00	1.09232933466391e+34
4.90000000000000e+00	1.16697966090335e+34
4.91000000000000e+00	1.25142481298379e+34
4.92000000000000e+00	1.34642089098536e+34
4.93000000000000e+00	1.45308466971573e+34
4.94000000000000e+00	1.57306413838173e+34
4.95000000000000e+00	1.70863980537035e+34
4.96000000000000e+00	1.86270553555534e+34
4.97000000000000e+00	2.03851514503057e+34
4.98000000000000e+00	2.23952622846094e+34
4.99000000000000e+00	2.46910726102025e+34
5.00000000000000e+00	2.73082241581162e+34
5.01000000000000e+00	3.02868644777747e+34
5.02000000000000e+00	3.36826274319001e+34
5.03000000000000e+00	3.75788280225121e+34
5.04000000000000e+00	4.20996385078103e+34
5.05000000000000e+00	4.74184643828062e+34
5.06000000000000e+00	5.37552136573940e+34
5.07000000000000e+00	6.13643451372959e+34
5.08000000000000e+00	7.05158415888447e+34
5.09000000000000e+00	8.14785310824472e+34
5.10000000000000e+00	9.45007302413351e+34
5.11000000000000e+00	1.09817364012968e+35
5.12000000000000e+00	1.27665207787529e+35
5.13000000000000e+00	1.48299319451803e+35
5.14000000000000e+00	1.71997828496112e+35
5.15000000000000e+00	1.99023253932615e+35
5.16000000000000e+00	2.29551700853088e+35
5.17000000000000e+00	2.63603845138364e+35
5.18000000000000e+00	3.00976813190556e+35
5.19000000000000e+00	3.41205065181470e+35
5.20000000000000e+00	3.83524624363208e+35
5.21000000000000e+00	4.26841887085986e+35
5.22000000000000e+00	4.69636990849153e+35
5.23000000000000e+00	5.09909762906286e+35
5.24000000000000e+00	5.45222419123614e+35
5.25000000000000e+00	5.72897627403660e+35
5.26000000000000e+00	5.90450756268117e+35
5.27000000000000e+00	5.96105506631787e+35
5.28000000000000e+00	5.89213226863096e+35
5.29000000000000e+00	5.70422210577596e+35
5.30000000000000e+00	5.41484522499329e+35
5.31000000000000e+00	5.04857067403637e+35
5.32000000000000e+00	4.63246239183046e+35
5.33000000000000e+00	4.19229030949575e+35
5.34000000000000e+00	3.75010407640597e+35
5.35000000000000e+00	3.32297526345475e+35
5.36000000000000e+00	2.92260446335480e+35
5.37000000000000e+00	2.55564964997925e+35
5.38000000000000e+00	2.22480794917394e+35
5.39000000000000e+00	1.93016463754047e+35
5.40000000000000e+00	1.67037862119453e+35
5.41000000000000e+00	1.44361914475849e+35
5.42000000000000e+00	1.24793269281021e+35
5.43000000000000e+00	1.08123284182881e+35
5.44000000000000e+00	9.41182771424328e+34
5.45000000000000e+00	8.25101028901091e+34
5.46000000000000e+00	7.30038305845853e+34
5.47000000000000e+00	6.52917623438327e+34
5.48000000000000e+00	5.90747694808614e+34
5.49000000000000e+00	5.40787319289210e+34
5.50000000000000e+00	5.00652930055505e+34
5.51000000000000e+00	4.68366991883639e+34
5.52000000000000e+00	4.42354155189559e+34
5.53000000000000e+00	4.21380433687567e+34
5.54000000000000e+00	4.04531887467347e+34
5.55000000000000e+00	3.91112617957400e+34
5.56000000000000e+00	3.80588813771203e+34
5.57000000000000e+00	3.72508210953440e+34
5.58000000000000e+00	3.66458016809327e+34
5.59000000000000e+00	3.61997862672741e+34
5.60000000000000e+00	3.58693712050565e+34
5.61000000000000e+00	3.56108324264342e+34
5.62000000000000e+00	3.53839763632570e+34
5.63000000000000e+00	3.51530108872931e+34
5.64000000000000e+00	3.48884778235022e+34
5.65000000000000e+00	3.45626071143694e+34
5.66000000000000e+00	3.41532794852718e+34
5.67000000000000e+00	3.36407366782642e+34
5.68000000000000e+00	3.30141446060487e+34
5.69000000000000e+00	3.22686833090271e+34
5.70000000000000e+00	3.14123068276758e+34
5.71000000000000e+00	3.04627217266420e+34
5.72000000000000e+00	2.94481888711436e+34
5.73000000000000e+00	2.84039559827176e+34
5.74000000000000e+00	2.73667138543575e+34
5.75000000000000e+00	2.63696491523616e+34
5.76000000000000e+00	2.54393641506445e+34
5.77000000000000e+00	2.45901273077397e+34
5.78000000000000e+00	2.38249264895985e+34
5.79000000000000e+00	2.31357219918092e+34
5.80000000000000e+00	2.25069731116537e+34
5.81000000000000e+00	2.19166691400689e+34
5.82000000000000e+00	2.13413453531718e+34
5.83000000000000e+00	2.07585816423435e+34
5.84000000000000e+00	2.01491653854722e+34
5.85000000000000e+00	1.94994653492807e+34
5.86000000000000e+00	1.88017747190824e+34
5.87000000000000e+00	1.80552282762791e+34
5.88000000000000e+00	1.72661658372172e+34
5.89000000000000e+00	1.64471298866505e+34
5.90000000000000e+00	1.56154603141557e+34
5.91000000000000e+00	1.47907979274352e+34
5.92000000000000e+00	1.39921427491904e+34
5.93000000000000e+00	1.32369498552510e+34
5.94000000000000e+00	1.25399906823967e+34
5.95000000000000e+00	1.19135958141284e+34
5.96000000000000e+00	1.13684919269096e+34
5.97000000000000e+00	1.09137831292798e+34
5.98000000000000e+00	1.05567219750231e+34
5.99000000000000e+00	1.03021157783570e+34
6.00000000000000e+00	1.01517890917013e+34
6.01000000000000e+00	1.01030059137973e+34
6.02000000000000e+00	1.01495736166666e+34
6.03000000000000e+00	1.02815861901434e+34
6.04000000000000e+00	1.04866415033065e+34
6.05000000000000e+00	1.07509040694966e+34
6.06000000000000e+00	1.10608235260971e+34
6.07000000000000e+00	1.14032648917706e+34
6.08000000000000e+00	1.17662769313540e+34
6.09000000000000e+00	1.21390473353407e+34
6.10000000000000e+00	1.25113153197796e+34
6.11000000000000e+00	1.28734453681823e+34
6.12000000000000e+00	1.32157073366589e+34
6.13000000000000e+00	1.35284326200446e+34
6.14000000000000e+00	1.38018105569797e+34
6.15000000000000e+00	1.40269597481239e+34
6.16000000000000e+00	1.41963784624165e+34
6.17000000000000e+00	1.43050750386462e+34
6.18000000000000e+00	1.43516367148258e+34
6.19000000000000e+00	1.43388470272178e+34
6.20000000000000e+00	1.42747248985710e+34
6.21000000000000e+00	1.41733876133264e+34
6.22000000000000e+00	1.40550232241223e+34
6.23000000000000e+00	1.39440768170053e+34
6.24000000000000e+00	1.38671589757255e+34
6.25000000000000e+00	1.38488774954659e+34
6.26000000000000e+00	1.39078469677486e+34
6.27000000000000e+00	1.40546606799841e+34
6.28000000000000e+00	1.42889218449194e+34
6.29000000000000e+00	1.46005042316870e+34
6.30000000000000e+00	1.49695122142284e+34
6.31000000000000e+00	1.53695899043894e+34
6.32000000000000e+00	1.57705403428181e+34
6.33000000000000e+00	1.61422367158743e+34
6.34000000000000e+00	1.64567118866831e+34
6.35000000000000e+00	1.66921214532811e+34
6.36000000000000e+00	1.68340945103811e+34
6.37000000000000e+00	1.68778110826430e+34
6.38000000000000e+00	1.68269817715505e+34
6.39000000000000e+00	1.66939705318068e+34
6.40000000000000e+00	1.64963285740336e+34
6.41000000000000e+00	1.62545190185883e+34
6.42000000000000e+00	1.59898266962415e+34
6.43000000000000e+00	1.57199390752467e+34
6.44000000000000e+00	1.54585209953164e+34
6.45000000000000e+00	1.52139601715470e+34
6.46000000000000e+00	1.49893111038275e+34
6.47000000000000e+00	1.47832947021113e+34
6.48000000000000e+00	1.45908077738970e+34
6.49000000000000e+00	1.44053106243783e+34
6.50000000000000e+00	1.42195139690780e+34
6.51000000000000e+00	1.40267036448732e+34
6.52000000000000e+00	1.38218226420678e+34
6.53000000000000e+00	1.36023357833031e+34
6.54000000000000e+00	1.33678910178760e+34
6.55000000000000e+00	1.31202224610694e+34
6.56000000000000e+00	1.28619660363743e+34
6.57000000000000e+00	1.25964102171644e+34
6.58000000000000e+00	1.23269518790281e+34
6.59000000000000e+00	1.20570183792656e+34
6.60000000000000e+00	1.17905378994467e+34
6.61000000000000e+00	1.15327831436822e+34
6.62000000000000e+00	1.12899174770222e+34
6.63000000000000e+00	1.10699604878728e+34
6.64000000000000e+00	1.08813336124529e+34
6.65000000000000e+00	1.07324522298579e+34
6.66000000000000e+00	1.06296649646463e+34
6.67000000000000e+00	1.05763485136076e+34
6.68000000000000e+00	1.05709081225655e+34
6.69000000000000e+00	1.06068050690494e+34
6.70000000000000e+00	1.06717496616842e+34
6.71000000000000e+00	1.07493101027337e+34
6.72000000000000e+00	1.08200389776102e+34
6.73000000000000e+00	1.08640330139459e+34
6.74000000000000e+00	1.08641954636607e+34
6.75000000000000e+00	1.08083136141196e+34
6.76000000000000e+00	1.06913590394504e+34
6.77000000000000e+00	1.05151612281251e+34
6.78000000000000e+00	1.02878289676619e+34
6.79000000000000e+00	1.00219366362513e+34
6.80000000000000e+00	9.73316501085921e+33
6.81000000000000e+00	9.43943963105051e+33
6.82000000000000e+00	9.16031716339744e+33
6.83000000000000e+00	8.91597383977903e+33
6.84000000000000e+00	8.72621918831850e+33
6.85000000000000e+00	8.60870892386957e+33
6.86000000000000e+00	8.57804573392489e+33
6.87000000000000e+00	8.64470449985598e+33
6.88000000000000e+00	8.81471522692385e+33
6.89000000000000e+00	9.08954250407296e+33
6.90000000000000e+00	9.46588439909949e+33
6.91000000000000e+00	9.93490376313276e+33
6.92000000000000e+00	1.04824389618454e+34
6.93000000000000e+00	1.10885935084309e+34
6.94000000000000e+00	1.17292271072283e+34
6.95000000000000e+00	1.23770558842383e+34
6.96000000000000e+00	1.30038033828531e+34
6.97000000000000e+00	1.35815378143171e+34
6.98000000000000e+00	1.40845737199933e+34
6.99000000000000e+00	1.44896863708046e+34
7.00000000000000e+00	1.47775840224006e+34
7.01000000000000e+00	1.49332545785041e+34
7.02000000000000e+00	1.49474906179223e+34
7.03000000000000e+00	1.48186980000726e+34
7.04000000000000e+00	1.45526669997407e+34
7.05000000000000e+00	1.41642473780606e+34
7.06000000000000e+00	1.36751684843298e+34
7.07000000000000e+00	1.31130687806136e+34
7.08000000000000e+00	1.25089229394172e+34
7.09000000000000e+00	1.18939178126309e+34
7.10000000000000e+00	1.12972775997268e+34
7.11000000000000e+00	1.07435614648893e+34
7.12000000000000e+00	1.02509811204161e+34
7.13000000000000e+00	9.83041853342656e+33
7.14000000000000e+00	9.48410364388125e+33
7.15000000000000e+00	9.20595088461162e+33
7.16000000000000e+00	8.98303010969869e+33
7.17000000000000e+00	8.79737308282939e+33
7.18000000000000e+00	8.62858226479572e+33
7.19000000000000e+00	8.45691550840387e+33
7.20000000000000e+00	8.26598945379264e+33
7.21000000000000e+00	8.04493026497525e+33
7.22000000000000e+00	7.78954718172573e+33
7.23000000000000e+00	7.50246476388371e+33
7.24000000000000e+00	7.19227704932924e+33
7.25000000000000e+00	6.87200701287186e+33
7.26000000000000e+00	6.55714188106256e+33
7.27000000000000e+00	6.26364368410553e+33
7.28000000000000e+00	6.00625911819896e+33
7.29000000000000e+00	5.79726423530093e+33
7.30000000000000e+00	5.64605243782641e+33
7.31000000000000e+00	5.55968645137457e+33
7.32000000000000e+00	5.54340491618443e+33
7.33000000000000e+00	5.60271001165336e+33
7.34000000000000e+00	5.74474526932837e+33
7.35000000000000e+00	5.97966957546335e+33
7.36000000000000e+00	6.32142692280295e+33
7.37000000000000e+00	6.78688560105101e+33
7.38000000000000e+00	7.39467713385382e+33
7.39000000000000e+00	8.16069609770566e+33
7.40000000000000e+00	9.09525418470477e+33
7.41000000000000e+00	1.01979264895071e+34
7.42000000000000e+00	1.14544803434571e+34
7.43000000000000e+00	1.28349809726215e+34
7.44000000000000e+00	1.42948726707632e+34
7.45000000000000e+00	1.57781081142478e+34
7.46000000000000e+00	1.72232115431134e+34
7.47000000000000e+00	1.85708572016677e+34
7.48000000000000e+00	1.97707326981966e+34
7.49000000000000e+00	2.07867439829254e+34
7.50000000000000e+00	2.15994336944508e+34
7.51000000000000e+00	2.22044768110275e+34
7.52000000000000e+00	2.26116058688282e+34
7.53000000000000e+00	2.28396682660136e+34
7.54000000000000e+00	2.29158286811138e+34
7.55000000000000e+00	2.28710712186825e+34
7.56000000000000e+00	2.27380822631436e+34
7.57000000000000e+00	2.25491745209014e+34
7.58000000000000e+00	2.23314508028639e+34
7.59000000000000e+00	2.21061736098826e+34
7.60000000000000e+00	2.18884237907946e+34
7.61000000000000e+00	2.16862551113047e+34
7.62000000000000e+00	2.15020095942278e+34
7.63000000000000e+00	2.13341352794968e+34
7.64000000000000e+00	2.11780180598255e+34
7.65000000000000e+00	2.10285922896060e+34
7.66000000000000e+00	2.08813649623035e+34
7.67000000000000e+00	2.07334960272723e+34
7.68000000000000e+00	2.05853360720672e+34
7.69000000000000e+00	2.04393961961932e+34
7.70000000000000e+00	2.03003799100008e+34
7.71000000000000e+00	2.01750925251283e+34
7.72000000000000e+00	2.00697258230117e+34
7.73000000000000e+00	1.99895008497049e+34
7.74000000000000e+00	1.99372757627570e+34
7.75000000000000e+00	1.99133398147311e+34
7.76000000000000e+00	1.99145077006866e+34
7.77000000000000e+00	1.99363425519216e+34
7.78000000000000e+00	1.99728393084477e+34
7.79000000000000e+00	2.00179035160152e+34
7.80000000000000e+00	2.00660586327668e+34
7.81000000000000e+00	2.01118977816356e+34
7.82000000000000e+00	2.01502613630586e+34
7.83000000000000e+00	2.01761675943342e+34
7.84000000000000e+00	2.01846008787969e+34
7.85000000000000e+00	2.01693069971568e+34
7.86000000000000e+00	2.01255713921752e+34
7.87000000000000e+00	2.00480014265415e+34
7.88000000000000e+00	1.99318253714356e+34
7.89000000000000e+00	1.97731871767449e+34
7.90000000000000e+00	1.95697690367010e+34
7.91000000000000e+00	1.93196366108554e+34
7.92000000000000e+00	1.90233057943847e+34
7.93000000000000e+00	1.86823718157922e+34
7.94000000000000e+00	1.83003236609726e+34
7.95000000000000e+00	1.78834648795308e+34
7.96000000000000e+00	1.74406972531177e+34
7.97000000000000e+00	1.69839257166171e+34
7.98000000000000e+00	1.65266150366332e+34
7.99000000000000e+00	1.60825336197321e+34
8.00000000000000e+00	1.56650720890090e+34
8.01000000000000e+00	1.52856405961306e+34
8.02000000000000e+00	1.49535938483394e+34
8.03000000000000e+00	1.46761363710989e+34
8.04000000000000e+00	1.44591917996037e+34
8.05000000000000e+00	1.43057627835967e+34
8.06000000000000e+00	1.42158615694511e+34
8.07000000000000e+00	1.41873694635293e+34
8.08000000000000e+00	1.42138813303881e+34
8.09000000000000e+00	1.42858785912375e+34
8.10000000000000e+00	1.43918870833811e+34
8.11000000000000e+00	1.45190803296018e+34
8.12000000000000e+00	1.46551839667889e+34
8.13000000000000e+00	1.47887628371363e+34
8.14000000000000e+00	1.49117873239639e+34
8.15000000000000e+00	1.50183459388793e+34
8.16000000000000e+00	1.51067151677036e+34
8.17000000000000e+00	1.51767633104089e+34
8.18000000000000e+00	1.52311794229845e+34
8.19000000000000e+00	1.52730007109858e+34
8.20000000000000e+00	1.53067588392966e+34
8.21000000000000e+00	1.53375274609483e+34
8.22000000000000e+00	1.53716292180140e+34
8.23000000000000e+00	1.54160419432950e+34
8.24000000000000e+00	1.54756732890189e+34
8.25000000000000e+00	1.55533202131731e+34
8.26000000000000e+00	1.56485086341035e+34
8.27000000000000e+00	1.57572340945940e+34
8.28000000000000e+00	1.58734363017064e+34
8.29000000000000e+00	1.59905402276697e+34
8.30000000000000e+00	1.61030752857486e+34
8.31000000000000e+00	1.62060230944524e+34
8.32000000000000e+00	1.62944200791545e+34
8.33000000000000e+00	1.63632655507796e+34
8.34000000000000e+00	1.64075637496450e+34
8.35000000000000e+00	1.64222785435430e+34
8.36000000000000e+00	1.64042649326096e+34
8.37000000000000e+00	1.63514800864334e+34
8.38000000000000e+00	1.62653841641359e+34
8.39000000000000e+00	1.61505246967583e+34
8.40000000000000e+00	1.60131686434985e+34
8.41000000000000e+00	1.58596949133560e+34
8.42000000000000e+00	1.56976483344330e+34
8.43000000000000e+00	1.55334728303669e+34
8.44000000000000e+00	1.53734772994980e+34
8.45000000000000e+00	1.52237040078187e+34
8.46000000000000e+00	1.50914446747113e+34
8.47000000000000e+00	1.49836544846729e+34
8.48000000000000e+00	1.49081282530125e+34
8.49000000000000e+00	1.48718193457443e+34
8.50000000000000e+00	1.48810574612660e+34
8.51000000000000e+00	1.49410830570693e+34
8.52000000000000e+00	1.50543817075822e+34
8.53000000000000e+00	1.52203915489058e+34
8.54000000000000e+00	1.54363799188067e+34
8.55000000000000e+00	1.56953044586300e+34
8.56000000000000e+00	1.59864105705018e+34
8.57000000000000e+00	1.62969746133100e+34
8.58000000000000e+00	1.66128395708326e+34
8.59000000000000e+00	1.69198495755888e+34
8.60000000000000e+00	1.72050223213077e+34
8.61000000000000e+00	1.74581566523611e+34
8.62000000000000e+00	1.76733891176175e+34
8.63000000000000e+00	1.78465210545942e+34
8.64000000000000e+00	1.79773723800502e+34
8.65000000000000e+00	1.80677513544527e+34
8.66000000000000e+00	1.81194790465079e+34
8.67000000000000e+00	1.81369052115460e+34
8.68000000000000e+00	1.81243910449671e+34
8.69000000000000e+00	1.80863186194463e+34
8.70000000000000e+00	1.80278147949367e+34
8.71000000000000e+00	1.79531684769110e+34
8.72000000000000e+00	1.78672455627806e+34
8.73000000000000e+00	1.77736540649718e+34
8.74000000000000e+00	1.76739536124635e+34
8.75000000000000e+00	1.75703669670800e+34
8.76000000000000e+00	1.74621066944110e+34
8.77000000000000e+00	1.73479984625437e+34
8.78000000000000e+00	1.72259737227770e+34
8.79000000000000e+00	1.70942807439439e+34
8.80000000000000e+00	1.69503062884804e+34
8.81000000000000e+00	1.67939209306163e+34
8.82000000000000e+00	1.66243791526659e+34
8.83000000000000e+00	1.64408864051820e+34
8.84000000000000e+00	1.62442853868099e+34
8.85000000000000e+00	1.60341774877889e+34
8.86000000000000e+00	1.58110198581682e+34
8.87000000000000e+00	1.55763320497146e+34
8.88000000000000e+00	1.53312209303961e+34
8.89000000000000e+00	1.50778057882699e+34
8.90000000000000e+00	1.48165989491282e+34
8.91000000000000e+00	1.45485206509122e+34
8.92000000000000e+00	1.42718965418892e+34
8.93000000000000e+00	1.39861876021068e+34
8.94000000000000e+00	1.36901460127546e+34
8.95000000000000e+00	1.33835109487810e+34
8.96000000000000e+00	1.30673163560218e+34
8.97000000000000e+00	1.27435661748480e+34
8.98000000000000e+00	1.24131857851007e+34
8.99000000000000e+00	1.20768640648480e+34
9.00000000000000e+00	1.17327339407100e+34
9.01000000000000e+00	1.13785638984849e+34
9.02000000000000e+00	1.10125926168668e+34
9.03000000000000e+00	1.06354233642092e+34
9.04000000000000e+00	1.02518497714535e+34
9.05000000000000e+00	9.87211354305472e+33
9.06000000000000e+00	9.51305723580696e+33
9.07000000000000e+00	9.19871685301334e+33
9.08000000000000e+00	8.96088107430124e+33
9.09000000000000e+00	8.83879629555926e+33
9.10000000000000e+00	8.87798437121429e+33
9.11000000000000e+00	9.12795890539479e+33
9.12000000000000e+00	9.63832651536030e+33
9.13000000000000e+00	1.04534071829046e+34
9.14000000000000e+00	1.16059353831320e+34
9.15000000000000e+00	1.31103478015764e+34
9.16000000000000e+00	1.49565761214880e+34
9.17000000000000e+00	1.71066624173523e+34
9.18000000000000e+00	1.94932816996754e+34
9.19000000000000e+00	2.20238165137020e+34
9.20000000000000e+00	2.45871914213227e+34
9.21000000000000e+00	2.70643009699848e+34
9.22000000000000e+00	2.93396935613452e+34
9.23000000000000e+00	3.13130845315349e+34
9.24000000000000e+00	3.29088933568441e+34
9.25000000000000e+00	3.40814160259344e+34
9.26000000000000e+00	3.48165596492756e+34
9.27000000000000e+00	3.51292152511467e+34
9.28000000000000e+00	3.50582843682606e+34
9.29000000000000e+00	3.46599316096684e+34
9.30000000000000e+00	3.40003658102207e+34
9.31000000000000e+00	3.31501284252069e+34
9.32000000000000e+00	3.21771647772414e+34
9.33000000000000e+00	3.11427559120016e+34
9.34000000000000e+00	3.00981630126529e+34
9.35000000000000e+00	2.90818705370516e+34
9.36000000000000e+00	2.81202719302118e+34
9.37000000000000e+00	2.72281096426132e+34
9.38000000000000e+00	2.64112903861790e+34
9.39000000000000e+00	2.56694786974899e+34
9.40000000000000e+00	2.49986339615788e+34
9.41000000000000e+00	2.43935524327755e+34
9.42000000000000e+00	2.38487630917979e+34
9.43000000000000e+00	2.33595343622470e+34
9.44000000000000e+00	2.29220135029672e+34
9.45000000000000e+00	2.25331549325286e+34
9.46000000000000e+00	2.21901862138801e+34
9.47000000000000e+00	2.18910008394595e+34
9.48000000000000e+00	2.16334362872230e+34
9.49000000000000e+00	2.14155008812499e+34
9.50000000000000e+00	2.12350873847649e+34
9.51000000000000e+00	2.10902976782790e+34
9.52000000000000e+00	2.09787798093783e+34
9.53000000000000e+00	2.08982717311292e+34
9.54000000000000e+00	2.08460460387040e+34
9.55000000000000e+00	2.08187345278789e+34
9.56000000000000e+00	2.08122953674773e+34
9.57000000000000e+00	2.08224721139375e+34
9.58000000000000e+00	2.08444603515510e+34
9.59000000000000e+00	2.08738046933674e+34
9.60000000000000e+00	2.09062504239324e+34
9.61000000000000e+00	2.09377880095345e+34
9.62000000000000e+00	2.09652987945915e+34
9.63000000000000e+00	2.09860172552218e+34
9.64000000000000e+00	2.09978969379488e+34
9.65000000000000e+00	2.09995944573368e+34
9.66000000000000e+00	2.09902372852653e+34
9.67000000000000e+00	2.09698055657012e+34
9.68000000000000e+00	2.09392227575864e+34
9.69000000000000e+00	2.09001487550664e+34
9.70000000000000e+00	2.08546704890492e+34
9.71000000000000e+00	2.08050908150400e+34
9.72000000000000e+00	2.07535454882645e+34
9.73000000000000e+00	2.07021182842476e+34
9.74000000000000e+00	2.06524632990513e+34
9.75000000000000e+00	2.06063809052112e+34
9.76000000000000e+00	2.05649313333877e+34
9.77000000000000e+00	2.05290793981881e+34
9.78000000000000e+00	2.04986755820865e+34
9.79000000000000e+00	2.04732053101943e+34
9.80000000000000e+00	2.04512366776964e+34
9.81000000000000e+00	2.04313160638149e+34
9.82000000000000e+00	2.04118847028896e+34
9.83000000000000e+00	2.03920140744940e+34
9.84000000000000e+00	2.03710688652320e+34
9.85000000000000e+00	2.03488748198564e+34
9.86000000000000e+00	2.03255735239830e+34
9.87000000000000e+00	2.03017793366315e+34
9.88000000000000e+00	2.02791506339373e+34
9.89000000000000e+00	2.02620535194046e+34
9.90000000000000e+00	2.02598478607444e+34
9.91000000000000e+00	2.02923004258386e+34
9.92000000000000e+00	2.03961282844023e+34
9.93000000000000e+00	2.06327910263985e+34
9.94000000000000e+00	2.10944651655879e+34
9.95000000000000e+00	2.19048926714868e+34
9.96000000000000e+00	2.32116928914878e+34
9.97000000000000e+00	2.51656369541880e+34
9.98000000000000e+00	2.78783601369265e+34
9.99000000000000e+00	3.13490837836649e+34
1.00000000000000e+01	3.53704819298060e+34
1.00100000000000e+01	3.94328000190970e+34
1.00200000000000e+01	4.26114642748722e+34
1.00300000000000e+01	4.36828828584757e+34
1.00400000000000e+01	4.16953444123626e+34
1.00500000000000e+01	3.67116071380009e+34
1.00600000000000e+01	2.99173058064568e+34
1.00700000000000e+01	2.28658424752413e+34
1.00800000000000e+01	1.66685375937973e+34
1.00900000000000e+01	1.17701333206253e+34
1.01000000000000e+01	8.14936443568651e+33
1.01100000000000e+01	5.58142822006364e+33
1.01200000000000e+01	3.80431761867607e+33
1.01300000000000e+01	2.59102584502477e+33
1.01400000000000e+01	1.76785074068437e+33
1.01500000000000e+01	1.21016282688711e+33
1.01600000000000e+01	8.31719489527665e+32
1.01700000000000e+01	5.74017043905767e+32
1.01800000000000e+01	3.97737397837711e+32
1.01900000000000e+01	2.76566880960617e+32
1.02000000000000e+01	1.92871261173455e+32
1.02100000000000e+01	1.34805005095881e+32
1.02200000000000e+01	9.43612007069050e+31
1.02300000000000e+01	6.61002257218529e+31
1.02400000000000e+01	4.63011993489696e+31
1.02500000000000e+01	3.24051323683093e+31
1.02600000000000e+01	2.26406132097502e+31
1.02700000000000e+01	1.57770650543535e+31
1.02800000000000e+01	1.09558506460247e+31
1.02900000000000e+01	7.57593955241734e+30
1.03000000000000e+01	5.21552037125902e+30
1.03100000000000e+01	3.57794906636504e+30
1.03200000000000e+01	2.45377753270988e+30
1.03300000000000e+01	1.69490014569086e+30
1.03400000000000e+01	1.19592657688795e+30
1.03500000000000e+01	8.81633491920566e+29
1.03600000000000e+01	6.98030447684170e+29
1.03700000000000e+01	6.06198447975779e+29
1.03800000000000e+01	5.77991004266065e+29
1.03900000000000e+01	5.93038108466036e+29
1.04000000000000e+01	6.36642739473952e+29
1.04100000000000e+01	6.98230525688687e+29
1.04200000000000e+01	7.70250939242831e+29
1.04300000000000e+01	8.47346302836840e+29
1.04400000000000e+01	9.25734928494652e+29
1.04500000000000e+01	1.00272736958598e+30
1.04600000000000e+01	1.07644006364529e+30
1.04700000000000e+01	1.14552034113655e+30
1.04800000000000e+01	1.20896202997869e+30
1.04900000000000e+01	1.26606043367010e+30
1.05000000000000e+01	1.31634204013696e+30
1.05100000000000e+01	1.35950626888102e+30
1.05200000000000e+01	1.39544428681956e+30
1.05300000000000e+01	1.42423503496434e+30
1.05400000000000e+01	1.44614166626372e+30
1.05500000000000e+01	1.46156670161074e+30
1.05600000000000e+01	1.47105500436600e+30
1.05700000000000e+01	1.47527056661197e+30
1.05800000000000e+01	1.47490736345539e+30
1.05900000000000e+01	1.47071333101654e+30
1.06000000000000e+01	1.46342489308866e+30
1.06100000000000e+01	1.45367989544835e+30
1.06200000000000e+01	1.44209048110457e+30
1.06300000000000e+01	1.42914690044070e+30
1.06400000000000e+01	1.41524943005153e+30
1.06500000000000e+01	1.40066531188232e+30
1.06600000000000e+01	1.38562405532295e+30
1.06700000000000e+01	1.37023828186397e+30
1.06800000000000e+01	1.35459711599415e+30
1.06900000000000e+01	1.33869398249779e+30
1.07000000000000e+01	1.32255443360952e+30
1.07100000000000e+01	1.30615798777497e+30
1.07200000000000e+01	1.28947306346372e+30
1.07300000000000e+01	1.27250603824167e+30
1.07400000000000e+01	1.25522551986684e+30
1.07500000000000e+01	1.23762868793662e+30
1.07600000000000e+01	1.21968798538702e+30
1.07700000000000e+01	1.20138409474348e+30
1.07800000000000e+01	1.18269954254165e+30
1.07900000000000e+01	1.16361115594532e+30
1.08000000000000e+01	1.14410028254088e+30
1.08100000000000e+01	1.12415285651027e+30
1.08200000000000e+01	1.10381081106226e+30
1.08300000000000e+01	1.08310903171375e+30
1.08400000000000e+01	1.06212261401062e+30
1.08500000000000e+01	1.04096828916573e+30
1.08600000000000e+01	1.01977919947017e+30
1.08700000000000e+01	9.98698670028422e+29
1.08800000000000e+01	9.77897197270326e+29
1.08900000000000e+01	9.57522542884432e+29
1.09000000000000e+01	9.37708129127014e+29
1.09100000000000e+01	9.18565876764370e+29
1.09200000000000e+01	9.00173990669761e+29
1.09300000000000e+01	8.82566998536148e+29
1.09400000000000e+01	8.65744574361007e+29
1.09500000000000e+01	8.49666606793121e+29
1.09600000000000e+01	8.34277482177729e+29
1.09700000000000e+01	8.19472462251357e+29
1.09800000000000e+01	8.05153283569563e+29
1.09900000000000e+01	7.91215971730871e+29
1.10000000000000e+01	7.77548186093416e+29
1.10100000000000e+01	7.64062431324212e+29
1.10200000000000e+01	7.50674455411067e+29
1.10300000000000e+01	7.37337530297827e+29
1.10400000000000e+01	7.24025503298891e+29
1.10500000000000e+01	7.10724505523920e+29
1.10600000000000e+01	6.97456651128159e+29
1.10700000000000e+01	6.84267978034827e+29
1.10800000000000e+01	6.71202330482306e+29
1.10900000000000e+01	6.58326534851896e+29
1.11000000000000e+01	6.45703180101015e+29
1.11100000000000e+01	6.33391999810283e+29
1.11200000000000e+01	6.21446427587377e+29
1.11300000000000e+01	6.09911583589204e+29
1.11400000000000e+01	5.98805299004489e+29
1.11500000000000e+01	5.88144493205940e+29
1.11600000000000e+01	5.77914061827632e+29
1.11700000000000e+01	5.68096084502933e+29
1.11800000000000e+01	5.58662344039028e+29
1.11900000000000e+01	5.49578317063399e+29
1.12000000000000e+01	5.40808923624150e+29
1.12100000000000e+01	5.32315201549633e+29
1.12200000000000e+01	5.24078413439509e+29
1.12300000000000e+01	5.16067331781458e+29
1.12400000000000e+01	5.08267439615224e+29
1.12500000000000e+01	5.00665604059797e+29
1.12600000000000e+01	4.93252451051320e+29
1.12700000000000e+01	4.86019241844180e+29
1.12800000000000e+01	4.78950126466826e+29
1.12900000000000e+01	4.72035451273191e+29
1.13000000000000e+01	4.65246780274440e+29
1.13100000000000e+01	4.58570610421825e+29
1.13200000000000e+01	4.51977068607151e+29
1.13300000000000e+01	4.45439743657857e+29
1.13400000000000e+01	4.38928270420811e+29
1.13500000000000e+01	4.32422710867524e+29
1.13600000000000e+01	4.25899558076101e+29
1.13700000000000e+01	4.19342370544905e+29
1.13800000000000e+01	4.12743115665098e+29
1.13900000000000e+01	4.06097388643330e+29
1.14000000000000e+01	3.99405941897639e+29
1.14100000000000e+01	3.92686063969415e+29
1.14200000000000e+01	3.85951559864485e+29
1.14300000000000e+01	3.79222234415040e+29
1.14400000000000e+01	3.72526983807787e+29
1.14500000000000e+01	3.65892445523831e+29
1.14600000000000e+01	3.59349560732156e+29
1.14700000000000e+01	3.52923095577360e+29
1.14800000000000e+01	3.46644496357545e+29
1.14900000000000e+01	3.40527518974888e+29
1.15000000000000e+01	3.34595595524853e+29
1.15100000000000e+01	3.28854314428375e+29
1.15200000000000e+01	3.23310301859979e+29
1.15300000000000e+01	3.17960726307088e+29
1.15400000000000e+01	3.12802355051975e+29
1.15500000000000e+01	3.07821588244940e+29
1.15600000000000e+01	3.03003155469709e+29
1.15700000000000e+01	2.98332399117489e+29
1.15800000000000e+01	2.93790993339257e+29
1.15900000000000e+01	2.89361520350008e+29
1.16000000000000e+01	2.85023737914300e+29
1.16100000000000e+01	2.80763536551989e+29
1.16200000000000e+01	2.76568581074165e+29
1.16300000000000e+01	2.72424218634960e+29
1.16400000000000e+01	2.68324122058136e+29
1.16500000000000e+01	2.64261183448688e+29
1.16600000000000e+01	2.60232555744369e+29
1.16700000000000e+01	2.56235739087587e+29
1.16800000000000e+01	2.52271090844444e+29
1.16900000000000e+01	2.48342127901467e+29
1.17000000000000e+01	2.44451216946815e+29
1.17100000000000e+01	2.40602760707475e+29
1.17200000000000e+01	2.36800403707280e+29
1.17300000000000e+01	2.33053277203771e+29
1.17400000000000e+01	2.29367753595035e+29
1.17500000000000e+01	2.25752152906226e+29
1.17600000000000e+01	2.22218928933769e+29
1.17700000000000e+01	2.18776188717766e+29
1.17800000000000e+01	2.15436754418015e+29
1.17900000000000e+01	2.12210964708228e+29
1.18000000000000e+01	2.09107811711077e+29
1.18100000000000e+01	2.06134149805084e+29
1.18200000000000e+01	2.03293901383318e+29
1.18300000000000e+01	2.00588489320199e+29
1.18400000000000e+01	1.98012527763897e+29
1.18500000000000e+01	1.95561371368097e+29
1.18600000000000e+01	1.93223411723552e+29
1.18700000000000e+01	1.90984993007047e+29
1.18800000000000e+01	1.88832797385082e+29
1.18900000000000e+01	1.86748086445284e+29
1.19000000000000e+01	1.84716814900068e+29
1.19100000000000e+01	1.82724140853104e+29
1.19200000000000e+01	1.80757199663679e+29
1.19300000000000e+01	1.78808653509698e+29
1.19400000000000e+01	1.76870128846575e+29
1.19500000000000e+01	1.74938656765207e+29
1.19600000000000e+01	1.73015660315665e+29
1.19700000000000e+01	1.71102814981896e+29
1.19800000000000e+01	1.69202281263411e+29
1.19900000000000e+01	1.67321555415990e+29
1.20000000000000e+01	1.65462385198351e+29
1.20100000000000e+01	1.63628711736187e+29
1.20200000000000e+01	1.61822089870055e+29
1.20300000000000e+01	1.60044462860072e+29
1.20400000000000e+01	1.58292405338713e+29
1.20500000000000e+01	1.56564712613077e+29
1.20600000000000e+01	1.54858005149366e+29
1.20700000000000e+01	1.53167500581118e+29
1.20800000000000e+01	1.51488383568546e+29
1.20900000000000e+01	1.49818030596623e+29
1.21000000000000e+01	1.48151818918279e+29
1.21100000000000e+01	1.46488066261357e+29
1.21200000000000e+01	1.44825116228297e+29
1.21300000000000e+01	1.43161501172241e+29
1.21400000000000e+01	1.41498110411582e+29
1.21500000000000e+01	1.39834729984599e+29
1.21600000000000e+01	1.38172474296286e+29
1.21700000000000e+01	1.36512823943995e+29
1.21800000000000e+01	1.34857157678816e+29
1.21900000000000e+01	1.33207859502485e+29
1.22000000000000e+01	1.31567376246806e+29
1.22100000000000e+01	1.29937590604505e+29
1.22200000000000e+01	1.28320956763954e+29
1.22300000000000e+01	1.26720911561705e+29
1.22400000000000e+01	1.25138451886686e+29
1.22500000000000e+01	1.23578088003737e+29
1.22600000000000e+01	1.22041885389189e+29
1.22700000000000e+01	1.20532854424717e+29
1.22800000000000e+01	1.19053818656252e+29
1.22900000000000e+01	1.17608016308443e+29
1.23000000000000e+01	1.16199204774104e+29
1.23100000000000e+01	1.14829941686237e+29
1.23200000000000e+01	1.13502786617679e+29
1.23300000000000e+01	1.12220554771627e+29
1.23400000000000e+01	1.10985202756243e+29
1.23500000000000e+01	1.09796730878068e+29
1.23600000000000e+01	1.08654781467511e+29
1.23700000000000e+01	1.07559897010185e+29
1.23800000000000e+01	1.06508151855499e+29
1.23900000000000e+01	1.05497466478598e+29
1.24000000000000e+01	1.04524446785057e+29
1.24100000000000e+01	1.03585643507167e+29
1.24200000000000e+01	1.02677248328683e+29
1.24300000000000e+01	1.01795515806898e+29
1.24400000000000e+01	1.00936535559389e+29
1.24500000000000e+01	1.00097465523410e+29
1.24600000000000e+01	9.92746105461068e+28
1.24700000000000e+01	9.84644785408425e+28
1.24800000000000e+01	9.76635781968076e+28
1.24900000000000e+01	9.68690997790251e+28
1.25000000000000e+01	9.60776166764798e+28
1.25100000000000e+01	9.52848404746457e+28
1.25200000000000e+01	9.44878460194309e+28
1.25300000000000e+01	9.36849243676170e+28
1.25400000000000e+01	9.28729068954074e+28
1.25500000000000e+01	9.20503074613739e+28
1.25600000000000e+01	9.12160586242592e+28
1.25700000000000e+01	9.03708259879578e+28
1.25800000000000e+01	8.95159192014086e+28
1.25900000000000e+01	8.86524045134936e+28
1.26000000000000e+01	8.77832668234254e+28
1.26100000000000e+01	8.69105237928575e+28
1.26200000000000e+01	8.60388192213107e+28
1.26300000000000e+01	8.51707085312700e+28
1.26400000000000e+01	8.43089383030867e+28
1.26500000000000e+01	8.34568000577477e+28
1.26600000000000e+01	8.26166318677694e+28
1.26700000000000e+01	8.17891183668034e+28
1.26800000000000e+01	8.09757076797202e+28
1.26900000000000e+01	8.01763344042550e+28
1.27000000000000e+01	7.93906571011447e+28
1.27100000000000e+01	7.86181403014874e+28
1.27200000000000e+01	7.78574342441593e+28
1.27300000000000e+01	7.71078093628957e+28
1.27400000000000e+01	7.63687323677687e+28
1.27500000000000e+01	7.56383575115261e+28
1.27600000000000e+01	7.49170065661712e+28
1.27700000000000e+01	7.42051227039943e+28
1.27800000000000e+01	7.35014968467969e+28
1.27900000000000e+01	7.28085742789411e+28
1.28000000000000e+01	7.21263404949361e+28
1.28100000000000e+01	7.14564764722572e+28
1.28200000000000e+01	7.08001656773515e+28
1.28300000000000e+01	7.01594738323654e+28
1.28400000000000e+01	6.95352670073256e+28
1.28500000000000e+01	6.89290761204132e+28
1.28600000000000e+01	6.83413931983370e+28
1.28700000000000e+01	6.77726881204069e+28
1.28800000000000e+01	6.72227866094513e+28
1.28900000000000e+01	6.66908544425132e+28
1.29000000000000e+01	6.61758433876954e+28
1.29100000000000e+01	6.56759590633701e+28
1.29200000000000e+01	6.51890739119363e+28
1.29300000000000e+01	6.47128315708355e+28
1.29400000000000e+01	6.42447635720254e+28
1.29500000000000e+01	6.37818365187778e+28
1.29600000000000e+01	6.33219159466089e+28
1.29700000000000e+01	6.28617329400746e+28
1.29800000000000e+01	6.23996879840149e+28
1.29900000000000e+01	6.19334728156580e+28
1.30000000000000e+01	6.14611794907807e+28
1.30100000000000e+01	6.09820117196869e+28
1.30200000000000e+01	6.04951074081735e+28
1.30300000000000e+01	6.00004216711368e+28
1.30400000000000e+01	5.94988027668493e+28
1.30500000000000e+01	5.89910116741857e+28
1.30600000000000e+01	5.84784078731242e+28
1.30700000000000e+01	5.79635885669829e+28
1.30800000000000e+01	5.74479055727713e+28
1.30900000000000e+01	5.69336871332859e+28
1.31000000000000e+01	5.64230426636705e+28
1.31100000000000e+01	5.59168360333663e+28
1.31200000000000e+01	5.54168772837867e+28
1.31300000000000e+01	5.49231849146803e+28
1.31400000000000e+01	5.44366281774663e+28
1.31500000000000e+01	5.39565633112004e+28
1.31600000000000e+01	5.34817117409815e+28
1.31700000000000e+01	5.30112199509690e+28
1.31800000000000e+01	5.25428772379749e+28
1.31900000000000e+01	5.20755943758779e+28
1.32000000000000e+01	5.16079621745531e+28
1.32100000000000e+01	5.11385516556536e+28
1.32200000000000e+01	5.06655898402045e+28
1.32300000000000e+01	5.01887935339099e+28
1.32400000000000e+01	4.97082163673716e+28
1.32500000000000e+01	4.92234033874244e+28
1.32600000000000e+01	4.87361833440374e+28
1.32700000000000e+01	4.82467714498905e+28
1.32800000000000e+01	4.77571075866158e+28
1.32900000000000e+01	4.72693392071556e+28
1.33000000000000e+01	4.67855270014172e+28
1.33100000000000e+01	4.63068076060368e+28
1.33200000000000e+01	4.58357111709346e+28
1.33300000000000e+01	4.53737389281861e+28
1.33400000000000e+01	4.49214840941972e+28
1.33500000000000e+01	4.44799820117301e+28
1.33600000000000e+01	4.40494007415392e+28
1.33700000000000e+01	4.36295298553517e+28
1.33800000000000e+01	4.32195746341613e+28
1.33900000000000e+01	4.28181418802380e+28
1.34000000000000e+01	4.24243844058366e+28
1.34100000000000e+01	4.20359965680234e+28
1.34200000000000e+01	4.16518257521586e+28
1.34300000000000e+01	4.12692455226389e+28
1.34400000000000e+01	4.08877010922056e+28
1.34500000000000e+01	4.05048124603209e+28
1.34600000000000e+01	4.01201837820024e+28
1.34700000000000e+01	3.97333017119485e+28
1.34800000000000e+01	3.93443472126223e+28
1.34900000000000e+01	3.89539119512974e+28
1.35000000000000e+01	3.85635178417648e+28
1.35100000000000e+01	3.81748320185992e+28
1.35200000000000e+01	3.77895199012879e+28
1.35300000000000e+01	3.74101529058060e+28
1.35400000000000e+01	3.70381555330508e+28
1.35500000000000e+01	3.66757038850490e+28
1.35600000000000e+01	3.63237073262883e+28
1.35700000000000e+01	3.59828932668534e+28
1.35800000000000e+01	3.56533207674613e+28
1.35900000000000e+01	3.53348608431829e+28
1.36000000000000e+01	3.50267365220726e+28
1.36100000000000e+01	3.47278292194607e+28
1.36200000000000e+01	3.44375255915360e+28
1.36300000000000e+01	3.41545794698978e+28
1.36400000000000e+01	3.38778196936963e+28
1.36500000000000e+01	3.36075393243513e+28
1.36600000000000e+01	3.33423194933137e+28
1.36700000000000e+01	3.30827158100000e+28
1.36800000000000e+01	3.28283454070771e+28
1.36900000000000e+01	3.25795515031329e+28
1.37000000000000e+01	3.23364414144539e+28
1.37100000000000e+01	3.20993436088090e+28
1.37200000000000e+01	3.18684550410813e+28
1.37300000000000e+01	3.16437235674334e+28
1.37400000000000e+01	3.14257286067650e+28
1.37500000000000e+01	3.12142996565423e+28
1.37600000000000e+01	3.10100358448554e+28
1.37700000000000e+01	3.08124802089576e+28
1.37800000000000e+01	3.06218379711767e+28
1.37900000000000e+01	3.04380882928250e+28
1.38000000000000e+01	3.02607504332730e+28
1.38100000000000e+01	3.00894014979695e+28
1.38200000000000e+01	2.99233132631148e+28
1.38300000000000e+01	2.97615535379874e+28
1.38400000000000e+01	2.96030682536142e+28
1.38500000000000e+01	2.94467599750283e+28
1.38600000000000e+01	2.92914237090742e+28
1.38700000000000e+01	2.91361387894028e+28
1.38800000000000e+01	2.89801319495794e+28
1.38900000000000e+01	2.88224317266412e+28
1.39000000000000e+01	2.86629119878974e+28
1.39100000000000e+01	2.85018767069224e+28
1.39200000000000e+01	2.83393679561239e+28
1.39300000000000e+01	2.81756875600776e+28
1.39400000000000e+01	2.80116126333505e+28
1.39500000000000e+01	2.78478279847997e+28
1.39600000000000e+01	2.76849166904006e+28
1.39700000000000e+01	2.75232800386168e+28
1.39800000000000e+01	2.73636310656578e+28
1.39900000000000e+01	2.72056766454626e+28
1.40000000000000e+01	2.70496711446688e+28
1.40100000000000e+01	2.68951916743777e+28
1.40200000000000e+01	2.67419196422614e+28
1.40300000000000e+01	2.65894119554451e+28
1.40400000000000e+01	2.64370538766271e+28
1.40500000000000e+01	2.62846883143789e+28
1.40600000000000e+01	2.61317541242550e+28
1.40700000000000e+01	2.59782084953083e+28
1.40800000000000e+01	2.58236854283317e+28
1.40900000000000e+01	2.56688104132382e+28
1.41000000000000e+01	2.55136969398564e+28
1.41100000000000e+01	2.53586916523216e+28
1.41200000000000e+01	2.52046819243703e+28
1.41300000000000e+01	2.50518715063251e+28
1.41400000000000e+01	2.49008466292131e+28
1.41500000000000e+01	2.47523900384218e+28
1.41600000000000e+01	2.46065173568272e+28
1.41700000000000e+01	2.44635751029128e+28
1.41800000000000e+01	2.43233324499214e+28
1.41900000000000e+01	2.41861208151600e+28
1.42000000000000e+01	2.40513200091901e+28
1.42100000000000e+01	2.39189092522053e+28
1.42200000000000e+01	2.37882473413574e+28
1.42300000000000e+01	2.36592536982413e+28
1.42400000000000e+01	2.35315848348039e+28
1.42500000000000e+01	2.34049399040658e+28
1.42600000000000e+01	2.32790755751264e+28
1.42700000000000e+01	2.31538189660667e+28
1.42800000000000e+01	2.30292834798174e+28
1.42900000000000e+01	2.29050235727490e+28
1.43000000000000e+01	2.27811992428189e+28
1.43100000000000e+01	2.26575521983311e+28
1.43200000000000e+01	2.25343928334183e+28
1.43300000000000e+01	2.24111863737208e+28
1.43400000000000e+01	2.22884267150665e+28
1.43500000000000e+01	2.21659021374058e+28
1.43600000000000e+01	2.20437150438341e+28
1.43700000000000e+01	2.19219495339489e+28
1.43800000000000e+01	2.18006122282134e+28
1.43900000000000e+01	2.16800434395375e+28
1.44000000000000e+01	2.15604358070259e+28
1.44100000000000e+01	2.14419213656568e+28
1.44200000000000e+01	2.13246772460958e+28
1.44300000000000e+01	2.12088827865158e+28
1.44400000000000e+01	2.10945873145611e+28
1.44500000000000e+01	2.09818723243729e+28
1.44600000000000e+01	2.08706949365971e+28
1.44700000000000e+01	2.07607428432016e+28
1.44800000000000e+01	2.06519507437898e+28
1.44900000000000e+01	2.05441125068495e+28
1.45000000000000e+01	2.04370503657977e+28
1.45100000000000e+01	2.03303666687309e+28
1.45200000000000e+01	2.02238569650832e+28
1.45300000000000e+01	2.01174045544321e+28
1.45400000000000e+01	2.00109542876624e+28
1.45500000000000e+01	1.99046273512237e+28
1.45600000000000e+01	1.97978594090916e+28
1.45700000000000e+01	1.96911388071856e+28
1.45800000000000e+01	1.95845527456350e+28
1.45900000000000e+01	1.94778980190387e+28
1.46000000000000e+01	1.93713104550725e+28
1.46100000000000e+01	1.92651666872270e+28
1.46200000000000e+01	1.91592512758654e+28
1.46300000000000e+01	1.90536891461460e+28
1.46400000000000e+01	1.89485320726889e+28
1.46500000000000e+01	1.88435218264120e+28
1.46600000000000e+01	1.87388339931444e+28
1.46700000000000e+01	1.86342488561910e+28
1.46800000000000e+01	1.85296191884684e+28
1.46900000000000e+01	1.84251159644593e+28
1.47000000000000e+01	1.83203566505121e+28
1.47100000000000e+01	1.82154394542102e+28
1.47200000000000e+01	1.81101238511029e+28
1.47300000000000e+01	1.80046533868744e+28
1.47400000000000e+01	1.78986615524699e+28
1.47500000000000e+01	1.77924204382415e+28
1.47600000000000e+01	1.76858006422302e+28
1.47700000000000e+01	1.75784657665160e+28
1.47800000000000e+01	1.74706803972908e+28
1.47900000000000e+01	1.73622143802338e+28
1.48000000000000e+01	1.72532333738929e+28
1.48100000000000e+01	1.71436072558534e+28
1.48200000000000e+01	1.70333793458255e+28
1.48300000000000e+01	1.69224682459553e+28
1.48400000000000e+01	1.68110858279205e+28
1.48500000000000e+01	1.66992986916910e+28
1.48600000000000e+01	1.65872033844283e+28
1.48700000000000e+01	1.64749574555107e+28
1.48800000000000e+01	1.63625996903354e+28
1.48900000000000e+01	1.62503609710270e+28
1.49000000000000e+01	1.61383016040522e+28
1.49100000000000e+01	1.60266189265889e+28
1.49200000000000e+01	1.59155767022566e+28
1.49300000000000e+01	1.58053976213938e+28
1.49400000000000e+01	1.56965384327546e+28
1.49500000000000e+01	1.55890880177758e+28
1.49600000000000e+01	1.54835263439613e+28
1.49700000000000e+01	1.53803377323348e+28
1.49800000000000e+01	1.52796747762897e+28
1.49900000000000e+01	1.51818342951277e+28
1.50000000000000e+01	1.50869035386978e+28
1.50100000000000e+01	1.49949827269034e+28
1.50200000000000e+01	1.49058984721667e+28
1.50300000000000e+01	1.48195308017168e+28
1.50400000000000e+01	1.47355542503131e+28
1.50500000000000e+01	1.46535852418673e+28
1.50600000000000e+01	1.45733761383294e+28
1.50700000000000e+01	1.44943947149020e+28
1.50800000000000e+01	1.44165735557642e+28
1.50900000000000e+01	1.43395692621756e+28
1.51000000000000e+01	1.42631634229739e+28
1.51100000000000e+01	1.41874113060889e+28
1.51200000000000e+01	1.41123245618541e+28
1.51300000000000e+01	1.40381805662595e+28
1.51400000000000e+01	1.39646924213916e+28
1.51500000000000e+01	1.38922203995825e+28
1.51600000000000e+01	1.38208692030654e+28
1.51700000000000e+01	1.37505817119240e+28
1.51800000000000e+01	1.36814049871012e+28
1.51900000000000e+01	1.36134770626601e+28
1.52000000000000e+01	1.35467067147076e+28
1.52100000000000e+01	1.34810850529723e+28
1.52200000000000e+01	1.34162952019862e+28
1.52300000000000e+01	1.33525072699900e+28
1.52400000000000e+01	1.32892826418935e+28
1.52500000000000e+01	1.32267115282180e+28
1.52600000000000e+01	1.31644453874732e+28
1.52700000000000e+01	1.31022081242488e+28
1.52800000000000e+01	1.30399894304809e+28
1.52900000000000e+01	1.29774723429726e+28
1.53000000000000e+01	1.29145406694949e+28
1.53100000000000e+01	1.28512064892520e+28
1.53200000000000e+01	1.27870960130390e+28
1.53300000000000e+01	1.27225082570604e+28
1.53400000000000e+01	1.26574129265833e+28
1.53500000000000e+01	1.25918989648081e+28
1.53600000000000e+01	1.25261510989246e+28
1.53700000000000e+01	1.24603095031813e+28
1.53800000000000e+01	1.23948247398453e+28
1.53900000000000e+01	1.23296942311685e+28
1.54000000000000e+01	1.22654434851037e+28
1.54100000000000e+01	1.22021604606930e+28
1.54200000000000e+01	1.21400908323026e+28
1.54300000000000e+01	1.20794823244667e+28
1.54400000000000e+01	1.20203513022848e+28
1.54500000000000e+01	1.19628508726502e+28
1.54600000000000e+01	1.19067033979545e+28
1.54700000000000e+01	1.18519486919053e+28
1.54800000000000e+01	1.17982682201163e+28
1.54900000000000e+01	1.17456049191309e+28
1.55000000000000e+01	1.16934714535034e+28
1.55100000000000e+01	1.16416140316807e+28
1.55200000000000e+01	1.15897121940966e+28
1.55300000000000e+01	1.15376501766220e+28
1.55400000000000e+01	1.14851539890160e+28
1.55500000000000e+01	1.14322309795479e+28
1.55600000000000e+01	1.13789177987493e+28
1.55700000000000e+01	1.13251266863518e+28
1.55800000000000e+01	1.12712317085925e+28
1.55900000000000e+01	1.12171801521058e+28
1.56000000000000e+01	1.11634567422724e+28
1.56100000000000e+01	1.11102316763014e+28
1.56200000000000e+01	1.10576038683356e+28
1.56300000000000e+01	1.10058938882757e+28
1.56400000000000e+01	1.09551887076242e+28
1.56500000000000e+01	1.09056930021684e+28
1.56600000000000e+01	1.08573969845442e+28
1.56700000000000e+01	1.08102832682226e+28
1.56800000000000e+01	1.07643389470874e+28
1.56900000000000e+01	1.07193613063643e+28
1.57000000000000e+01	1.06752433265103e+28
1.57100000000000e+01	1.06317705063166e+28
1.57200000000000e+01	1.05886342329735e+28
1.57300000000000e+01	1.05455764380058e+28
1.57400000000000e+01	1.05023128403997e+28
1.57500000000000e+01	1.04584577060896e+28
1.57600000000000e+01	1.04139095103758e+28
1.57700000000000e+01	1.03683420456958e+28
1.57800000000000e+01	1.03214057203133e+28
1.57900000000000e+01	1.02731876612687e+28
1.58000000000000e+01	1.02232500615399e+28
1.58100000000000e+01	1.01715298419505e+28
1.58200000000000e+01	1.01182090756176e+28
1.58300000000000e+01	1.00630444464313e+28
1.58400000000000e+01	1.00062214037894e+28
1.58500000000000e+01	9.94763605472427e+27
1.58600000000000e+01	9.88746664623161e+27
1.58700000000000e+01	9.82607332215279e+27
1.58800000000000e+01	9.76346521995279e+27
1.58900000000000e+01	9.70012709056080e+27
1.59000000000000e+01	9.63642526466164e+27
1.59100000000000e+01	9.57284768065981e+27
1.59200000000000e+01	9.50964681591902e+27
1.59300000000000e+01	9.44763915137088e+27
1.59400000000000e+01	9.38710284509426e+27
1.59500000000000e+01	9.32840330934097e+27
1.59600000000000e+01	9.27215142571512e+27
1.59700000000000e+01	9.21838506232397e+27
1.59800000000000e+01	9.16736568036486e+27
1.59900000000000e+01	9.11910337501183e+27
1.60000000000000e+01	9.07353166852716e+27
1.60100000000000e+01	9.03046204951210e+27
1.60200000000000e+01	8.98974011183993e+27
1.60300000000000e+01	8.95097872007434e+27
1.60400000000000e+01	8.91393187013035e+27
1.60500000000000e+01	8.87830261109991e+27
1.60600000000000e+01	8.84386813694130e+27
1.60700000000000e+01	8.81044754313492e+27
1.60800000000000e+01	8.77791684062895e+27
1.60900000000000e+01	8.74611777067367e+27
1.61000000000000e+01	8.71502412423469e+27
1.61100000000000e+01	8.68463249758278e+27
1.61200000000000e+01	8.65479494697198e+27
1.61300000000000e+01	8.62568495097675e+27
1.61400000000000e+01	8.59709717886086e+27
1.61500000000000e+01	8.56903855069928e+27
1.61600000000000e+01	8.54135470192872e+27
1.61700000000000e+01	8.51400899797525e+27
1.61800000000000e+01	8.48676360364139e+27
1.61900000000000e+01	8.45959902110583e+27
1.62000000000000e+01	8.43208916459598e+27
1.62100000000000e+01	8.40431876865624e+27
1.62200000000000e+01	8.37611220058076e+27
1.62300000000000e+01	8.34718496086491e+27
1.62400000000000e+01	8.31763502590720e+27
1.62500000000000e+01	8.28736324410998e+27
1.62600000000000e+01	8.25624151179791e+27
1.62700000000000e+01	8.22456384516276e+27
1.62800000000000e+01	8.19200882348616e+27
1.62900000000000e+01	8.15889137432850e+27
1.63000000000000e+01	8.12521518923463e+27
1.63100000000000e+01	8.09113302688650e+27
1.63200000000000e+01	8.05661751946836e+27
1.63300000000000e+01	8.02183836345482e+27
1.63400000000000e+01	7.98672985104582e+27
1.63500000000000e+01	7.95121463972701e+27
1.63600000000000e+01	7.91538414833432e+27
1.63700000000000e+01	7.87916733601366e+27
1.63800000000000e+01	7.84241676611744e+27
1.63900000000000e+01	7.80515843417029e+27
1.64000000000000e+01	7.76743851078947e+27
1.64100000000000e+01	7.72908911559574e+27
1.64200000000000e+01	7.69034370858985e+27
1.64300000000000e+01	7.65115874043525e+27
1.64400000000000e+01	7.61186831463984e+27
1.64500000000000e+01	7.57259906896027e+27
1.64600000000000e+01	7.53347430077986e+27
1.64700000000000e+01	7.49473397301902e+27
1.64800000000000e+01	7.45635769100191e+27
1.64900000000000e+01	7.41862623815635e+27
1.65000000000000e+01	7.38143985859026e+27
1.65100000000000e+01	7.34478755441137e+27
1.65200000000000e+01	7.30857901403882e+27
1.65300000000000e+01	7.27282571853654e+27
1.65400000000000e+01	7.23742793797621e+27
1.65500000000000e+01	7.20233252771133e+27
1.65600000000000e+01	7.16752230849396e+27
1.65700000000000e+01	7.13302434646091e+27
1.65800000000000e+01	7.09898698612867e+27
1.65900000000000e+01	7.06564901217242e+27
1.66000000000000e+01	7.03304885939027e+27
1.66100000000000e+01	7.00155016969036e+27
1.66200000000000e+01	6.97107293236664e+27
1.66300000000000e+01	6.94192875281956e+27
1.66400000000000e+01	6.91411497210685e+27
1.66500000000000e+01	6.88757041960937e+27
1.66600000000000e+01	6.86236373226711e+27
1.66700000000000e+01	6.83826389811709e+27
1.66800000000000e+01	6.81525221401349e+27
1.66900000000000e+01	6.79294218960010e+27
1.67000000000000e+01	6.77117131677808e+27
1.67100000000000e+01	6.74984298303318e+27
1.67200000000000e+01	6.72871465203016e+27
1.67300000000000e+01	6.70770375536194e+27
1.67400000000000e+01	6.68666424853539e+27
1.67500000000000e+01	6.66569346245882e+27
1.67600000000000e+01	6.64472502607038e+27
1.67700000000000e+01	6.62382959278330e+27
1.67800000000000e+01	6.60304590300743e+27
1.67900000000000e+01	6.58246473925390e+27
1.68000000000000e+01	6.56208151117388e+27
1.68100000000000e+01	6.54191391098491e+27
1.68200000000000e+01	6.52201679525867e+27
1.68300000000000e+01	6.50220988521731e+27
1.68400000000000e+01	6.48240795849158e+27
1.68500000000000e+01	6.46252332861737e+27
1.68600000000000e+01	6.44242771821473e+27
1.68700000000000e+01	6.42195879122406e+27
1.68800000000000e+01	6.40103013616161e+27
1.68900000000000e+01	6.37947696309711e+27
1.69000000000000e+01	6.35732413067519e+27
1.69100000000000e+01	6.33457001283977e+27
1.69200000000000e+01	6.31112262094557e+27
1.69300000000000e+01	6.28706617566668e+27
1.69400000000000e+01	6.26238877352684e+27
1.69500000000000e+01	6.23729794025278e+27
1.69600000000000e+01	6.21183025470677e+27
1.69700000000000e+01	6.18604205736014e+27
1.69800000000000e+01	6.16008912895663e+27
1.69900000000000e+01	6.13401157833824e+27
1.70000000000000e+01	6.10795065777719e+27
1.70100000000000e+01	6.08191811127083e+27
1.70200000000000e+01	6.05602573047884e+27
1.70300000000000e+01	6.03031293429004e+27
1.70400000000000e+01	6.00475408892525e+27
1.70500000000000e+01	5.97940531305626e+27
1.70600000000000e+01	5.95421192034677e+27
1.70700000000000e+01	5.92920668892308e+27
1.70800000000000e+01	5.90435343372640e+27
1.70900000000000e+01	5.87956343418827e+27
1.71000000000000e+01	5.85483409595208e+27
1.71100000000000e+01	5.83007417426568e+27
1.71200000000000e+01	5.80528033428851e+27
1.71300000000000e+01	5.78037479256123e+27
1.71400000000000e+01	5.75537856868942e+27
1.71500000000000e+01	5.73024568068370e+27
1.71600000000000e+01	5.70503634218500e+27
1.71700000000000e+01	5.67979430300459e+27
1.71800000000000e+01	5.65453827156798e+27
1.71900000000000e+01	5.62941478899593e+27
1.72000000000000e+01	5.60448637371384e+27
1.72100000000000e+01	5.57992942262328e+27
1.72200000000000e+01	5.55582608439929e+27
1.72300000000000e+01	5.53235432167092e+27
1.72400000000000e+01	5.50963360567642e+27
1.72500000000000e+01	5.48770929736641e+27
1.72600000000000e+01	5.46664541742280e+27
1.72700000000000e+01	5.44650634113908e+27
1.72800000000000e+01	5.42727566901781e+27
1.72900000000000e+01	5.40885936253297e+27
1.73000000000000e+01	5.39120219059008e+27
1.73100000000000e+01	5.37413773465068e+27
1.73200000000000e+01	5.35757401995293e+27
1.73300000000000e+01	5.34130769687150e+27
1.73400000000000e+01	5.32522921753980e+27
1.73500000000000e+01	5.30914802006776e+27
1.73600000000000e+01	5.29298066328405e+27
1.73700000000000e+01	5.27661695385482e+27
1.73800000000000e+01	5.25992041721504e+27
1.73900000000000e+01	5.24283175191736e+27
1.74000000000000e+01	5.22537360573241e+27
1.74100000000000e+01	5.20752851062569e+27
1.74200000000000e+01	5.18927639258975e+27
1.74300000000000e+01	5.17065506108135e+27
1.74400000000000e+01	5.15180778060524e+27
1.74500000000000e+01	5.13266740637196e+27
1.74600000000000e+01	5.11340073933118e+27
1.74700000000000e+01	5.09407080913663e+27
1.74800000000000e+01	5.07470859220644e+27
1.74900000000000e+01	5.05541089996847e+27
1.75000000000000e+01	5.03618374720048e+27
1.75100000000000e+01	5.01709942057756e+27
1.75200000000000e+01	4.99813219513112e+27
1.75300000000000e+01	4.97933965422212e+27
1.75400000000000e+01	4.96067904492438e+27
1.75500000000000e+01	4.94219448600045e+27
1.75600000000000e+01	4.92385039040784e+27
1.75700000000000e+01	4.90570921743958e+27
1.75800000000000e+01	4.88775916720156e+27
1.75900000000000e+01	4.87007581915983e+27
1.76000000000000e+01	4.85266401911511e+27
1.76100000000000e+01	4.83562030809545e+27
1.76200000000000e+01	4.81899226097475e+27
1.76300000000000e+01	4.80272800877854e+27
1.76400000000000e+01	4.78699340628822e+27
1.76500000000000e+01	4.77166550528877e+27
1.76600000000000e+01	4.75686575838206e+27
1.76700000000000e+01	4.74244738580986e+27
1.76800000000000e+01	4.72850288131341e+27
1.76900000000000e+01	4.71484572789341e+27
1.77000000000000e+01	4.70155400993482e+27
1.77100000000000e+01	4.68844013053549e+27
1.77200000000000e+01	4.67557183348265e+27
1.77300000000000e+01	4.66275060357638e+27
1.77400000000000e+01	4.64999990874152e+27
1.77500000000000e+01	4.63724541230309e+27
1.77600000000000e+01	4.62437743380779e+27
1.77700000000000e+01	4.61134145380366e+27
1.77800000000000e+01	4.59800588823237e+27
1.77900000000000e+01	4.58429828374957e+27
1.78000000000000e+01	4.57006085899786e+27
1.78100000000000e+01	4.55517416798716e+27
1.78200000000000e+01	4.53954754779775e+27
1.78300000000000e+01	4.52307266862989e+27
1.78400000000000e+01	4.50560658496452e+27
1.78500000000000e+01	4.48709661854415e+27
1.78600000000000e+01	4.46755020570055e+27
1.78700000000000e+01	4.44695893779654e+27
1.78800000000000e+01	4.42544960787347e+27
1.78900000000000e+01	4.40311728091629e+27
1.79000000000000e+01	4.38020196176658e+27
1.79100000000000e+01	4.35689445794840e+27
1.79200000000000e+01	4.33350040831721e+27
1.79300000000000e+01	4.31024734934471e+27
1.79400000000000e+01	4.28743910560873e+27
1.79500000000000e+01	4.26526383766723e+27
1.79600000000000e+01	4.24394514107216e+27
1.79700000000000e+01	4.22357547540387e+27
1.79800000000000e+01	4.20422188517077e+27
1.79900000000000e+01	4.18593889734676e+27
1.80000000000000e+01	4.16864844798924e+27
1.80100000000000e+01	4.15231636936711e+27
1.80200000000000e+01	4.13680589216092e+27
1.80300000000000e+01	4.12203905373035e+27
1.80400000000000e+01	4.10787088208716e+27
1.80500000000000e+01	4.09423119228158e+27
1.80600000000000e+01	4.08099582629836e+27
1.80700000000000e+01	4.06808870308226e+27
1.80800000000000e+01	4.05548570110308e+27
1.80900000000000e+01	4.04314912480366e+27
1.81000000000000e+01	4.03099917300610e+27
1.81100000000000e+01	4.01900950999344e+27
1.81200000000000e+01	4.00718738180018e+27
1.81300000000000e+01	3.99547448446690e+27
1.81400000000000e+01	3.98384284767882e+27
1.81500000000000e+01	3.97229821804854e+27
1.81600000000000e+01	3.96081960656814e+27
1.81700000000000e+01	3.94933935028850e+27
1.81800000000000e+01	3.93782533957294e+27
1.81900000000000e+01	3.92629866993323e+27
1.82000000000000e+01	3.91469784595478e+27
1.82100000000000e+01	3.90304077685336e+27
1.82200000000000e+01	3.89127565372606e+27
1.82300000000000e+01	3.87938495209804e+27
1.82400000000000e+01	3.86739794820708e+27
1.82500000000000e+01	3.85529757674886e+27
1.82600000000000e+01	3.84304253681731e+27
1.82700000000000e+01	3.83061452533691e+27
1.82800000000000e+01	3.81804114101114e+27
1.82900000000000e+01	3.80528137920815e+27
1.83000000000000e+01	3.79232392918142e+27
1.83100000000000e+01	3.77920350635511e+27
1.83200000000000e+01	3.76588575155579e+27
1.83300000000000e+01	3.75241815714286e+27
1.83400000000000e+01	3.73877600428824e+27
1.83500000000000e+01	3.72501035459441e+27
1.83600000000000e+01	3.71111594462242e+27
1.83700000000000e+01	3.69711492826052e+27
1.83800000000000e+01	3.68307889792391e+27
1.83900000000000e+01	3.66900051483065e+27
1.84000000000000e+01	3.65494370809117e+27
1.84100000000000e+01	3.64090328103227e+27
1.84200000000000e+01	3.62693090925541e+27
1.84300000000000e+01	3.61301763862886e+27
1.84400000000000e+01	3.59917234325636e+27
1.84500000000000e+01	3.58544190389405e+27
1.84600000000000e+01	3.57180810230976e+27
1.84700000000000e+01	3.55826976048400e+27
1.84800000000000e+01	3.54487304430982e+27
1.84900000000000e+01	3.53163052840460e+27
1.85000000000000e+01	3.51848105591698e+27
1.85100000000000e+01	3.50553031910783e+27
1.85200000000000e+01	3.49268190566657e+27
1.85300000000000e+01	3.48001368881656e+27
1.85400000000000e+01	3.46751441031139e+27
1.85500000000000e+01	3.45510961996486e+27
1.85600000000000e+01	3.44285623499659e+27
1.85700000000000e+01	3.43073761490279e+27
1.85800000000000e+01	3.41870019551975e+27
1.85900000000000e+01	3.40672185655819e+27
1.86000000000000e+01	3.39482509010532e+27
1.86100000000000e+01	3.38295605682668e+27
1.86200000000000e+01	3.37114355402604e+27
1.86300000000000e+01	3.35935109652950e+27
1.86400000000000e+01	3.34758335357770e+27
1.86500000000000e+01	3.33587512938044e+27
1.86600000000000e+01	3.32420686276205e+27
1.86700000000000e+01	3.31258516646988e+27
1.86800000000000e+01	3.30104717256314e+27
1.86900000000000e+01	3.28956495543170e+27
1.87000000000000e+01	3.27816396258410e+27
1.87100000000000e+01	3.26680688873971e+27
1.87200000000000e+01	3.25547154001790e+27
1.87300000000000e+01	3.24417819583350e+27
1.87400000000000e+01	3.23287194319392e+27
1.87500000000000e+01	3.22157359249459e+27
1.87600000000000e+01	3.21023325745728e+27
1.87700000000000e+01	3.19884713531987e+27
1.87800000000000e+01	3.18745607976571e+27
1.87900000000000e+01	3.17602968800261e+27
1.88000000000000e+01	3.16459050820058e+27
1.88100000000000e+01	3.15319300807571e+27
1.88200000000000e+01	3.14183761359599e+27
1.88300000000000e+01	3.13058072841249e+27
1.88400000000000e+01	3.11942104516841e+27
1.88500000000000e+01	3.10838168837950e+27
1.88600000000000e+01	3.09751390033276e+27
1.88700000000000e+01	3.08680235327858e+27
1.88800000000000e+01	3.07624998949830e+27
1.88900000000000e+01	3.06589014703956e+27
1.89000000000000e+01	3.05568420481604e+27
1.89100000000000e+01	3.04565187166269e+27
1.89200000000000e+01	3.03574874930867e+27
1.89300000000000e+01	3.02595175972059e+27
1.89400000000000e+01	3.01627633287792e+27
1.89500000000000e+01	3.00666961115956e+27
1.89600000000000e+01	2.99711310423225e+27
1.89700000000000e+01	2.98762111066922e+27
1.89800000000000e+01	2.97815780806629e+27
1.89900000000000e+01	2.96870791710280e+27
1.90000000000000e+01	2.95930588505330e+27
1.90100000000000e+01	2.94992631948016e+27
1.90200000000000e+01	2.94060582918640e+27
1.90300000000000e+01	2.93132260055469e+27
1.90400000000000e+01	2.92209565765135e+27
1.90500000000000e+01	2.91292909380075e+27
1.90600000000000e+01	2.90386540080936e+27
1.90700000000000e+01	2.89491005464467e+27
1.90800000000000e+01	2.88600494042829e+27
1.90900000000000e+01	2.87720104139388e+27
1.91000000000000e+01	2.86849579170304e+27
1.91100000000000e+01	2.85980729631672e+27
1.91200000000000e+01	2.85118120246287e+27
1.91300000000000e+01	2.84259733843192e+27
1.91400000000000e+01	2.83397271394508e+27
1.91500000000000e+01	2.82537433479506e+27
1.91600000000000e+01	2.81669514377123e+27
1.91700000000000e+01	2.80797544835188e+27
1.91800000000000e+01	2.79917141789364e+27
1.91900000000000e+01	2.79026960121220e+27
1.92000000000000e+01	2.78129723489287e+27
1.92100000000000e+01	2.77222408767608e+27
1.92200000000000e+01	2.76308115107053e+27
1.92300000000000e+01	2.75384529351575e+27
1.92400000000000e+01	2.74452921407488e+27
1.92500000000000e+01	2.73514726596948e+27
1.92600000000000e+01	2.72573842109008e+27
1.92700000000000e+01	2.71632109805573e+27
1.92800000000000e+01	2.70684831674956e+27
1.92900000000000e+01	2.69739492610364e+27
1.93000000000000e+01	2.68794710520008e+27
1.93100000000000e+01	2.67854670375293e+27
1.93200000000000e+01	2.66918138547974e+27
1.93300000000000e+01	2.65986483401868e+27
1.93400000000000e+01	2.65061294938358e+27
1.93500000000000e+01	2.64147165505725e+27
1.93600000000000e+01	2.63245800053981e+27
1.93700000000000e+01	2.62352650611191e+27
1.93800000000000e+01	2.61474358246783e+27
1.93900000000000e+01	2.60609085815757e+27
1.94000000000000e+01	2.59759381660115e+27
1.94100000000000e+01	2.58922673873345e+27
1.94200000000000e+01	2.58097914908048e+27
1.94300000000000e+01	2.57284435063948e+27
1.94400000000000e+01	2.56483827904677e+27
1.94500000000000e+01	2.55692265964256e+27
1.94600000000000e+01	2.54910993039566e+27
1.94700000000000e+01	2.54136960972453e+27
1.94800000000000e+01	2.53369361396024e+27
1.94900000000000e+01	2.52607592659522e+27
1.95000000000000e+01	2.51854753477058e+27
1.95100000000000e+01	2.51107815293801e+27
1.95200000000000e+01	2.50369999973153e+27
1.95300000000000e+01	2.49635669115065e+27
1.95400000000000e+01	2.48910050102510e+27
1.95500000000000e+01	2.48192916550523e+27
1.95600000000000e+01	2.47478142135442e+27
1.95700000000000e+01	2.46772453277271e+27
1.95800000000000e+01	2.46067059652944e+27
1.95900000000000e+01	2.45362651000176e+27
1.96000000000000e+01	2.44661459969382e+27
1.96100000000000e+01	2.43961995588482e+27
1.96200000000000e+01	2.43257614794043e+27
1.96300000000000e+01	2.42553713904068e+27
1.96400000000000e+01	2.41847024271010e+27
1.96500000000000e+01	2.41139856172931e+27
1.96600000000000e+01	2.40429900391946e+27
1.96700000000000e+01	2.39717161306811e+27
1.96800000000000e+01	2.39001533531296e+27
1.96900000000000e+01	2.38285583928998e+27
1.97000000000000e+01	2.37564475055008e+27
1.97100000000000e+01	2.36842201751730e+27
1.97200000000000e+01	2.36111014221352e+27
1.97300000000000e+01	2.35373541868549e+27
1.97400000000000e+01	2.34625053711326e+27
1.97500000000000e+01	2.33859100057243e+27
1.97600000000000e+01	2.33063352189236e+27
1.97700000000000e+01	2.32228523529638e+27
1.97800000000000e+01	2.31332697132170e+27
1.97900000000000e+01	2.30336731410405e+27
1.98000000000000e+01	2.29198023645148e+27
1.98100000000000e+01	2.27842734822023e+27
1.98200000000000e+01	2.26170615902784e+27
1.98300000000000e+01	2.24055196747387e+27
1.98400000000000e+01	2.21331408587635e+27
1.98500000000000e+01	2.17792134360390e+27
1.98600000000000e+01	2.13208334211701e+27
1.98700000000000e+01	2.07318377801316e+27
1.98800000000000e+01	1.99869551122677e+27
1.98900000000000e+01	1.90617339821599e+27
1.99000000000000e+01	1.79389713742072e+27
1.99100000000000e+01	1.66103554649130e+27
1.99200000000000e+01	1.50813060658655e+27
1.99300000000000e+01	1.33749506156442e+27
1.99400000000000e+01	1.15338545373894e+27
1.99500000000000e+01	9.62033275886043e+26
1.99600000000000e+01	7.71291577669196e+26
1.99700000000000e+01	5.89891726256300e+26
1.99800000000000e+01	4.26368920181881e+26
1.99900000000000e+01	2.87766104519062e+26
2.00000000000000e+01	1.78413393129313e+26
