1.00000000000000e-02	6.77305238442879e+26
2.00000000000000e-02	2.70935363943481e+27
3.00000000000000e-02	6.09656270882680e+27
4.00000000000000e-02	1.08396013525833e+28
5.00000000000000e-02	1.69394580134408e+28
6.00000000000000e-02	2.43973740761009e+28
7.00000000000000e-02	3.32147288513642e+28
8.00000000000000e-02	4.33933687800693e+28
9.00000000000000e-02	5.49356710570010e+28
1.00000000000000e-01	6.78435168153243e+28
1.10000000000000e-01	8.21193913858701e+28
1.20000000000000e-01	9.77671232128115e+28
1.30000000000000e-01	1.14789153593075e+29
1.40000000000000e-01	1.33188831203210e+29
1.50000000000000e-01	1.52970383954308e+29
1.60000000000000e-01	1.74137548460228e+29
1.70000000000000e-01	1.96695023824330e+29
1.80000000000000e-01	2.20646205367927e+29
1.90000000000000e-01	2.45997981714734e+29
2.00000000000000e-01	2.72754993383307e+29
2.10000000000000e-01	3.00921497689334e+29
2.20000000000000e-01	3.30505042116221e+29
2.30000000000000e-01	3.61510347933170e+29
2.40000000000000e-01	3.93946212242372e+29
2.50000000000000e-01	4.27816308118314e+29
2.60000000000000e-01	4.63129107222818e+29
2.70000000000000e-01	4.99893725865411e+29
2.80000000000000e-01	5.38115218898136e+29
2.90000000000000e-01	5.77802286913325e+29
3.00000000000000e-01	6.18965599174955e+29
3.10000000000000e-01	6.61612862355872e+29
3.20000000000000e-01	7.05751834851668e+29
3.30000000000000e-01	7.51391564494890e+29
3.40000000000000e-01	7.98547251773838e+29
3.50000000000000e-01	8.47222158730563e+29
3.60000000000000e-01	8.97432541334620e+29
3.70000000000000e-01	9.49186072784446e+29
3.80000000000000e-01	1.00249574004983e+30
3.90000000000000e-01	1.05737466711577e+30
4.00000000000000e-01	1.11383119276444e+30
4.10000000000000e-01	1.17188140922244e+30
4.20000000000000e-01	1.23153399953100e+30
4.30000000000000e-01	1.29280847292730e+30
4.40000000000000e-01	1.35571616207402e+30
4.50000000000000e-01	1.42027642459601e+30
4.60000000000000e-01	1.48649282327848e+30
4.70000000000000e-01	1.55439136676998e+30
4.80000000000000e-01	1.62398416013968e+30
4.90000000000000e-01	1.69528728270262e+30
5.00000000000000e-01	1.76831646671573e+30
5.10000000000000e-01	1.84309197424648e+30
5.20000000000000e-01	1.91962722391716e+30
5.30000000000000e-01	1.99795437577007e+30
5.40000000000000e-01	2.07807732247592e+30
5.50000000000000e-01	2.16001754457552e+30
5.60000000000000e-01	2.24380237836599e+30
5.70000000000000e-01	2.32944745533136e+30
5.80000000000000e-01	2.41698176338591e+30
5.90000000000000e-01	2.50641718377035e+30
6.00000000000000e-01	2.59777497438317e+30
6.10000000000000e-01	2.69110583408086e+30
6.20000000000000e-01	2.78639821800306e+30
6.30000000000000e-01	2.88369522033439e+30
6.40000000000000e-01	2.98302078542452e+30
6.50000000000000e-01	3.08440963859416e+30
6.60000000000000e-01	3.18786555666358e+30
6.70000000000000e-01	3.29344915821985e+30
6.80000000000000e-01	3.40116812606487e+30
6.90000000000000e-01	3.51105743474975e+30
7.00000000000000e-01	3.62313809482001e+30
7.10000000000000e-01	3.73745717665894e+30
7.20000000000000e-01	3.85405178924456e+30
7.30000000000000e-01	3.97293236421034e+30
7.40000000000000e-01	4.09415022966152e+30
7.50000000000000e-01	4.21773751898335e+30
7.60000000000000e-01	4.34373482272908e+30
7.70000000000000e-01	4.47214155665051e+30
7.80000000000000e-01	4.60305784978647e+30
7.90000000000000e-01	4.73652391499812e+30
8.00000000000000e-01	4.87256879440598e+30
8.10000000000000e-01	5.01124767698064e+30
8.20000000000000e-01	5.15248841407962e+30
8.30000000000000e-01	5.29640841345358e+30
8.40000000000000e-01	5.44318063298841e+30
8.50000000000000e-01	5.59271489382358e+30
8.60000000000000e-01	5.74506113076993e+30
8.70000000000000e-01	5.90037223183274e+30
8.80000000000000e-01	6.05855969012607e+30
8.90000000000000e-01	6.21979464094018e+30
9.00000000000000e-01	6.38412440468374e+30
9.10000000000000e-01	6.55157689996291e+30
9.20000000000000e-01	6.72209695681419e+30
9.30000000000000e-01	6.89595236392365e+30
9.40000000000000e-01	7.07321205451437e+30
9.50000000000000e-01	7.25365037849475e+30
9.60000000000000e-01	7.43775303706487e+30
9.70000000000000e-01	7.62523892520646e+30
9.80000000000000e-01	7.81635737944764e+30
9.90000000000000e-01	8.01115737023901e+30
1.00000000000000e+00	8.20964217035790e+30
1.01000000000000e+00	8.41189996993352e+30
1.02000000000000e+00	8.61817981098125e+30
1.03000000000000e+00	8.82849536594810e+30
1.04000000000000e+00	9.04291666821804e+30
1.05000000000000e+00	9.26151449480007e+30
1.06000000000000e+00	9.48436035705809e+30
1.07000000000000e+00	9.71168476902399e+30
1.08000000000000e+00	9.94337725748085e+30
1.09000000000000e+00	1.01797259145487e+31
1.10000000000000e+00	1.04207259259557e+31
1.11000000000000e+00	1.06666820642412e+31
1.12000000000000e+00	1.09175192148610e+31
1.13000000000000e+00	1.11734383304735e+31
1.14000000000000e+00	1.14347516579312e+31
1.15000000000000e+00	1.17011621789946e+31
1.16000000000000e+00	1.19733322253791e+31
1.17000000000000e+00	1.22509797245298e+31
1.18000000000000e+00	1.25343750922110e+31
1.19000000000000e+00	1.28238402328714e+31
1.20000000000000e+00	1.31192082471987e+31
1.21000000000000e+00	1.34211240064618e+31
1.22000000000000e+00	1.37295844694689e+31
1.23000000000000e+00	1.40445346932187e+31
1.24000000000000e+00	1.43662577635170e+31
1.25000000000000e+00	1.46952234309081e+31
1.26000000000000e+00	1.50314304973695e+31
1.27000000000000e+00	1.53750503080713e+31
1.28000000000000e+00	1.57264227934281e+31
1.29000000000000e+00	1.60860457699949e+31
1.30000000000000e+00	1.64536953145583e+31
1.31000000000000e+00	1.68297409175609e+31
1.32000000000000e+00	1.72146759453646e+31
1.33000000000000e+00	1.76089314973069e+31
1.34000000000000e+00	1.80123404314529e+31
1.35000000000000e+00	1.84253764170229e+31
1.36000000000000e+00	1.88487157485647e+31
1.37000000000000e+00	1.92822886699758e+31
1.38000000000000e+00	1.97269470676948e+31
1.39000000000000e+00	2.01824534717886e+31
1.40000000000000e+00	2.06496633798929e+31
1.41000000000000e+00	2.11291379230313e+31
1.42000000000000e+00	2.16209681550891e+31
1.43000000000000e+00	2.21257951187067e+31
1.44000000000000e+00	2.26445480800800e+31
1.45000000000000e+00	2.31769931895470e+31
1.46000000000000e+00	2.37245190421592e+31
1.47000000000000e+00	2.42873559385516e+31
1.48000000000000e+00	2.48661759753975e+31
1.49000000000000e+00	2.54621791493049e+31
1.50000000000000e+00	2.60755211736691e+31
1.51000000000000e+00	2.67075156582355e+31
1.52000000000000e+00	2.73591322167656e+31
1.53000000000000e+00	2.80309912287800e+31
1.54000000000000e+00	2.87249071704252e+31
1.55000000000000e+00	2.94408943356601e+31
1.56000000000000e+00	3.01813782328346e+31
1.57000000000000e+00	3.09464685556265e+31
1.58000000000000e+00	3.17374488542936e+31
1.59000000000000e+00	3.25559861067504e+31
1.60000000000000e+00	3.34020129685193e+31
1.61000000000000e+00	3.42762649998484e+31
1.62000000000000e+00	3.51794557444048e+31
1.63000000000000e+00	3.61112008171621e+31
1.64000000000000e+00	3.70716274766902e+31
1.65000000000000e+00	3.80591968081275e+31
1.66000000000000e+00	3.90736278180448e+31
1.67000000000000e+00	4.01140412825511e+31
1.68000000000000e+00	4.11791838111161e+31
1.69000000000000e+00	4.22677365095992e+31
1.70000000000000e+00	4.33806414192821e+31
1.71000000000000e+00	4.45173915010900e+31
1.72000000000000e+00	4.56802149556534e+31
1.73000000000000e+00	4.68709705579649e+31
1.74000000000000e+00	4.80946200626354e+31
1.75000000000000e+00	4.93574609544115e+31
1.76000000000000e+00	5.06689110279506e+31
1.77000000000000e+00	5.20404314642002e+31
1.78000000000000e+00	5.34877289063979e+31
1.79000000000000e+00	5.50304229980630e+31
1.80000000000000e+00	5.66914229186528e+31
1.81000000000000e+00	5.85002364398625e+31
1.82000000000000e+00	6.04900641448329e+31
1.83000000000000e+00	6.26998462642232e+31
1.84000000000000e+00	6.51719935871557e+31
1.85000000000000e+00	6.79533590069442e+31
1.86000000000000e+00	7.10923856889377e+31
1.87000000000000e+00	7.46385377772201e+31
1.88000000000000e+00	7.86394984165295e+31
1.89000000000000e+00	8.31403073154988e+31
1.90000000000000e+00	8.81808920040195e+31
1.91000000000000e+00	9.37977220484193e+31
1.92000000000000e+00	1.00019339321760e+32
1.93000000000000e+00	1.06869664821729e+32
1.94000000000000e+00	1.14370754855946e+32
1.95000000000000e+00	1.22536866665432e+32
1.96000000000000e+00	1.31385791178688e+32
1.97000000000000e+00	1.40925916697362e+32
1.98000000000000e+00	1.51169403100846e+32
1.99000000000000e+00	1.62115898988366e+32
2.00000000000000e+00	1.73754574012469e+32
2.01000000000000e+00	1.86065660198897e+32
2.02000000000000e+00	1.98997659705849e+32
2.03000000000000e+00	2.12473684915978e+32
2.04000000000000e+00	2.26380286155611e+32
2.05000000000000e+00	2.40558444797351e+32
2.06000000000000e+00	2.54807521789201e+32
2.07000000000000e+00	2.68880917986813e+32
2.08000000000000e+00	2.82490784646552e+32
2.09000000000000e+00	2.95323359774861e+32
2.10000000000000e+00	3.07043008715155e+32
2.11000000000000e+00	3.17308347802381e+32
2.12000000000000e+00	3.25783062622311e+32
2.13000000000000e+00	3.32164951857567e+32
2.14000000000000e+00	3.36187366663566e+32
2.15000000000000e+00	3.37652921150578e+32
2.16000000000000e+00	3.36437397328007e+32
2.17000000000000e+00	3.32524161735890e+32
2.18000000000000e+00	3.26024390156414e+32
2.19000000000000e+00	3.17220874730879e+32
2.20000000000000e+00	3.06582445660687e+32
2.21000000000000e+00	2.94735719474247e+32
2.22000000000000e+00	2.82388567375893e+32
2.23000000000000e+00	2.70204659169603e+32
2.24000000000000e+00	2.58687449203655e+32
2.25000000000000e+00	2.48107793193383e+32
2.26000000000000e+00	2.38501998379790e+32
2.27000000000000e+00	2.29714466196780e+32
2.28000000000000e+00	2.21476372877789e+32
2.29000000000000e+00	2.13502527035207e+32
2.30000000000000e+00	2.05542476921895e+32
2.31000000000000e+00	1.97404411602605e+32
2.32000000000000e+00	1.88943616867746e+32
2.33000000000000e+00	1.80067702332706e+32
2.34000000000000e+00	1.70754621622121e+32
2.35000000000000e+00	1.61113315907470e+32
2.36000000000000e+00	1.51414808309607e+32
2.37000000000000e+00	1.42083472147777e+32
2.38000000000000e+00	1.33614549355326e+32
2.39000000000000e+00	1.26484821302091e+32
2.40000000000000e+00	1.21085422865192e+32
2.41000000000000e+00	1.17692705356740e+32
2.42000000000000e+00	1.16471196347367e+32
2.43000000000000e+00	1.17478212534014e+32
2.44000000000000e+00	1.20672387733977e+32
2.45000000000000e+00	1.25912037219063e+32
2.46000000000000e+00	1.32981842561197e+32
2.47000000000000e+00	1.41623095615572e+32
2.48000000000000e+00	1.51571946070281e+32
2.49000000000000e+00	1.62567150779858e+32
2.50000000000000e+00	1.74320957617612e+32
2.51000000000000e+00	1.86496863174483e+32
2.52000000000000e+00	1.98684474395329e+32
2.53000000000000e+00	2.10401468216254e+32
2.54000000000000e+00	2.21136695329238e+32
2.55000000000000e+00	2.30418146516176e+32
2.56000000000000e+00	2.37909711301774e+32
2.57000000000000e+00	2.43491315049400e+32
2.58000000000000e+00	2.47249100726876e+32
2.59000000000000e+00	2.49384579513323e+32
2.60000000000000e+00	2.50092632619672e+32
2.61000000000000e+00	2.49467321927195e+32
2.62000000000000e+00	2.47497101193208e+32
2.63000000000000e+00	2.44138151946101e+32
2.64000000000000e+00	2.39396934934911e+32
2.65000000000000e+00	2.33399317374931e+32
2.66000000000000e+00	2.26374619762135e+32
2.67000000000000e+00	2.18611325421330e+32
2.68000000000000e+00	2.10371528538305e+32
2.69000000000000e+00	2.01836238714075e+32
2.70000000000000e+00	1.93066330986918e+32
2.71000000000000e+00	1.84021263194358e+32
2.72000000000000e+00	1.74601407581974e+32
2.73000000000000e+00	1.64717613376882e+32
2.74000000000000e+00	1.54367321451307e+32
2.75000000000000e+00	1.43679840368795e+32
2.76000000000000e+00	1.32916178267638e+32
2.77000000000000e+00	1.22415583393710e+32
2.78000000000000e+00	1.12508016467065e+32
2.79000000000000e+00	1.03434934965499e+32
2.80000000000000e+00	9.53074012517164e+31
2.81000000000000e+00	8.81065772626633e+31
2.82000000000000e+00	8.17251405864023e+31
2.83000000000000e+00	7.60199923811748e+31
2.84000000000000e+00	7.08678116061007e+31
2.85000000000000e+00	6.62071988077518e+31
2.86000000000000e+00	6.20415947778539e+31
2.87000000000000e+00	5.84184410159474e+31
2.88000000000000e+00	5.53817855320749e+31
2.89000000000000e+00	5.29369369439350e+31
2.90000000000000e+00	5.10370753084763e+31
2.91000000000000e+00	4.95967693183788e+31
2.92000000000000e+00	4.85197662940371e+31
2.93000000000000e+00	4.77271547758286e+31
2.94000000000000e+00	4.71774608840980e+31
2.95000000000000e+00	4.68626934528487e+31
2.96000000000000e+00	4.68025965589185e+31
2.97000000000000e+00	4.70268775233164e+31
2.98000000000000e+00	4.75721280967085e+31
2.99000000000000e+00	4.84810209841625e+31
3.00000000000000e+00	4.98124311778162e+31
3.01000000000000e+00	5.16500105740409e+31
3.02000000000000e+00	5.41091865754096e+31
3.03000000000000e+00	5.73351472327825e+31
3.04000000000000e+00	6.14974394111080e+31
3.05000000000000e+00	6.67668394916074e+31
3.06000000000000e+00	7.32906847958600e+31
3.07000000000000e+00	8.11528000715954e+31
3.08000000000000e+00	9.03340149718974e+31
3.09000000000000e+00	1.00677020031756e+32
3.10000000000000e+00	1.11887028954600e+32
3.11000000000000e+00	1.23567285750053e+32
3.12000000000000e+00	1.35274298097792e+32
3.13000000000000e+00	1.46570844383974e+32
3.14000000000000e+00	1.57026465455679e+32
3.15000000000000e+00	1.66221915596864e+32
3.16000000000000e+00	1.73773400821831e+32
3.17000000000000e+00	1.79418605928243e+32
3.18000000000000e+00	1.83115749187852e+32
3.19000000000000e+00	1.85086726061157e+32
3.20000000000000e+00	1.85759017757905e+32
3.21000000000000e+00	1.85612302515233e+32
3.22000000000000e+00	1.85048168145638e+32
3.23000000000000e+00	1.84276530894663e+32
3.24000000000000e+00	1.83305795254999e+32
3.25000000000000e+00	1.81969207112017e+32
3.26000000000000e+00	1.79999083933269e+32
3.27000000000000e+00	1.77118873954987e+32
3.28000000000000e+00	1.73120943431770e+32
3.29000000000000e+00	1.67928649710916e+32
3.30000000000000e+00	1.61609489439100e+32
3.31000000000000e+00	1.54343211560270e+32
3.32000000000000e+00	1.46362304916814e+32
3.33000000000000e+00	1.37895880662466e+32
3.34000000000000e+00	1.29120722921993e+32
3.35000000000000e+00	1.20150538476702e+32
3.36000000000000e+00	1.11047005273675e+32
3.37000000000000e+00	1.01842573313553e+32
3.38000000000000e+00	9.25659374347276e+31
3.39000000000000e+00	8.32684823389700e+31
3.40000000000000e+00	7.40490716556075e+31
3.41000000000000e+00	6.50544579542433e+31
3.42000000000000e+00	5.64722189978482e+31
3.43000000000000e+00	4.84961347395705e+31
3.44000000000000e+00	4.12891788567474e+31
3.45000000000000e+00	3.49573030980959e+31
3.46000000000000e+00	2.95452780718456e+31
3.47000000000000e+00	2.50478631013001e+31
3.48000000000000e+00	2.14284258535427e+31
3.49000000000000e+00	1.86323539679693e+31
3.50000000000000e+00	1.65963658655947e+31
3.51000000000000e+00	1.52514692032933e+31
3.52000000000000e+00	1.45236748263420e+31
3.53000000000000e+00	1.43335362095163e+31
3.54000000000000e+00	1.45966212353348e+31
3.55000000000000e+00	1.52254040762116e+31
3.56000000000000e+00	1.61322795099179e+31
3.57000000000000e+00	1.72334023482587e+31
3.58000000000000e+00	1.84524341066438e+31
3.59000000000000e+00	1.97236183604107e+31
3.60000000000000e+00	2.09964012265514e+31
3.61000000000000e+00	2.22388973206571e+31
3.62000000000000e+00	2.34390183666999e+31
3.63000000000000e+00	2.46016299552074e+31
3.64000000000000e+00	2.57427097375909e+31
3.65000000000000e+00	2.68829580809463e+31
3.66000000000000e+00	2.80425687761649e+31
3.67000000000000e+00	2.92377718530080e+31
3.68000000000000e+00	3.04765631996434e+31
3.69000000000000e+00	3.17543727859774e+31
3.70000000000000e+00	3.30486695699473e+31
3.71000000000000e+00	3.43184871455127e+31
3.72000000000000e+00	3.55100109648554e+31
3.73000000000000e+00	3.65668681165578e+31
3.74000000000000e+00	3.74424515947105e+31
3.75000000000000e+00	3.81126961712677e+31
3.76000000000000e+00	3.85772648692568e+31
3.77000000000000e+00	3.88536115999134e+31
3.78000000000000e+00	3.89744952443184e+31
3.79000000000000e+00	3.89763248174056e+31
3.80000000000000e+00	3.88988254164981e+31
3.81000000000000e+00	3.87786292193225e+31
3.82000000000000e+00	3.86532919816106e+31
3.83000000000000e+00	3.85567593040747e+31
3.84000000000000e+00	3.85236268646811e+31
3.85000000000000e+00	3.85938376726272e+31
3.86000000000000e+00	3.88025697852593e+31
3.87000000000000e+00	3.91810377686570e+31
3.88000000000000e+00	3.97434536437179e+31
3.89000000000000e+00	4.04827260352565e+31
3.90000000000000e+00	4.13693653488687e+31
3.91000000000000e+00	4.23551743777926e+31
3.92000000000000e+00	4.33840594120352e+31
3.93000000000000e+00	4.43993548588823e+31
3.94000000000000e+00	4.53530104848344e+31
3.95000000000000e+00	4.62091052664177e+31
3.96000000000000e+00	4.69397766604109e+31
3.97000000000000e+00	4.75247744291383e+31
3.98000000000000e+00	4.79500862553104e+31
3.99000000000000e+00	4.82054169158686e+31
4.00000000000000e+00	4.82863992627530e+31
4.01000000000000e+00	4.81948981652754e+31
4.02000000000000e+00	4.79423425730873e+31
4.03000000000000e+00	4.75463523082838e+31
4.04000000000000e+00	4.70297705812147e+31
4.05000000000000e+00	4.64122990856314e+31
4.06000000000000e+00	4.57117086167605e+31
4.07000000000000e+00	4.49352385846739e+31
4.08000000000000e+00	4.40892514497869e+31
4.09000000000000e+00	4.31797202108223e+31
4.10000000000000e+00	4.22199319822699e+31
4.11000000000000e+00	4.12233324183081e+31
4.12000000000000e+00	4.02084501982098e+31
4.13000000000000e+00	3.91916381362882e+31
4.14000000000000e+00	3.81920777607000e+31
4.15000000000000e+00	3.72280347218229e+31
4.16000000000000e+00	3.63218854834106e+31
4.17000000000000e+00	3.54971906173915e+31
4.18000000000000e+00	3.47747577611567e+31
4.19000000000000e+00	3.41695792888129e+31
4.20000000000000e+00	3.36870643936977e+31
4.21000000000000e+00	3.33246728954586e+31
4.22000000000000e+00	3.30747847739763e+31
4.23000000000000e+00	3.29224799219915e+31
4.24000000000000e+00	3.28543992350521e+31
4.25000000000000e+00	3.28558526171511e+31
4.26000000000000e+00	3.29115884924410e+31
4.27000000000000e+00	3.30106786393294e+31
4.28000000000000e+00	3.31422773726639e+31
4.29000000000000e+00	3.32997262207925e+31
4.30000000000000e+00	3.34809169677084e+31
4.31000000000000e+00	3.36915684932982e+31
4.32000000000000e+00	3.39447839717843e+31
4.33000000000000e+00	3.42587621707264e+31
4.34000000000000e+00	3.46542133887349e+31
4.35000000000000e+00	3.51526022311993e+31
4.36000000000000e+00	3.57735657607502e+31
4.37000000000000e+00	3.65342752730073e+31
4.38000000000000e+00	3.74489974521340e+31
4.39000000000000e+00	3.85324801012136e+31
4.40000000000000e+00	3.98027278719300e+31
4.41000000000000e+00	4.12830125037921e+31
4.42000000000000e+00	4.30113142942085e+31
4.43000000000000e+00	4.50400288862085e+31
4.44000000000000e+00	4.74412411648665e+31
4.45000000000000e+00	5.03039408545588e+31
4.46000000000000e+00	5.37279069046343e+31
4.47000000000000e+00	5.78146158587730e+31
4.48000000000000e+00	6.26565403629800e+31
4.49000000000000e+00	6.83246029431784e+31
4.50000000000000e+00	7.48637744785028e+31
4.51000000000000e+00	8.22812989022329e+31
4.52000000000000e+00	9.05500701799521e+31
4.53000000000000e+00	9.96008564468145e+31
4.54000000000000e+00	1.09319159953565e+32
4.55000000000000e+00	1.19534179795277e+32
4.56000000000000e+00	1.30008604792292e+32
4.57000000000000e+00	1.40413063055970e+32
4.58000000000000e+00	1.50301944105287e+32
4.59000000000000e+00	1.59097739174320e+32
4.60000000000000e+00	1.66099249640098e+32
4.61000000000000e+00	1.70558485826128e+32
4.62000000000000e+00	1.71785263136195e+32
4.63000000000000e+00	1.69300800704609e+32
4.64000000000000e+00	1.62961849528952e+32
4.65000000000000e+00	1.53028923095754e+32
4.66000000000000e+00	1.40127712676921e+32
4.67000000000000e+00	1.25153829794493e+32
4.68000000000000e+00	1.09118695100259e+32
4.69000000000000e+00	9.29937229176667e+31
4.70000000000000e+00	7.76026201147425e+31
4.71000000000000e+00	6.35455415083749e+31
4.72000000000000e+00	5.11832220224017e+31
4.73000000000000e+00	4.06539892929355e+31
4.74000000000000e+00	3.19219604073385e+31
4.75000000000000e+00	2.48346676997423e+31
4.76000000000000e+00	1.91823168195715e+31
4.77000000000000e+00	1.47348297898771e+31
4.78000000000000e+00	1.12730260465019e+31
4.79000000000000e+00	8.59962885735895e+30
4.80000000000000e+00	6.54560621586034e+30
4.81000000000000e+00	4.97041117905688e+30
4.82000000000000e+00	3.76094608278322e+30
4.83000000000000e+00	2.82886270986466e+30
4.84000000000000e+00	2.10740839120134e+30
4.85000000000000e+00	1.54746902553729e+30
4.86000000000000e+00	1.11379891690572e+30
4.87000000000000e+00	7.81417275453436e+29
4.88000000000000e+00	5.32447353828928e+29
4.89000000000000e+00	3.53678692317404e+29
4.90000000000000e+00	2.34432246428058e+29
4.91000000000000e+00	1.64978517979647e+29
4.92000000000000e+00	1.35421556175159e+29
4.93000000000000e+00	1.35273962046073e+29
4.94000000000000e+00	1.53702457748009e+29
4.95000000000000e+00	1.80286692393144e+29
4.96000000000000e+00	2.05974225128012e+29
4.97000000000000e+00	2.23830565628407e+29
4.98000000000000e+00	2.29648694698544e+29
4.99000000000000e+00	2.21918123862343e+29
5.00000000000000e+00	2.01504409278350e+29
5.01000000000000e+00	1.71096204428002e+29
5.02000000000000e+00	1.34564137252492e+29
5.03000000000000e+00	9.63366256306761e+28
5.04000000000000e+00	6.09204257114114e+28
5.05000000000000e+00	3.25659493560544e+28
5.06000000000000e+00	1.51001831050834e+28
5.07000000000000e+00	1.18650765779897e+28
5.08000000000000e+00	2.56986722643543e+28
5.09000000000000e+00	5.88856551101650e+28
5.10000000000000e+00	1.13023790190894e+29
5.11000000000000e+00	1.88827277524280e+29
5.12000000000000e+00	2.85884784119097e+29
5.13000000000000e+00	4.02522297100678e+29
5.14000000000000e+00	5.35700394469374e+29
5.15000000000000e+00	6.81064026820512e+29
5.16000000000000e+00	8.33068691984228e+29
5.17000000000000e+00	9.85282247392907e+29
5.18000000000000e+00	1.13078866845826e+30
5.19000000000000e+00	1.26273029399655e+30
5.20000000000000e+00	1.37501947931869e+30
5.21000000000000e+00	1.46274522811943e+30
5.22000000000000e+00	1.52253532707971e+30
5.23000000000000e+00	1.55275473319214e+30
5.24000000000000e+00	1.55353360318248e+30
5.25000000000000e+00	1.52683570670588e+30
5.26000000000000e+00	1.47650622435153e+30
5.27000000000000e+00	1.40823279053776e+30
5.28000000000000e+00	1.32911458816291e+30
5.29000000000000e+00	1.24697901267427e+30
5.30000000000000e+00	1.16934164447601e+30
5.31000000000000e+00	1.10268854072549e+30
5.32000000000000e+00	1.05179487017406e+30
5.33000000000000e+00	1.01970967355747e+30
5.34000000000000e+00	1.00798708305655e+30
5.35000000000000e+00	1.01730651990051e+30
5.36000000000000e+00	1.04805534681593e+30
5.37000000000000e+00	1.10089911709983e+30
5.38000000000000e+00	1.17706936181536e+30
5.39000000000000e+00	1.27861247439528e+30
5.40000000000000e+00	1.40811146393347e+30
5.41000000000000e+00	1.56848005340679e+30
5.42000000000000e+00	1.76249583247748e+30
5.43000000000000e+00	1.99228006572700e+30
5.44000000000000e+00	2.25888725374310e+30
5.45000000000000e+00	2.56199866419920e+30
5.46000000000000e+00	2.89960744156126e+30
5.47000000000000e+00	3.26797746699689e+30
5.48000000000000e+00	3.66153352397050e+30
5.49000000000000e+00	4.07282889999162e+30
5.50000000000000e+00	4.49274601170851e+30
5.51000000000000e+00	4.91081802205518e+30
5.52000000000000e+00	5.31571175934816e+30
5.53000000000000e+00	5.69564047107018e+30
5.54000000000000e+00	6.03930520247888e+30
5.55000000000000e+00	6.33588905741847e+30
5.56000000000000e+00	6.57576298584047e+30
5.57000000000000e+00	6.75045877117233e+30
5.58000000000000e+00	6.85285753832393e+30
5.59000000000000e+00	6.87761546047874e+30
5.60000000000000e+00	6.82199930396330e+30
5.61000000000000e+00	6.68698838637732e+30
5.62000000000000e+00	6.47820741536758e+30
5.63000000000000e+00	6.20670141286635e+30
5.64000000000000e+00	5.88858182264745e+30
5.65000000000000e+00	5.54405225118327e+30
5.66000000000000e+00	5.19603656240235e+30
5.67000000000000e+00	4.86859113594277e+30
5.68000000000000e+00	4.58557895795858e+30
5.69000000000000e+00	4.36936771605437e+30
5.70000000000000e+00	4.23951649798235e+30
5.71000000000000e+00	4.21215272073263e+30
5.72000000000000e+00	4.29871248993266e+30
5.73000000000000e+00	4.50514400933706e+30
5.74000000000000e+00	4.83088906932932e+30
5.75000000000000e+00	5.26825160047364e+30
5.76000000000000e+00	5.80232035103182e+30
5.77000000000000e+00	6.41211925107286e+30
5.78000000000000e+00	7.07374660533792e+30
5.79000000000000e+00	7.76464487454806e+30
5.80000000000000e+00	8.46884135430244e+30
5.81000000000000e+00	9.18186140951989e+30
5.82000000000000e+00	9.91266113208231e+30
5.83000000000000e+00	1.06808841804584e+31
5.84000000000000e+00	1.15092295256521e+31
5.85000000000000e+00	1.24120750452661e+31
5.86000000000000e+00	1.33841489255935e+31
5.87000000000000e+00	1.43929424399637e+31
5.88000000000000e+00	1.53793414162560e+31
5.89000000000000e+00	1.62651646277636e+31
5.90000000000000e+00	1.69685642584705e+31
5.91000000000000e+00	1.74195230042035e+31
5.92000000000000e+00	1.75723628938687e+31
5.93000000000000e+00	1.74135164949057e+31
5.94000000000000e+00	1.69601948045369e+31
5.95000000000000e+00	1.62545256128823e+31
5.96000000000000e+00	1.53534450232528e+31
5.97000000000000e+00	1.43183798175967e+31
5.98000000000000e+00	1.32056567903757e+31
5.99000000000000e+00	1.20603696852119e+31
6.00000000000000e+00	1.09146996906358e+31
6.01000000000000e+00	9.78862557124326e+30
6.02000000000000e+00	8.69461801028114e+30
6.03000000000000e+00	7.64141571535363e+30
6.04000000000000e+00	6.63789841830295e+30
6.05000000000000e+00	5.69452295777170e+30
6.06000000000000e+00	4.82390636163505e+30
6.07000000000000e+00	4.03913521255784e+30
6.08000000000000e+00	3.35205278485862e+30
6.09000000000000e+00	2.77161627322155e+30
6.10000000000000e+00	2.30247807239786e+30
6.11000000000000e+00	1.94468734333247e+30
6.12000000000000e+00	1.69359869727919e+30
6.13000000000000e+00	1.54045811483030e+30
6.14000000000000e+00	1.47324228199425e+30
6.15000000000000e+00	1.47748855173529e+30
6.16000000000000e+00	1.53716833927034e+30
6.17000000000000e+00	1.63529197593477e+30
6.18000000000000e+00	1.75461719662215e+30
6.19000000000000e+00	1.87805382200389e+30
6.20000000000000e+00	1.98923434202705e+30
6.21000000000000e+00	2.07314460002034e+30
6.22000000000000e+00	2.11695263725899e+30
6.23000000000000e+00	2.11087869352563e+30
6.24000000000000e+00	2.04943387383176e+30
6.25000000000000e+00	1.93228129317011e+30
6.26000000000000e+00	1.76529756869053e+30
6.27000000000000e+00	1.56117807248672e+30
6.28000000000000e+00	1.33958046124287e+30
6.29000000000000e+00	1.12628973608943e+30
6.30000000000000e+00	9.51699605189793e+29
6.31000000000000e+00	8.48095570638297e+29
6.32000000000000e+00	8.46219945158194e+29
6.33000000000000e+00	9.71625761075381e+29
6.34000000000000e+00	1.24136623496086e+30
6.35000000000000e+00	1.66191738985876e+30
6.36000000000000e+00	2.22866883312849e+30
6.37000000000000e+00	2.92712063511740e+30
6.38000000000000e+00	3.73543331223580e+30
6.39000000000000e+00	4.62801750521149e+30
6.40000000000000e+00	5.57878146153007e+30
6.41000000000000e+00	6.56374375189167e+30
6.42000000000000e+00	7.56329636058813e+30
6.43000000000000e+00	8.56176327110793e+30
6.44000000000000e+00	9.54764644769667e+30
6.45000000000000e+00	1.05113674405412e+31
6.46000000000000e+00	1.14446850361289e+31
6.47000000000000e+00	1.23388629979463e+31
6.48000000000000e+00	1.31837484996316e+31
6.49000000000000e+00	1.39682266631656e+31
6.50000000000000e+00	1.46790855341982e+31
6.51000000000000e+00	1.53023312152649e+31
6.52000000000000e+00	1.58239200649959e+31
6.53000000000000e+00	1.62305430724560e+31
6.54000000000000e+00	1.65106474744383e+31
6.55000000000000e+00	1.66558025853526e+31
6.56000000000000e+00	1.66600369022752e+31
6.57000000000000e+00	1.65202799344610e+31
6.58000000000000e+00	1.62359291586187e+31
6.59000000000000e+00	1.58088765104827e+31
6.60000000000000e+00	1.52435528340246e+31
6.61000000000000e+00	1.45486717441732e+31
6.62000000000000e+00	1.37368024259989e+31
6.63000000000000e+00	1.28260107769733e+31
6.64000000000000e+00	1.18388321401117e+31
6.65000000000000e+00	1.08018765895656e+31
6.66000000000000e+00	9.74503779623267e+30
6.67000000000000e+00	8.69907111470304e+30
6.68000000000000e+00	7.69459747283279e+30
6.69000000000000e+00	6.75993944790937e+30
6.70000000000000e+00	5.91905275207050e+30
6.71000000000000e+00	5.19026615555352e+30
6.72000000000000e+00	4.58481090916935e+30
6.73000000000000e+00	4.10678672996372e+30
6.74000000000000e+00	3.75339337414525e+30
6.75000000000000e+00	3.51583070828542e+30
6.76000000000000e+00	3.38131948864145e+30
6.77000000000000e+00	3.33442738696555e+30
6.78000000000000e+00	3.35946980083457e+30
6.79000000000000e+00	3.44155534050511e+30
6.80000000000000e+00	3.56834470050821e+30
6.81000000000000e+00	3.73008261593785e+30
6.82000000000000e+00	3.91987536909602e+30
6.83000000000000e+00	4.13305186721323e+30
6.84000000000000e+00	4.36676835537977e+30
6.85000000000000e+00	4.61893054044130e+30
6.86000000000000e+00	4.88789160232205e+30
6.87000000000000e+00	5.17186299876497e+30
6.88000000000000e+00	5.46898793802686e+30
6.89000000000000e+00	5.77769076656591e+30
6.90000000000000e+00	6.09676078124778e+30
6.91000000000000e+00	6.42578608065879e+30
6.92000000000000e+00	6.76479143053058e+30
6.93000000000000e+00	7.11441519174813e+30
6.94000000000000e+00	7.47599692565469e+30
6.95000000000000e+00	7.85099066490696e+30
6.96000000000000e+00	8.24162159043875e+30
6.97000000000000e+00	8.65028578458680e+30
6.98000000000000e+00	9.07992130388678e+30
6.99000000000000e+00	9.53310869612836e+30
7.00000000000000e+00	1.00129001829287e+31
7.01000000000000e+00	1.05217951465886e+31
7.02000000000000e+00	1.10625938722987e+31
7.03000000000000e+00	1.16385433644246e+31
7.04000000000000e+00	1.22531478806673e+31
7.05000000000000e+00	1.29117648222558e+31
7.06000000000000e+00	1.36217260943005e+31
7.07000000000000e+00	1.43932180976777e+31
7.08000000000000e+00	1.52395959370142e+31
7.09000000000000e+00	1.61774032252773e+31
7.10000000000000e+00	1.72271414605444e+31
7.11000000000000e+00	1.84126228154380e+31
7.12000000000000e+00	1.97595433621796e+31
7.13000000000000e+00	2.12945093425594e+31
7.14000000000000e+00	2.30414400704053e+31
7.15000000000000e+00	2.50172518796621e+31
7.16000000000000e+00	2.72272709920894e+31
7.17000000000000e+00	2.96604855708070e+31
7.18000000000000e+00	3.22848607009057e+31
7.19000000000000e+00	3.50458961067595e+31
7.20000000000000e+00	3.78662243861704e+31
7.21000000000000e+00	4.06468454631354e+31
7.22000000000000e+00	4.32707658331405e+31
7.23000000000000e+00	4.56082543691792e+31
7.24000000000000e+00	4.75213597090413e+31
7.25000000000000e+00	4.88716791410561e+31
7.26000000000000e+00	4.95299416581778e+31
7.27000000000000e+00	4.93887853329272e+31
7.28000000000000e+00	4.83772702740107e+31
7.29000000000000e+00	4.64769897018982e+31
7.30000000000000e+00	4.37344003748827e+31
7.31000000000000e+00	4.02644100062592e+31
7.32000000000000e+00	3.62430855523436e+31
7.33000000000000e+00	3.18902251808784e+31
7.34000000000000e+00	2.74422939664504e+31
7.35000000000000e+00	2.31252450091804e+31
7.36000000000000e+00	1.91289512682850e+31
7.37000000000000e+00	1.55911498680737e+31
7.38000000000000e+00	1.25903471740547e+31
7.39000000000000e+00	1.01489950440128e+31
7.40000000000000e+00	8.24319154037988e+30
7.41000000000000e+00	6.81603990291377e+30
7.42000000000000e+00	5.79183070264993e+30
7.43000000000000e+00	5.08862153735288e+30
7.44000000000000e+00	4.62769981861350e+30
7.45000000000000e+00	4.34038890225247e+30
7.46000000000000e+00	4.17152381141248e+30
7.47000000000000e+00	4.08041854207900e+30
7.48000000000000e+00	4.03951695435637e+30
7.49000000000000e+00	4.03161885975678e+30
7.50000000000000e+00	4.04624393706910e+30
7.51000000000000e+00	4.07615432160931e+30
7.52000000000000e+00	4.11460200593071e+30
7.53000000000000e+00	4.15353301139830e+30
7.54000000000000e+00	4.18335254251419e+30
7.55000000000000e+00	4.19341906722223e+30
7.56000000000000e+00	4.17353632307244e+30
7.57000000000000e+00	4.11563951932077e+30
7.58000000000000e+00	4.01571830100733e+30
7.59000000000000e+00	3.87489172805953e+30
7.60000000000000e+00	3.70038142631262e+30
7.61000000000000e+00	3.50512815752911e+30
7.62000000000000e+00	3.30661153100453e+30
7.63000000000000e+00	3.12468512013214e+30
7.64000000000000e+00	2.97898586747729e+30
7.65000000000000e+00	2.88618664568820e+30
7.66000000000000e+00	2.85744646035941e+30
7.67000000000000e+00	2.89697716366940e+30
7.68000000000000e+00	3.00147423169174e+30
7.69000000000000e+00	3.16064406073752e+30
7.70000000000000e+00	3.35885286667905e+30
7.71000000000000e+00	3.57709258132643e+30
7.72000000000000e+00	3.79544936039139e+30
7.73000000000000e+00	3.99507313844448e+30
7.74000000000000e+00	4.16019571962779e+30
7.75000000000000e+00	4.27936036210373e+30
7.76000000000000e+00	4.34634620986666e+30
7.77000000000000e+00	4.36074083966186e+30
7.78000000000000e+00	4.32809336001185e+30
7.79000000000000e+00	4.25951940287954e+30
7.80000000000000e+00	4.17108594803122e+30
7.81000000000000e+00	4.08270388853653e+30
7.82000000000000e+00	4.01646320258988e+30
7.83000000000000e+00	3.99500090382037e+30
7.84000000000000e+00	4.03930141586785e+30
7.85000000000000e+00	4.16637088264129e+30
7.86000000000000e+00	4.38688103171741e+30
7.87000000000000e+00	4.70256831978037e+30
7.88000000000000e+00	5.10447001239843e+30
7.89000000000000e+00	5.57153052638385e+30
7.90000000000000e+00	6.07052729363192e+30
7.91000000000000e+00	6.55737720354330e+30
7.92000000000000e+00	6.98017595725867e+30
7.93000000000000e+00	7.28371073703469e+30
7.94000000000000e+00	7.41570907819753e+30
7.95000000000000e+00	7.33417562810733e+30
7.96000000000000e+00	7.01616361780341e+30
7.97000000000000e+00	6.46710397187928e+30
7.98000000000000e+00	5.73099280765294e+30
7.99000000000000e+00	4.89936719254752e+30
8.00000000000000e+00	4.11817643313714e+30
8.01000000000000e+00	3.58893308938544e+30
8.02000000000000e+00	3.56076328011499e+30
8.03000000000000e+00	4.31074400442971e+30
8.04000000000000e+00	6.11242477825625e+30
8.05000000000000e+00	9.19573824232045e+30
8.06000000000000e+00	1.37058611055252e+31
8.07000000000000e+00	1.96694851749001e+31
8.08000000000000e+00	2.69777511945619e+31
8.09000000000000e+00	3.53896648349183e+31
8.10000000000000e+00	4.45562713265632e+31
8.11000000000000e+00	5.40592613117105e+31
8.12000000000000e+00	6.34558036829237e+31
8.13000000000000e+00	7.23180798567391e+31
8.14000000000000e+00	8.02604989411088e+31
8.15000000000000e+00	8.69496894999392e+31
8.16000000000000e+00	9.21071791608866e+31
8.17000000000000e+00	9.55050249845705e+31
8.18000000000000e+00	9.69660064416281e+31
8.19000000000000e+00	9.63703133575624e+31
8.20000000000000e+00	9.36847206598769e+31
8.21000000000000e+00	8.89811651086073e+31
8.22000000000000e+00	8.24623647954748e+31
8.23000000000000e+00	7.44642725011625e+31
8.24000000000000e+00	6.54336926687127e+31
8.25000000000000e+00	5.58916603530620e+31
8.26000000000000e+00	4.63758107947629e+31
8.27000000000000e+00	3.73911058392371e+31
8.28000000000000e+00	2.93601149556389e+31
8.29000000000000e+00	2.25920343412148e+31
8.30000000000000e+00	1.72669393598895e+31
8.31000000000000e+00	1.34413877480753e+31
8.32000000000000e+00	1.10655606011917e+31
8.33000000000000e+00	1.00116916787610e+31
8.34000000000000e+00	1.01052932012908e+31
8.35000000000000e+00	1.11538626531324e+31
8.36000000000000e+00	1.29700380760820e+31
8.37000000000000e+00	1.53883039658213e+31
8.38000000000000e+00	1.82758077741574e+31
8.39000000000000e+00	2.15376402566141e+31
8.40000000000000e+00	2.51171754198389e+31
8.41000000000000e+00	2.89940444531368e+31
8.42000000000000e+00	3.31761969473672e+31
8.43000000000000e+00	3.76923315342527e+31
8.44000000000000e+00	4.25756146211452e+31
8.45000000000000e+00	4.78533269846607e+31
8.46000000000000e+00	5.35305649588324e+31
8.47000000000000e+00	5.95771767168886e+31
8.48000000000000e+00	6.59165221528553e+31
8.49000000000000e+00	7.24191094391823e+31
8.50000000000000e+00	7.88940702774751e+31
8.51000000000000e+00	8.50943194067296e+31
8.52000000000000e+00	9.07149175157811e+31
8.53000000000000e+00	9.54078805689752e+31
8.54000000000000e+00	9.88004384114131e+31
8.55000000000000e+00	1.00527623375733e+32
8.56000000000000e+00	1.00277930356634e+32
8.57000000000000e+00	9.78413628754922e+31
8.58000000000000e+00	9.31629455370239e+31
8.59000000000000e+00	8.63727473387058e+31
8.60000000000000e+00	7.77953105333167e+31
8.61000000000000e+00	6.79206423481506e+31
8.62000000000000e+00	5.73483435616097e+31
8.63000000000000e+00	4.67087219559815e+31
8.64000000000000e+00	3.65887136695309e+31
8.65000000000000e+00	2.74653208756340e+31
8.66000000000000e+00	1.96669752013454e+31
8.67000000000000e+00	1.33665634144866e+31
8.68000000000000e+00	8.59506956607762e+30
8.69000000000000e+00	5.27316007236305e+30
8.70000000000000e+00	3.24793011649471e+30
8.71000000000000e+00	2.32728525453176e+30
8.72000000000000e+00	2.30797612456786e+30
8.73000000000000e+00	2.99531160352425e+30
8.74000000000000e+00	4.21550121821639e+30
8.75000000000000e+00	5.82165820465283e+30
8.76000000000000e+00	7.69567015640470e+30
8.77000000000000e+00	9.74687691125695e+30
8.78000000000000e+00	1.19092366702139e+31
8.79000000000000e+00	1.41380565202602e+31
8.80000000000000e+00	1.64061314217674e+31
8.81000000000000e+00	1.87002778875355e+31
8.82000000000000e+00	2.10179517801104e+31
8.83000000000000e+00	2.33650564152160e+31
8.84000000000000e+00	2.57535543966999e+31
8.85000000000000e+00	2.82003877537716e+31
8.86000000000000e+00	3.07266537564100e+31
8.87000000000000e+00	3.33578855501035e+31
8.88000000000000e+00	3.61243405387892e+31
8.89000000000000e+00	3.90606970492761e+31
8.90000000000000e+00	4.22097334017043e+31
8.91000000000000e+00	4.56171536856731e+31
8.92000000000000e+00	4.93376485685002e+31
8.93000000000000e+00	5.34387574465451e+31
8.94000000000000e+00	5.80013782746834e+31
8.95000000000000e+00	6.31236491922743e+31
8.96000000000000e+00	6.89260413326337e+31
8.97000000000000e+00	7.55611581904437e+31
8.98000000000000e+00	8.32150217436789e+31
8.99000000000000e+00	9.21257308675776e+31
9.00000000000000e+00	1.02580104439237e+32
9.01000000000000e+00	1.14929377580565e+32
9.02000000000000e+00	1.29585984308649e+32
9.03000000000000e+00	1.47023930486660e+32
9.04000000000000e+00	1.67762560124938e+32
9.05000000000000e+00	1.92346270521333e+32
9.06000000000000e+00	2.21315948108316e+32
9.07000000000000e+00	2.55163654435710e+32
9.08000000000000e+00	2.94291969402974e+32
9.09000000000000e+00	3.38969916225407e+32
9.10000000000000e+00	3.89284298674427e+32
9.11000000000000e+00	4.45076105002302e+32
9.12000000000000e+00	5.05889029053459e+32
9.13000000000000e+00	5.70856551969739e+32
9.14000000000000e+00	6.38592767925333e+32
9.15000000000000e+00	7.07058255497227e+32
9.16000000000000e+00	7.73496406113914e+32
9.17000000000000e+00	8.34465084990691e+32
9.18000000000000e+00	8.86049088370579e+32
9.19000000000000e+00	9.24265321127606e+32
9.20000000000000e+00	9.45657304729992e+32
9.21000000000000e+00	9.47851331303756e+32
9.22000000000000e+00	9.30084825830955e+32
9.23000000000000e+00	8.93372336391440e+32
9.24000000000000e+00	8.40405370315755e+32
9.25000000000000e+00	7.75076971868576e+32
9.26000000000000e+00	7.01874186290506e+32
9.27000000000000e+00	6.25198615135727e+32
9.28000000000000e+00	5.48882533418837e+32
9.29000000000000e+00	4.75865063923481e+32
9.30000000000000e+00	4.08151979327845e+32
9.31000000000000e+00	3.46888051606808e+32
9.32000000000000e+00	2.92559378261559e+32
9.33000000000000e+00	2.45164794846754e+32
9.34000000000000e+00	2.04401161784588e+32
9.35000000000000e+00	1.69761003370217e+32
9.36000000000000e+00	1.40640512938133e+32
9.37000000000000e+00	1.16378168199372e+32
9.38000000000000e+00	9.63102897620447e+31
9.39000000000000e+00	7.98008512695340e+31
9.40000000000000e+00	6.62606966726575e+31
9.41000000000000e+00	5.51692498383751e+31
9.42000000000000e+00	4.60795451671711e+31
9.43000000000000e+00	3.86183117067528e+31
9.44000000000000e+00	3.24786461181644e+31
9.45000000000000e+00	2.74130164786249e+31
9.46000000000000e+00	2.32227038272984e+31
9.47000000000000e+00	1.97480375796670e+31
9.48000000000000e+00	1.68602329730113e+31
9.49000000000000e+00	1.44549689293922e+31
9.50000000000000e+00	1.24467557303114e+31
9.51000000000000e+00	1.07652372741320e+31
9.52000000000000e+00	9.35190529479281e+30
9.53000000000000e+00	8.15917179415654e+30
9.54000000000000e+00	7.14855215910547e+30
9.55000000000000e+00	6.28758426158664e+30
9.56000000000000e+00	5.54986023568265e+30
9.57000000000000e+00	4.91399660893620e+30
9.58000000000000e+00	4.36254957000304e+30
9.59000000000000e+00	3.88132928772936e+30
9.60000000000000e+00	3.45872591643852e+30
9.61000000000000e+00	3.08524408124189e+30
9.62000000000000e+00	2.75313531014655e+30
9.63000000000000e+00	2.45598476093251e+30
9.64000000000000e+00	2.18853879273444e+30
9.65000000000000e+00	1.94656502825117e+30
9.66000000000000e+00	1.72652818417804e+30
9.67000000000000e+00	1.52561962848680e+30
9.68000000000000e+00	1.34154433298782e+30
9.69000000000000e+00	1.17254879898090e+30
9.70000000000000e+00	1.01723357074552e+30
9.71000000000000e+00	8.74578291391386e+29
9.72000000000000e+00	7.43870276979784e+29
9.73000000000000e+00	6.24658999745592e+29
9.74000000000000e+00	5.16630778575732e+29
9.75000000000000e+00	4.19656262577493e+29
9.76000000000000e+00	3.33640737611044e+29
9.77000000000000e+00	2.58490424840047e+29
9.78000000000000e+00	1.94048977178375e+29
9.79000000000000e+00	1.40048032760038e+29
9.80000000000000e+00	9.60709038888921e+28
9.81000000000000e+00	6.15376273353542e+28
9.82000000000000e+00	3.57151048312004e+28
9.83000000000000e+00	1.77446042948559e+28
9.84000000000000e+00	6.68540956776304e+27
9.85000000000000e+00	1.57272610181425e+27
9.86000000000000e+00	1.47915089528135e+27
9.87000000000000e+00	5.57607514515810e+27
9.88000000000000e+00	1.31890375021470e+28
9.89000000000000e+00	2.38440030761226e+28
9.90000000000000e+00	3.73060168874859e+28
9.91000000000000e+00	5.36147598507472e+28
9.92000000000000e+00	7.31346179513135e+28
9.93000000000000e+00	9.66335548044469e+28
9.94000000000000e+00	1.25410823544190e+29
9.95000000000000e+00	1.61471541953063e+29
9.96000000000000e+00	2.07705789829556e+29
9.97000000000000e+00	2.67954357262197e+29
9.98000000000000e+00	3.46721486757961e+29
9.99000000000000e+00	4.48138966440682e+29
1.00000000000000e+01	5.73971114431816e+29
1.00100000000000e+01	7.20621029937901e+29
1.00200000000000e+01	8.74836270042243e+29
1.00300000000000e+01	1.01170381657638e+30
1.00400000000000e+01	1.10094097492012e+30
1.00500000000000e+01	1.12210771734058e+30
1.00600000000000e+01	1.07673815956627e+30
1.00700000000000e+01	9.84956295651372e+29
1.00800000000000e+01	8.71772064607433e+29
1.00900000000000e+01	7.56426635669797e+29
1.01000000000000e+01	6.49814434082088e+29
1.01100000000000e+01	5.56364763800714e+29
1.01200000000000e+01	4.76739766657027e+29
1.01300000000000e+01	4.09858845154268e+29
1.01400000000000e+01	3.54005065338957e+29
1.01500000000000e+01	3.07417175023698e+29
1.01600000000000e+01	2.68486334774752e+29
1.01700000000000e+01	2.35836703606156e+29
1.01800000000000e+01	2.08337420695749e+29
1.01900000000000e+01	1.85065932976903e+29
1.02000000000000e+01	1.65272185119911e+29
1.02100000000000e+01	1.48348554012104e+29
1.02200000000000e+01	1.33810295244212e+29
1.02300000000000e+01	1.21254641182131e+29
1.02400000000000e+01	1.10361446367977e+29
1.02500000000000e+01	1.00861839728793e+29
1.02600000000000e+01	9.25413685922540e+28
1.02700000000000e+01	8.52165176709203e+28
1.02800000000000e+01	7.87384673080457e+28
1.02900000000000e+01	7.29836946752782e+28
1.03000000000000e+01	6.78486189394380e+28
1.03100000000000e+01	6.32463751701960e+28
1.03200000000000e+01	5.91045520711090e+28
1.03300000000000e+01	5.53620969202829e+28
1.03400000000000e+01	5.19677827329824e+28
1.03500000000000e+01	4.88789282081079e+28
1.03600000000000e+01	4.60596936190946e+28
1.03700000000000e+01	4.34799357656470e+28
1.03800000000000e+01	4.11149529861440e+28
1.03900000000000e+01	3.89419902565652e+28
1.04000000000000e+01	3.69423813799222e+28
1.04100000000000e+01	3.51002691216366e+28
1.04200000000000e+01	3.34002610086975e+28
1.04300000000000e+01	3.18286845100244e+28
1.04400000000000e+01	3.03733628189815e+28
1.04500000000000e+01	2.90224210930584e+28
1.04600000000000e+01	2.77645780370561e+28
1.04700000000000e+01	2.65903609120004e+28
1.04800000000000e+01	2.54899706924010e+28
1.04900000000000e+01	2.44550778794479e+28
1.05000000000000e+01	2.34780581577272e+28
1.05100000000000e+01	2.25522090425724e+28
1.05200000000000e+01	2.16721676387102e+28
1.05300000000000e+01	2.08334664570138e+28
1.05400000000000e+01	2.00326630065777e+28
1.05500000000000e+01	1.92670569016007e+28
1.05600000000000e+01	1.85350262910134e+28
1.05700000000000e+01	1.78353339764099e+28
1.05800000000000e+01	1.71668487158579e+28
1.05900000000000e+01	1.65294904871777e+28
1.06000000000000e+01	1.59225980086676e+28
1.06100000000000e+01	1.53459592132587e+28
1.06200000000000e+01	1.47989259529311e+28
1.06300000000000e+01	1.42808182970310e+28
1.06400000000000e+01	1.37907660704427e+28
1.06500000000000e+01	1.33279641867777e+28
1.06600000000000e+01	1.28910934188860e+28
1.06700000000000e+01	1.24789484297232e+28
1.06800000000000e+01	1.20900517145001e+28
1.06900000000000e+01	1.17233052392686e+28
1.07000000000000e+01	1.13769814229645e+28
1.07100000000000e+01	1.10498137305846e+28
1.07200000000000e+01	1.07403457517247e+28
1.07300000000000e+01	1.04470796304147e+28
1.07400000000000e+01	1.01683972432552e+28
1.07500000000000e+01	9.90293221630162e+27
1.07600000000000e+01	9.64908517690106e+27
1.07700000000000e+01	9.40553009234843e+27
1.07800000000000e+01	9.17071741219288e+27
1.07900000000000e+01	8.94365233694189e+27
1.08000000000000e+01	8.72320454565581e+27
1.08100000000000e+01	8.50863045045734e+27
1.08200000000000e+01	8.29928011332095e+27
1.08300000000000e+01	8.09477480483869e+27
1.08400000000000e+01	7.89497112316161e+27
1.08500000000000e+01	7.69990260951743e+27
1.08600000000000e+01	7.50977988363432e+27
1.08700000000000e+01	7.32484473896709e+27
1.08800000000000e+01	7.14540723922000e+27
1.08900000000000e+01	6.97183599099184e+27
1.09000000000000e+01	6.80439091139112e+27
1.09100000000000e+01	6.64320867309667e+27
1.09200000000000e+01	6.48840867657901e+27
1.09300000000000e+01	6.33999672451000e+27
1.09400000000000e+01	6.19789920369135e+27
1.09500000000000e+01	6.06174729503956e+27
1.09600000000000e+01	5.93122576914124e+27
1.09700000000000e+01	5.80591579916759e+27
1.09800000000000e+01	5.68535883266359e+27
1.09900000000000e+01	5.56894903436368e+27
1.10000000000000e+01	5.45628059711257e+27
1.10100000000000e+01	5.34677852058109e+27
1.10200000000000e+01	5.24001838417777e+27
1.10300000000000e+01	5.13559155275171e+27
1.10400000000000e+01	5.03322764754426e+27
1.10500000000000e+01	4.93276177110403e+27
1.10600000000000e+01	4.83401547121060e+27
1.10700000000000e+01	4.73701387128304e+27
1.10800000000000e+01	4.64178962580365e+27
1.10900000000000e+01	4.54848564597964e+27
1.11000000000000e+01	4.45725822907692e+27
1.11100000000000e+01	4.36824910545472e+27
1.11200000000000e+01	4.28177676857607e+27
1.11300000000000e+01	4.19792708741007e+27
1.11400000000000e+01	4.11688329480020e+27
1.11500000000000e+01	4.03875806662538e+27
1.11600000000000e+01	3.96353719986674e+27
1.11700000000000e+01	3.89120219182183e+27
1.11800000000000e+01	3.82166237481426e+27
1.11900000000000e+01	3.75485577584152e+27
1.12000000000000e+01	3.69055572422712e+27
1.12100000000000e+01	3.62858306244328e+27
1.12200000000000e+01	3.56882740160194e+27
1.12300000000000e+01	3.51108223390618e+27
1.12400000000000e+01	3.45518265865888e+27
1.12500000000000e+01	3.40103552178517e+27
1.12600000000000e+01	3.34855169892937e+27
1.12700000000000e+01	3.29761792859888e+27
1.12800000000000e+01	3.24815227917056e+27
1.12900000000000e+01	3.20010403173373e+27
1.13000000000000e+01	3.15337712988399e+27
1.13100000000000e+01	3.10792723410829e+27
1.13200000000000e+01	3.06362699394053e+27
1.13300000000000e+01	3.02036997140192e+27
1.13400000000000e+01	2.97805802629654e+27
1.13500000000000e+01	2.93656122795263e+27
1.13600000000000e+01	2.89569587950985e+27
1.13700000000000e+01	2.85536584467262e+27
1.13800000000000e+01	2.81541092923591e+27
1.13900000000000e+01	2.77572484719048e+27
1.14000000000000e+01	2.73616742114431e+27
1.14100000000000e+01	2.69666843027602e+27
1.14200000000000e+01	2.65714148802148e+27
1.14300000000000e+01	2.61759424433177e+27
1.14400000000000e+01	2.57803339145472e+27
1.14500000000000e+01	2.53850434699618e+27
1.14600000000000e+01	2.49907164423055e+27
1.14700000000000e+01	2.45987597922217e+27
1.14800000000000e+01	2.42100775556261e+27
1.14900000000000e+01	2.38258429285456e+27
1.15000000000000e+01	2.34475374696262e+27
1.15100000000000e+01	2.30765671535954e+27
1.15200000000000e+01	2.27131688195152e+27
1.15300000000000e+01	2.23585266233360e+27
1.15400000000000e+01	2.20130527979259e+27
1.15500000000000e+01	2.16769433045603e+27
1.15600000000000e+01	2.13505059269807e+27
1.15700000000000e+01	2.10328917380814e+27
1.15800000000000e+01	2.07244582289679e+27
1.15900000000000e+01	2.04242739961347e+27
1.16000000000000e+01	2.01321212907723e+27
1.16100000000000e+01	1.98471949953482e+27
1.16200000000000e+01	1.95689861070980e+27
1.16300000000000e+01	1.92966439173790e+27
1.16400000000000e+01	1.90299207244635e+27
1.16500000000000e+01	1.87679292453630e+27
1.16600000000000e+01	1.85104259085674e+27
1.16700000000000e+01	1.82569195085899e+27
1.16800000000000e+01	1.80066609805208e+27
1.16900000000000e+01	1.77598675520127e+27
1.17000000000000e+01	1.75158744918095e+27
1.17100000000000e+01	1.72748133279319e+27
1.17200000000000e+01	1.70363253951061e+27
1.17300000000000e+01	1.68003467646025e+27
1.17400000000000e+01	1.65670548703819e+27
1.17500000000000e+01	1.63368697843204e+27
1.17600000000000e+01	1.61099716872536e+27
1.17700000000000e+01	1.58867547742110e+27
1.17800000000000e+01	1.56676995734497e+27
1.17900000000000e+01	1.54535502656879e+27
1.18000000000000e+01	1.52449038398308e+27
1.18100000000000e+01	1.50420999412954e+27
1.18200000000000e+01	1.48456641229412e+27
1.18300000000000e+01	1.46559581268373e+27
1.18400000000000e+01	1.44730062479864e+27
1.18500000000000e+01	1.42966405996691e+27
1.18600000000000e+01	1.41267633034607e+27
1.18700000000000e+01	1.39629380662597e+27
1.18800000000000e+01	1.38043959539923e+27
1.18900000000000e+01	1.36506465603452e+27
1.19000000000000e+01	1.35009021820898e+27
1.19100000000000e+01	1.33546445664999e+27
1.19200000000000e+01	1.32111178894319e+27
1.19300000000000e+01	1.30699737995575e+27
1.19400000000000e+01	1.29308508498119e+27
1.19500000000000e+01	1.27936729228149e+27
1.19600000000000e+01	1.26582935196083e+27
1.19700000000000e+01	1.25250763919529e+27
1.19800000000000e+01	1.23938874891690e+27
1.19900000000000e+01	1.22651366943443e+27
1.20000000000000e+01	1.21387906689402e+27
1.20100000000000e+01	1.20153354905109e+27
1.20200000000000e+01	1.18945399888946e+27
1.20300000000000e+01	1.17765415990405e+27
1.20400000000000e+01	1.16613409116113e+27
1.20500000000000e+01	1.15485796476099e+27
1.20600000000000e+01	1.14380426681210e+27
1.20700000000000e+01	1.13293993775353e+27
1.20800000000000e+01	1.12223158080034e+27
1.20900000000000e+01	1.11164507159628e+27
1.21000000000000e+01	1.10114406159552e+27
1.21100000000000e+01	1.09070188896901e+27
1.21200000000000e+01	1.08029840092505e+27
1.21300000000000e+01	1.06989986429855e+27
1.21400000000000e+01	1.05950127230292e+27
1.21500000000000e+01	1.04907261067588e+27
1.21600000000000e+01	1.03862491577562e+27
1.21700000000000e+01	1.02815395767240e+27
1.21800000000000e+01	1.01763962053214e+27
1.21900000000000e+01	1.00711029242197e+27
1.22000000000000e+01	9.96535466312909e+26
1.22100000000000e+01	9.85958670737131e+26
1.22200000000000e+01	9.75368253657865e+26
1.22300000000000e+01	9.64770683148818e+26
1.22400000000000e+01	9.54185036804853e+26
1.22500000000000e+01	9.43620777221545e+26
1.22600000000000e+01	9.33085005789982e+26
1.22700000000000e+01	9.22610472456120e+26
1.22800000000000e+01	9.12210138220957e+26
1.22900000000000e+01	9.01890763958202e+26
1.23000000000000e+01	8.91698088695105e+26
1.23100000000000e+01	8.81669604268606e+26
1.23200000000000e+01	8.71809482319422e+26
1.23300000000000e+01	8.62166088977722e+26
1.23400000000000e+01	8.52769233115173e+26
1.23500000000000e+01	8.43644762884673e+26
1.23600000000000e+01	8.34826569493430e+26
1.23700000000000e+01	8.26316428638453e+26
1.23800000000000e+01	8.18124740303567e+26
1.23900000000000e+01	8.10260955201102e+26
1.24000000000000e+01	8.02709316407862e+26
1.24100000000000e+01	7.95464329482826e+26
1.24200000000000e+01	7.88503877457190e+26
1.24300000000000e+01	7.81799203730598e+26
1.24400000000000e+01	7.75329385912542e+26
1.24500000000000e+01	7.69060063110681e+26
1.24600000000000e+01	7.62964350710708e+26
1.24700000000000e+01	7.57025358132235e+26
1.24800000000000e+01	7.51198278612900e+26
1.24900000000000e+01	7.45463537668450e+26
1.25000000000000e+01	7.39798109044244e+26
1.25100000000000e+01	7.34170997852046e+26
1.25200000000000e+01	7.28575236415350e+26
1.25300000000000e+01	7.22981575947574e+26
1.25400000000000e+01	7.17384552610259e+26
1.25500000000000e+01	7.11771330104586e+26
1.25600000000000e+01	7.06132148366360e+26
1.25700000000000e+01	7.00474328728307e+26
1.25800000000000e+01	6.94785959593653e+26
1.25900000000000e+01	6.89091186393737e+26
1.26000000000000e+01	6.83392393372384e+26
1.26100000000000e+01	6.77687879853407e+26
1.26200000000000e+01	6.72010550560447e+26
1.26300000000000e+01	6.66373861765954e+26
1.26400000000000e+01	6.60776913395298e+26
1.26500000000000e+01	6.55257794824473e+26
1.26600000000000e+01	6.49805885397681e+26
1.26700000000000e+01	6.44453590014783e+26
1.26800000000000e+01	6.39196872282148e+26
1.26900000000000e+01	6.34041797430239e+26
1.27000000000000e+01	6.28982540994819e+26
1.27100000000000e+01	6.24027684999015e+26
1.27200000000000e+01	6.19160344938039e+26
1.27300000000000e+01	6.14377022586183e+26
1.27400000000000e+01	6.09667049703770e+26
1.27500000000000e+01	6.05019967945902e+26
1.27600000000000e+01	6.00429551849136e+26
1.27700000000000e+01	5.95872407606870e+26
1.27800000000000e+01	5.91349633562080e+26
1.27900000000000e+01	5.86860385007822e+26
1.28000000000000e+01	5.82403433057554e+26
1.28100000000000e+01	5.77971828667312e+26
1.28200000000000e+01	5.73582824774782e+26
1.28300000000000e+01	5.69233444147834e+26
1.28400000000000e+01	5.64939391525678e+26
1.28500000000000e+01	5.60703741281644e+26
1.28600000000000e+01	5.56547133424790e+26
1.28700000000000e+01	5.52471496838029e+26
1.28800000000000e+01	5.48481065072387e+26
1.28900000000000e+01	5.44577908878508e+26
1.29000000000000e+01	5.40760496267290e+26
1.29100000000000e+01	5.37028834105026e+26
1.29200000000000e+01	5.33381040554823e+26
1.29300000000000e+01	5.29807703514058e+26
1.29400000000000e+01	5.26291323582075e+26
1.29500000000000e+01	5.22828964069055e+26
1.29600000000000e+01	5.19409520030589e+26
1.29700000000000e+01	5.16017721987381e+26
1.29800000000000e+01	5.12641647835469e+26
1.29900000000000e+01	5.09276264783263e+26
1.30000000000000e+01	5.05901522882732e+26
1.30100000000000e+01	5.02517030204643e+26
1.30200000000000e+01	4.99102463171071e+26
1.30300000000000e+01	4.95664587301877e+26
1.30400000000000e+01	4.92190085330507e+26
1.30500000000000e+01	4.88686415810333e+26
1.30600000000000e+01	4.85140958357645e+26
1.30700000000000e+01	4.81577167163807e+26
1.30800000000000e+01	4.77990983919841e+26
1.30900000000000e+01	4.74407080650211e+26
1.31000000000000e+01	4.70826508223617e+26
1.31100000000000e+01	4.67258550263774e+26
1.31200000000000e+01	4.63730116227088e+26
1.31300000000000e+01	4.60234300780274e+26
1.31400000000000e+01	4.56786674037814e+26
1.31500000000000e+01	4.53386696565052e+26
1.31600000000000e+01	4.50036716226294e+26
1.31700000000000e+01	4.46727267425493e+26
1.31800000000000e+01	4.43462542839736e+26
1.31900000000000e+01	4.40219454069962e+26
1.32000000000000e+01	4.36993062512779e+26
1.32100000000000e+01	4.33774682687275e+26
1.32200000000000e+01	4.30554304534277e+26
1.32300000000000e+01	4.27315492595557e+26
1.32400000000000e+01	4.24059661289184e+26
1.32500000000000e+01	4.20778312523145e+26
1.32600000000000e+01	4.17473404517197e+26
1.32700000000000e+01	4.14146499499114e+26
1.32800000000000e+01	4.10799059267016e+26
1.32900000000000e+01	4.07438561972640e+26
1.33000000000000e+01	4.04065362702950e+26
1.33100000000000e+01	4.00700290153758e+26
1.33200000000000e+01	3.97344273027345e+26
1.33300000000000e+01	3.94007464611363e+26
1.33400000000000e+01	3.90698584801200e+26
1.33500000000000e+01	3.87425176432367e+26
1.33600000000000e+01	3.84195841759831e+26
1.33700000000000e+01	3.81018444411922e+26
1.33800000000000e+01	3.77902710956289e+26
1.33900000000000e+01	3.74848295649824e+26
1.34000000000000e+01	3.71863009860869e+26
1.34100000000000e+01	3.68935570669528e+26
1.34200000000000e+01	3.66077136740816e+26
1.34300000000000e+01	3.63272343365275e+26
1.34400000000000e+01	3.60523632595107e+26
1.34500000000000e+01	3.57808460528793e+26
1.34600000000000e+01	3.55125839869928e+26
1.34700000000000e+01	3.52458394771272e+26
1.34800000000000e+01	3.49799078541555e+26
1.34900000000000e+01	3.47140972394118e+26
1.35000000000000e+01	3.44479873479455e+26
1.35100000000000e+01	3.41812137002408e+26
1.35200000000000e+01	3.39140289312089e+26
1.35300000000000e+01	3.36468449671631e+26
1.35400000000000e+01	3.33802923361004e+26
1.35500000000000e+01	3.31154396934034e+26
1.35600000000000e+01	3.28529788865495e+26
1.35700000000000e+01	3.25934633817274e+26
1.35800000000000e+01	3.23381192047709e+26
1.35900000000000e+01	3.20871312959494e+26
1.36000000000000e+01	3.18403817009632e+26
1.36100000000000e+01	3.15984609179387e+26
1.36200000000000e+01	3.13611250932078e+26
1.36300000000000e+01	3.11283910795240e+26
1.36400000000000e+01	3.09002672476565e+26
1.36500000000000e+01	3.06761035885478e+26
1.36600000000000e+01	3.04559765475259e+26
1.36700000000000e+01	3.02397413129045e+26
1.36800000000000e+01	3.00267929223856e+26
1.36900000000000e+01	2.98172732609391e+26
1.37000000000000e+01	2.96109407707817e+26
1.37100000000000e+01	2.94068604202623e+26
1.37200000000000e+01	2.92055673937203e+26
1.37300000000000e+01	2.90063663389931e+26
1.37400000000000e+01	2.88098553501776e+26
1.37500000000000e+01	2.86150340316881e+26
1.37600000000000e+01	2.84230673649469e+26
1.37700000000000e+01	2.82332346602539e+26
1.37800000000000e+01	2.80461308985471e+26
1.37900000000000e+01	2.78629873854805e+26
1.38000000000000e+01	2.76832719598622e+26
1.38100000000000e+01	2.75074999939762e+26
1.38200000000000e+01	2.73365526095150e+26
1.38300000000000e+01	2.71701663881176e+26
1.38400000000000e+01	2.70085535659697e+26
1.38500000000000e+01	2.68516948220292e+26
1.38600000000000e+01	2.66991295023760e+26
1.38700000000000e+01	2.65508600589321e+26
1.38800000000000e+01	2.64064878844306e+26
1.38900000000000e+01	2.62656457754997e+26
1.39000000000000e+01	2.61282234482832e+26
1.39100000000000e+01	2.59937747005034e+26
1.39200000000000e+01	2.58618942311292e+26
1.39300000000000e+01	2.57326667684542e+26
1.39400000000000e+01	2.56054926317485e+26
1.39500000000000e+01	2.54808785941780e+26
1.39600000000000e+01	2.53580754183016e+26
1.39700000000000e+01	2.52372408531575e+26
1.39800000000000e+01	2.51178887190288e+26
1.39900000000000e+01	2.49999517048615e+26
1.40000000000000e+01	2.48829657070939e+26
1.40100000000000e+01	2.47668895365074e+26
1.40200000000000e+01	2.46513579249699e+26
1.40300000000000e+01	2.45358377510734e+26
1.40400000000000e+01	2.44200916582235e+26
1.40500000000000e+01	2.43038680408414e+26
1.40600000000000e+01	2.41871976299199e+26
1.40700000000000e+01	2.40697405584266e+26
1.40800000000000e+01	2.39518473303094e+26
1.40900000000000e+01	2.38332824370460e+26
1.41000000000000e+01	2.37145921013804e+26
1.41100000000000e+01	2.35963557183166e+26
1.41200000000000e+01	2.34781483197491e+26
1.41300000000000e+01	2.33613412979175e+26
1.41400000000000e+01	2.32458645074858e+26
1.41500000000000e+01	2.31316164933719e+26
1.41600000000000e+01	2.30196286556037e+26
1.41700000000000e+01	2.29097269216562e+26
1.41800000000000e+01	2.28020333050158e+26
1.41900000000000e+01	2.26959247809264e+26
1.42000000000000e+01	2.25917163585078e+26
1.42100000000000e+01	2.24891916675714e+26
1.42200000000000e+01	2.23882083812896e+26
1.42300000000000e+01	2.22885233825493e+26
1.42400000000000e+01	2.21895385749160e+26
1.42500000000000e+01	2.20916358684057e+26
1.42600000000000e+01	2.19942344492604e+26
1.42700000000000e+01	2.18975443132758e+26
1.42800000000000e+01	2.18018159541647e+26
1.42900000000000e+01	2.17066134747445e+26
1.43000000000000e+01	2.16117492319253e+26
1.43100000000000e+01	2.15175953788304e+26
1.43200000000000e+01	2.14237639668296e+26
1.43300000000000e+01	2.13304321575717e+26
1.43400000000000e+01	2.12374021706580e+26
1.43500000000000e+01	2.11447235113222e+26
1.43600000000000e+01	2.10523448947261e+26
1.43700000000000e+01	2.09599106560957e+26
1.43800000000000e+01	2.08676225512912e+26
1.43900000000000e+01	2.07753240689715e+26
1.44000000000000e+01	2.06830498990684e+26
1.44100000000000e+01	2.05908739516977e+26
1.44200000000000e+01	2.04987271078212e+26
1.44300000000000e+01	2.04069276616363e+26
1.44400000000000e+01	2.03152451113275e+26
1.44500000000000e+01	2.02238818228694e+26
1.44600000000000e+01	2.01328340998172e+26
1.44700000000000e+01	2.00423221568040e+26
1.44800000000000e+01	1.99524522315836e+26
1.44900000000000e+01	1.98626265356584e+26
1.45000000000000e+01	1.97734481658692e+26
1.45100000000000e+01	1.96844888565655e+26
1.45200000000000e+01	1.95961316077863e+26
1.45300000000000e+01	1.95079142822075e+26
1.45400000000000e+01	1.94197499953402e+26
1.45500000000000e+01	1.93317819827279e+26
1.45600000000000e+01	1.92436273191186e+26
1.45700000000000e+01	1.91558186064934e+26
1.45800000000000e+01	1.90677165566560e+26
1.45900000000000e+01	1.89797738381245e+26
1.46000000000000e+01	1.88920693513925e+26
1.46100000000000e+01	1.88046097423453e+26
1.46200000000000e+01	1.87174149103476e+26
1.46300000000000e+01	1.86308520259908e+26
1.46400000000000e+01	1.85449204508693e+26
1.46500000000000e+01	1.84599830800441e+26
1.46600000000000e+01	1.83761317405550e+26
1.46700000000000e+01	1.82929399943377e+26
1.46800000000000e+01	1.82109477989250e+26
1.46900000000000e+01	1.81300891315569e+26
1.47000000000000e+01	1.80500527507020e+26
1.47100000000000e+01	1.79710438554982e+26
1.47200000000000e+01	1.78927987813007e+26
1.47300000000000e+01	1.78151230009320e+26
1.47400000000000e+01	1.77379841618598e+26
1.47500000000000e+01	1.76613662968363e+26
1.47600000000000e+01	1.75851382006006e+26
1.47700000000000e+01	1.75090501468140e+26
1.47800000000000e+01	1.74335031603558e+26
1.47900000000000e+01	1.73579703692640e+26
1.48000000000000e+01	1.72826028228981e+26
1.48100000000000e+01	1.72076030252181e+26
1.48200000000000e+01	1.71325750168346e+26
1.48300000000000e+01	1.70573044568189e+26
1.48400000000000e+01	1.69821720505284e+26
1.48500000000000e+01	1.69069894486500e+26
1.48600000000000e+01	1.68310190119206e+26
1.48700000000000e+01	1.67548120943006e+26
1.48800000000000e+01	1.66775004714415e+26
1.48900000000000e+01	1.65995191778530e+26
1.49000000000000e+01	1.65204498997812e+26
1.49100000000000e+01	1.64399815511236e+26
1.49200000000000e+01	1.63582593585472e+26
1.49300000000000e+01	1.62754586485367e+26
1.49400000000000e+01	1.61915123262655e+26
1.49500000000000e+01	1.61065655572563e+26
1.49600000000000e+01	1.60213952333463e+26
1.49700000000000e+01	1.59355663539580e+26
1.49800000000000e+01	1.58501436679480e+26
1.49900000000000e+01	1.57651257161458e+26
1.50000000000000e+01	1.56809666963657e+26
1.50100000000000e+01	1.55977778668032e+26
1.50200000000000e+01	1.55159961080946e+26
1.50300000000000e+01	1.54354964107319e+26
1.50400000000000e+01	1.53564511792523e+26
1.50500000000000e+01	1.52790355804278e+26
1.50600000000000e+01	1.52027518936725e+26
1.50700000000000e+01	1.51277242883459e+26
1.50800000000000e+01	1.50540800620881e+26
1.50900000000000e+01	1.49814469106148e+26
1.51000000000000e+01	1.49098000013737e+26
1.51100000000000e+01	1.48391197155311e+26
1.51200000000000e+01	1.47695685378424e+26
1.51300000000000e+01	1.47008173988248e+26
1.51400000000000e+01	1.46328481161547e+26
1.51500000000000e+01	1.45659295150924e+26
1.51600000000000e+01	1.44997562245397e+26
1.51700000000000e+01	1.44346237801277e+26
1.51800000000000e+01	1.43701448493742e+26
1.51900000000000e+01	1.43066456291150e+26
1.52000000000000e+01	1.42439143386323e+26
1.52100000000000e+01	1.41819569900745e+26
1.52200000000000e+01	1.41205303628045e+26
1.52300000000000e+01	1.40598210581100e+26
1.52400000000000e+01	1.39994918217306e+26
1.52500000000000e+01	1.39395276341642e+26
1.52600000000000e+01	1.38797800098297e+26
1.52700000000000e+01	1.38202828289421e+26
1.52800000000000e+01	1.37610015753600e+26
1.52900000000000e+01	1.37016746623137e+26
1.53000000000000e+01	1.36423179589278e+26
1.53100000000000e+01	1.35828174655441e+26
1.53200000000000e+01	1.35233676846886e+26
1.53300000000000e+01	1.34636904984583e+26
1.53400000000000e+01	1.34039470910300e+26
1.53500000000000e+01	1.33441646581623e+26
1.53600000000000e+01	1.32842382290904e+26
1.53700000000000e+01	1.32243648436282e+26
1.53800000000000e+01	1.31645369503493e+26
1.53900000000000e+01	1.31047818475252e+26
1.54000000000000e+01	1.30452565039900e+26
1.54100000000000e+01	1.29860163586335e+26
1.54200000000000e+01	1.29270058837827e+26
1.54300000000000e+01	1.28686870058958e+26
1.54400000000000e+01	1.28110147401375e+26
1.54500000000000e+01	1.27541279242944e+26
1.54600000000000e+01	1.26977915589862e+26
1.54700000000000e+01	1.26424098292918e+26
1.54800000000000e+01	1.25877617235584e+26
1.54900000000000e+01	1.25337872772006e+26
1.55000000000000e+01	1.24805550745029e+26
1.55100000000000e+01	1.24277960797241e+26
1.55200000000000e+01	1.23753146657724e+26
1.55300000000000e+01	1.23228080607020e+26
1.55400000000000e+01	1.22705013736395e+26
1.55500000000000e+01	1.22179362468071e+26
1.55600000000000e+01	1.21652132124429e+26
1.55700000000000e+01	1.21120624704533e+26
1.55800000000000e+01	1.20587279859483e+26
1.55900000000000e+01	1.20051413202600e+26
1.56000000000000e+01	1.19512929552236e+26
1.56100000000000e+01	1.18974213398277e+26
1.56200000000000e+01	1.18435376088261e+26
1.56300000000000e+01	1.17897976406746e+26
1.56400000000000e+01	1.17362252994939e+26
1.56500000000000e+01	1.16831947208675e+26
1.56600000000000e+01	1.16307374601698e+26
1.56700000000000e+01	1.15790466202490e+26
1.56800000000000e+01	1.15280977959503e+26
1.56900000000000e+01	1.14779731766715e+26
1.57000000000000e+01	1.14288951765125e+26
1.57100000000000e+01	1.13808937907472e+26
1.57200000000000e+01	1.13336748456235e+26
1.57300000000000e+01	1.12874117963502e+26
1.57400000000000e+01	1.12419284456127e+26
1.57500000000000e+01	1.11972030826973e+26
1.57600000000000e+01	1.11530408122672e+26
1.57700000000000e+01	1.11094045705282e+26
1.57800000000000e+01	1.10659214464586e+26
1.57900000000000e+01	1.10225761640435e+26
1.58000000000000e+01	1.09793935856864e+26
1.58100000000000e+01	1.09361143815173e+26
1.58200000000000e+01	1.08925219892442e+26
1.58300000000000e+01	1.08486341525177e+26
1.58400000000000e+01	1.08043627910055e+26
1.58500000000000e+01	1.07596568896876e+26
1.58600000000000e+01	1.07145236083166e+26
1.58700000000000e+01	1.06688940907061e+26
1.58800000000000e+01	1.06227071007422e+26
1.58900000000000e+01	1.05762683872809e+26
1.59000000000000e+01	1.05292689681090e+26
1.59100000000000e+01	1.04820943421287e+26
1.59200000000000e+01	1.04346820438906e+26
1.59300000000000e+01	1.03871819612525e+26
1.59400000000000e+01	1.03399799449946e+26
1.59500000000000e+01	1.02929505923216e+26
1.59600000000000e+01	1.02464182712155e+26
1.59700000000000e+01	1.02003668734915e+26
1.59800000000000e+01	1.01548758077135e+26
1.59900000000000e+01	1.01101514903894e+26
1.60000000000000e+01	1.00661183714929e+26
1.60100000000000e+01	1.00227306792948e+26
1.60200000000000e+01	9.97994547835072e+25
1.60300000000000e+01	9.93772684415213e+25
1.60400000000000e+01	9.89607643303580e+25
1.60500000000000e+01	9.85473773218808e+25
1.60600000000000e+01	9.81380972561124e+25
1.60700000000000e+01	9.77308481376970e+25
1.60800000000000e+01	9.73280892572767e+25
1.60900000000000e+01	9.69262120327306e+25
1.61000000000000e+01	9.65279766912964e+25
1.61100000000000e+01	9.61331341166684e+25
1.61200000000000e+01	9.57429909932675e+25
1.61300000000000e+01	9.53548328809827e+25
1.61400000000000e+01	9.49721648630763e+25
1.61500000000000e+01	9.45934514182839e+25
1.61600000000000e+01	9.42184434773465e+25
1.61700000000000e+01	9.38491637868922e+25
1.61800000000000e+01	9.34807310425014e+25
1.61900000000000e+01	9.31154841056354e+25
1.62000000000000e+01	9.27519298051173e+25
1.62100000000000e+01	9.23889297621920e+25
1.62200000000000e+01	9.20254319347390e+25
1.62300000000000e+01	9.16617428669073e+25
1.62400000000000e+01	9.12967098734199e+25
1.62500000000000e+01	9.09285560047326e+25
1.62600000000000e+01	9.05575638479279e+25
1.62700000000000e+01	9.01862913714112e+25
1.62800000000000e+01	8.98096260478670e+25
1.62900000000000e+01	8.94333312032857e+25
1.63000000000000e+01	8.90554418699128e+25
1.63100000000000e+01	8.86761441540808e+25
1.63200000000000e+01	8.82986829630830e+25
1.63300000000000e+01	8.79217554871322e+25
1.63400000000000e+01	8.75439887287588e+25
1.63500000000000e+01	8.71707386309996e+25
1.63600000000000e+01	8.67961423403959e+25
1.63700000000000e+01	8.64211870122680e+25
1.63800000000000e+01	8.60459783230669e+25
1.63900000000000e+01	8.56692379934309e+25
1.64000000000000e+01	8.52893986907660e+25
1.64100000000000e+01	8.49055273559700e+25
1.64200000000000e+01	8.45186206989210e+25
1.64300000000000e+01	8.41273959544379e+25
1.64400000000000e+01	8.37312927093774e+25
1.64500000000000e+01	8.33348752465365e+25
1.64600000000000e+01	8.29359511931594e+25
1.64700000000000e+01	8.25372234589722e+25
1.64800000000000e+01	8.21415634323454e+25
1.64900000000000e+01	8.17492881644999e+25
1.65000000000000e+01	8.13615438481398e+25
1.65100000000000e+01	8.09805740909840e+25
1.65200000000000e+01	8.06044189123664e+25
1.65300000000000e+01	8.02357223145145e+25
1.65400000000000e+01	7.98729634467434e+25
1.65500000000000e+01	7.95159369793161e+25
1.65600000000000e+01	7.91643529115783e+25
1.65700000000000e+01	7.88188980337661e+25
1.65800000000000e+01	7.84784124829233e+25
1.65900000000000e+01	7.81429433125787e+25
1.66000000000000e+01	7.78127341856445e+25
1.66100000000000e+01	7.74885210428747e+25
1.66200000000000e+01	7.71718484907102e+25
1.66300000000000e+01	7.68613244526597e+25
1.66400000000000e+01	7.65598428157071e+25
1.66500000000000e+01	7.62678591018032e+25
1.66600000000000e+01	7.59834438868572e+25
1.66700000000000e+01	7.57088642804516e+25
1.66800000000000e+01	7.54415921080931e+25
1.66900000000000e+01	7.51831831505451e+25
1.67000000000000e+01	7.49316750151963e+25
1.67100000000000e+01	7.46871332569025e+25
1.67200000000000e+01	7.44464251423522e+25
1.67300000000000e+01	7.42105704398069e+25
1.67400000000000e+01	7.39775694918916e+25
1.67500000000000e+01	7.37467709689925e+25
1.67600000000000e+01	7.35185693994933e+25
1.67700000000000e+01	7.32904015023893e+25
1.67800000000000e+01	7.30643443359900e+25
1.67900000000000e+01	7.28391369460941e+25
1.68000000000000e+01	7.26148000854222e+25
1.68100000000000e+01	7.23909818308243e+25
1.68200000000000e+01	7.21688524185070e+25
1.68300000000000e+01	7.19467558235424e+25
1.68400000000000e+01	7.17232953139059e+25
1.68500000000000e+01	7.15010891648497e+25
1.68600000000000e+01	7.12761795316274e+25
1.68700000000000e+01	7.10490013429994e+25
1.68800000000000e+01	7.08198905525041e+25
1.68900000000000e+01	7.05872276856574e+25
1.69000000000000e+01	7.03506144204575e+25
1.69100000000000e+01	7.01097179043273e+25
1.69200000000000e+01	6.98657860783294e+25
1.69300000000000e+01	6.96179987248340e+25
1.69400000000000e+01	6.93657915290737e+25
1.69500000000000e+01	6.91130550138804e+25
1.69600000000000e+01	6.88577819163805e+25
1.69700000000000e+01	6.86018148631928e+25
1.69800000000000e+01	6.83475215371863e+25
1.69900000000000e+01	6.80947840433725e+25
1.70000000000000e+01	6.78445714345023e+25
1.70100000000000e+01	6.75977574976819e+25
1.70200000000000e+01	6.73557552676618e+25
1.70300000000000e+01	6.71168651796588e+25
1.70400000000000e+01	6.68832639045273e+25
1.70500000000000e+01	6.66536824367499e+25
1.70600000000000e+01	6.64276554070669e+25
1.70700000000000e+01	6.62056844268421e+25
1.70800000000000e+01	6.59850755570453e+25
1.70900000000000e+01	6.57670738211967e+25
1.71000000000000e+01	6.55500547635888e+25
1.71100000000000e+01	6.53333985102362e+25
1.71200000000000e+01	6.51165450359773e+25
1.71300000000000e+01	6.49000610980768e+25
1.71400000000000e+01	6.46828595141555e+25
1.71500000000000e+01	6.44638852339752e+25
1.71600000000000e+01	6.42460314454266e+25
1.71700000000000e+01	6.40267135113093e+25
1.71800000000000e+01	6.38071075133161e+25
1.71900000000000e+01	6.35884333996221e+25
1.72000000000000e+01	6.33700550467436e+25
1.72100000000000e+01	6.31522103377413e+25
1.72200000000000e+01	6.29351058837591e+25
1.72300000000000e+01	6.27199053722876e+25
1.72400000000000e+01	6.25046248640796e+25
1.72500000000000e+01	6.22913096500779e+25
1.72600000000000e+01	6.20789561347897e+25
1.72700000000000e+01	6.18676192802518e+25
1.72800000000000e+01	6.16581679715156e+25
1.72900000000000e+01	6.14487494998266e+25
1.73000000000000e+01	6.12413401132581e+25
1.73100000000000e+01	6.10349686879171e+25
1.73200000000000e+01	6.08298209574541e+25
1.73300000000000e+01	6.06257799058223e+25
1.73400000000000e+01	6.04238006052929e+25
1.73500000000000e+01	6.02219251425530e+25
1.73600000000000e+01	6.00218992889430e+25
1.73700000000000e+01	5.98226492092668e+25
1.73800000000000e+01	5.96238408320932e+25
1.73900000000000e+01	5.94261772809098e+25
1.74000000000000e+01	5.92276550630941e+25
1.74100000000000e+01	5.90298221121877e+25
1.74200000000000e+01	5.88318004985859e+25
1.74300000000000e+01	5.86333881837993e+25
1.74400000000000e+01	5.84346644289235e+25
1.74500000000000e+01	5.82367023819605e+25
1.74600000000000e+01	5.80386455522466e+25
1.74700000000000e+01	5.78396990019429e+25
1.74800000000000e+01	5.76429199899740e+25
1.74900000000000e+01	5.74455061788584e+25
1.75000000000000e+01	5.72486455471305e+25
1.75100000000000e+01	5.70533023116071e+25
1.75200000000000e+01	5.68575725523995e+25
1.75300000000000e+01	5.66633959432823e+25
1.75400000000000e+01	5.64706923799078e+25
1.75500000000000e+01	5.62776682996915e+25
1.75600000000000e+01	5.60853111531546e+25
1.75700000000000e+01	5.58945402868253e+25
1.75800000000000e+01	5.57045531825041e+25
1.75900000000000e+01	5.55154384585433e+25
1.76000000000000e+01	5.53274131521585e+25
1.76100000000000e+01	5.51414896385952e+25
1.76200000000000e+01	5.49560765501469e+25
1.76300000000000e+01	5.47729706245528e+25
1.76400000000000e+01	5.45913719462600e+25
1.76500000000000e+01	5.44114125256184e+25
1.76600000000000e+01	5.42329639658693e+25
1.76700000000000e+01	5.40569046375639e+25
1.76800000000000e+01	5.38814297564410e+25
1.76900000000000e+01	5.37081722887217e+25
1.77000000000000e+01	5.35361631350394e+25
1.77100000000000e+01	5.33654340720786e+25
1.77200000000000e+01	5.31966990420099e+25
1.77300000000000e+01	5.30282658743162e+25
1.77400000000000e+01	5.28617647760616e+25
1.77500000000000e+01	5.26963535007812e+25
1.77600000000000e+01	5.25319814660581e+25
1.77700000000000e+01	5.23684618179259e+25
1.77800000000000e+01	5.22056609190557e+25
1.77900000000000e+01	5.20442426233427e+25
1.78000000000000e+01	5.18831712038570e+25
1.78100000000000e+01	5.17211180306536e+25
1.78200000000000e+01	5.15605579118088e+25
1.78300000000000e+01	5.13984553119982e+25
1.78400000000000e+01	5.12355868667927e+25
1.78500000000000e+01	5.10726214488282e+25
1.78600000000000e+01	5.09085014089003e+25
1.78700000000000e+01	5.07434130503972e+25
1.78800000000000e+01	5.05773515931410e+25
1.78900000000000e+01	5.04105039430876e+25
1.79000000000000e+01	5.02431596247512e+25
1.79100000000000e+01	5.00764851894619e+25
1.79200000000000e+01	4.99098860677107e+25
1.79300000000000e+01	4.97436982235443e+25
1.79400000000000e+01	4.95781563608326e+25
1.79500000000000e+01	4.94135340311174e+25
1.79600000000000e+01	4.92507717463818e+25
1.79700000000000e+01	4.90890261593219e+25
1.79800000000000e+01	4.89275754558579e+25
1.79900000000000e+01	4.87678995176833e+25
1.80000000000000e+01	4.86098490315132e+25
1.80100000000000e+01	4.84515427631187e+25
1.80200000000000e+01	4.82935662381903e+25
1.80300000000000e+01	4.81364052252310e+25
1.80400000000000e+01	4.79790775316936e+25
1.80500000000000e+01	4.78213873321694e+25
1.80600000000000e+01	4.76631643686678e+25
1.80700000000000e+01	4.75051273166879e+25
1.80800000000000e+01	4.73457852529310e+25
1.80900000000000e+01	4.71867993928361e+25
1.81000000000000e+01	4.70276679643425e+25
1.81100000000000e+01	4.68686708114368e+25
1.81200000000000e+01	4.67101791010910e+25
1.81300000000000e+01	4.65525349463973e+25
1.81400000000000e+01	4.63969403621928e+25
1.81500000000000e+01	4.62421390746457e+25
1.81600000000000e+01	4.60899236551283e+25
1.81700000000000e+01	4.59397564685063e+25
1.81800000000000e+01	4.57915767169192e+25
1.81900000000000e+01	4.56462105071151e+25
1.82000000000000e+01	4.55020284922647e+25
1.82100000000000e+01	4.53603027990346e+25
1.82200000000000e+01	4.52201047623324e+25
1.82300000000000e+01	4.50811309732363e+25
1.82400000000000e+01	4.49431676273425e+25
1.82500000000000e+01	4.48060764368927e+25
1.82600000000000e+01	4.46703394175106e+25
1.82700000000000e+01	4.45351414152311e+25
1.82800000000000e+01	4.43996210893829e+25
1.82900000000000e+01	4.42652241515482e+25
1.83000000000000e+01	4.41311473695227e+25
1.83100000000000e+01	4.39982248033939e+25
1.83200000000000e+01	4.38649489363013e+25
1.83300000000000e+01	4.37327789686070e+25
1.83400000000000e+01	4.36010096461279e+25
1.83500000000000e+01	4.34696244426547e+25
1.83600000000000e+01	4.33386069687190e+25
1.83700000000000e+01	4.32079355550155e+25
1.83800000000000e+01	4.30774230822795e+25
1.83900000000000e+01	4.29478055074429e+25
1.84000000000000e+01	4.28182098280054e+25
1.84100000000000e+01	4.26885304385061e+25
1.84200000000000e+01	4.25586698646705e+25
1.84300000000000e+01	4.24284894723627e+25
1.84400000000000e+01	4.22979733438999e+25
1.84500000000000e+01	4.21677966141116e+25
1.84600000000000e+01	4.20372750011117e+25
1.84700000000000e+01	4.19064143842269e+25
1.84800000000000e+01	4.17752764029181e+25
1.84900000000000e+01	4.16440818141227e+25
1.85000000000000e+01	4.15129296884333e+25
1.85100000000000e+01	4.13826950513828e+25
1.85200000000000e+01	4.12521550818845e+25
1.85300000000000e+01	4.11228769500519e+25
1.85400000000000e+01	4.09943364540825e+25
1.85500000000000e+01	4.08666144001548e+25
1.85600000000000e+01	4.07398315434192e+25
1.85700000000000e+01	4.06147127685287e+25
1.85800000000000e+01	4.04899249942645e+25
1.85900000000000e+01	4.03667460880779e+25
1.86000000000000e+01	4.02444587307101e+25
1.86100000000000e+01	4.01229661478429e+25
1.86200000000000e+01	4.00021292043491e+25
1.86300000000000e+01	3.98826338943228e+25
1.86400000000000e+01	3.97628883847676e+25
1.86500000000000e+01	3.96442587356644e+25
1.86600000000000e+01	3.95259377139681e+25
1.86700000000000e+01	3.94079394254378e+25
1.86800000000000e+01	3.92901783799847e+25
1.86900000000000e+01	3.91726741386988e+25
1.87000000000000e+01	3.90561958795196e+25
1.87100000000000e+01	3.89393027602062e+25
1.87200000000000e+01	3.88235047890551e+25
1.87300000000000e+01	3.87081531897942e+25
1.87400000000000e+01	3.85931920980457e+25
1.87500000000000e+01	3.84787131465701e+25
1.87600000000000e+01	3.83647025291718e+25
1.87700000000000e+01	3.82518865747559e+25
1.87800000000000e+01	3.81394553768601e+25
1.87900000000000e+01	3.80267577248797e+25
1.88000000000000e+01	3.79151614546753e+25
1.88100000000000e+01	3.78038704132191e+25
1.88200000000000e+01	3.76936167623200e+25
1.88300000000000e+01	3.75828822759746e+25
1.88400000000000e+01	3.74731880032794e+25
1.88500000000000e+01	3.73630268428022e+25
1.88600000000000e+01	3.72537684184864e+25
1.88700000000000e+01	3.71447877690462e+25
1.88800000000000e+01	3.70361402187915e+25
1.88900000000000e+01	3.69284068832648e+25
1.89000000000000e+01	3.68203362289000e+25
1.89100000000000e+01	3.67132762887188e+25
1.89200000000000e+01	3.66059256718188e+25
1.89300000000000e+01	3.64995725637554e+25
1.89400000000000e+01	3.63936325448226e+25
1.89500000000000e+01	3.62880936458139e+25
1.89600000000000e+01	3.61835600811250e+25
1.89700000000000e+01	3.60787327096798e+25
1.89800000000000e+01	3.59748796034803e+25
1.89900000000000e+01	3.58713218509250e+25
1.90000000000000e+01	3.57680001470163e+25
1.90100000000000e+01	3.56648582013905e+25
1.90200000000000e+01	3.55618444320849e+25
1.90300000000000e+01	3.54589585274725e+25
1.90400000000000e+01	3.53567191828909e+25
1.90500000000000e+01	3.52538700832661e+25
1.90600000000000e+01	3.51516408304134e+25
1.90700000000000e+01	3.50493456912387e+25
1.90800000000000e+01	3.49470509655321e+25
1.90900000000000e+01	3.48447293622388e+25
1.91000000000000e+01	3.47430957238352e+25
1.91100000000000e+01	3.46408222887173e+25
1.91200000000000e+01	3.45392654968952e+25
1.91300000000000e+01	3.44378340709448e+25
1.91400000000000e+01	3.43359373384879e+25
1.91500000000000e+01	3.42355541152500e+25
1.91600000000000e+01	3.41347082172784e+25
1.91700000000000e+01	3.40341787841181e+25
1.91800000000000e+01	3.39345091292143e+25
1.91900000000000e+01	3.38345557219010e+25
1.92000000000000e+01	3.37354996638750e+25
1.92100000000000e+01	3.36367922493848e+25
1.92200000000000e+01	3.35383867426849e+25
1.92300000000000e+01	3.34403277907483e+25
1.92400000000000e+01	3.33426137271253e+25
1.92500000000000e+01	3.32459163426975e+25
1.92600000000000e+01	3.31496439178630e+25
1.92700000000000e+01	3.30531615771209e+25
1.92800000000000e+01	3.29577149921608e+25
1.92900000000000e+01	3.28627088592109e+25
1.93000000000000e+01	3.27681293399378e+25
1.93100000000000e+01	3.26745850902327e+25
1.93200000000000e+01	3.25808162545033e+25
1.93300000000000e+01	3.24880540987357e+25
1.93400000000000e+01	3.23955773419434e+25
1.93500000000000e+01	3.23028490688257e+25
1.93600000000000e+01	3.22109683263973e+25
1.93700000000000e+01	3.21200177924812e+25
1.93800000000000e+01	3.20286334861883e+25
1.93900000000000e+01	3.19374776930619e+25
1.94000000000000e+01	3.18471217114476e+25
1.94100000000000e+01	3.17569543883633e+25
1.94200000000000e+01	3.16663692817587e+25
1.94300000000000e+01	3.15765890889179e+25
1.94400000000000e+01	3.14870043135978e+25
1.94500000000000e+01	3.13982215675355e+25
1.94600000000000e+01	3.13090268498611e+25
1.94700000000000e+01	3.12206304206839e+25
1.94800000000000e+01	3.11318221180750e+25
1.94900000000000e+01	3.10438072585544e+25
1.95000000000000e+01	3.09559387360609e+25
1.95100000000000e+01	3.08682590692734e+25
1.95200000000000e+01	3.07807261315038e+25
1.95300000000000e+01	3.06933839426564e+25
1.95400000000000e+01	3.06067452270122e+25
1.95500000000000e+01	3.05197042384749e+25
1.95600000000000e+01	3.04333695536565e+25
1.95700000000000e+01	3.03472324724845e+25
1.95800000000000e+01	3.02612530474477e+25
1.95900000000000e+01	3.01753912735964e+25
1.96000000000000e+01	3.00897745766448e+25
1.96100000000000e+01	3.00048664272591e+25
1.96200000000000e+01	2.99196143692442e+25
1.96300000000000e+01	2.98351097344161e+25
1.96400000000000e+01	2.97508458011504e+25
1.96500000000000e+01	2.96667370762571e+25
1.96600000000000e+01	2.95828629748659e+25
1.96700000000000e+01	2.94992192112005e+25
1.96800000000000e+01	2.94157602005112e+25
1.96900000000000e+01	2.93325215993782e+25
1.97000000000000e+01	2.92495391455934e+25
1.97100000000000e+01	2.91662297299827e+25
1.97200000000000e+01	2.90831675158643e+25
1.97300000000000e+01	2.89987843968114e+25
1.97400000000000e+01	2.89126733964904e+25
1.97500000000000e+01	2.88234468469726e+25
1.97600000000000e+01	2.87276438673627e+25
1.97700000000000e+01	2.86227661448008e+25
1.97800000000000e+01	2.85007189218839e+25
1.97900000000000e+01	2.83529924220707e+25
1.98000000000000e+01	2.81652975503307e+25
1.98100000000000e+01	2.79180784580767e+25
1.98200000000000e+01	2.75851525216282e+25
1.98300000000000e+01	2.71326421988393e+25
1.98400000000000e+01	2.65193223119309e+25
1.98500000000000e+01	2.56976179964268e+25
1.98600000000000e+01	2.46167023007209e+25
1.98700000000000e+01	2.32279900622911e+25
1.98800000000000e+01	2.14926829373981e+25
1.98900000000000e+01	1.93918257661496e+25
1.99000000000000e+01	1.69374814971369e+25
1.99100000000000e+01	1.41834444843271e+25
1.99200000000000e+01	1.12338675627817e+25
1.99300000000000e+01	8.24552876073511e+24
1.99400000000000e+01	5.42153037317345e+24
1.99500000000000e+01	2.99293762326695e+24
1.99600000000000e+01	1.18647240190842e+24
1.99700000000000e+01	1.80599464646825e+23
1.99800000000000e+01	5.67820027531927e+22
1.99900000000000e+01	7.59238685405285e+23
2.00000000000000e+01	2.08107772938879e+24
