1.00000000000000e-02	2.35510202813614e+27
2.00000000000000e-02	9.42090760651714e+27
3.00000000000000e-02	2.11989436978311e+28
4.00000000000000e-02	3.76917663270576e+28
5.00000000000000e-02	5.89029629397613e+28
6.00000000000000e-02	8.48370378080772e+28
7.00000000000000e-02	1.15499850547613e+29
8.00000000000000e-02	1.50897477702693e+29
9.00000000000000e-02	1.91038602830347e+29
1.00000000000000e-01	2.35931166262095e+29
1.10000000000000e-01	2.85584627780216e+29
1.20000000000000e-01	3.40010203333442e+29
1.30000000000000e-01	3.99220396982860e+29
1.40000000000000e-01	4.63227590363848e+29
1.50000000000000e-01	5.32046846677106e+29
1.60000000000000e-01	6.05689917576312e+29
1.70000000000000e-01	6.84175840202637e+29
1.80000000000000e-01	7.67522222166496e+29
1.90000000000000e-01	8.55746146498134e+29
2.00000000000000e-01	9.48868187235433e+29
2.10000000000000e-01	1.04690531963455e+30
2.20000000000000e-01	1.14988493169593e+30
2.30000000000000e-01	1.25782795881910e+30
2.40000000000000e-01	1.37075584164292e+30
2.50000000000000e-01	1.48869847552082e+30
2.60000000000000e-01	1.61167387538951e+30
2.70000000000000e-01	1.73972445461791e+30
2.80000000000000e-01	1.87286282190626e+30
2.90000000000000e-01	2.01113207383566e+30
3.00000000000000e-01	2.15455638182735e+30
3.10000000000000e-01	2.30316804672470e+30
3.20000000000000e-01	2.45700874634801e+30
3.30000000000000e-01	2.61610401740853e+30
3.40000000000000e-01	2.78050518824378e+30
3.50000000000000e-01	2.95022331595181e+30
3.60000000000000e-01	3.12533509993383e+30
3.70000000000000e-01	3.30585289664813e+30
3.80000000000000e-01	3.49182944273763e+30
3.90000000000000e-01	3.68330175975127e+30
4.00000000000000e-01	3.88033281083360e+30
4.10000000000000e-01	4.08295710458414e+30
4.20000000000000e-01	4.29121933362645e+30
4.30000000000000e-01	4.50517720769617e+30
4.40000000000000e-01	4.72488886729010e+30
4.50000000000000e-01	4.95034993028582e+30
4.60000000000000e-01	5.18173962050396e+30
4.70000000000000e-01	5.41905813143095e+30
4.80000000000000e-01	5.66225054730789e+30
4.90000000000000e-01	5.91158606184818e+30
5.00000000000000e-01	6.16691601172569e+30
5.10000000000000e-01	6.42850898532774e+30
5.20000000000000e-01	6.69618763113140e+30
5.30000000000000e-01	6.97028712209689e+30
5.40000000000000e-01	7.25074623939713e+30
5.50000000000000e-01	7.53760567570974e+30
5.60000000000000e-01	7.83091710535922e+30
5.70000000000000e-01	8.13096239360051e+30
5.80000000000000e-01	8.43760702815894e+30
5.90000000000000e-01	8.75093458985651e+30
6.00000000000000e-01	9.07120798201191e+30
6.10000000000000e-01	9.39832024242031e+30
6.20000000000000e-01	9.73251624876937e+30
6.30000000000000e-01	1.00739051637546e+31
6.40000000000000e-01	1.04223810982075e+31
6.50000000000000e-01	1.07781914425534e+31
6.60000000000000e-01	1.11412560263572e+31
6.70000000000000e-01	1.15120761236937e+31
6.80000000000000e-01	1.18903170271564e+31
6.90000000000000e-01	1.22765068822381e+31
7.00000000000000e-01	1.26702857126186e+31
7.10000000000000e-01	1.30722543517877e+31
7.20000000000000e-01	1.34822388393731e+31
7.30000000000000e-01	1.39003678532269e+31
7.40000000000000e-01	1.43267246854583e+31
7.50000000000000e-01	1.47617197429828e+31
7.60000000000000e-01	1.52054606959055e+31
7.70000000000000e-01	1.56574432959614e+31
7.80000000000000e-01	1.61187362268868e+31
7.90000000000000e-01	1.65888591016618e+31
8.00000000000000e-01	1.70685014291582e+31
8.10000000000000e-01	1.75572070034517e+31
8.20000000000000e-01	1.80553956638354e+31
8.30000000000000e-01	1.85632407754507e+31
8.40000000000000e-01	1.90811712986464e+31
8.50000000000000e-01	1.96087091322004e+31
8.60000000000000e-01	2.01470094454846e+31
8.70000000000000e-01	2.06950761601627e+31
8.80000000000000e-01	2.12543597796362e+31
8.90000000000000e-01	2.18240658470284e+31
9.00000000000000e-01	2.24048568645688e+31
9.10000000000000e-01	2.29968385755379e+31
9.20000000000000e-01	2.36002307125883e+31
9.30000000000000e-01	2.42156104977468e+31
9.40000000000000e-01	2.48427103081960e+31
9.50000000000000e-01	2.54817574473165e+31
9.60000000000000e-01	2.61334033986164e+31
9.70000000000000e-01	2.67976909965870e+31
9.80000000000000e-01	2.74750182113171e+31
9.90000000000000e-01	2.81654739431775e+31
1.00000000000000e+00	2.88698294873289e+31
1.01000000000000e+00	2.95872244403183e+31
1.02000000000000e+00	3.03195159605714e+31
1.03000000000000e+00	3.10657884531084e+31
1.04000000000000e+00	3.18267562465092e+31
1.05000000000000e+00	3.26033950039288e+31
1.06000000000000e+00	3.33952847919695e+31
1.07000000000000e+00	3.42026972100578e+31
1.08000000000000e+00	3.50264786811440e+31
1.09000000000000e+00	3.58668279496263e+31
1.10000000000000e+00	3.67247783675399e+31
1.11000000000000e+00	3.75991944653488e+31
1.12000000000000e+00	3.84923659054305e+31
1.13000000000000e+00	3.94032702831891e+31
1.14000000000000e+00	4.03336627910643e+31
1.15000000000000e+00	4.12830043347810e+31
1.16000000000000e+00	4.22523959648882e+31
1.17000000000000e+00	4.32422326400575e+31
1.18000000000000e+00	4.42527115148038e+31
1.19000000000000e+00	4.52850809632172e+31
1.20000000000000e+00	4.63388348721901e+31
1.21000000000000e+00	4.74160196732114e+31
1.22000000000000e+00	4.85168149953764e+31
1.23000000000000e+00	4.96410140696904e+31
1.24000000000000e+00	5.07905574233953e+31
1.25000000000000e+00	5.19651799645304e+31
1.26000000000000e+00	5.31667525413833e+31
1.27000000000000e+00	5.43951149385517e+31
1.28000000000000e+00	5.56514854718559e+31
1.29000000000000e+00	5.69363500096291e+31
1.30000000000000e+00	5.82511738986599e+31
1.31000000000000e+00	5.95965067167106e+31
1.32000000000000e+00	6.09745894182600e+31
1.33000000000000e+00	6.23842497808601e+31
1.34000000000000e+00	6.38289999879500e+31
1.35000000000000e+00	6.53082052412564e+31
1.36000000000000e+00	6.68236439831333e+31
1.37000000000000e+00	6.83770958292084e+31
1.38000000000000e+00	6.99701017772556e+31
1.39000000000000e+00	7.16024245351710e+31
1.40000000000000e+00	7.32767470115107e+31
1.41000000000000e+00	7.49950713953706e+31
1.42000000000000e+00	7.67592226029189e+31
1.43000000000000e+00	7.85689689537289e+31
1.44000000000000e+00	8.04284985160456e+31
1.45000000000000e+00	8.23387314535485e+31
1.46000000000000e+00	8.43028583060362e+31
1.47000000000000e+00	8.63220436112923e+31
1.48000000000000e+00	8.83986512155682e+31
1.49000000000000e+00	9.05358842057002e+31
1.50000000000000e+00	9.27375946179348e+31
1.51000000000000e+00	9.50060917864234e+31
1.52000000000000e+00	9.73442919916302e+31
1.53000000000000e+00	9.97558403041721e+31
1.54000000000000e+00	1.02244896525186e+32
1.55000000000000e+00	1.04814635507839e+32
1.56000000000000e+00	1.07471741615137e+32
1.57000000000000e+00	1.10217133538354e+32
1.58000000000000e+00	1.13056354359915e+32
1.59000000000000e+00	1.15991767831385e+32
1.60000000000000e+00	1.19028081103902e+32
1.61000000000000e+00	1.22166215757608e+32
1.62000000000000e+00	1.25406568018801e+32
1.63000000000000e+00	1.28751308696973e+32
1.64000000000000e+00	1.32199439616106e+32
1.65000000000000e+00	1.35746684273447e+32
1.66000000000000e+00	1.39392905800930e+32
1.67000000000000e+00	1.43133508365746e+32
1.68000000000000e+00	1.46964187305990e+32
1.69000000000000e+00	1.50885817805936e+32
1.70000000000000e+00	1.54893905671364e+32
1.71000000000000e+00	1.58994719716945e+32
1.72000000000000e+00	1.63188656925726e+32
1.73000000000000e+00	1.67489291320713e+32
1.74000000000000e+00	1.71908852149511e+32
1.75000000000000e+00	1.76473199361383e+32
1.76000000000000e+00	1.81212793452818e+32
1.77000000000000e+00	1.86168200324694e+32
1.78000000000000e+00	1.91392997217643e+32
1.79000000000000e+00	1.96953888004883e+32
1.80000000000000e+00	2.02935622743830e+32
1.81000000000000e+00	2.09437895640430e+32
1.82000000000000e+00	2.16575309496385e+32
1.83000000000000e+00	2.24482594664233e+32
1.84000000000000e+00	2.33310583444083e+32
1.85000000000000e+00	2.43221608988373e+32
1.86000000000000e+00	2.54386704347393e+32
1.87000000000000e+00	2.66975573475242e+32
1.88000000000000e+00	2.81159437611079e+32
1.89000000000000e+00	2.97093591511905e+32
1.90000000000000e+00	3.14926690390254e+32
1.91000000000000e+00	3.34780875963327e+32
1.92000000000000e+00	3.56760598116040e+32
1.93000000000000e+00	3.80956312352047e+32
1.94000000000000e+00	4.07441770108273e+32
1.95000000000000e+00	4.36277430215568e+32
1.96000000000000e+00	4.67525143573789e+32
1.97000000000000e+00	5.01221127390902e+32
1.98000000000000e+00	5.37405272240720e+32
1.99000000000000e+00	5.76075783235666e+32
2.00000000000000e+00	6.17219997757480e+32
2.01000000000000e+00	6.60740284862878e+32
2.02000000000000e+00	7.06469885787478e+32
2.03000000000000e+00	7.54147338440036e+32
2.04000000000000e+00	8.03354262320640e+32
2.05000000000000e+00	8.53545710739159e+32
2.06000000000000e+00	9.04007884562971e+32
2.07000000000000e+00	9.53874149734747e+32
2.08000000000000e+00	1.00212198434761e+33
2.09000000000000e+00	1.04765899497430e+33
2.10000000000000e+00	1.08927706676021e+33
2.11000000000000e+00	1.12577742089461e+33
2.12000000000000e+00	1.15597867879763e+33
2.13000000000000e+00	1.17880311567567e+33
2.14000000000000e+00	1.19331745512908e+33
2.15000000000000e+00	1.19882005673126e+33
2.16000000000000e+00	1.19485803898489e+33
2.17000000000000e+00	1.18135906118442e+33
2.18000000000000e+00	1.15873027024511e+33
2.19000000000000e+00	1.12793890524180e+33
2.20000000000000e+00	1.09065213579271e+33
2.21000000000000e+00	1.04908148630464e+33
2.22000000000000e+00	1.00573932424812e+33
2.23000000000000e+00	9.62969418659340e+32
2.24000000000000e+00	9.22567073405338e+32
2.25000000000000e+00	8.85497274403909e+32
2.26000000000000e+00	8.51885358361878e+32
2.27000000000000e+00	8.21167479310992e+32
2.28000000000000e+00	7.92398747328599e+32
2.29000000000000e+00	7.64545723731664e+32
2.30000000000000e+00	7.36712721959919e+32
2.31000000000000e+00	7.08208652027025e+32
2.32000000000000e+00	6.78520208950183e+32
2.33000000000000e+00	6.47304347324853e+32
2.34000000000000e+00	6.14484477155567e+32
2.35000000000000e+00	5.80450892366554e+32
2.36000000000000e+00	5.46183055802468e+32
2.37000000000000e+00	5.13211693909198e+32
2.38000000000000e+00	4.83335905494220e+32
2.39000000000000e+00	4.58292991370860e+32
2.40000000000000e+00	4.39519204978697e+32
2.41000000000000e+00	4.28045163811065e+32
2.42000000000000e+00	4.24491693176755e+32
2.43000000000000e+00	4.29100141417724e+32
2.44000000000000e+00	4.41738574877462e+32
2.45000000000000e+00	4.61903785629356e+32
2.46000000000000e+00	4.88814115623546e+32
2.47000000000000e+00	5.21517137874975e+32
2.48000000000000e+00	5.59033401155139e+32
2.49000000000000e+00	6.00394229134244e+32
2.50000000000000e+00	6.44539511503655e+32
2.51000000000000e+00	6.90229778804688e+32
2.52000000000000e+00	7.35949321657274e+32
2.53000000000000e+00	7.79919813322402e+32
2.54000000000000e+00	8.20244428242015e+32
2.55000000000000e+00	8.55165005173107e+32
2.56000000000000e+00	8.83434691532223e+32
2.57000000000000e+00	9.04588514883576e+32
2.58000000000000e+00	9.18937262440876e+32
2.59000000000000e+00	9.27227692561777e+32
2.60000000000000e+00	9.30172138163775e+32
2.61000000000000e+00	9.28111274915049e+32
2.62000000000000e+00	9.20994116798348e+32
2.63000000000000e+00	9.08652380249085e+32
2.64000000000000e+00	8.91102903591078e+32
2.65000000000000e+00	8.68805460808612e+32
2.66000000000000e+00	8.42619827885296e+32
2.67000000000000e+00	8.13615332005195e+32
2.68000000000000e+00	7.82775057804151e+32
2.69000000000000e+00	7.50769200400932e+32
2.70000000000000e+00	7.17835580091763e+32
2.71000000000000e+00	6.83825716889519e+32
2.72000000000000e+00	6.48378491277979e+32
2.73000000000000e+00	6.11172932296985e+32
2.74000000000000e+00	5.72210765500572e+32
2.75000000000000e+00	5.31991669733367e+32
2.76000000000000e+00	4.91495288543802e+32
2.77000000000000e+00	4.51990648875815e+32
2.78000000000000e+00	4.14713188132014e+32
2.79000000000000e+00	3.80559192664884e+32
2.80000000000000e+00	3.49944186477031e+32
2.81000000000000e+00	3.22804283951422e+32
2.82000000000000e+00	2.98750295575875e+32
2.83000000000000e+00	2.77274521233856e+32
2.84000000000000e+00	2.57944033226813e+32
2.85000000000000e+00	2.40553141596110e+32
2.86000000000000e+00	2.25130487723171e+32
2.87000000000000e+00	2.11854831872804e+32
2.88000000000000e+00	2.00885734283637e+32
2.89000000000000e+00	1.92226432080863e+32
2.90000000000000e+00	1.85684897394283e+32
2.91000000000000e+00	1.80922457465914e+32
2.92000000000000e+00	1.77561364758682e+32
2.93000000000000e+00	1.75290719899447e+32
2.94000000000000e+00	1.73939521656025e+32
2.95000000000000e+00	1.73471185710577e+32
2.96000000000000e+00	1.73960826622231e+32
2.97000000000000e+00	1.75525011368196e+32
2.98000000000000e+00	1.78312471565402e+32
2.99000000000000e+00	1.82501103318824e+32
3.00000000000000e+00	1.88327832326545e+32
3.01000000000000e+00	1.96124681470934e+32
3.02000000000000e+00	2.06347050156844e+32
3.03000000000000e+00	2.19566830763072e+32
3.04000000000000e+00	2.36452604191017e+32
3.05000000000000e+00	2.57684649144037e+32
3.06000000000000e+00	2.83853408199266e+32
3.07000000000000e+00	3.15303846709747e+32
3.08000000000000e+00	3.51981780495232e+32
3.09000000000000e+00	3.93282217438955e+32
3.10000000000000e+00	4.38054390915280e+32
3.11000000000000e+00	4.84736135112658e+32
3.12000000000000e+00	5.31572615361173e+32
3.13000000000000e+00	5.76820694862151e+32
3.14000000000000e+00	6.18761888401993e+32
3.15000000000000e+00	6.55712510585317e+32
3.16000000000000e+00	6.86131878585855e+32
3.17000000000000e+00	7.08959326912464e+32
3.18000000000000e+00	7.23995704043709e+32
3.19000000000000e+00	7.32109069642049e+32
3.20000000000000e+00	7.34962312110850e+32
3.21000000000000e+00	7.34455419145650e+32
3.22000000000000e+00	7.32176871724224e+32
3.23000000000000e+00	7.28971642922567e+32
3.24000000000000e+00	7.24876456965222e+32
3.25000000000000e+00	7.19244779701256e+32
3.26000000000000e+00	7.11032043359496e+32
3.27000000000000e+00	6.99136429087340e+32
3.28000000000000e+00	6.82757398867148e+32
3.29000000000000e+00	6.61595748750241e+32
3.30000000000000e+00	6.35919358638123e+32
3.31000000000000e+00	6.06439667950017e+32
3.32000000000000e+00	5.74085945510686e+32
3.33000000000000e+00	5.39755317952028e+32
3.34000000000000e+00	5.04157611428782e+32
3.35000000000000e+00	4.67748063458815e+32
3.36000000000000e+00	4.30782993510387e+32
3.37000000000000e+00	3.93406596705360e+32
3.38000000000000e+00	3.55758528451012e+32
3.39000000000000e+00	3.18077978656681e+32
3.40000000000000e+00	2.80778598674320e+32
3.41000000000000e+00	2.44475755413260e+32
3.42000000000000e+00	2.09925794034931e+32
3.43000000000000e+00	1.77896428572266e+32
3.44000000000000e+00	1.49024124792924e+32
3.45000000000000e+00	1.23711800329914e+32
3.46000000000000e+00	1.02116624096908e+32
3.47000000000000e+00	8.42034073854833e+31
3.48000000000000e+00	6.98131474723066e+31
3.49000000000000e+00	5.87222119691452e+31
3.50000000000000e+00	5.06749214578956e+31
3.51000000000000e+00	4.53969253480371e+31
3.52000000000000e+00	4.25969801882283e+31
3.53000000000000e+00	4.19633656985172e+31
3.54000000000000e+00	4.31621547198609e+31
3.55000000000000e+00	4.58422999112508e+31
3.56000000000000e+00	4.96486800378501e+31
3.57000000000000e+00	5.42395558086792e+31
3.58000000000000e+00	5.93041129794208e+31
3.59000000000000e+00	6.45768995740689e+31
3.60000000000000e+00	6.98551482355759e+31
3.61000000000000e+00	7.50108576104587e+31
3.62000000000000e+00	7.99953420244867e+31
3.63000000000000e+00	8.48272345402570e+31
3.64000000000000e+00	8.95700264694229e+31
3.65000000000000e+00	9.43063954421035e+31
3.66000000000000e+00	9.91166996138070e+31
3.67000000000000e+00	1.04062852722758e+32
3.68000000000000e+00	1.09172743639375e+32
3.69000000000000e+00	1.14420368916454e+32
3.70000000000000e+00	1.19709638717736e+32
3.71000000000000e+00	1.24870320888271e+32
3.72000000000000e+00	1.29678576665538e+32
3.73000000000000e+00	1.33900532700322e+32
3.74000000000000e+00	1.37343470500148e+32
3.75000000000000e+00	1.39899983231033e+32
3.76000000000000e+00	1.41557324721753e+32
3.77000000000000e+00	1.42386790531199e+32
3.78000000000000e+00	1.42515716089135e+32
3.79000000000000e+00	1.42103011696984e+32
3.80000000000000e+00	1.41320297362656e+32
3.81000000000000e+00	1.40340174775689e+32
3.82000000000000e+00	1.39331184336618e+32
3.83000000000000e+00	1.38458191184574e+32
3.84000000000000e+00	1.37884907285294e+32
3.85000000000000e+00	1.37773814513980e+32
3.86000000000000e+00	1.38275940583789e+32
3.87000000000000e+00	1.39500544116402e+32
3.88000000000000e+00	1.41490416102899e+32
3.89000000000000e+00	1.44197511536977e+32
3.90000000000000e+00	1.47483416451986e+32
3.91000000000000e+00	1.51137566099874e+32
3.92000000000000e+00	1.54916641707226e+32
3.93000000000000e+00	1.58577852924108e+32
3.94000000000000e+00	1.61913142712030e+32
3.95000000000000e+00	1.64765174426564e+32
3.96000000000000e+00	1.67014155271187e+32
3.97000000000000e+00	1.68575851185938e+32
3.98000000000000e+00	1.69395578705421e+32
3.99000000000000e+00	1.69448073277536e+32
4.00000000000000e+00	1.68722094573783e+32
4.01000000000000e+00	1.67235718956251e+32
4.02000000000000e+00	1.65047814191294e+32
4.03000000000000e+00	1.62234780352620e+32
4.04000000000000e+00	1.58896583984439e+32
4.05000000000000e+00	1.55115434024813e+32
4.06000000000000e+00	1.50959084257121e+32
4.07000000000000e+00	1.46477105773601e+32
4.08000000000000e+00	1.41704751333918e+32
4.09000000000000e+00	1.36679354948645e+32
4.10000000000000e+00	1.31455211834726e+32
4.11000000000000e+00	1.26098770544607e+32
4.12000000000000e+00	1.20681809250947e+32
4.13000000000000e+00	1.15278827209217e+32
4.14000000000000e+00	1.09964672083106e+32
4.15000000000000e+00	1.04815287062985e+32
4.16000000000000e+00	9.99149676620093e+31
4.17000000000000e+00	9.53425854190678e+31
4.18000000000000e+00	9.11605853447263e+31
4.19000000000000e+00	8.74056383202332e+31
4.20000000000000e+00	8.40797199221404e+31
4.21000000000000e+00	8.11519069047895e+31
4.22000000000000e+00	7.85688085203318e+31
4.23000000000000e+00	7.62604344545711e+31
4.24000000000000e+00	7.41555277466682e+31
4.25000000000000e+00	7.21884354248903e+31
4.26000000000000e+00	7.03020484506719e+31
4.27000000000000e+00	6.84525742429466e+31
4.28000000000000e+00	6.66087070667125e+31
4.29000000000000e+00	6.47551771919468e+31
4.30000000000000e+00	6.28893143534227e+31
4.31000000000000e+00	6.10238331438149e+31
4.32000000000000e+00	5.91801398402405e+31
4.33000000000000e+00	5.73837758193838e+31
4.34000000000000e+00	5.56561852460228e+31
4.35000000000000e+00	5.40081477771341e+31
4.36000000000000e+00	5.24349285400397e+31
4.37000000000000e+00	5.09167740105886e+31
4.38000000000000e+00	4.94218345836648e+31
4.39000000000000e+00	4.79090442141659e+31
4.40000000000000e+00	4.63355903622575e+31
4.41000000000000e+00	4.46637938241615e+31
4.42000000000000e+00	4.28662502572555e+31
4.43000000000000e+00	4.09327822369064e+31
4.44000000000000e+00	3.88707390603727e+31
4.45000000000000e+00	3.67041227819949e+31
4.46000000000000e+00	3.44715505369021e+31
4.47000000000000e+00	3.22192666015856e+31
4.48000000000000e+00	2.99952556774506e+31
4.49000000000000e+00	2.78429578423739e+31
4.50000000000000e+00	2.57981607035496e+31
4.51000000000000e+00	2.38875178892982e+31
4.52000000000000e+00	2.21306966595152e+31
4.53000000000000e+00	2.05459293839617e+31
4.54000000000000e+00	1.91564612333861e+31
4.55000000000000e+00	1.79953882348137e+31
4.56000000000000e+00	1.71073000989561e+31
4.57000000000000e+00	1.65476056572556e+31
4.58000000000000e+00	1.63803811192272e+31
4.59000000000000e+00	1.66751520058407e+31
4.60000000000000e+00	1.75042899337432e+31
4.61000000000000e+00	1.89378853323586e+31
4.62000000000000e+00	2.10366408004258e+31
4.63000000000000e+00	2.38422466315520e+31
4.64000000000000e+00	2.73663972131024e+31
4.65000000000000e+00	3.15807082210329e+31
4.66000000000000e+00	3.64086510771760e+31
4.67000000000000e+00	4.17236213537490e+31
4.68000000000000e+00	4.73524301252003e+31
4.69000000000000e+00	5.30881011947658e+31
4.70000000000000e+00	5.87075586147642e+31
4.71000000000000e+00	6.39965404957873e+31
4.72000000000000e+00	6.87712347615829e+31
4.73000000000000e+00	7.28979302994972e+31
4.74000000000000e+00	7.63060612973866e+31
4.75000000000000e+00	7.89890259149134e+31
4.76000000000000e+00	8.10023717852873e+31
4.77000000000000e+00	8.24483346160826e+31
4.78000000000000e+00	8.34635333219303e+31
4.79000000000000e+00	8.41949240300030e+31
4.80000000000000e+00	8.47855922155147e+31
4.81000000000000e+00	8.53583427587944e+31
4.82000000000000e+00	8.60093571334976e+31
4.83000000000000e+00	8.68059686261288e+31
4.84000000000000e+00	8.77934915706640e+31
4.85000000000000e+00	8.89945332628157e+31
4.86000000000000e+00	9.04132429815593e+31
4.87000000000000e+00	9.20375935436512e+31
4.88000000000000e+00	9.38358366897229e+31
4.89000000000000e+00	9.57612042967123e+31
4.90000000000000e+00	9.77558662057648e+31
4.91000000000000e+00	9.97609734435149e+31
4.92000000000000e+00	1.01720114880398e+32
4.93000000000000e+00	1.03591295087554e+32
4.94000000000000e+00	1.05345695140078e+32
4.95000000000000e+00	1.06965718472576e+32
4.96000000000000e+00	1.08437839486881e+32
4.97000000000000e+00	1.09749807480894e+32
4.98000000000000e+00	1.10882500104641e+32
4.99000000000000e+00	1.11814959206238e+32
5.00000000000000e+00	1.12525928603506e+32
5.01000000000000e+00	1.13002666188714e+32
5.02000000000000e+00	1.13245601608405e+32
5.03000000000000e+00	1.13277586788460e+32
5.04000000000000e+00	1.13143757268628e+32
5.05000000000000e+00	1.12906308761436e+32
5.06000000000000e+00	1.12638484268437e+32
5.07000000000000e+00	1.12404607361976e+32
5.08000000000000e+00	1.12248722346880e+32
5.09000000000000e+00	1.12184789815295e+32
5.10000000000000e+00	1.12192460992777e+32
5.11000000000000e+00	1.12222942107316e+32
5.12000000000000e+00	1.12207026406813e+32
5.13000000000000e+00	1.12059980199531e+32
5.14000000000000e+00	1.11689777842462e+32
5.15000000000000e+00	1.10993186460269e+32
5.16000000000000e+00	1.09860171868804e+32
5.17000000000000e+00	1.08176991931786e+32
5.18000000000000e+00	1.05832146480907e+32
5.19000000000000e+00	1.02732192310431e+32
5.20000000000000e+00	9.88124282034349e+31
5.21000000000000e+00	9.40433657963213e+31
5.22000000000000e+00	8.84405454755419e+31
5.23000000000000e+00	8.20643856910446e+31
5.24000000000000e+00	7.50315157634840e+31
5.25000000000000e+00	6.75176763027006e+31
5.26000000000000e+00	5.97607699798076e+31
5.27000000000000e+00	5.20525353512744e+31
5.28000000000000e+00	4.47168539003868e+31
5.29000000000000e+00	3.80756668888337e+31
5.30000000000000e+00	3.24114721171445e+31
5.31000000000000e+00	2.79359502195004e+31
5.32000000000000e+00	2.47705829315176e+31
5.33000000000000e+00	2.29453475701824e+31
5.34000000000000e+00	2.24056943361799e+31
5.35000000000000e+00	2.30329478870455e+31
5.36000000000000e+00	2.46629416730986e+31
5.37000000000000e+00	2.71048028219922e+31
5.38000000000000e+00	3.01532524213896e+31
5.39000000000000e+00	3.35976021267178e+31
5.40000000000000e+00	3.72263258414249e+31
5.41000000000000e+00	4.08339569839237e+31
5.42000000000000e+00	4.42282285023689e+31
5.43000000000000e+00	4.72386004761025e+31
5.44000000000000e+00	4.97239413592399e+31
5.45000000000000e+00	5.15769406791426e+31
5.46000000000000e+00	5.27286737103568e+31
5.47000000000000e+00	5.31479024473431e+31
5.48000000000000e+00	5.28439533656565e+31
5.49000000000000e+00	5.18639582748009e+31
5.50000000000000e+00	5.02908952167469e+31
5.51000000000000e+00	4.82348616055049e+31
5.52000000000000e+00	4.58240646964333e+31
5.53000000000000e+00	4.31853949704622e+31
5.54000000000000e+00	4.04351819972486e+31
5.55000000000000e+00	3.76666402064577e+31
5.56000000000000e+00	3.49470977394515e+31
5.57000000000000e+00	3.23218872310560e+31
5.58000000000000e+00	2.98199406394421e+31
5.59000000000000e+00	2.74647488916916e+31
5.60000000000000e+00	2.52827130494328e+31
5.61000000000000e+00	2.33107283657678e+31
5.62000000000000e+00	2.16000248806046e+31
5.63000000000000e+00	2.02147419325766e+31
5.64000000000000e+00	1.92272630985787e+31
5.65000000000000e+00	1.87098308174623e+31
5.66000000000000e+00	1.87246086683061e+31
5.67000000000000e+00	1.93142877627604e+31
5.68000000000000e+00	2.04949067267143e+31
5.69000000000000e+00	2.22509490669143e+31
5.70000000000000e+00	2.45326333574437e+31
5.71000000000000e+00	2.72586766007470e+31
5.72000000000000e+00	3.03168930182610e+31
5.73000000000000e+00	3.35721027176607e+31
5.74000000000000e+00	3.68709062383137e+31
5.75000000000000e+00	4.00547390436136e+31
5.76000000000000e+00	4.29761423996694e+31
5.77000000000000e+00	4.55270315438490e+31
5.78000000000000e+00	4.76824459582710e+31
5.79000000000000e+00	4.95477100297358e+31
5.80000000000000e+00	5.14010956511756e+31
5.81000000000000e+00	5.37114725020041e+31
5.82000000000000e+00	5.71089531217156e+31
5.83000000000000e+00	6.22933506616478e+31
5.84000000000000e+00	6.98969598216934e+31
5.85000000000000e+00	8.03120919416218e+31
5.86000000000000e+00	9.35493897290040e+31
5.87000000000000e+00	1.09150695748910e+32
5.88000000000000e+00	1.26219049533812e+32
5.89000000000000e+00	1.43537332534575e+32
5.90000000000000e+00	1.59781748731919e+32
5.91000000000000e+00	1.73737109497527e+32
5.92000000000000e+00	1.84471659264902e+32
5.93000000000000e+00	1.91442611244944e+32
5.94000000000000e+00	1.94500500141285e+32
5.95000000000000e+00	1.93827248749721e+32
5.96000000000000e+00	1.89835031478788e+32
5.97000000000000e+00	1.83052449645645e+32
5.98000000000000e+00	1.74029997794174e+32
5.99000000000000e+00	1.63279820641028e+32
6.00000000000000e+00	1.51253648524344e+32
6.01000000000000e+00	1.38343823706364e+32
6.02000000000000e+00	1.24916176100545e+32
6.03000000000000e+00	1.11331834247531e+32
6.04000000000000e+00	9.79658255047282e+31
6.05000000000000e+00	8.52001566345216e+31
6.06000000000000e+00	7.34101536579235e+31
6.07000000000000e+00	6.29281817094165e+31
6.08000000000000e+00	5.40194874827225e+31
6.09000000000000e+00	4.68589378438909e+31
6.10000000000000e+00	4.15230038378469e+31
6.11000000000000e+00	3.79965212032041e+31
6.12000000000000e+00	3.61806194577809e+31
6.13000000000000e+00	3.59082779874266e+31
6.14000000000000e+00	3.69572074038433e+31
6.15000000000000e+00	3.90638937873256e+31
6.16000000000000e+00	4.19339330564206e+31
6.17000000000000e+00	4.52510153114383e+31
6.18000000000000e+00	4.86920462475540e+31
6.19000000000000e+00	5.19325729034036e+31
6.20000000000000e+00	5.46677105635922e+31
6.21000000000000e+00	5.66244346575337e+31
6.22000000000000e+00	5.75883858049978e+31
6.23000000000000e+00	5.74184789071447e+31
6.24000000000000e+00	5.60723643634078e+31
6.25000000000000e+00	5.36160256677252e+31
6.26000000000000e+00	5.02336090024421e+31
6.27000000000000e+00	4.62244689669969e+31
6.28000000000000e+00	4.19939793748459e+31
6.29000000000000e+00	3.80273248545954e+31
6.30000000000000e+00	3.48561331152676e+31
6.31000000000000e+00	3.30099009906743e+31
6.32000000000000e+00	3.29626125331087e+31
6.33000000000000e+00	3.50847869667990e+31
6.34000000000000e+00	3.96007127288033e+31
6.35000000000000e+00	4.65702564715445e+31
6.36000000000000e+00	5.58909064817567e+31
6.37000000000000e+00	6.73211843089027e+31
6.38000000000000e+00	8.05187059435106e+31
6.39000000000000e+00	9.50889166428678e+31
6.40000000000000e+00	1.10626544902768e+32
6.41000000000000e+00	1.26745135485442e+32
6.42000000000000e+00	1.43107865291390e+32
6.43000000000000e+00	1.59413969496271e+32
6.44000000000000e+00	1.75409098563236e+32
6.45000000000000e+00	1.90859217129191e+32
6.46000000000000e+00	2.05546651844025e+32
6.47000000000000e+00	2.19263329756138e+32
6.48000000000000e+00	2.31783435614897e+32
6.49000000000000e+00	2.42890472204282e+32
6.50000000000000e+00	2.52362505567660e+32
6.51000000000000e+00	2.59993938349919e+32
6.52000000000000e+00	2.65619379488011e+32
6.53000000000000e+00	2.69122245774599e+32
6.54000000000000e+00	2.70470120865632e+32
6.55000000000000e+00	2.69697901334847e+32
6.56000000000000e+00	2.66907309497838e+32
6.57000000000000e+00	2.62240951126235e+32
6.58000000000000e+00	2.55858044618640e+32
6.59000000000000e+00	2.47928662567981e+32
6.60000000000000e+00	2.38616232872751e+32
6.61000000000000e+00	2.28096096795968e+32
6.62000000000000e+00	2.16550362840899e+32
6.63000000000000e+00	2.04183620102051e+32
6.64000000000000e+00	1.91231313124065e+32
6.65000000000000e+00	1.77951908360830e+32
6.66000000000000e+00	1.64630303980711e+32
6.67000000000000e+00	1.51561993156297e+32
6.68000000000000e+00	1.39050079603755e+32
6.69000000000000e+00	1.27379441638434e+32
6.70000000000000e+00	1.16810583203516e+32
6.71000000000000e+00	1.07556771229048e+32
6.72000000000000e+00	9.97744984405205e+31
6.73000000000000e+00	9.35502135057107e+31
6.74000000000000e+00	8.88988392720332e+31
6.75000000000000e+00	8.57735844005382e+31
6.76000000000000e+00	8.40698096128087e+31
6.77000000000000e+00	8.36506026051072e+31
6.78000000000000e+00	8.43592070285452e+31
6.79000000000000e+00	8.60410916055988e+31
6.80000000000000e+00	8.85484815349969e+31
6.81000000000000e+00	9.17551029324356e+31
6.82000000000000e+00	9.55539660084550e+31
6.83000000000000e+00	9.98556999399188e+31
6.84000000000000e+00	1.04586090469661e+32
6.85000000000000e+00	1.09678515602427e+32
6.86000000000000e+00	1.15072166054083e+32
6.87000000000000e+00	1.20707378284809e+32
6.88000000000000e+00	1.26529271725724e+32
6.89000000000000e+00	1.32493443215057e+32
6.90000000000000e+00	1.38566451470357e+32
6.91000000000000e+00	1.44733823779434e+32
6.92000000000000e+00	1.50991537715130e+32
6.93000000000000e+00	1.57353208602328e+32
6.94000000000000e+00	1.63836556764843e+32
6.95000000000000e+00	1.70471297938921e+32
6.96000000000000e+00	1.77281556593598e+32
6.97000000000000e+00	1.84299679320216e+32
6.98000000000000e+00	1.91553051787320e+32
6.99000000000000e+00	1.99068668295916e+32
7.00000000000000e+00	2.06865511047665e+32
7.01000000000000e+00	2.14964809935533e+32
7.02000000000000e+00	2.23379581107658e+32
7.03000000000000e+00	2.32119604331583e+32
7.04000000000000e+00	2.41207551936080e+32
7.05000000000000e+00	2.50671948431226e+32
7.06000000000000e+00	2.60569723234264e+32
7.07000000000000e+00	2.71002931558259e+32
7.08000000000000e+00	2.82120896966316e+32
7.09000000000000e+00	2.94138493441305e+32
7.10000000000000e+00	3.07331638058776e+32
7.11000000000000e+00	3.22028257942275e+32
7.12000000000000e+00	3.38591484678582e+32
7.13000000000000e+00	3.57391171446877e+32
7.14000000000000e+00	3.78733901437166e+32
7.15000000000000e+00	4.02827410289516e+32
7.16000000000000e+00	4.29692397886395e+32
7.17000000000000e+00	4.59103306931710e+32
7.18000000000000e+00	4.90546319006128e+32
7.19000000000000e+00	5.23186667383923e+32
7.20000000000000e+00	5.55865892518404e+32
7.21000000000000e+00	5.87168111160166e+32
7.22000000000000e+00	6.15458105994375e+32
7.23000000000000e+00	6.38995610403492e+32
7.24000000000000e+00	6.56020044349184e+32
7.25000000000000e+00	6.64879040955714e+32
7.26000000000000e+00	6.64155941108227e+32
7.27000000000000e+00	6.52829228136675e+32
7.28000000000000e+00	6.30439975538239e+32
7.29000000000000e+00	5.97248371125149e+32
7.30000000000000e+00	5.54328297751073e+32
7.31000000000000e+00	5.03558955627800e+32
7.32000000000000e+00	4.47483667145244e+32
7.33000000000000e+00	3.89047361674051e+32
7.34000000000000e+00	3.31262114112431e+32
7.35000000000000e+00	2.76865027161754e+32
7.36000000000000e+00	2.28028610326343e+32
7.37000000000000e+00	1.86190370971327e+32
7.38000000000000e+00	1.52006931797124e+32
7.39000000000000e+00	1.25421361500168e+32
7.40000000000000e+00	1.05817836768367e+32
7.41000000000000e+00	9.22109432434425e+31
7.42000000000000e+00	8.34431967686558e+31
7.43000000000000e+00	7.83458251772365e+31
7.44000000000000e+00	7.58629327749948e+31
7.45000000000000e+00	7.51261240504598e+31
7.46000000000000e+00	7.54818898919810e+31
7.47000000000000e+00	7.64856308446936e+31
7.48000000000000e+00	7.78662498138582e+31
7.49000000000000e+00	7.94731879542624e+31
7.50000000000000e+00	8.12224154534061e+31
7.51000000000000e+00	8.30470147678515e+31
7.52000000000000e+00	8.48640384021435e+31
7.53000000000000e+00	8.65617022394641e+31
7.54000000000000e+00	8.80002924170510e+31
7.55000000000000e+00	8.90346157026107e+31
7.56000000000000e+00	8.95400114278790e+31
7.57000000000000e+00	8.94355351663716e+31
7.58000000000000e+00	8.87138156618534e+31
7.59000000000000e+00	8.74513840039985e+31
7.60000000000000e+00	8.58147780518168e+31
7.61000000000000e+00	8.40485154227382e+31
7.62000000000000e+00	8.24483459965644e+31
7.63000000000000e+00	8.13259396788840e+31
7.64000000000000e+00	8.09646188978300e+31
7.65000000000000e+00	8.15789782998496e+31
7.66000000000000e+00	8.32817220201974e+31
7.67000000000000e+00	8.60645361521415e+31
7.68000000000000e+00	8.98012282115160e+31
7.69000000000000e+00	9.42598763366569e+31
7.70000000000000e+00	9.91417117939067e+31
7.71000000000000e+00	1.04108173998182e+32
7.72000000000000e+00	1.08828878682158e+32
7.73000000000000e+00	1.13007254565316e+32
7.74000000000000e+00	1.16415546448432e+32
7.75000000000000e+00	1.18911168688718e+32
7.76000000000000e+00	1.20443337444992e+32
7.77000000000000e+00	1.21059930124887e+32
7.78000000000000e+00	1.20908089431692e+32
7.79000000000000e+00	1.20217985464978e+32
7.80000000000000e+00	1.19294767894079e+32
7.81000000000000e+00	1.18489053185036e+32
7.82000000000000e+00	1.18173437487003e+32
7.83000000000000e+00	1.18714178982927e+32
7.84000000000000e+00	1.20433077800814e+32
7.85000000000000e+00	1.23574010242484e+32
7.86000000000000e+00	1.28263362974357e+32
7.87000000000000e+00	1.34482089245498e+32
7.88000000000000e+00	1.42026385092951e+32
7.89000000000000e+00	1.50502809298646e+32
7.90000000000000e+00	1.59327493360802e+32
7.91000000000000e+00	1.67756221872295e+32
7.92000000000000e+00	1.74929064621951e+32
7.93000000000000e+00	1.79958870357636e+32
7.94000000000000e+00	1.82024574612746e+32
7.95000000000000e+00	1.80498774282177e+32
7.96000000000000e+00	1.75078872091257e+32
7.97000000000000e+00	1.65939192709979e+32
7.98000000000000e+00	1.53849397309246e+32
7.99000000000000e+00	1.40287051115797e+32
8.00000000000000e+00	1.27491123003604e+32
8.01000000000000e+00	1.18418630062831e+32
8.02000000000000e+00	1.16598334451203e+32
8.03000000000000e+00	1.25830924848233e+32
8.04000000000000e+00	1.49756518713340e+32
8.05000000000000e+00	1.91338725865236e+32
8.06000000000000e+00	2.52342452397858e+32
8.07000000000000e+00	3.32927963880213e+32
8.08000000000000e+00	4.31430174093964e+32
8.09000000000000e+00	5.44425141649352e+32
8.10000000000000e+00	6.67011685388615e+32
8.11000000000000e+00	7.93326205946860e+32
8.12000000000000e+00	9.17122709529546e+32
8.13000000000000e+00	1.03229534609206e+33
8.14000000000000e+00	1.13335368206543e+33
8.15000000000000e+00	1.21564469321862e+33
8.16000000000000e+00	1.27550660197248e+33
8.17000000000000e+00	1.31022989248061e+33
8.18000000000000e+00	1.31811374453230e+33
8.19000000000000e+00	1.29854000755996e+33
8.20000000000000e+00	1.25212948434251e+33
8.21000000000000e+00	1.18094639697128e+33
8.22000000000000e+00	1.08859920111674e+33
8.23000000000000e+00	9.80123720317177e+32
8.24000000000000e+00	8.61637344976868e+32
8.25000000000000e+00	7.39815505882585e+32
8.26000000000000e+00	6.21253121642919e+32
8.27000000000000e+00	5.11834111109513e+32
8.28000000000000e+00	4.16297507642829e+32
8.29000000000000e+00	3.37892424156847e+32
8.30000000000000e+00	2.78274759036849e+32
8.31000000000000e+00	2.37648133617487e+32
8.32000000000000e+00	2.14995984732485e+32
8.33000000000000e+00	2.08441448467713e+32
8.34000000000000e+00	2.15619527322877e+32
8.35000000000000e+00	2.34026847236925e+32
8.36000000000000e+00	2.61265640657017e+32
8.37000000000000e+00	2.95252489350013e+32
8.38000000000000e+00	3.34342272169400e+32
8.39000000000000e+00	3.77341207916113e+32
8.40000000000000e+00	4.23559436965897e+32
8.41000000000000e+00	4.72705842642989e+32
8.42000000000000e+00	5.24812465317701e+32
8.43000000000000e+00	5.80117365507694e+32
8.44000000000000e+00	6.38873206767890e+32
8.45000000000000e+00	7.01170499639981e+32
8.46000000000000e+00	7.66811932794666e+32
8.47000000000000e+00	8.35105075060558e+32
8.48000000000000e+00	9.04787675398136e+32
8.49000000000000e+00	9.73968069256871e+32
8.50000000000000e+00	1.04011752281018e+33
8.51000000000000e+00	1.10009698910774e+33
8.52000000000000e+00	1.15035226647917e+33
8.53000000000000e+00	1.18702607637522e+33
8.54000000000000e+00	1.20635333391223e+33
8.55000000000000e+00	1.20497422103922e+33
8.56000000000000e+00	1.18042976816553e+33
8.57000000000000e+00	1.13167992360883e+33
8.58000000000000e+00	1.05940568696286e+33
8.59000000000000e+00	9.66330834581531e+32
8.60000000000000e+00	8.57030248130114e+32
8.61000000000000e+00	7.37549147090094e+32
8.62000000000000e+00	6.14726177184681e+32
8.63000000000000e+00	4.95372158309029e+32
8.64000000000000e+00	3.85486536377328e+32
8.65000000000000e+00	2.89690188855194e+32
8.66000000000000e+00	2.10870679325660e+32
8.67000000000000e+00	1.50216042667322e+32
8.68000000000000e+00	1.07405410369448e+32
8.69000000000000e+00	8.10012532404562e+31
8.70000000000000e+00	6.88578788739483e+31
8.71000000000000e+00	6.85006894671624e+31
8.72000000000000e+00	7.74254519205619e+31
8.73000000000000e+00	9.33049739404637e+31
8.74000000000000e+00	1.14111892979190e+32
8.75000000000000e+00	1.38171473209510e+32
8.76000000000000e+00	1.64170082898456e+32
8.77000000000000e+00	1.91123891204465e+32
8.78000000000000e+00	2.18343606397869e+32
8.79000000000000e+00	2.45382034688306e+32
8.80000000000000e+00	2.71991131771353e+32
8.81000000000000e+00	2.98079059888635e+32
8.82000000000000e+00	3.23659939577173e+32
8.83000000000000e+00	3.48857007935910e+32
8.84000000000000e+00	3.73834127275330e+32
8.85000000000000e+00	3.98817138490981e+32
8.86000000000000e+00	4.24056933070451e+32
8.87000000000000e+00	4.49858397008978e+32
8.88000000000000e+00	4.76569387651103e+32
8.89000000000000e+00	5.04569766188565e+32
8.90000000000000e+00	5.34324179725587e+32
8.91000000000000e+00	5.66306507305370e+32
8.92000000000000e+00	6.01121636647589e+32
8.93000000000000e+00	6.39464591080665e+32
8.94000000000000e+00	6.82180559264520e+32
8.95000000000000e+00	7.30287870221698e+32
8.96000000000000e+00	7.85012143306685e+32
8.97000000000000e+00	8.47906236699160e+32
8.98000000000000e+00	9.20857290719551e+32
8.99000000000000e+00	1.00620328958165e+33
9.00000000000000e+00	1.10678911387833e+33
9.01000000000000e+00	1.22600597607145e+33
9.02000000000000e+00	1.36782212118132e+33
9.03000000000000e+00	1.53672570980499e+33
9.04000000000000e+00	1.73756047434807e+33
9.05000000000000e+00	1.97524972293826e+33
9.06000000000000e+00	2.25451845744358e+33
9.07000000000000e+00	2.57940167219010e+33
9.08000000000000e+00	2.95283025234956e+33
9.09000000000000e+00	3.37615721791047e+33
9.10000000000000e+00	3.84876109300245e+33
9.11000000000000e+00	4.36761602592771e+33
9.12000000000000e+00	4.92671278771419e+33
9.13000000000000e+00	5.51643636807988e+33
9.14000000000000e+00	6.12248457273585e+33
9.15000000000000e+00	6.72511650145998e+33
9.16000000000000e+00	7.29845827459699e+33
9.17000000000000e+00	7.81107681045502e+33
9.18000000000000e+00	8.22781004859160e+33
9.19000000000000e+00	8.51385592577436e+33
9.20000000000000e+00	8.63945072119367e+33
9.21000000000000e+00	8.58550595386737e+33
9.22000000000000e+00	8.34788102495129e+33
9.23000000000000e+00	7.93903765638084e+33
9.24000000000000e+00	7.38669500753334e+33
9.25000000000000e+00	6.72931330183121e+33
9.26000000000000e+00	6.01026448521531e+33
9.27000000000000e+00	5.27150478313059e+33
9.28000000000000e+00	4.54879149395666e+33
9.29000000000000e+00	3.86892651121507e+33
9.30000000000000e+00	3.24927381142069e+33
9.31000000000000e+00	2.69877430582726e+33
9.32000000000000e+00	2.21993506720536e+33
9.33000000000000e+00	1.81073269739354e+33
9.34000000000000e+00	1.46637831912794e+33
9.35000000000000e+00	1.18052690619568e+33
9.36000000000000e+00	9.46148180145377e+32
9.37000000000000e+00	7.56040360648119e+32
9.38000000000000e+00	6.03274282703538e+32
9.39000000000000e+00	4.81400148439437e+32
9.40000000000000e+00	3.84643765181340e+32
9.41000000000000e+00	3.08017802941062e+32
9.42000000000000e+00	2.47323341654266e+32
9.43000000000000e+00	1.99134953159981e+32
9.44000000000000e+00	1.60717196421931e+32
9.45000000000000e+00	1.29927900468717e+32
9.46000000000000e+00	1.05113296497623e+32
9.47000000000000e+00	8.50063593563799e+31
9.48000000000000e+00	6.86395973099173e+31
9.49000000000000e+00	5.52715812597032e+31
9.50000000000000e+00	4.43299907075747e+31
9.51000000000000e+00	3.53675765856144e+31
9.52000000000000e+00	2.80251077391089e+31
9.53000000000000e+00	2.20201489663276e+31
9.54000000000000e+00	1.71230073061856e+31
9.55000000000000e+00	1.31414399421902e+31
9.56000000000000e+00	9.91776377170826e+30
9.57000000000000e+00	7.32303495038661e+30
9.58000000000000e+00	5.25253869181485e+30
9.59000000000000e+00	3.62126214357229e+30
9.60000000000000e+00	2.36141154809631e+30
9.61000000000000e+00	1.41906509321283e+30
9.62000000000000e+00	7.51466988045592e+29
9.63000000000000e+00	3.24503970988312e+29
9.64000000000000e+00	1.10504469338218e+29
9.65000000000000e+00	8.64772152691968e+28
9.66000000000000e+00	2.32808069263256e+29
9.67000000000000e+00	5.32385395818729e+29
9.68000000000000e+00	9.70082457063875e+29
9.69000000000000e+00	1.53248923158919e+30
9.70000000000000e+00	2.20780734809196e+30
9.71000000000000e+00	2.98577087840118e+30
9.72000000000000e+00	3.85752965498211e+30
9.73000000000000e+00	4.81548668639371e+30
9.74000000000000e+00	5.85291907250039e+30
9.75000000000000e+00	6.96400791520496e+30
9.76000000000000e+00	8.14302921847281e+30
9.77000000000000e+00	9.38427488143900e+30
9.78000000000000e+00	1.06820164006670e+31
9.79000000000000e+00	1.20300755376773e+31
9.80000000000000e+00	1.34219691743505e+31
9.81000000000000e+00	1.48510850027515e+31
9.82000000000000e+00	1.63108880919973e+31
9.83000000000000e+00	1.77948095792977e+31
9.84000000000000e+00	1.92971996925418e+31
9.85000000000000e+00	2.08127833684450e+31
9.86000000000000e+00	2.23370894415431e+31
9.87000000000000e+00	2.38672397468527e+31
9.88000000000000e+00	2.54013541162681e+31
9.89000000000000e+00	2.69404210717309e+31
9.90000000000000e+00	2.84915952830783e+31
9.91000000000000e+00	3.00730746886985e+31
9.92000000000000e+00	3.17242427578007e+31
9.93000000000000e+00	3.35167533271464e+31
9.94000000000000e+00	3.55669519581425e+31
9.95000000000000e+00	3.80385342681511e+31
9.96000000000000e+00	4.11330380674999e+31
9.97000000000000e+00	4.50591508394956e+31
9.98000000000000e+00	4.99701320390030e+31
9.99000000000000e+00	5.58660531995736e+31
1.00000000000000e+01	6.24826663628844e+31
1.00100000000000e+01	6.91947873036634e+31
1.00200000000000e+01	7.48922645433629e+31
1.00300000000000e+01	7.80996347767766e+31
1.00400000000000e+01	7.75500111967973e+31
1.00500000000000e+01	7.29685149230793e+31
1.00600000000000e+01	6.53357815316099e+31
1.00700000000000e+01	5.62927142233848e+31
1.00800000000000e+01	4.73020011366487e+31
1.00900000000000e+01	3.92312027669410e+31
1.01000000000000e+01	3.24029514795356e+31
1.01100000000000e+01	2.68095983764913e+31
1.01200000000000e+01	2.22982766775962e+31
1.01300000000000e+01	1.86783507652026e+31
1.01400000000000e+01	1.57706633809030e+31
1.01500000000000e+01	1.34242187621473e+31
1.01600000000000e+01	1.15178822387887e+31
1.01700000000000e+01	9.95722832929500e+30
1.01800000000000e+01	8.66908473005093e+30
1.01900000000000e+01	7.59718982946337e+30
1.02000000000000e+01	6.69821425408792e+30
1.02100000000000e+01	5.93848322179213e+30
1.02200000000000e+01	5.29193477403514e+30
1.02300000000000e+01	4.73805844217643e+30
1.02400000000000e+01	4.26070857221980e+30
1.02500000000000e+01	3.84704982985095e+30
1.02600000000000e+01	3.48673257181184e+30
1.02700000000000e+01	3.17139794735246e+30
1.02800000000000e+01	2.89423759901782e+30
1.02900000000000e+01	2.64961953155639e+30
1.03000000000000e+01	2.43290784895529e+30
1.03100000000000e+01	2.24020562452626e+30
1.03200000000000e+01	2.06825193029552e+30
1.03300000000000e+01	1.91429573656264e+30
1.03400000000000e+01	1.77603386217505e+30
1.03500000000000e+01	1.65148467267436e+30
1.03600000000000e+01	1.53898585490424e+30
1.03700000000000e+01	1.43710104187712e+30
1.03800000000000e+01	1.34461380343508e+30
1.03900000000000e+01	1.26047421841767e+30
1.04000000000000e+01	1.18375809177210e+30
1.04100000000000e+01	1.11366121639650e+30
1.04200000000000e+01	1.04948431621703e+30
1.04300000000000e+01	9.90593029147341e+29
1.04400000000000e+01	9.36422479301724e+29
1.04500000000000e+01	8.86475676089076e+29
1.04600000000000e+01	8.40297426940623e+29
1.04700000000000e+01	7.97489250599139e+29
1.04800000000000e+01	7.57692282671449e+29
1.04900000000000e+01	7.20590745115174e+29
1.05000000000000e+01	6.85912169112442e+29
1.05100000000000e+01	6.53416537472787e+29
1.05200000000000e+01	6.22902466527601e+29
1.05300000000000e+01	5.94201730788341e+29
1.05400000000000e+01	5.67167419511174e+29
1.05500000000000e+01	5.41679513476526e+29
1.05600000000000e+01	5.17633687444772e+29
1.05700000000000e+01	4.94944592379688e+29
1.05800000000000e+01	4.73532413628672e+29
1.05900000000000e+01	4.53330407125228e+29
1.06000000000000e+01	4.34273027526844e+29
1.06100000000000e+01	4.16301689133094e+29
1.06200000000000e+01	3.99356806961462e+29
1.06300000000000e+01	3.83382972223270e+29
1.06400000000000e+01	3.68325183149447e+29
1.06500000000000e+01	3.54129789484926e+29
1.06600000000000e+01	3.40746821681525e+29
1.06700000000000e+01	3.28122746341392e+29
1.06800000000000e+01	3.16209979369766e+29
1.06900000000000e+01	3.04961657521424e+29
1.07000000000000e+01	2.94325141008783e+29
1.07100000000000e+01	2.84258416154890e+29
1.07200000000000e+01	2.74710727690582e+29
1.07300000000000e+01	2.65637771118723e+29
1.07400000000000e+01	2.56993004271999e+29
1.07500000000000e+01	2.48736884658718e+29
1.07600000000000e+01	2.40828466915971e+29
1.07700000000000e+01	2.33233101129250e+29
1.07800000000000e+01	2.25919581296872e+29
1.07900000000000e+01	2.18865071606143e+29
1.08000000000000e+01	2.12051527607830e+29
1.08100000000000e+01	2.05464584536257e+29
1.08200000000000e+01	1.99097880022355e+29
1.08300000000000e+01	1.92948082389214e+29
1.08400000000000e+01	1.87016558095600e+29
1.08500000000000e+01	1.81304910448915e+29
1.08600000000000e+01	1.75816040938549e+29
1.08700000000000e+01	1.70551525396122e+29
1.08800000000000e+01	1.65513343426335e+29
1.08900000000000e+01	1.60699249915601e+29
1.09000000000000e+01	1.56107479489774e+29
1.09100000000000e+01	1.51729768758017e+29
1.09200000000000e+01	1.47559612468903e+29
1.09300000000000e+01	1.43585106557121e+29
1.09400000000000e+01	1.39794857228906e+29
1.09500000000000e+01	1.36175245283786e+29
1.09600000000000e+01	1.32712469893249e+29
1.09700000000000e+01	1.29392666492588e+29
1.09800000000000e+01	1.26202631513569e+29
1.09900000000000e+01	1.23130084649013e+29
1.10000000000000e+01	1.20164939436389e+29
1.10100000000000e+01	1.17296824216636e+29
1.10200000000000e+01	1.14518453391812e+29
1.10300000000000e+01	1.11824553039250e+29
1.10400000000000e+01	1.09209115631398e+29
1.10500000000000e+01	1.06668991478959e+29
1.10600000000000e+01	1.04201043668563e+29
1.10700000000000e+01	1.01804363649198e+29
1.10800000000000e+01	9.94761779961348e+28
1.10900000000000e+01	9.72165295736453e+28
1.11000000000000e+01	9.50239696444551e+28
1.11100000000000e+01	9.28979067327665e+28
1.11200000000000e+01	9.08380588113177e+28
1.11300000000000e+01	8.88437576306947e+28
1.11400000000000e+01	8.69133974649942e+28
1.11500000000000e+01	8.50464328971494e+28
1.11600000000000e+01	8.32404743280128e+28
1.11700000000000e+01	8.14940134503320e+28
1.11800000000000e+01	7.98045383297137e+28
1.11900000000000e+01	7.81690929795462e+28
1.12000000000000e+01	7.65857634692118e+28
1.12100000000000e+01	7.50514692088684e+28
1.12200000000000e+01	7.35633258347725e+28
1.12300000000000e+01	7.21194268734835e+28
1.12400000000000e+01	7.07178346353153e+28
1.12500000000000e+01	6.93555996549182e+28
1.12600000000000e+01	6.80310541868773e+28
1.12700000000000e+01	6.67424060266804e+28
1.12800000000000e+01	6.54879354628916e+28
1.12900000000000e+01	6.42657515905474e+28
1.13000000000000e+01	6.30726757278268e+28
1.13100000000000e+01	6.19077699246246e+28
1.13200000000000e+01	6.07677994352333e+28
1.13300000000000e+01	5.96505461972757e+28
1.13400000000000e+01	5.85544161094239e+28
1.13500000000000e+01	5.74768139694669e+28
1.13600000000000e+01	5.64155306291730e+28
1.13700000000000e+01	5.53696040270269e+28
1.13800000000000e+01	5.43374509556460e+28
1.13900000000000e+01	5.33188044934179e+28
1.14000000000000e+01	5.23133930348052e+28
1.14100000000000e+01	5.13209622970703e+28
1.14200000000000e+01	5.03430726535364e+28
1.14300000000000e+01	4.93797911806780e+28
1.14400000000000e+01	4.84329717426360e+28
1.14500000000000e+01	4.75041422120491e+28
1.14600000000000e+01	4.65946699136611e+28
1.14700000000000e+01	4.57056312203844e+28
1.14800000000000e+01	4.48384826226750e+28
1.14900000000000e+01	4.39939631195391e+28
1.15000000000000e+01	4.31725136580200e+28
1.15100000000000e+01	4.23745418624075e+28
1.15200000000000e+01	4.15993068785287e+28
1.15300000000000e+01	4.08466224683473e+28
1.15400000000000e+01	4.01157905039345e+28
1.15500000000000e+01	3.94063049420749e+28
1.15600000000000e+01	3.87172120645840e+28
1.15700000000000e+01	3.80479908612049e+28
1.15800000000000e+01	3.73974687287427e+28
1.15900000000000e+01	3.67656376212497e+28
1.16000000000000e+01	3.61514265478713e+28
1.16100000000000e+01	3.55549105162270e+28
1.16200000000000e+01	3.49750085457240e+28
1.16300000000000e+01	3.44112894890381e+28
1.16400000000000e+01	3.38632261085106e+28
1.16500000000000e+01	3.33301529872839e+28
1.16600000000000e+01	3.28110965510250e+28
1.16700000000000e+01	3.23053758271385e+28
1.16800000000000e+01	3.18116639865395e+28
1.16900000000000e+01	3.13294117916086e+28
1.17000000000000e+01	3.08575935175272e+28
1.17100000000000e+01	3.03955662067852e+28
1.17200000000000e+01	2.99426159832494e+28
1.17300000000000e+01	2.94985758120380e+28
1.17400000000000e+01	2.90630278461532e+28
1.17500000000000e+01	2.86363428510317e+28
1.17600000000000e+01	2.82185449622083e+28
1.17700000000000e+01	2.78098209586252e+28
1.17800000000000e+01	2.74106820452084e+28
1.17900000000000e+01	2.70211114709209e+28
1.18000000000000e+01	2.66412321733597e+28
1.18100000000000e+01	2.62710862851858e+28
1.18200000000000e+01	2.59101997273771e+28
1.18300000000000e+01	2.55580550806139e+28
1.18400000000000e+01	2.52140099865306e+28
1.18500000000000e+01	2.48771140968717e+28
1.18600000000000e+01	2.45465564671035e+28
1.18700000000000e+01	2.42214047961937e+28
1.18800000000000e+01	2.39006851321267e+28
1.18900000000000e+01	2.35837890397968e+28
1.19000000000000e+01	2.32702060570586e+28
1.19100000000000e+01	2.29598352159495e+28
1.19200000000000e+01	2.26527086626587e+28
1.19300000000000e+01	2.23491344783697e+28
1.19400000000000e+01	2.20494647726374e+28
1.19500000000000e+01	2.17544433227683e+28
1.19600000000000e+01	2.14645724042811e+28
1.19700000000000e+01	2.11803103734736e+28
1.19800000000000e+01	2.09024336601993e+28
1.19900000000000e+01	2.06310394702976e+28
1.20000000000000e+01	2.03661273149484e+28
1.20100000000000e+01	2.01073549419082e+28
1.20200000000000e+01	1.98545241251632e+28
1.20300000000000e+01	1.96067753100815e+28
1.20400000000000e+01	1.93635565393841e+28
1.20500000000000e+01	1.91239383184553e+28
1.20600000000000e+01	1.88869726597386e+28
1.20700000000000e+01	1.86522569311327e+28
1.20800000000000e+01	1.84190433661028e+28
1.20900000000000e+01	1.81870153968556e+28
1.21000000000000e+01	1.79560461178902e+28
1.21100000000000e+01	1.77259950991791e+28
1.21200000000000e+01	1.74972317148006e+28
1.21300000000000e+01	1.72699063142236e+28
1.21400000000000e+01	1.70444046006595e+28
1.21500000000000e+01	1.68211860658836e+28
1.21600000000000e+01	1.66006744854256e+28
1.21700000000000e+01	1.63832545471256e+28
1.21800000000000e+01	1.61692923569964e+28
1.21900000000000e+01	1.59588702938314e+28
1.22000000000000e+01	1.57524245117826e+28
1.22100000000000e+01	1.55501375889548e+28
1.22200000000000e+01	1.53519276397971e+28
1.22300000000000e+01	1.51579189592165e+28
1.22400000000000e+01	1.49681559802536e+28
1.22500000000000e+01	1.47827559325199e+28
1.22600000000000e+01	1.46015481907107e+28
1.22700000000000e+01	1.44246613268800e+28
1.22800000000000e+01	1.42521612787447e+28
1.22900000000000e+01	1.40839634389312e+28
1.23000000000000e+01	1.39202420238176e+28
1.23100000000000e+01	1.37609313272730e+28
1.23200000000000e+01	1.36060110814893e+28
1.23300000000000e+01	1.34556115630820e+28
1.23400000000000e+01	1.33094873763021e+28
1.23500000000000e+01	1.31674538176999e+28
1.23600000000000e+01	1.30293569372980e+28
1.23700000000000e+01	1.28949446662657e+28
1.23800000000000e+01	1.27636959144808e+28
1.23900000000000e+01	1.26353368601555e+28
1.24000000000000e+01	1.25094700305506e+28
1.24100000000000e+01	1.23855547013720e+28
1.24200000000000e+01	1.22633587176777e+28
1.24300000000000e+01	1.21424757610602e+28
1.24400000000000e+01	1.20226623003334e+28
1.24500000000000e+01	1.19035807757618e+28
1.24600000000000e+01	1.17851664795777e+28
1.24700000000000e+01	1.16672964928456e+28
1.24800000000000e+01	1.15497957949946e+28
1.24900000000000e+01	1.14327095406583e+28
1.25000000000000e+01	1.13160975673960e+28
1.25100000000000e+01	1.11997531201608e+28
1.25200000000000e+01	1.10838918804924e+28
1.25300000000000e+01	1.09685153649899e+28
1.25400000000000e+01	1.08536444385290e+28
1.25500000000000e+01	1.07393987816523e+28
1.25600000000000e+01	1.06258819814662e+28
1.25700000000000e+01	1.05132515702044e+28
1.25800000000000e+01	1.04016657203371e+28
1.25900000000000e+01	1.02912592580480e+28
1.26000000000000e+01	1.01821210994107e+28
1.26100000000000e+01	1.00745136331326e+28
1.26200000000000e+01	9.96849563061618e+27
1.26300000000000e+01	9.86416152812602e+27
1.26400000000000e+01	9.76170737436922e+27
1.26500000000000e+01	9.66098985064912e+27
1.26600000000000e+01	9.56207164591228e+27
1.26700000000000e+01	9.46490332103930e+27
1.26800000000000e+01	9.36944686381213e+27
1.26900000000000e+01	9.27553961017611e+27
1.27000000000000e+01	9.18315390689344e+27
1.27100000000000e+01	9.09213395731356e+27
1.27200000000000e+01	9.00243084502230e+27
1.27300000000000e+01	8.91393262201913e+27
1.27400000000000e+01	8.82663624903815e+27
1.27500000000000e+01	8.74044730258109e+27
1.27600000000000e+01	8.65540057477664e+27
1.27700000000000e+01	8.57150706069380e+27
1.27800000000000e+01	8.48879770154523e+27
1.27900000000000e+01	8.40723702800344e+27
1.28000000000000e+01	8.32688697453520e+27
1.28100000000000e+01	8.24778721779410e+27
1.28200000000000e+01	8.17002416498495e+27
1.28300000000000e+01	8.09351355231471e+27
1.28400000000000e+01	8.01839420105668e+27
1.28500000000000e+01	7.94460957837931e+27
1.28600000000000e+01	7.87207640786434e+27
1.28700000000000e+01	7.80086686439106e+27
1.28800000000000e+01	7.73092602459270e+27
1.28900000000000e+01	7.66214134900562e+27
1.29000000000000e+01	7.59452970600174e+27
1.29100000000000e+01	7.52787382984927e+27
1.29200000000000e+01	7.46215163402524e+27
1.29300000000000e+01	7.39727276865654e+27
1.29400000000000e+01	7.33306307193401e+27
1.29500000000000e+01	7.26938139976015e+27
1.29600000000000e+01	7.20610519908600e+27
1.29700000000000e+01	7.14303788155754e+27
1.29800000000000e+01	7.08013343024463e+27
1.29900000000000e+01	7.01714866529883e+27
1.30000000000000e+01	6.95405404897239e+27
1.30100000000000e+01	6.89075798515721e+27
1.30200000000000e+01	6.82721061971295e+27
1.30300000000000e+01	6.76347025965741e+27
1.30400000000000e+01	6.69965307120087e+27
1.30500000000000e+01	6.63582702100137e+27
1.30600000000000e+01	6.57217564049391e+27
1.30700000000000e+01	6.50889894750910e+27
1.30800000000000e+01	6.44620819447687e+27
1.30900000000000e+01	6.38432644767393e+27
1.31000000000000e+01	6.32342862727154e+27
1.31100000000000e+01	6.26361932651296e+27
1.31200000000000e+01	6.20500258151092e+27
1.31300000000000e+01	6.14766057793032e+27
1.31400000000000e+01	6.09151971062216e+27
1.31500000000000e+01	6.03651475718788e+27
1.31600000000000e+01	5.98255183994989e+27
1.31700000000000e+01	5.92953639550068e+27
1.31800000000000e+01	5.87723334793829e+27
1.31900000000000e+01	5.82556438221787e+27
1.32000000000000e+01	5.77440050014968e+27
1.32100000000000e+01	5.72354477491394e+27
1.32200000000000e+01	5.67297454201980e+27
1.32300000000000e+01	5.62258518362674e+27
1.32400000000000e+01	5.57239549022992e+27
1.32500000000000e+01	5.52238032930079e+27
1.32600000000000e+01	5.47255593279561e+27
1.32700000000000e+01	5.42298196231597e+27
1.32800000000000e+01	5.37377843421946e+27
1.32900000000000e+01	5.32495603354223e+27
1.33000000000000e+01	5.27662586788177e+27
1.33100000000000e+01	5.22884315729135e+27
1.33200000000000e+01	5.18171115949610e+27
1.33300000000000e+01	5.13524199098624e+27
1.33400000000000e+01	5.08951486021464e+27
1.33500000000000e+01	5.04451184723400e+27
1.33600000000000e+01	5.00030812565265e+27
1.33700000000000e+01	4.95682017377946e+27
1.33800000000000e+01	4.91412526916947e+27
1.33900000000000e+01	4.87216617119301e+27
1.34000000000000e+01	4.83091504832544e+27
1.34100000000000e+01	4.79038452172486e+27
1.34200000000000e+01	4.75052083553528e+27
1.34300000000000e+01	4.71126593504344e+27
1.34400000000000e+01	4.67262831532240e+27
1.34500000000000e+01	4.63450990632276e+27
1.34600000000000e+01	4.59691117909005e+27
1.34700000000000e+01	4.55970517364014e+27
1.34800000000000e+01	4.52290170961429e+27
1.34900000000000e+01	4.48647469126714e+27
1.35000000000000e+01	4.45033633970273e+27
1.35100000000000e+01	4.41446560096685e+27
1.35200000000000e+01	4.37885167202794e+27
1.35300000000000e+01	4.34341244061958e+27
1.35400000000000e+01	4.30823275441715e+27
1.35500000000000e+01	4.27318904826144e+27
1.35600000000000e+01	4.23836772667118e+27
1.35700000000000e+01	4.20373158940437e+27
1.35800000000000e+01	4.16925724414962e+27
1.35900000000000e+01	4.13500942853024e+27
1.36000000000000e+01	4.10092331718763e+27
1.36100000000000e+01	4.06707866709371e+27
1.36200000000000e+01	4.03346062339558e+27
1.36300000000000e+01	4.00012596935868e+27
1.36400000000000e+01	3.96707289577180e+27
1.36500000000000e+01	3.93431966442234e+27
1.36600000000000e+01	3.90193924620655e+27
1.36700000000000e+01	3.86991179665667e+27
1.36800000000000e+01	3.83829746762312e+27
1.36900000000000e+01	3.80707063571500e+27
1.37000000000000e+01	3.77624152504762e+27
1.37100000000000e+01	3.74583413675741e+27
1.37200000000000e+01	3.71582053489731e+27
1.37300000000000e+01	3.68618729968379e+27
1.37400000000000e+01	3.65696827565219e+27
1.37500000000000e+01	3.62816728624455e+27
1.37600000000000e+01	3.59975050066464e+27
1.37700000000000e+01	3.57176171625477e+27
1.37800000000000e+01	3.54424112279674e+27
1.37900000000000e+01	3.51718250188243e+27
1.38000000000000e+01	3.49059794193422e+27
1.38100000000000e+01	3.46454893093067e+27
1.38200000000000e+01	3.43899690870266e+27
1.38300000000000e+01	3.41397603847206e+27
1.38400000000000e+01	3.38946054754687e+27
1.38500000000000e+01	3.36540519152891e+27
1.38600000000000e+01	3.34181896326297e+27
1.38700000000000e+01	3.31862182060756e+27
1.38800000000000e+01	3.29580071151021e+27
1.38900000000000e+01	3.27329669989609e+27
1.39000000000000e+01	3.25104623038464e+27
1.39100000000000e+01	3.22903607970235e+27
1.39200000000000e+01	3.20721248177758e+27
1.39300000000000e+01	3.18557675833093e+27
1.39400000000000e+01	3.16407390490197e+27
1.39500000000000e+01	3.14271926256506e+27
1.39600000000000e+01	3.12149454170988e+27
1.39700000000000e+01	3.10038716954004e+27
1.39800000000000e+01	3.07944543464687e+27
1.39900000000000e+01	3.05863768676867e+27
1.40000000000000e+01	3.03800710432605e+27
1.40100000000000e+01	3.01754180942914e+27
1.40200000000000e+01	2.99724634548183e+27
1.40300000000000e+01	2.97714546301496e+27
1.40400000000000e+01	2.95724754188666e+27
1.40500000000000e+01	2.93751935782999e+27
1.40600000000000e+01	2.91796764424869e+27
1.40700000000000e+01	2.89861021826132e+27
1.40800000000000e+01	2.87940412909269e+27
1.40900000000000e+01	2.86034358135756e+27
1.41000000000000e+01	2.84145910271979e+27
1.41100000000000e+01	2.82269830655411e+27
1.41200000000000e+01	2.80407519570858e+27
1.41300000000000e+01	2.78559039382545e+27
1.41400000000000e+01	2.76718147938066e+27
1.41500000000000e+01	2.74888114931695e+27
1.41600000000000e+01	2.73067208432825e+27
1.41700000000000e+01	2.71253294879470e+27
1.41800000000000e+01	2.69444119077539e+27
1.41900000000000e+01	2.67641372362465e+27
1.42000000000000e+01	2.65844090161888e+27
1.42100000000000e+01	2.64047688318211e+27
1.42200000000000e+01	2.62258832979571e+27
1.42300000000000e+01	2.60471622616433e+27
1.42400000000000e+01	2.58690506503747e+27
1.42500000000000e+01	2.56916871481417e+27
1.42600000000000e+01	2.55151007054924e+27
1.42700000000000e+01	2.53392868222470e+27
1.42800000000000e+01	2.51646617901964e+27
1.42900000000000e+01	2.49911506036262e+27
1.43000000000000e+01	2.48191109877921e+27
1.43100000000000e+01	2.46484142567128e+27
1.43200000000000e+01	2.44793477113030e+27
1.43300000000000e+01	2.43117101478193e+27
1.43400000000000e+01	2.41455366782402e+27
1.43500000000000e+01	2.39810204005266e+27
1.43600000000000e+01	2.38178177953630e+27
1.43700000000000e+01	2.36560950658653e+27
1.43800000000000e+01	2.34955727246312e+27
1.43900000000000e+01	2.33362824590606e+27
1.44000000000000e+01	2.31781074479585e+27
1.44100000000000e+01	2.30210375170619e+27
1.44200000000000e+01	2.28648500220036e+27
1.44300000000000e+01	2.27095259135250e+27
1.44400000000000e+01	2.25552355913987e+27
1.44500000000000e+01	2.24017968513653e+27
1.44600000000000e+01	2.22493204173528e+27
1.44700000000000e+01	2.20976967148643e+27
1.44800000000000e+01	2.19469614448285e+27
1.44900000000000e+01	2.17970624778475e+27
1.45000000000000e+01	2.16480935589609e+27
1.45100000000000e+01	2.14998044844000e+27
1.45200000000000e+01	2.13522492308100e+27
1.45300000000000e+01	2.12054768798439e+27
1.45400000000000e+01	2.10594686891300e+27
1.45500000000000e+01	2.09142543683261e+27
1.45600000000000e+01	2.07698014914498e+27
1.45700000000000e+01	2.06263209936563e+27
1.45800000000000e+01	2.04838300621858e+27
1.45900000000000e+01	2.03426288223418e+27
1.46000000000000e+01	2.02026237650351e+27
1.46100000000000e+01	2.00639960884407e+27
1.46200000000000e+01	1.99271120965761e+27
1.46300000000000e+01	1.97918531083346e+27
1.46400000000000e+01	1.96584346720624e+27
1.46500000000000e+01	1.95267006321871e+27
1.46600000000000e+01	1.93967696838344e+27
1.46700000000000e+01	1.92684025862834e+27
1.46800000000000e+01	1.91416518542288e+27
1.46900000000000e+01	1.90161310122673e+27
1.47000000000000e+01	1.88917260214664e+27
1.47100000000000e+01	1.87684316388016e+27
1.47200000000000e+01	1.86458973164480e+27
1.47300000000000e+01	1.85241629033046e+27
1.47400000000000e+01	1.84029316513105e+27
1.47500000000000e+01	1.82822890651782e+27
1.47600000000000e+01	1.81619897660653e+27
1.47700000000000e+01	1.80419600186676e+27
1.47800000000000e+01	1.79223437408817e+27
1.47900000000000e+01	1.78030957347224e+27
1.48000000000000e+01	1.76838834408503e+27
1.48100000000000e+01	1.75651738945133e+27
1.48200000000000e+01	1.74465043391475e+27
1.48300000000000e+01	1.73283455265916e+27
1.48400000000000e+01	1.72102541819114e+27
1.48500000000000e+01	1.70925193132658e+27
1.48600000000000e+01	1.69752549412081e+27
1.48700000000000e+01	1.68582574828848e+27
1.48800000000000e+01	1.67416902887850e+27
1.48900000000000e+01	1.66258362291273e+27
1.49000000000000e+01	1.65105763958837e+27
1.49100000000000e+01	1.63963956186556e+27
1.49200000000000e+01	1.62832680804399e+27
1.49300000000000e+01	1.61714543771604e+27
1.49400000000000e+01	1.60613831127376e+27
1.49500000000000e+01	1.59532098683782e+27
1.49600000000000e+01	1.58469162078767e+27
1.49700000000000e+01	1.57429867951735e+27
1.49800000000000e+01	1.56410811245677e+27
1.49900000000000e+01	1.55416247783408e+27
1.50000000000000e+01	1.54440941673653e+27
1.50100000000000e+01	1.53486166029248e+27
1.50200000000000e+01	1.52548938738188e+27
1.50300000000000e+01	1.51625403900777e+27
1.50400000000000e+01	1.50716113615560e+27
1.50500000000000e+01	1.49816830215722e+27
1.50600000000000e+01	1.48925045592421e+27
1.50700000000000e+01	1.48039213012048e+27
1.50800000000000e+01	1.47160469311540e+27
1.50900000000000e+01	1.46287343525516e+27
1.51000000000000e+01	1.45418764692481e+27
1.51100000000000e+01	1.44554697110124e+27
1.51200000000000e+01	1.43697222488345e+27
1.51300000000000e+01	1.42845422540714e+27
1.51400000000000e+01	1.41999825288247e+27
1.51500000000000e+01	1.41160415698748e+27
1.51600000000000e+01	1.40326064960755e+27
1.51700000000000e+01	1.39497858342507e+27
1.51800000000000e+01	1.38675138900941e+27
1.51900000000000e+01	1.37854741220192e+27
1.52000000000000e+01	1.37039072972003e+27
1.52100000000000e+01	1.36224287166384e+27
1.52200000000000e+01	1.35411385445592e+27
1.52300000000000e+01	1.34599631825064e+27
1.52400000000000e+01	1.33787727654109e+27
1.52500000000000e+01	1.32975477689024e+27
1.52600000000000e+01	1.32164105845502e+27
1.52700000000000e+01	1.31352373213407e+27
1.52800000000000e+01	1.30542827997655e+27
1.52900000000000e+01	1.29734666197432e+27
1.53000000000000e+01	1.28929545050395e+27
1.53100000000000e+01	1.28129504531252e+27
1.53200000000000e+01	1.27335025850961e+27
1.53300000000000e+01	1.26547929098794e+27
1.53400000000000e+01	1.25769114507568e+27
1.53500000000000e+01	1.24999925563565e+27
1.53600000000000e+01	1.24240378009025e+27
1.53700000000000e+01	1.23490938092248e+27
1.53800000000000e+01	1.22752200641310e+27
1.53900000000000e+01	1.22024191988930e+27
1.54000000000000e+01	1.21306756975782e+27
1.54100000000000e+01	1.20598902266221e+27
1.54200000000000e+01	1.19899872773985e+27
1.54300000000000e+01	1.19210644604394e+27
1.54400000000000e+01	1.18529565780593e+27
1.54500000000000e+01	1.17854657154340e+27
1.54600000000000e+01	1.17187044150696e+27
1.54700000000000e+01	1.16523320852448e+27
1.54800000000000e+01	1.15864317571863e+27
1.54900000000000e+01	1.15208875467314e+27
1.55000000000000e+01	1.14554293143432e+27
1.55100000000000e+01	1.13902871341418e+27
1.55200000000000e+01	1.13251344620953e+27
1.55300000000000e+01	1.12600818451403e+27
1.55400000000000e+01	1.11951642554011e+27
1.55500000000000e+01	1.11303048304674e+27
1.55600000000000e+01	1.10656123165920e+27
1.55700000000000e+01	1.10012095264716e+27
1.55800000000000e+01	1.09370586377643e+27
1.55900000000000e+01	1.08733483041606e+27
1.56000000000000e+01	1.08101634728600e+27
1.56100000000000e+01	1.07475728302273e+27
1.56200000000000e+01	1.06856983459469e+27
1.56300000000000e+01	1.06245424397403e+27
1.56400000000000e+01	1.05641909383483e+27
1.56500000000000e+01	1.05046450873849e+27
1.56600000000000e+01	1.04458616711440e+27
1.56700000000000e+01	1.03879720541423e+27
1.56800000000000e+01	1.03308393134807e+27
1.56900000000000e+01	1.02745039606328e+27
1.57000000000000e+01	1.02188978925091e+27
1.57100000000000e+01	1.01638859817197e+27
1.57200000000000e+01	1.01095411417934e+27
1.57300000000000e+01	1.00556551203165e+27
1.57400000000000e+01	1.00022353189266e+27
1.57500000000000e+01	9.94911042257437e+26
1.57600000000000e+01	9.89623638527373e+26
1.57700000000000e+01	9.84358254835167e+26
1.57800000000000e+01	9.79100689779092e+26
1.57900000000000e+01	9.73843888137439e+26
1.58000000000000e+01	9.68593924845743e+26
1.58100000000000e+01	9.63345877684939e+26
1.58200000000000e+01	9.58077752059671e+26
1.58300000000000e+01	9.52815896576323e+26
1.58400000000000e+01	9.47530853221519e+26
1.58500000000000e+01	9.42238540586553e+26
1.58600000000000e+01	9.36931776936083e+26
1.58700000000000e+01	9.31619164063449e+26
1.58800000000000e+01	9.26295590229538e+26
1.58900000000000e+01	9.20969028987277e+26
1.59000000000000e+01	9.15636890297410e+26
1.59100000000000e+01	9.10303653701310e+26
1.59200000000000e+01	9.04988735577648e+26
1.59300000000000e+01	8.99691889602404e+26
1.59400000000000e+01	8.94418590685386e+26
1.59500000000000e+01	8.89187533040056e+26
1.59600000000000e+01	8.83996201316435e+26
1.59700000000000e+01	8.78862621902814e+26
1.59800000000000e+01	8.73780300601142e+26
1.59900000000000e+01	8.68751294233641e+26
1.60000000000000e+01	8.63784218576839e+26
1.60100000000000e+01	8.58869009701938e+26
1.60200000000000e+01	8.54011367050522e+26
1.60300000000000e+01	8.49199010812210e+26
1.60400000000000e+01	8.44428526818840e+26
1.60500000000000e+01	8.39704666689599e+26
1.60600000000000e+01	8.35017890649954e+26
1.60700000000000e+01	8.30374742900755e+26
1.60800000000000e+01	8.25759396216924e+26
1.60900000000000e+01	8.21196877572375e+26
1.61000000000000e+01	8.16664142295163e+26
1.61100000000000e+01	8.12178533128340e+26
1.61200000000000e+01	8.07740372907640e+26
1.61300000000000e+01	8.03333426624586e+26
1.61400000000000e+01	7.98971851701465e+26
1.61500000000000e+01	7.94652772359159e+26
1.61600000000000e+01	7.90364485196581e+26
1.61700000000000e+01	7.86102102412683e+26
1.61800000000000e+01	7.81868022649639e+26
1.61900000000000e+01	7.77648836823514e+26
1.62000000000000e+01	7.73439506789718e+26
1.62100000000000e+01	7.69242996839936e+26
1.62200000000000e+01	7.65048497918032e+26
1.62300000000000e+01	7.60862006875702e+26
1.62400000000000e+01	7.56668952037749e+26
1.62500000000000e+01	7.52494082790166e+26
1.62600000000000e+01	7.48318876391027e+26
1.62700000000000e+01	7.44163688416967e+26
1.62800000000000e+01	7.40035054505766e+26
1.62900000000000e+01	7.35923931088262e+26
1.63000000000000e+01	7.31850463648408e+26
1.63100000000000e+01	7.27818071945990e+26
1.63200000000000e+01	7.23820551680152e+26
1.63300000000000e+01	7.19856198830820e+26
1.63400000000000e+01	7.15921054283313e+26
1.63500000000000e+01	7.12015465561077e+26
1.63600000000000e+01	7.08131776526543e+26
1.63700000000000e+01	7.04247495851530e+26
1.63800000000000e+01	7.00369666967644e+26
1.63900000000000e+01	6.96493766901130e+26
1.64000000000000e+01	6.92603999564935e+26
1.64100000000000e+01	6.88723126551971e+26
1.64200000000000e+01	6.84835975349966e+26
1.64300000000000e+01	6.80965338552612e+26
1.64400000000000e+01	6.77115079558888e+26
1.64500000000000e+01	6.73304764969090e+26
1.64600000000000e+01	6.69532249971673e+26
1.64700000000000e+01	6.65828282437810e+26
1.64800000000000e+01	6.62180744382518e+26
1.64900000000000e+01	6.58607517437278e+26
1.65000000000000e+01	6.55110642238111e+26
1.65100000000000e+01	6.51675128055859e+26
1.65200000000000e+01	6.48311156396170e+26
1.65300000000000e+01	6.45013789814302e+26
1.65400000000000e+01	6.41771334189350e+26
1.65500000000000e+01	6.38579443751893e+26
1.65600000000000e+01	6.35434982492441e+26
1.65700000000000e+01	6.32342670159551e+26
1.65800000000000e+01	6.29296225502528e+26
1.65900000000000e+01	6.26303948442081e+26
1.66000000000000e+01	6.23355158755866e+26
1.66100000000000e+01	6.20471879945192e+26
1.66200000000000e+01	6.17637235309159e+26
1.66300000000000e+01	6.14864606356405e+26
1.66400000000000e+01	6.12146840315984e+26
1.66500000000000e+01	6.09487554144684e+26
1.66600000000000e+01	6.06875018307669e+26
1.66700000000000e+01	6.04302367586743e+26
1.66800000000000e+01	6.01767842619225e+26
1.66900000000000e+01	5.99256241357275e+26
1.67000000000000e+01	5.96758521658004e+26
1.67100000000000e+01	5.94272739758703e+26
1.67200000000000e+01	5.91786022930215e+26
1.67300000000000e+01	5.89293145405171e+26
1.67400000000000e+01	5.86796960602347e+26
1.67500000000000e+01	5.84290026810681e+26
1.67600000000000e+01	5.81771884527314e+26
1.67700000000000e+01	5.79249559060028e+26
1.67800000000000e+01	5.76718061286736e+26
1.67900000000000e+01	5.74183858083577e+26
1.68000000000000e+01	5.71635651252071e+26
1.68100000000000e+01	5.69084420205091e+26
1.68200000000000e+01	5.66529026120563e+26
1.68300000000000e+01	5.63961300062772e+26
1.68400000000000e+01	5.61378924444537e+26
1.68500000000000e+01	5.58779998993538e+26
1.68600000000000e+01	5.56168486081850e+26
1.68700000000000e+01	5.53537792665674e+26
1.68800000000000e+01	5.50888540987967e+26
1.68900000000000e+01	5.48228546266867e+26
1.69000000000000e+01	5.45555834714175e+26
1.69100000000000e+01	5.42881266425079e+26
1.69200000000000e+01	5.40199832278155e+26
1.69300000000000e+01	5.37536027506005e+26
1.69400000000000e+01	5.34880252650231e+26
1.69500000000000e+01	5.32251852863499e+26
1.69600000000000e+01	5.29652145628601e+26
1.69700000000000e+01	5.27087298052171e+26
1.69800000000000e+01	5.24567130620872e+26
1.69900000000000e+01	5.22088769937332e+26
1.70000000000000e+01	5.19652649146169e+26
1.70100000000000e+01	5.17262912029394e+26
1.70200000000000e+01	5.14910708633346e+26
1.70300000000000e+01	5.12596966985769e+26
1.70400000000000e+01	5.10304644808603e+26
1.70500000000000e+01	5.08038681590438e+26
1.70600000000000e+01	5.05792454807591e+26
1.70700000000000e+01	5.03549153756752e+26
1.70800000000000e+01	5.01314486239447e+26
1.70900000000000e+01	4.99084269140666e+26
1.71000000000000e+01	4.96844523044570e+26
1.71100000000000e+01	4.94604702355545e+26
1.71200000000000e+01	4.92359017221413e+26
1.71300000000000e+01	4.90113589893468e+26
1.71400000000000e+01	4.87864527352193e+26
1.71500000000000e+01	4.85614418737270e+26
1.71600000000000e+01	4.83370988694829e+26
1.71700000000000e+01	4.81131556009672e+26
1.71800000000000e+01	4.78898525987649e+26
1.71900000000000e+01	4.76673888125572e+26
1.72000000000000e+01	4.74464237482511e+26
1.72100000000000e+01	4.72265389455071e+26
1.72200000000000e+01	4.70082964600800e+26
1.72300000000000e+01	4.67906937767568e+26
1.72400000000000e+01	4.65752619632924e+26
1.72500000000000e+01	4.63605126579699e+26
1.72600000000000e+01	4.61474602905614e+26
1.72700000000000e+01	4.59356495498363e+26
1.72800000000000e+01	4.57251646720968e+26
1.72900000000000e+01	4.55165825561920e+26
1.73000000000000e+01	4.53094640074030e+26
1.73100000000000e+01	4.51038671856823e+26
1.73200000000000e+01	4.48997994877069e+26
1.73300000000000e+01	4.46977152552478e+26
1.73400000000000e+01	4.44970136515795e+26
1.73500000000000e+01	4.42980306260004e+26
1.73600000000000e+01	4.41000959449116e+26
1.73700000000000e+01	4.39029841812830e+26
1.73800000000000e+01	4.37065136817079e+26
1.73900000000000e+01	4.35109819640966e+26
1.74000000000000e+01	4.33157564705899e+26
1.74100000000000e+01	4.31207851215718e+26
1.74200000000000e+01	4.29265150567482e+26
1.74300000000000e+01	4.27325060422687e+26
1.74400000000000e+01	4.25388241521267e+26
1.74500000000000e+01	4.23460813699362e+26
1.74600000000000e+01	4.21534248846946e+26
1.74700000000000e+01	4.19623863000008e+26
1.74800000000000e+01	4.17716575880799e+26
1.74900000000000e+01	4.15822443780787e+26
1.75000000000000e+01	4.13937068687021e+26
1.75100000000000e+01	4.12060871367224e+26
1.75200000000000e+01	4.10198493891740e+26
1.75300000000000e+01	4.08345449880067e+26
1.75400000000000e+01	4.06501932664460e+26
1.75500000000000e+01	4.04668425088149e+26
1.75600000000000e+01	4.02850367786674e+26
1.75700000000000e+01	4.01043722020947e+26
1.75800000000000e+01	3.99254493353326e+26
1.75900000000000e+01	3.97474597031048e+26
1.76000000000000e+01	3.95714338854701e+26
1.76100000000000e+01	3.93974570388433e+26
1.76200000000000e+01	3.92246806284216e+26
1.76300000000000e+01	3.90540411489980e+26
1.76400000000000e+01	3.88850489055642e+26
1.76500000000000e+01	3.87181120683559e+26
1.76600000000000e+01	3.85526770275529e+26
1.76700000000000e+01	3.83886282558497e+26
1.76800000000000e+01	3.82258158251276e+26
1.76900000000000e+01	3.80645438363287e+26
1.77000000000000e+01	3.79037848437013e+26
1.77100000000000e+01	3.77447144770330e+26
1.77200000000000e+01	3.75858666414794e+26
1.77300000000000e+01	3.74279897044562e+26
1.77400000000000e+01	3.72705193404781e+26
1.77500000000000e+01	3.71133184532630e+26
1.77600000000000e+01	3.69566744456352e+26
1.77700000000000e+01	3.68000362416146e+26
1.77800000000000e+01	3.66432682774608e+26
1.77900000000000e+01	3.64862637376279e+26
1.78000000000000e+01	3.63293500005308e+26
1.78100000000000e+01	3.61720375672863e+26
1.78200000000000e+01	3.60147334014819e+26
1.78300000000000e+01	3.58566073503277e+26
1.78400000000000e+01	3.56985707582549e+26
1.78500000000000e+01	3.55403216339847e+26
1.78600000000000e+01	3.53824400541745e+26
1.78700000000000e+01	3.52242604446402e+26
1.78800000000000e+01	3.50668290146924e+26
1.78900000000000e+01	3.49103382676439e+26
1.79000000000000e+01	3.47541557661567e+26
1.79100000000000e+01	3.45992806094655e+26
1.79200000000000e+01	3.44454405648695e+26
1.79300000000000e+01	3.42931330682745e+26
1.79400000000000e+01	3.41416137562802e+26
1.79500000000000e+01	3.39916782617694e+26
1.79600000000000e+01	3.38433018405418e+26
1.79700000000000e+01	3.36956074779488e+26
1.79800000000000e+01	3.35493049878897e+26
1.79900000000000e+01	3.34038845580871e+26
1.80000000000000e+01	3.32592197040321e+26
1.80100000000000e+01	3.31155960479074e+26
1.80200000000000e+01	3.29725375353121e+26
1.80300000000000e+01	3.28299752370987e+26
1.80400000000000e+01	3.26878557088872e+26
1.80500000000000e+01	3.25465898217040e+26
1.80600000000000e+01	3.24058142332128e+26
1.80700000000000e+01	3.22655832826955e+26
1.80800000000000e+01	3.21263884382853e+26
1.80900000000000e+01	3.19875604095779e+26
1.81000000000000e+01	3.18499672347819e+26
1.81100000000000e+01	3.17137313131500e+26
1.81200000000000e+01	3.15781719034927e+26
1.81300000000000e+01	3.14441137212989e+26
1.81400000000000e+01	3.13112105826045e+26
1.81500000000000e+01	3.11794688791332e+26
1.81600000000000e+01	3.10492259677014e+26
1.81700000000000e+01	3.09200421777694e+26
1.81800000000000e+01	3.07918157867180e+26
1.81900000000000e+01	3.06648173741451e+26
1.82000000000000e+01	3.05381836954455e+26
1.82100000000000e+01	3.04125583202383e+26
1.82200000000000e+01	3.02874737233663e+26
1.82300000000000e+01	3.01631997578274e+26
1.82400000000000e+01	3.00393304867237e+26
1.82500000000000e+01	2.99158298344070e+26
1.82600000000000e+01	2.97926955837416e+26
1.82700000000000e+01	2.96699452673376e+26
1.82800000000000e+01	2.95480016850490e+26
1.82900000000000e+01	2.94265271020596e+26
1.83000000000000e+01	2.93056031774921e+26
1.83100000000000e+01	2.91856258194836e+26
1.83200000000000e+01	2.90662786654820e+26
1.83300000000000e+01	2.89475770142693e+26
1.83400000000000e+01	2.88295398168560e+26
1.83500000000000e+01	2.87124810754287e+26
1.83600000000000e+01	2.85959877810208e+26
1.83700000000000e+01	2.84800053587200e+26
1.83800000000000e+01	2.83644249058401e+26
1.83900000000000e+01	2.82495118872647e+26
1.84000000000000e+01	2.81344553174499e+26
1.84100000000000e+01	2.80202045245376e+26
1.84200000000000e+01	2.79056414670406e+26
1.84300000000000e+01	2.77913971780776e+26
1.84400000000000e+01	2.76767451113964e+26
1.84500000000000e+01	2.75627145211064e+26
1.84600000000000e+01	2.74482931850344e+26
1.84700000000000e+01	2.73338883319467e+26
1.84800000000000e+01	2.72199153162235e+26
1.84900000000000e+01	2.71061424053967e+26
1.85000000000000e+01	2.69930033536762e+26
1.85100000000000e+01	2.68799587685994e+26
1.85200000000000e+01	2.67678013717433e+26
1.85300000000000e+01	2.66562860186160e+26
1.85400000000000e+01	2.65458440957151e+26
1.85500000000000e+01	2.64358590435717e+26
1.85600000000000e+01	2.63270282786896e+26
1.85700000000000e+01	2.62190122814353e+26
1.85800000000000e+01	2.61121145600681e+26
1.85900000000000e+01	2.60056157668358e+26
1.86000000000000e+01	2.59000976529525e+26
1.86100000000000e+01	2.57951622619920e+26
1.86200000000000e+01	2.56907256645259e+26
1.86300000000000e+01	2.55870452167577e+26
1.86400000000000e+01	2.54837403209776e+26
1.86500000000000e+01	2.53807799529416e+26
1.86600000000000e+01	2.52781371650541e+26
1.86700000000000e+01	2.51761407287690e+26
1.86800000000000e+01	2.50741707748455e+26
1.86900000000000e+01	2.49728902017868e+26
1.87000000000000e+01	2.48723398411514e+26
1.87100000000000e+01	2.47719109122769e+26
1.87200000000000e+01	2.46722666131990e+26
1.87300000000000e+01	2.45731239723225e+26
1.87400000000000e+01	2.44744758963643e+26
1.87500000000000e+01	2.43766425214140e+26
1.87600000000000e+01	2.42789780438045e+26
1.87700000000000e+01	2.41820881398227e+26
1.87800000000000e+01	2.40856136539584e+26
1.87900000000000e+01	2.39898422198727e+26
1.88000000000000e+01	2.38941042492857e+26
1.88100000000000e+01	2.37989880143324e+26
1.88200000000000e+01	2.37041393214817e+26
1.88300000000000e+01	2.36098397557612e+26
1.88400000000000e+01	2.35154632638073e+26
1.88500000000000e+01	2.34216095723819e+26
1.88600000000000e+01	2.33279726296728e+26
1.88700000000000e+01	2.32345615575412e+26
1.88800000000000e+01	2.31416941343884e+26
1.88900000000000e+01	2.30490911826664e+26
1.89000000000000e+01	2.29564706534134e+26
1.89100000000000e+01	2.28647694449070e+26
1.89200000000000e+01	2.27731058292277e+26
1.89300000000000e+01	2.26820971742555e+26
1.89400000000000e+01	2.25914619134512e+26
1.89500000000000e+01	2.25012132875408e+26
1.89600000000000e+01	2.24113436001074e+26
1.89700000000000e+01	2.23221573326276e+26
1.89800000000000e+01	2.22330468875428e+26
1.89900000000000e+01	2.21448975559820e+26
1.90000000000000e+01	2.20568144061855e+26
1.90100000000000e+01	2.19690727229436e+26
1.90200000000000e+01	2.18819534498168e+26
1.90300000000000e+01	2.17951572739218e+26
1.90400000000000e+01	2.17086742292103e+26
1.90500000000000e+01	2.16225117661033e+26
1.90600000000000e+01	2.15369541265898e+26
1.90700000000000e+01	2.14517200033054e+26
1.90800000000000e+01	2.13668180836539e+26
1.90900000000000e+01	2.12822520002977e+26
1.91000000000000e+01	2.11983292768653e+26
1.91100000000000e+01	2.11144825891203e+26
1.91200000000000e+01	2.10312844443867e+26
1.91300000000000e+01	2.09487479392102e+26
1.91400000000000e+01	2.08663065839955e+26
1.91500000000000e+01	2.07845160419873e+26
1.91600000000000e+01	2.07028114763977e+26
1.91700000000000e+01	2.06220226732526e+26
1.91800000000000e+01	2.05412830337867e+26
1.91900000000000e+01	2.04608738904060e+26
1.92000000000000e+01	2.03810351807760e+26
1.92100000000000e+01	2.03014871951591e+26
1.92200000000000e+01	2.02222112824880e+26
1.92300000000000e+01	2.01431986427854e+26
1.92400000000000e+01	2.00647043006154e+26
1.92500000000000e+01	1.99864588034846e+26
1.92600000000000e+01	1.99084515117263e+26
1.92700000000000e+01	1.98306990907858e+26
1.92800000000000e+01	1.97534585949416e+26
1.92900000000000e+01	1.96762094742130e+26
1.93000000000000e+01	1.95994848996739e+26
1.93100000000000e+01	1.95230282578132e+26
1.93200000000000e+01	1.94471178896509e+26
1.93300000000000e+01	1.93712128771054e+26
1.93400000000000e+01	1.92958549838228e+26
1.93500000000000e+01	1.92207802370763e+26
1.93600000000000e+01	1.91459959679392e+26
1.93700000000000e+01	1.90714966305971e+26
1.93800000000000e+01	1.89975496247889e+26
1.93900000000000e+01	1.89238905490121e+26
1.94000000000000e+01	1.88505120019366e+26
1.94100000000000e+01	1.87774237751732e+26
1.94200000000000e+01	1.87046119560621e+26
1.94300000000000e+01	1.86323438631085e+26
1.94400000000000e+01	1.85603457675924e+26
1.94500000000000e+01	1.84886266939694e+26
1.94600000000000e+01	1.84171783960434e+26
1.94700000000000e+01	1.83462593964278e+26
1.94800000000000e+01	1.82753451739786e+26
1.94900000000000e+01	1.82049547460611e+26
1.95000000000000e+01	1.81348256982512e+26
1.95100000000000e+01	1.80652089016809e+26
1.95200000000000e+01	1.79955979102178e+26
1.95300000000000e+01	1.79264954633265e+26
1.95400000000000e+01	1.78576483564011e+26
1.95500000000000e+01	1.77890556341844e+26
1.95600000000000e+01	1.77207218226153e+26
1.95700000000000e+01	1.76528829616752e+26
1.95800000000000e+01	1.75852995831350e+26
1.95900000000000e+01	1.75179597661561e+26
1.96000000000000e+01	1.74508734056189e+26
1.96100000000000e+01	1.73840287662581e+26
1.96200000000000e+01	1.73176748845669e+26
1.96300000000000e+01	1.72515705423217e+26
1.96400000000000e+01	1.71857045372869e+26
1.96500000000000e+01	1.71200818196583e+26
1.96600000000000e+01	1.70547073785716e+26
1.96700000000000e+01	1.69898063020778e+26
1.96800000000000e+01	1.69249115053668e+26
1.96900000000000e+01	1.68604989931730e+26
1.97000000000000e+01	1.67960989436186e+26
1.97100000000000e+01	1.67319461903400e+26
1.97200000000000e+01	1.66678078250958e+26
1.97300000000000e+01	1.66032317739842e+26
1.97400000000000e+01	1.65377709139025e+26
1.97500000000000e+01	1.64705372832129e+26
1.97600000000000e+01	1.64002037120747e+26
1.97700000000000e+01	1.63243339848289e+26
1.97800000000000e+01	1.62394278879425e+26
1.97900000000000e+01	1.61395713277579e+26
1.98000000000000e+01	1.60167761563129e+26
1.98100000000000e+01	1.58601907887325e+26
1.98200000000000e+01	1.56540167347948e+26
1.98300000000000e+01	1.53792810430985e+26
1.98400000000000e+01	1.50118885625945e+26
1.98500000000000e+01	1.45249133874067e+26
1.98600000000000e+01	1.38905495481472e+26
1.98700000000000e+01	1.30829775178766e+26
1.98800000000000e+01	1.20839942024235e+26
1.98900000000000e+01	1.08893056939355e+26
1.99000000000000e+01	9.51394228877670e+25
1.99100000000000e+01	7.99711955287906e+25
1.99200000000000e+01	6.40394806746567e+25
1.99300000000000e+01	4.82101511566102e+25
1.99400000000000e+01	3.34722349611236e+25
1.99500000000000e+01	2.07879493611224e+25
1.99600000000000e+01	1.09198455521508e+25
1.99700000000000e+01	4.27305061701757e+24
1.99800000000000e+01	8.03290367383570e+23
1.99900000000000e+01	2.58949748450948e+22
2.00000000000000e+01	1.13216816629842e+24
