1.00000000000000e-02	1.99563434276603e+27
2.00000000000000e-02	7.98300532363063e+27
3.00000000000000e-02	1.79635625912865e+28
4.00000000000000e-02	3.19396352735080e+28
5.00000000000000e-02	4.99146329164100e+28
6.00000000000000e-02	7.18928495055909e+28
7.00000000000000e-02	9.78793136202294e+28
8.00000000000000e-02	1.27880308212292e+29
9.00000000000000e-02	1.61903604654591e+29
1.00000000000000e-01	1.99956516432033e+29
1.10000000000000e-01	2.42047947679074e+29
1.20000000000000e-01	2.88189838665084e+29
1.30000000000000e-01	3.38391413757898e+29
1.40000000000000e-01	3.92665086234904e+29
1.50000000000000e-01	4.51024716536022e+29
1.60000000000000e-01	5.13483417421502e+29
1.70000000000000e-01	5.80057285541384e+29
1.80000000000000e-01	6.50759973227121e+29
1.90000000000000e-01	7.25611966133059e+29
2.00000000000000e-01	8.04632300329786e+29
2.10000000000000e-01	8.87835133866439e+29
2.20000000000000e-01	9.75245736803329e+29
2.30000000000000e-01	1.06688119430760e+30
2.40000000000000e-01	1.16277077400567e+30
2.50000000000000e-01	1.26293120715253e+30
2.60000000000000e-01	1.36738908612988e+30
2.70000000000000e-01	1.47617512245842e+30
2.80000000000000e-01	1.58930819691432e+30
2.90000000000000e-01	1.70682139831213e+30
3.00000000000000e-01	1.82874418942862e+30
3.10000000000000e-01	1.95511059019182e+30
3.20000000000000e-01	2.08594487325611e+30
3.30000000000000e-01	2.22128283745808e+30
3.40000000000000e-01	2.36116611910895e+30
3.50000000000000e-01	2.50561831396080e+30
3.60000000000000e-01	2.65468856305631e+30
3.70000000000000e-01	2.80840507457255e+30
3.80000000000000e-01	2.96681764592147e+30
3.90000000000000e-01	3.12995991974481e+30
4.00000000000000e-01	3.29787433305815e+30
4.10000000000000e-01	3.47060910309376e+30
4.20000000000000e-01	3.64820337762854e+30
4.30000000000000e-01	3.83071529555135e+30
4.40000000000000e-01	4.01818530205053e+30
4.50000000000000e-01	4.21067783339813e+30
4.60000000000000e-01	4.40821913990280e+30
4.70000000000000e-01	4.61088614746581e+30
4.80000000000000e-01	4.81872246931145e+30
4.90000000000000e-01	5.03178372575318e+30
5.00000000000000e-01	5.25013475239876e+30
5.10000000000000e-01	5.47383487409548e+30
5.20000000000000e-01	5.70294340900576e+30
5.30000000000000e-01	5.93754342045481e+30
5.40000000000000e-01	6.17767775050675e+30
5.50000000000000e-01	6.42342091648170e+30
5.60000000000000e-01	6.67485248029651e+30
5.70000000000000e-01	6.93202878070299e+30
5.80000000000000e-01	7.19504616571989e+30
5.90000000000000e-01	7.46396453055524e+30
6.00000000000000e-01	7.73885930462318e+30
6.10000000000000e-01	8.01986355889722e+30
6.20000000000000e-01	8.30698402422310e+30
6.30000000000000e-01	8.60036223221540e+30
6.40000000000000e-01	8.90006617584766e+30
6.50000000000000e-01	9.20621155949707e+30
6.60000000000000e-01	9.51884005945297e+30
6.70000000000000e-01	9.83812852415795e+30
6.80000000000000e-01	1.01641129756636e+31
6.90000000000000e-01	1.04969311091250e+31
7.00000000000000e-01	1.08366612976077e+31
7.10000000000000e-01	1.11834391838487e+31
7.20000000000000e-01	1.15373902675700e+31
7.30000000000000e-01	1.18985829928295e+31
7.40000000000000e-01	1.22671882340747e+31
7.50000000000000e-01	1.26432961135197e+31
7.60000000000000e-01	1.30270442808206e+31
7.70000000000000e-01	1.34184977437042e+31
7.80000000000000e-01	1.38179001661047e+31
7.90000000000000e-01	1.42254407838759e+31
8.00000000000000e-01	1.46412268277630e+31
8.10000000000000e-01	1.50654164033921e+31
8.20000000000000e-01	1.54978401691615e+31
8.30000000000000e-01	1.59388724270911e+31
8.40000000000000e-01	1.63890251513952e+31
8.50000000000000e-01	1.68480786835574e+31
8.60000000000000e-01	1.73161741141437e+31
8.70000000000000e-01	1.77938266286079e+31
8.80000000000000e-01	1.82807937537697e+31
8.90000000000000e-01	1.87775816922178e+31
9.00000000000000e-01	1.92843922924017e+31
9.10000000000000e-01	1.98013362758884e+31
9.20000000000000e-01	2.03282359080826e+31
9.30000000000000e-01	2.08659643128587e+31
9.40000000000000e-01	2.14147589417031e+31
9.50000000000000e-01	2.19739657634848e+31
9.60000000000000e-01	2.25450440253915e+31
9.70000000000000e-01	2.31272554341909e+31
9.80000000000000e-01	2.37213028288557e+31
9.90000000000000e-01	2.43273642398140e+31
1.00000000000000e+00	2.49455716336401e+31
1.01000000000000e+00	2.55761830233390e+31
1.02000000000000e+00	2.62199425011567e+31
1.03000000000000e+00	2.68769743100258e+31
1.04000000000000e+00	2.75475289638219e+31
1.05000000000000e+00	2.82318603112764e+31
1.06000000000000e+00	2.89302255294611e+31
1.07000000000000e+00	2.96433682344319e+31
1.08000000000000e+00	3.03709929621922e+31
1.09000000000000e+00	3.11139651613280e+31
1.10000000000000e+00	3.18724268564775e+31
1.11000000000000e+00	3.26472999845533e+31
1.12000000000000e+00	3.34383407753615e+31
1.13000000000000e+00	3.42463331849791e+31
1.14000000000000e+00	3.50722246628212e+31
1.15000000000000e+00	3.59151556157952e+31
1.16000000000000e+00	3.67772112133017e+31
1.17000000000000e+00	3.76575802677985e+31
1.18000000000000e+00	3.85571492662028e+31
1.19000000000000e+00	3.94769663590942e+31
1.20000000000000e+00	4.04166506420019e+31
1.21000000000000e+00	4.13781054425197e+31
1.22000000000000e+00	4.23615343636167e+31
1.23000000000000e+00	4.33667605554598e+31
1.24000000000000e+00	4.43948051033366e+31
1.25000000000000e+00	4.54470318618886e+31
1.26000000000000e+00	4.65236723974021e+31
1.27000000000000e+00	4.76252519930232e+31
1.28000000000000e+00	4.87529885141941e+31
1.29000000000000e+00	4.99083337850736e+31
1.30000000000000e+00	5.10908542305798e+31
1.31000000000000e+00	5.23017884489764e+31
1.32000000000000e+00	5.35426698831259e+31
1.33000000000000e+00	5.48149336935564e+31
1.34000000000000e+00	5.61182567013879e+31
1.35000000000000e+00	5.74541180191533e+31
1.36000000000000e+00	5.88248352823551e+31
1.37000000000000e+00	6.02303069046091e+31
1.38000000000000e+00	6.16730950820769e+31
1.39000000000000e+00	6.31529028928381e+31
1.40000000000000e+00	6.46723141457701e+31
1.41000000000000e+00	6.62332143882127e+31
1.42000000000000e+00	6.78362610422832e+31
1.43000000000000e+00	6.94833741902641e+31
1.44000000000000e+00	7.11776171880554e+31
1.45000000000000e+00	7.29186622517436e+31
1.46000000000000e+00	7.47107898872668e+31
1.47000000000000e+00	7.65550260468369e+31
1.48000000000000e+00	7.84535334892860e+31
1.49000000000000e+00	8.04105605184561e+31
1.50000000000000e+00	8.24265228903873e+31
1.51000000000000e+00	8.45059189535202e+31
1.52000000000000e+00	8.66521898396053e+31
1.53000000000000e+00	8.88672363688982e+31
1.54000000000000e+00	9.11572040100681e+31
1.55000000000000e+00	9.35223987120579e+31
1.56000000000000e+00	9.59707971195207e+31
1.57000000000000e+00	9.85030390947621e+31
1.58000000000000e+00	1.01123509814402e+32
1.59000000000000e+00	1.03838016407388e+32
1.60000000000000e+00	1.06646323375204e+32
1.61000000000000e+00	1.09551479132221e+32
1.62000000000000e+00	1.12555935557685e+32
1.63000000000000e+00	1.15658820413132e+32
1.64000000000000e+00	1.18860901000878e+32
1.65000000000000e+00	1.22157810835890e+32
1.66000000000000e+00	1.25548802961876e+32
1.67000000000000e+00	1.29031622998541e+32
1.68000000000000e+00	1.32602151665573e+32
1.69000000000000e+00	1.36257151952674e+32
1.70000000000000e+00	1.39999319302998e+32
1.71000000000000e+00	1.43828068916768e+32
1.72000000000000e+00	1.47750488496084e+32
1.73000000000000e+00	1.51772966722202e+32
1.74000000000000e+00	1.55912244229448e+32
1.75000000000000e+00	1.60189232611322e+32
1.76000000000000e+00	1.64634806644213e+32
1.77000000000000e+00	1.69287456219499e+32
1.78000000000000e+00	1.74198578245094e+32
1.79000000000000e+00	1.79433412811158e+32
1.80000000000000e+00	1.85067671932800e+32
1.81000000000000e+00	1.91199920286810e+32
1.82000000000000e+00	1.97940058210107e+32
1.83000000000000e+00	2.05418611067259e+32
1.84000000000000e+00	2.13776826757887e+32
1.85000000000000e+00	2.23172621372248e+32
1.86000000000000e+00	2.33768913623807e+32
1.87000000000000e+00	2.45733166419752e+32
1.88000000000000e+00	2.59227846172253e+32
1.89000000000000e+00	2.74407554097541e+32
1.90000000000000e+00	2.91411302190507e+32
1.91000000000000e+00	3.10366526664136e+32
1.92000000000000e+00	3.31375533909193e+32
1.93000000000000e+00	3.54526462927187e+32
1.94000000000000e+00	3.79900704335393e+32
1.95000000000000e+00	4.07555363734059e+32
1.96000000000000e+00	4.37558453348510e+32
1.97000000000000e+00	4.69948388871532e+32
1.98000000000000e+00	5.04775852801519e+32
1.99000000000000e+00	5.42049183669857e+32
2.00000000000000e+00	5.81744317195481e+32
2.01000000000000e+00	6.23803688305620e+32
2.02000000000000e+00	6.68065654303483e+32
2.03000000000000e+00	7.14280403879515e+32
2.04000000000000e+00	7.62077080626619e+32
2.05000000000000e+00	8.10925947329587e+32
2.06000000000000e+00	8.60154933499878e+32
2.07000000000000e+00	9.08932863390324e+32
2.08000000000000e+00	9.56285744801536e+32
2.09000000000000e+00	1.00114330731666e+33
2.10000000000000e+00	1.04235622402410e+33
2.11000000000000e+00	1.07874893021391e+33
2.12000000000000e+00	1.10915793222077e+33
2.13000000000000e+00	1.13252571859301e+33
2.14000000000000e+00	1.14791321594238e+33
2.15000000000000e+00	1.15461067251767e+33
2.16000000000000e+00	1.15215258506841e+33
2.17000000000000e+00	1.14044291403530e+33
2.18000000000000e+00	1.11982187389001e+33
2.19000000000000e+00	1.09122170580465e+33
2.20000000000000e+00	1.05622087101079e+33
2.21000000000000e+00	1.01695155578686e+33
2.22000000000000e+00	9.75839548331296e+32
2.23000000000000e+00	9.35172437226625e+32
2.24000000000000e+00	8.96697915353453e+32
2.25000000000000e+00	8.61364220488579e+32
2.26000000000000e+00	8.29311557089275e+32
2.27000000000000e+00	8.00012801003028e+32
2.28000000000000e+00	7.72544998725133e+32
2.29000000000000e+00	7.45916299687152e+32
2.30000000000000e+00	7.19257143659034e+32
2.31000000000000e+00	6.91892243108793e+32
2.32000000000000e+00	6.63311600699050e+32
2.33000000000000e+00	6.33181725699374e+32
2.34000000000000e+00	6.01417734250943e+32
2.35000000000000e+00	5.68395211050946e+32
2.36000000000000e+00	5.35065731878056e+32
2.37000000000000e+00	5.02928309692717e+32
2.38000000000000e+00	4.73744185828564e+32
2.39000000000000e+00	4.49221630126481e+32
2.40000000000000e+00	4.30774540679975e+32
2.41000000000000e+00	4.19418937279114e+32
2.42000000000000e+00	4.15777598240161e+32
2.43000000000000e+00	4.20096339277969e+32
2.44000000000000e+00	4.32267065617591e+32
2.45000000000000e+00	4.51823082102518e+32
2.46000000000000e+00	4.78030117613766e+32
2.47000000000000e+00	5.09991465188889e+32
2.48000000000000e+00	5.46786374465364e+32
2.49000000000000e+00	5.87497147612350e+32
2.50000000000000e+00	6.31104587899019e+32
2.51000000000000e+00	6.76404737638826e+32
2.52000000000000e+00	7.21915498272860e+32
2.53000000000000e+00	7.65885161818180e+32
2.54000000000000e+00	8.06439926162277e+32
2.55000000000000e+00	8.41838200258439e+32
2.56000000000000e+00	8.70822921780851e+32
2.57000000000000e+00	8.92917266494711e+32
2.58000000000000e+00	9.08399352768269e+32
2.59000000000000e+00	9.17975058254162e+32
2.60000000000000e+00	9.22328363228413e+32
2.61000000000000e+00	9.21779509845931e+32
2.62000000000000e+00	9.16254903430147e+32
2.63000000000000e+00	9.05564307745754e+32
2.64000000000000e+00	8.89702596364592e+32
2.65000000000000e+00	8.69105351816771e+32
2.66000000000000e+00	8.44603367875339e+32
2.67000000000000e+00	8.17247883187084e+32
2.68000000000000e+00	7.88006373262938e+32
2.69000000000000e+00	7.57543982494888e+32
2.70000000000000e+00	7.26083594646265e+32
2.71000000000000e+00	6.93464528374672e+32
2.72000000000000e+00	6.59302740207956e+32
2.73000000000000e+00	6.23250671635722e+32
2.74000000000000e+00	5.85286963791445e+32
2.75000000000000e+00	5.45890103274508e+32
2.76000000000000e+00	5.06043909010547e+32
2.77000000000000e+00	4.67038277839240e+32
2.78000000000000e+00	4.30140334407286e+32
2.79000000000000e+00	3.96287457300788e+32
2.80000000000000e+00	3.65924013113614e+32
2.81000000000000e+00	3.38999559106344e+32
2.82000000000000e+00	3.15121657787158e+32
2.83000000000000e+00	2.93756412881593e+32
2.84000000000000e+00	2.74442036433211e+32
2.85000000000000e+00	2.56953481208678e+32
2.86000000000000e+00	2.41315633422039e+32
2.87000000000000e+00	2.27724937609410e+32
2.88000000000000e+00	2.16367308985475e+32
2.89000000000000e+00	2.07277580077498e+32
2.90000000000000e+00	2.00287785389502e+32
2.91000000000000e+00	1.95075354262208e+32
2.92000000000000e+00	1.91273005383771e+32
2.93000000000000e+00	1.88578444051734e+32
2.94000000000000e+00	1.86834927180006e+32
2.95000000000000e+00	1.86017449704717e+32
2.96000000000000e+00	1.86210932658622e+32
2.97000000000000e+00	1.87540870495645e+32
2.98000000000000e+00	1.90161505138448e+32
2.99000000000000e+00	1.94253188047289e+32
3.00000000000000e+00	2.00062653440435e+32
3.01000000000000e+00	2.07939284092217e+32
3.02000000000000e+00	2.18364163089254e+32
3.03000000000000e+00	2.31943291373565e+32
3.04000000000000e+00	2.49387179688235e+32
3.05000000000000e+00	2.71418987049145e+32
3.06000000000000e+00	2.98673732283074e+32
3.07000000000000e+00	3.31532813868870e+32
3.08000000000000e+00	3.69960550508160e+32
3.09000000000000e+00	4.13354135880665e+32
3.10000000000000e+00	4.60538178070987e+32
3.11000000000000e+00	5.09905736809106e+32
3.12000000000000e+00	5.59639812444502e+32
3.13000000000000e+00	6.07930803077102e+32
3.14000000000000e+00	6.52979984864981e+32
3.15000000000000e+00	6.93013763925650e+32
3.16000000000000e+00	7.26391771972607e+32
3.17000000000000e+00	7.51961332937831e+32
3.18000000000000e+00	7.69486312268489e+32
3.19000000000000e+00	7.79838670157050e+32
3.20000000000000e+00	7.84766931073001e+32
3.21000000000000e+00	7.86260036380824e+32
3.22000000000000e+00	7.85994752372756e+32
3.23000000000000e+00	7.84851347988962e+32
3.24000000000000e+00	7.82859019966657e+32
3.25000000000000e+00	7.79296234582343e+32
3.26000000000000e+00	7.73000802876292e+32
3.27000000000000e+00	7.62757571829353e+32
3.28000000000000e+00	7.47637692101459e+32
3.29000000000000e+00	7.27267167153906e+32
3.30000000000000e+00	7.01894247897802e+32
3.31000000000000e+00	6.72257137762045e+32
3.32000000000000e+00	6.39334193207172e+32
3.33000000000000e+00	6.04100625101323e+32
3.34000000000000e+00	5.67310898719350e+32
3.35000000000000e+00	5.29451053830094e+32
3.36000000000000e+00	4.90784437849238e+32
3.37000000000000e+00	4.51445611722297e+32
3.38000000000000e+00	4.11554686271616e+32
3.39000000000000e+00	3.71335205396454e+32
3.40000000000000e+00	3.31224505806409e+32
3.41000000000000e+00	2.91881258483017e+32
3.42000000000000e+00	2.54155489615317e+32
3.43000000000000e+00	2.18935320118692e+32
3.44000000000000e+00	1.86981336391514e+32
3.45000000000000e+00	1.58804468995839e+32
3.46000000000000e+00	1.34643229850856e+32
3.47000000000000e+00	1.14511278588661e+32
3.48000000000000e+00	9.82784489705980e+31
3.49000000000000e+00	8.57305687407892e+31
3.50000000000000e+00	7.66109147811112e+31
3.51000000000000e+00	7.06332046115138e+31
3.52000000000000e+00	6.74842777691389e+31
3.53000000000000e+00	6.68218633810195e+31
3.54000000000000e+00	6.82758598628952e+31
3.55000000000000e+00	7.14567216179119e+31
3.56000000000000e+00	7.59695934201159e+31
3.57000000000000e+00	8.14321369624780e+31
3.58000000000000e+00	8.74923103790390e+31
3.59000000000000e+00	9.38438532270896e+31
3.60000000000000e+00	1.00248630350023e+32
3.61000000000000e+00	1.06554796523273e+32
3.62000000000000e+00	1.12703464811237e+32
3.63000000000000e+00	1.18716810868119e+32
3.64000000000000e+00	1.24671143848229e+32
3.65000000000000e+00	1.30666493555299e+32
3.66000000000000e+00	1.36802433287250e+32
3.67000000000000e+00	1.43159907230174e+32
3.68000000000000e+00	1.49781321481940e+32
3.69000000000000e+00	1.56647130269348e+32
3.70000000000000e+00	1.63648948635222e+32
3.71000000000000e+00	1.70584847300057e+32
3.72000000000000e+00	1.77185964017073e+32
3.73000000000000e+00	1.83166302149314e+32
3.74000000000000e+00	1.88284619992402e+32
3.75000000000000e+00	1.92409618697813e+32
3.76000000000000e+00	1.95527934722903e+32
3.77000000000000e+00	1.97716895689760e+32
3.78000000000000e+00	1.99132685304096e+32
3.79000000000000e+00	1.99953125831620e+32
3.80000000000000e+00	2.00375779473961e+32
3.81000000000000e+00	2.00585086227546e+32
3.82000000000000e+00	2.00773941998903e+32
3.83000000000000e+00	2.01118068180907e+32
3.84000000000000e+00	2.01803314003987e+32
3.85000000000000e+00	2.03041566452013e+32
3.86000000000000e+00	2.05027164973024e+32
3.87000000000000e+00	2.07933773787834e+32
3.88000000000000e+00	2.11852246596885e+32
3.89000000000000e+00	2.16754819126751e+32
3.90000000000000e+00	2.22499183877457e+32
3.91000000000000e+00	2.28833024013995e+32
3.92000000000000e+00	2.35461451584883e+32
3.93000000000000e+00	2.42079431911427e+32
3.94000000000000e+00	2.48425205414001e+32
3.95000000000000e+00	2.54295374760204e+32
3.96000000000000e+00	2.59528948947827e+32
3.97000000000000e+00	2.64007751198840e+32
3.98000000000000e+00	2.67642502858809e+32
3.99000000000000e+00	2.70364770476926e+32
4.00000000000000e+00	2.72138055909941e+32
4.01000000000000e+00	2.72958441697234e+32
4.02000000000000e+00	2.72879800752100e+32
4.03000000000000e+00	2.71990371822216e+32
4.04000000000000e+00	2.70409928504042e+32
4.05000000000000e+00	2.68245669730260e+32
4.06000000000000e+00	2.65588519223522e+32
4.07000000000000e+00	2.62476416487367e+32
4.08000000000000e+00	2.58939150420218e+32
4.09000000000000e+00	2.55006149573578e+32
4.10000000000000e+00	2.50747458897003e+32
4.11000000000000e+00	2.46240036823156e+32
4.12000000000000e+00	2.41588283360561e+32
4.13000000000000e+00	2.36888733953966e+32
4.14000000000000e+00	2.32255814971746e+32
4.15000000000000e+00	2.27801128785387e+32
4.16000000000000e+00	2.23664416371046e+32
4.17000000000000e+00	2.19995202016205e+32
4.18000000000000e+00	2.16932421389224e+32
4.19000000000000e+00	2.14578754668762e+32
4.20000000000000e+00	2.12982984250636e+32
4.21000000000000e+00	2.12142526785370e+32
4.22000000000000e+00	2.12023620498196e+32
4.23000000000000e+00	2.12545726399337e+32
4.24000000000000e+00	2.13634121146920e+32
4.25000000000000e+00	2.15205552097492e+32
4.26000000000000e+00	2.17172781164262e+32
4.27000000000000e+00	2.19471479621315e+32
4.28000000000000e+00	2.22039146340949e+32
4.29000000000000e+00	2.24839538842505e+32
4.30000000000000e+00	2.27867210144794e+32
4.31000000000000e+00	2.31171186983266e+32
4.32000000000000e+00	2.34853126116422e+32
4.33000000000000e+00	2.39052684558717e+32
4.34000000000000e+00	2.43935405866211e+32
4.35000000000000e+00	2.49674345890192e+32
4.36000000000000e+00	2.56436618811160e+32
4.37000000000000e+00	2.64373623284347e+32
4.38000000000000e+00	2.73619559130070e+32
4.39000000000000e+00	2.84312443685581e+32
4.40000000000000e+00	2.96613671223434e+32
4.41000000000000e+00	3.10724759630454e+32
4.42000000000000e+00	3.26958747241646e+32
4.43000000000000e+00	3.45741256445205e+32
4.44000000000000e+00	3.67659574543027e+32
4.45000000000000e+00	3.93441191727690e+32
4.46000000000000e+00	4.23912974915349e+32
4.47000000000000e+00	4.59930995016171e+32
4.48000000000000e+00	5.02291253254925e+32
4.49000000000000e+00	5.51621079500809e+32
4.50000000000000e+00	6.08337027254107e+32
4.51000000000000e+00	6.72550370101910e+32
4.52000000000000e+00	7.44082201491950e+32
4.53000000000000e+00	8.22404260673140e+32
4.54000000000000e+00	9.06608130892254e+32
4.55000000000000e+00	9.95326087333077e+32
4.56000000000000e+00	1.08662527375927e+33
4.57000000000000e+00	1.17780442298508e+33
4.58000000000000e+00	1.26516091195061e+33
4.59000000000000e+00	1.34385365600097e+33
4.60000000000000e+00	1.40794411402586e+33
4.61000000000000e+00	1.45101235487814e+33
4.62000000000000e+00	1.46704104702957e+33
4.63000000000000e+00	1.45170709936524e+33
4.64000000000000e+00	1.40346732991386e+33
4.65000000000000e+00	1.32417503287099e+33
4.66000000000000e+00	1.21882354148266e+33
4.67000000000000e+00	1.09475934139516e+33
4.68000000000000e+00	9.60423874319902e+32
4.69000000000000e+00	8.24042024440281e+32
4.70000000000000e+00	6.92698027164716e+32
4.71000000000000e+00	5.71673491753490e+32
4.72000000000000e+00	4.64275714296164e+32
4.73000000000000e+00	3.71943572980428e+32
4.74000000000000e+00	2.94622917373628e+32
4.75000000000000e+00	2.31228912860382e+32
4.76000000000000e+00	1.80140195344663e+32
4.77000000000000e+00	1.39513283762587e+32
4.78000000000000e+00	1.07552681495748e+32
4.79000000000000e+00	8.26115152826443e+31
4.80000000000000e+00	6.32536778038339e+31
4.81000000000000e+00	4.82653812332866e+31
4.82000000000000e+00	3.66546534390160e+31
4.83000000000000e+00	2.76363462774888e+31
4.84000000000000e+00	2.06102069906431e+31
4.85000000000000e+00	1.51304705845231e+31
4.86000000000000e+00	1.08739997193715e+31
4.87000000000000e+00	7.60874175154683e+30
4.88000000000000e+00	5.16550706447327e+30
4.89000000000000e+00	3.41574262351596e+30
4.90000000000000e+00	2.25245198474318e+30
4.91000000000000e+00	1.57629674384892e+30
4.92000000000000e+00	1.28638459583037e+30
4.93000000000000e+00	1.27746862905484e+30
4.94000000000000e+00	1.44316850608174e+30
4.95000000000000e+00	1.68343954352193e+30
4.96000000000000e+00	1.91328169571876e+30
4.97000000000000e+00	2.06905425324122e+30
4.98000000000000e+00	2.11335078294955e+30
4.99000000000000e+00	2.03388525277955e+30
5.00000000000000e+00	1.83999454868731e+30
5.01000000000000e+00	1.55720162322141e+30
5.02000000000000e+00	1.22119154471910e+30
5.03000000000000e+00	8.72135046152341e+29
5.04000000000000e+00	5.50421952195298e+29
5.05000000000000e+00	2.93807266439619e+29
5.06000000000000e+00	1.36112573947860e+29
5.07000000000000e+00	1.06926966186698e+29
5.08000000000000e+00	2.31711740767954e+29
5.09000000000000e+00	5.31638509667737e+29
5.10000000000000e+00	1.02265167985549e+30
5.11000000000000e+00	1.71385498587952e+30
5.12000000000000e+00	2.60532112288904e+30
5.13000000000000e+00	3.68662390084745e+30
5.14000000000000e+00	4.93541289632050e+30
5.15000000000000e+00	6.31712499581068e+30
5.16000000000000e+00	7.78533692552807e+30
5.17000000000000e+00	9.28364783818660e+30
5.18000000000000e+00	1.07487452414443e+31
5.19000000000000e+00	1.21150983040538e+31
5.20000000000000e+00	1.33215864430639e+31
5.21000000000000e+00	1.43156638097194e+31
5.22000000000000e+00	1.50575219279011e+31
5.23000000000000e+00	1.55227104333353e+31
5.24000000000000e+00	1.57032068473491e+31
5.25000000000000e+00	1.56091037820491e+31
5.26000000000000e+00	1.52701862618349e+31
5.27000000000000e+00	1.47366249792247e+31
5.28000000000000e+00	1.40757804751107e+31
5.29000000000000e+00	1.33660357999242e+31
5.30000000000000e+00	1.26863025429677e+31
5.31000000000000e+00	1.21081433015239e+31
5.32000000000000e+00	1.16877089532909e+31
5.33000000000000e+00	1.14643750776396e+31
5.34000000000000e+00	1.14621909004969e+31
5.35000000000000e+00	1.16957555906460e+31
5.36000000000000e+00	1.21763243216586e+31
5.37000000000000e+00	1.29181352678978e+31
5.38000000000000e+00	1.39418572689766e+31
5.39000000000000e+00	1.52776657429994e+31
5.40000000000000e+00	1.69623951855644e+31
5.41000000000000e+00	1.90370586551370e+31
5.42000000000000e+00	2.15413915687358e+31
5.43000000000000e+00	2.45074906136221e+31
5.44000000000000e+00	2.79546524457795e+31
5.45000000000000e+00	3.18854546125559e+31
5.46000000000000e+00	3.62816636066511e+31
5.47000000000000e+00	4.11034344836400e+31
5.48000000000000e+00	4.62873389576513e+31
5.49000000000000e+00	5.17453135217949e+31
5.50000000000000e+00	5.73661171384055e+31
5.51000000000000e+00	6.30180162019281e+31
5.52000000000000e+00	6.85534386782256e+31
5.53000000000000e+00	7.38139189295599e+31
5.54000000000000e+00	7.86405666652476e+31
5.55000000000000e+00	8.28752121721066e+31
5.56000000000000e+00	8.63699493136292e+31
5.57000000000000e+00	8.89888661263645e+31
5.58000000000000e+00	9.06128940815300e+31
5.59000000000000e+00	9.11482550966722e+31
5.60000000000000e+00	9.05406337609408e+31
5.61000000000000e+00	8.87920427673725e+31
5.62000000000000e+00	8.59754741151808e+31
5.63000000000000e+00	8.22448618106769e+31
5.64000000000000e+00	7.78291306851087e+31
5.65000000000000e+00	7.30160672139963e+31
5.66000000000000e+00	6.81296271287629e+31
5.67000000000000e+00	6.35046304643750e+31
5.68000000000000e+00	5.94654618162785e+31
5.69000000000000e+00	5.63066576587898e+31
5.70000000000000e+00	5.42760602952142e+31
5.71000000000000e+00	5.35673511485776e+31
5.72000000000000e+00	5.43076369099896e+31
5.73000000000000e+00	5.65507602959435e+31
5.74000000000000e+00	6.02688644355461e+31
5.75000000000000e+00	6.53481970704092e+31
5.76000000000000e+00	7.15918111587193e+31
5.77000000000000e+00	7.87362548881033e+31
5.78000000000000e+00	8.64907239985332e+31
5.79000000000000e+00	9.45896422226624e+31
5.80000000000000e+00	1.02854529481510e+32
5.81000000000000e+00	1.11251388646210e+32
5.82000000000000e+00	1.19910936444417e+32
5.83000000000000e+00	1.29094668894837e+32
5.84000000000000e+00	1.39101840741009e+32
5.85000000000000e+00	1.50133448574830e+32
5.86000000000000e+00	1.62154436025096e+32
5.87000000000000e+00	1.74799506925895e+32
5.88000000000000e+00	1.87372513138901e+32
5.89000000000000e+00	1.98930311959863e+32
5.90000000000000e+00	2.08460427039545e+32
5.91000000000000e+00	2.15067229459105e+32
5.92000000000000e+00	2.18130119286116e+32
5.93000000000000e+00	2.17406189912333e+32
5.94000000000000e+00	2.13029363361782e+32
5.95000000000000e+00	2.05449598594035e+32
5.96000000000000e+00	1.95317039486817e+32
5.97000000000000e+00	1.83357409713704e+32
5.98000000000000e+00	1.70251638851327e+32
5.99000000000000e+00	1.56554469285188e+32
6.00000000000000e+00	1.42667772946971e+32
6.01000000000000e+00	1.28845012090811e+32
6.02000000000000e+00	1.15247457402186e+32
6.03000000000000e+00	1.01992235313906e+32
6.04000000000000e+00	8.92030888299251e+31
6.05000000000000e+00	7.70310292372898e+31
6.06000000000000e+00	6.56629052903011e+31
6.07000000000000e+00	5.52994857268581e+31
6.08000000000000e+00	4.61311441326346e+31
6.09000000000000e+00	3.83126180092900e+31
6.10000000000000e+00	3.19402524652521e+31
6.11000000000000e+00	2.70442611302378e+31
6.12000000000000e+00	2.35833449389931e+31
6.13000000000000e+00	2.14511391260759e+31
6.14000000000000e+00	2.04869655673824e+31
6.15000000000000e+00	2.04882159818061e+31
6.16000000000000e+00	2.12247915922664e+31
6.17000000000000e+00	2.24511449981958e+31
6.18000000000000e+00	2.39199876282893e+31
6.19000000000000e+00	2.53915991668116e+31
6.20000000000000e+00	2.66447035750040e+31
6.21000000000000e+00	2.74864024329695e+31
6.22000000000000e+00	2.77635322522790e+31
6.23000000000000e+00	2.73715827383522e+31
6.24000000000000e+00	2.62680294117129e+31
6.25000000000000e+00	2.44783704465942e+31
6.26000000000000e+00	2.21045656739562e+31
6.27000000000000e+00	1.93271306906305e+31
6.28000000000000e+00	1.64019768772973e+31
6.29000000000000e+00	1.36462693177366e+31
6.30000000000000e+00	1.14179417853513e+31
6.31000000000000e+00	1.00834615328977e+31
6.32000000000000e+00	9.98027224983334e+30
6.33000000000000e+00	1.13796649025713e+31
6.34000000000000e+00	1.44553680804746e+31
6.35000000000000e+00	1.92663275859981e+31
6.36000000000000e+00	2.57555065018463e+31
6.37000000000000e+00	3.37648343312913e+31
6.38000000000000e+00	4.30619045039133e+31
6.39000000000000e+00	5.33758855867637e+31
6.40000000000000e+00	6.44287384481392e+31
6.41000000000000e+00	7.59595325876139e+31
6.42000000000000e+00	8.77469187933024e+31
6.43000000000000e+00	9.96031740983324e+31
6.44000000000000e+00	1.11377190337121e+32
6.45000000000000e+00	1.22931028423896e+32
6.46000000000000e+00	1.34135596387419e+32
6.47000000000000e+00	1.44852807471453e+32
6.48000000000000e+00	1.54928511167709e+32
6.49000000000000e+00	1.64201112184317e+32
6.50000000000000e+00	1.72491873362757e+32
6.51000000000000e+00	1.79623036371354e+32
6.52000000000000e+00	1.85428434638806e+32
6.53000000000000e+00	1.89762821439850e+32
6.54000000000000e+00	1.92513787900103e+32
6.55000000000000e+00	1.93614352114157e+32
6.56000000000000e+00	1.93032062240231e+32
6.57000000000000e+00	1.90770029803423e+32
6.58000000000000e+00	1.86857913904372e+32
6.59000000000000e+00	1.81348817135168e+32
6.60000000000000e+00	1.74317447242505e+32
6.61000000000000e+00	1.65879116442000e+32
6.62000000000000e+00	1.56184935768885e+32
6.63000000000000e+00	1.45441526055562e+32
6.64000000000000e+00	1.33901008833811e+32
6.65000000000000e+00	1.21858698321850e+32
6.66000000000000e+00	1.09645524367911e+32
6.67000000000000e+00	9.76025396122536e+31
6.68000000000000e+00	8.60694058021713e+31
6.69000000000000e+00	7.53599506006424e+31
6.70000000000000e+00	6.57382587789417e+31
6.71000000000000e+00	5.74034132668158e+31
6.72000000000000e+00	5.04725596181792e+31
6.73000000000000e+00	4.49807488794406e+31
6.74000000000000e+00	4.08844555449872e+31
6.75000000000000e+00	3.80729352027526e+31
6.76000000000000e+00	3.63926289018981e+31
6.77000000000000e+00	3.56634400382017e+31
6.78000000000000e+00	3.57064411341799e+31
6.79000000000000e+00	3.63558479558149e+31
6.80000000000000e+00	3.74779786483485e+31
6.81000000000000e+00	3.89707821347423e+31
6.82000000000000e+00	4.07658621491085e+31
6.83000000000000e+00	4.28205640484453e+31
6.84000000000000e+00	4.51125864645669e+31
6.85000000000000e+00	4.76280023985215e+31
6.86000000000000e+00	5.03572473896935e+31
6.87000000000000e+00	5.32884850039334e+31
6.88000000000000e+00	5.64078388515797e+31
6.89000000000000e+00	5.97025889603455e+31
6.90000000000000e+00	6.31619088044303e+31
6.91000000000000e+00	6.67812590555845e+31
6.92000000000000e+00	7.05588861354553e+31
6.93000000000000e+00	7.44978948556033e+31
6.94000000000000e+00	7.86073808067277e+31
6.95000000000000e+00	8.28963985271733e+31
6.96000000000000e+00	8.73812988583034e+31
6.97000000000000e+00	9.20792571928894e+31
6.98000000000000e+00	9.70126051855308e+31
6.99000000000000e+00	1.02199405473256e+32
7.00000000000000e+00	1.07662378921072e+32
7.01000000000000e+00	1.13418427417833e+32
7.02000000000000e+00	1.19488325990991e+32
7.03000000000000e+00	1.25898717654658e+32
7.04000000000000e+00	1.32680737962121e+32
7.05000000000000e+00	1.39887357689185e+32
7.06000000000000e+00	1.47595321914028e+32
7.07000000000000e+00	1.55914237372056e+32
7.08000000000000e+00	1.64989296623962e+32
7.09000000000000e+00	1.75001256458749e+32
7.10000000000000e+00	1.86173607769663e+32
7.11000000000000e+00	1.98764276575253e+32
7.12000000000000e+00	2.13050771867270e+32
7.13000000000000e+00	2.29318452363433e+32
7.14000000000000e+00	2.47823247929267e+32
7.15000000000000e+00	2.68745007569181e+32
7.16000000000000e+00	2.92141418492246e+32
7.17000000000000e+00	3.17897769466401e+32
7.18000000000000e+00	3.45679217100573e+32
7.19000000000000e+00	3.74915833545341e+32
7.20000000000000e+00	4.04799426776252e+32
7.21000000000000e+00	4.34294069827015e+32
7.22000000000000e+00	4.62172424362561e+32
7.23000000000000e+00	4.87067771229463e+32
7.24000000000000e+00	5.07517505216412e+32
7.25000000000000e+00	5.22043778619018e+32
7.26000000000000e+00	5.29255489372132e+32
7.27000000000000e+00	5.27983366111671e+32
7.28000000000000e+00	5.17440092233318e+32
7.29000000000000e+00	4.97395773287587e+32
7.30000000000000e+00	4.68314964925914e+32
7.31000000000000e+00	4.31400668692049e+32
7.32000000000000e+00	3.88519765182274e+32
7.33000000000000e+00	3.42016318477914e+32
7.34000000000000e+00	2.94425178262196e+32
7.35000000000000e+00	2.48176391510584e+32
7.36000000000000e+00	2.05319776375498e+32
7.37000000000000e+00	1.67348894694076e+32
7.38000000000000e+00	1.35120952141503e+32
7.39000000000000e+00	1.08889428787578e+32
7.40000000000000e+00	8.84055112580984e+31
7.41000000000000e+00	7.30627042906588e+31
7.42000000000000e+00	6.20496433203322e+31
7.43000000000000e+00	5.44867279925853e+31
7.44000000000000e+00	4.95295430460750e+31
7.45000000000000e+00	4.64421252328134e+31
7.46000000000000e+00	4.46348057302008e+31
7.47000000000000e+00	4.36737810379513e+31
7.48000000000000e+00	4.32662820853432e+31
7.49000000000000e+00	4.32299701152377e+31
7.50000000000000e+00	4.34540340961628e+31
7.51000000000000e+00	4.38614355916285e+31
7.52000000000000e+00	4.43792820322470e+31
7.53000000000000e+00	4.49193091238646e+31
7.54000000000000e+00	4.53748151636206e+31
7.55000000000000e+00	4.56258099081028e+31
7.56000000000000e+00	4.55552168135993e+31
7.57000000000000e+00	4.50675386939620e+31
7.58000000000000e+00	4.41109243027812e+31
7.59000000000000e+00	4.26903060885331e+31
7.60000000000000e+00	4.08792500171437e+31
7.61000000000000e+00	3.88170183564542e+31
7.62000000000000e+00	3.66962252550377e+31
7.63000000000000e+00	3.47385439350008e+31
7.64000000000000e+00	3.31653443930109e+31
7.65000000000000e+00	3.21661724909559e+31
7.66000000000000e+00	3.18692296506679e+31
7.67000000000000e+00	3.23244580278921e+31
7.68000000000000e+00	3.34970589599651e+31
7.69000000000000e+00	3.52732404703734e+31
7.70000000000000e+00	3.74788581635895e+31
7.71000000000000e+00	3.99017657031480e+31
7.72000000000000e+00	4.23193829726027e+31
7.73000000000000e+00	4.45208030069459e+31
7.74000000000000e+00	4.63295235592402e+31
7.75000000000000e+00	4.76172830890525e+31
7.76000000000000e+00	4.83143587137728e+31
7.77000000000000e+00	4.84164333673850e+31
7.78000000000000e+00	4.79862722884327e+31
7.79000000000000e+00	4.71490010409449e+31
7.80000000000000e+00	4.60848420982266e+31
7.81000000000000e+00	4.50160161123502e+31
7.82000000000000e+00	4.41873640784251e+31
7.83000000000000e+00	4.38477002727133e+31
7.84000000000000e+00	4.42252197663767e+31
7.85000000000000e+00	4.55019676354553e+31
7.86000000000000e+00	4.77888381662745e+31
7.87000000000000e+00	5.10983883350708e+31
7.88000000000000e+00	5.53267196442976e+31
7.89000000000000e+00	6.02402325272960e+31
7.90000000000000e+00	6.54759972884797e+31
7.91000000000000e+00	7.05575774168336e+31
7.92000000000000e+00	7.49285233238033e+31
7.93000000000000e+00	7.80016061821915e+31
7.94000000000000e+00	7.92267448787471e+31
7.95000000000000e+00	7.81683635764027e+31
7.96000000000000e+00	7.45982523160675e+31
7.97000000000000e+00	6.85924221592147e+31
7.98000000000000e+00	6.06347211144054e+31
7.99000000000000e+00	5.17069027916921e+31
8.00000000000000e+00	4.33539026723069e+31
8.01000000000000e+00	3.76882576418014e+31
8.02000000000000e+00	3.73001437614155e+31
8.03000000000000e+00	4.50466396538708e+31
8.04000000000000e+00	6.37212467640729e+31
8.05000000000000e+00	9.56395704329046e+31
8.06000000000000e+00	1.42217550579126e+32
8.07000000000000e+00	2.03631987069664e+32
8.08000000000000e+00	2.78654378168951e+32
8.09000000000000e+00	3.64698682610099e+32
8.10000000000000e+00	4.58082417129520e+32
8.11000000000000e+00	5.54437407201190e+32
8.12000000000000e+00	6.49180391213190e+32
8.13000000000000e+00	7.37927092422168e+32
8.14000000000000e+00	8.16775347586880e+32
8.15000000000000e+00	8.82407588025701e+32
8.16000000000000e+00	9.32115956621231e+32
8.17000000000000e+00	9.63746919291024e+32
8.18000000000000e+00	9.75689895924622e+32
8.19000000000000e+00	9.66933379609826e+32
8.20000000000000e+00	9.37342645279339e+32
8.21000000000000e+00	8.87820542394672e+32
8.22000000000000e+00	8.20555320492037e+32
8.23000000000000e+00	7.39019567876805e+32
8.24000000000000e+00	6.47741266885444e+32
8.25000000000000e+00	5.51925109693805e+32
8.26000000000000e+00	4.56882337045647e+32
8.27000000000000e+00	3.67548530397647e+32
8.28000000000000e+00	2.88004791040953e+32
8.29000000000000e+00	2.21188710543633e+32
8.30000000000000e+00	1.68758206265844e+32
8.31000000000000e+00	1.31164656921476e+32
8.32000000000000e+00	1.07832627155054e+32
8.33000000000000e+00	9.74463320083446e+31
8.34000000000000e+00	9.82555948593867e+31
8.35000000000000e+00	1.08352452802850e+32
8.36000000000000e+00	1.25892544304257e+32
8.37000000000000e+00	1.49250469853386e+32
8.38000000000000e+00	1.77120875722291e+32
8.39000000000000e+00	2.08565055482032e+32
8.40000000000000e+00	2.43013707898689e+32
8.41000000000000e+00	2.80242795514264e+32
8.42000000000000e+00	3.20299073956237e+32
8.43000000000000e+00	3.63423147100650e+32
8.44000000000000e+00	4.09892673390465e+32
8.45000000000000e+00	4.59923114561938e+32
8.46000000000000e+00	5.13509224971659e+32
8.47000000000000e+00	5.70306543604513e+32
8.48000000000000e+00	6.29520997890344e+32
8.49000000000000e+00	6.89864508952603e+32
8.50000000000000e+00	7.49474344113089e+32
8.51000000000000e+00	8.05978932098590e+32
8.52000000000000e+00	8.56498264018697e+32
8.53000000000000e+00	8.97790247603308e+32
8.54000000000000e+00	9.26447051137486e+32
8.55000000000000e+00	9.39202698240014e+32
8.56000000000000e+00	9.33351980481122e+32
8.57000000000000e+00	9.07197868517860e+32
8.58000000000000e+00	8.60510288562643e+32
8.59000000000000e+00	7.94764059103464e+32
8.60000000000000e+00	7.13183044372000e+32
8.61000000000000e+00	6.20428482874395e+32
8.62000000000000e+00	5.22067737012869e+32
8.63000000000000e+00	4.23845441690803e+32
8.64000000000000e+00	3.31019169556658e+32
8.65000000000000e+00	2.47788930561924e+32
8.66000000000000e+00	1.76976260654771e+32
8.67000000000000e+00	1.19992760456778e+32
8.68000000000000e+00	7.69845995223057e+31
8.69000000000000e+00	4.71286036674012e+31
8.70000000000000e+00	2.89663482006222e+31
8.71000000000000e+00	2.07109337986009e+31
8.72000000000000e+00	2.04929189313760e+31
8.73000000000000e+00	2.65320385166319e+31
8.74000000000000e+00	3.72425102480924e+31
8.75000000000000e+00	5.12837177929136e+31
8.76000000000000e+00	6.75745143718201e+31
8.77000000000000e+00	8.52808283287842e+31
8.78000000000000e+00	1.03789666041356e+32
8.79000000000000e+00	1.22680362305648e+32
8.80000000000000e+00	1.41689892742508e+32
8.81000000000000e+00	1.60682977096351e+32
8.82000000000000e+00	1.79621269776269e+32
8.83000000000000e+00	1.98543497610001e+32
8.84000000000000e+00	2.17544800865159e+32
8.85000000000000e+00	2.36764204131948e+32
8.86000000000000e+00	2.56379798223868e+32
8.87000000000000e+00	2.76605481610737e+32
8.88000000000000e+00	2.97694048909751e+32
8.89000000000000e+00	3.19934544889815e+32
8.90000000000000e+00	3.43678876364895e+32
8.91000000000000e+00	3.69300320910237e+32
8.92000000000000e+00	3.97243824431193e+32
8.93000000000000e+00	4.28055903989270e+32
8.94000000000000e+00	4.62388221792269e+32
8.95000000000000e+00	5.01033488800661e+32
8.96000000000000e+00	5.44962758524488e+32
8.97000000000000e+00	5.95407934819552e+32
8.98000000000000e+00	6.53876652370926e+32
8.99000000000000e+00	7.22296727391409e+32
9.00000000000000e+00	8.02999899085685e+32
9.01000000000000e+00	8.98851626149742e+32
9.02000000000000e+00	1.01324122902775e+33
9.03000000000000e+00	1.15009257370772e+33
9.04000000000000e+00	1.31375444452613e+33
9.05000000000000e+00	1.50887076082304e+33
9.06000000000000e+00	1.74014876167885e+33
9.07000000000000e+00	2.01203010459921e+33
9.08000000000000e+00	2.32834035677842e+33
9.09000000000000e+00	2.69194043703009e+33
9.10000000000000e+00	3.10426834085662e+33
9.11000000000000e+00	3.56478874479787e+33
9.12000000000000e+00	4.07047175164140e+33
9.13000000000000e+00	4.61479409769273e+33
9.14000000000000e+00	5.18674209433563e+33
9.15000000000000e+00	5.76957635293211e+33
9.16000000000000e+00	6.34019075543921e+33
9.17000000000000e+00	6.86932961569053e+33
9.18000000000000e+00	7.32326946842876e+33
9.19000000000000e+00	7.66735294003142e+33
9.20000000000000e+00	7.87096815681161e+33
9.21000000000000e+00	7.91258119388867e+33
9.22000000000000e+00	7.78431916352924e+33
9.23000000000000e+00	7.49361572935621e+33
9.24000000000000e+00	7.06250603957958e+33
9.25000000000000e+00	6.52358337241761e+33
9.26000000000000e+00	5.91489138078399e+33
9.27000000000000e+00	5.27397185984069e+33
9.28000000000000e+00	4.63367850533248e+33
9.29000000000000e+00	4.01938321201988e+33
9.30000000000000e+00	3.44851452948239e+33
9.31000000000000e+00	2.93117887723440e+33
9.32000000000000e+00	2.47181107410661e+33
9.33000000000000e+00	2.07068205732393e+33
9.34000000000000e+00	1.72543652693768e+33
9.35000000000000e+00	1.43193740029579e+33
9.36000000000000e+00	1.18518490011918e+33
9.37000000000000e+00	9.79647423903161e+32
9.38000000000000e+00	8.09745937611169e+32
9.39000000000000e+00	6.70102008637393e+32
9.40000000000000e+00	5.55723053826674e+32
9.41000000000000e+00	4.62182006195752e+32
9.42000000000000e+00	3.85667322176508e+32
9.43000000000000e+00	3.22991525344330e+32
9.44000000000000e+00	2.71528929937039e+32
9.45000000000000e+00	2.29158101160711e+32
9.46000000000000e+00	1.94176109376337e+32
9.47000000000000e+00	1.65215896630356e+32
9.48000000000000e+00	1.41176110696715e+32
9.49000000000000e+00	1.21168691613513e+32
9.50000000000000e+00	1.04467492569752e+32
9.51000000000000e+00	9.04793470066736e+31
9.52000000000000e+00	7.87127295990693e+31
9.53000000000000e+00	6.87701089496465e+31
9.54000000000000e+00	6.03311524548453e+31
9.55000000000000e+00	5.31270041543319e+31
9.56000000000000e+00	4.69398013850524e+31
9.57000000000000e+00	4.15932314864937e+31
9.58000000000000e+00	3.69441648730740e+31
9.59000000000000e+00	3.28762382816759e+31
9.60000000000000e+00	2.92947223825611e+31
9.61000000000000e+00	2.61219942673874e+31
9.62000000000000e+00	2.32949502514840e+31
9.63000000000000e+00	2.07615429638633e+31
9.64000000000000e+00	1.84790909340487e+31
9.65000000000000e+00	1.64132177794718e+31
9.66000000000000e+00	1.45352517226262e+31
9.67000000000000e+00	1.28222513615747e+31
9.68000000000000e+00	1.12552747609915e+31
9.69000000000000e+00	9.81971299972280e+30
9.70000000000000e+00	8.50365741120966e+30
9.71000000000000e+00	7.29814234344028e+30
9.72000000000000e+00	6.19668477914706e+30
9.73000000000000e+00	5.19488458030470e+30
9.74000000000000e+00	4.28948516957360e+30
9.75000000000000e+00	3.47877954668074e+30
9.76000000000000e+00	2.76138975370471e+30
9.77000000000000e+00	2.13604563460898e+30
9.78000000000000e+00	1.60099143659237e+30
9.79000000000000e+00	1.15360508766677e+30
9.80000000000000e+00	7.90064709351535e+29
9.81000000000000e+00	5.05234237461684e+29
9.82000000000000e+00	2.92739249090916e+29
9.83000000000000e+00	1.45203320638641e+29
9.84000000000000e+00	5.46174857200332e+28
9.85000000000000e+00	1.28283774554825e+28
9.86000000000000e+00	1.20468562099563e+28
9.87000000000000e+00	4.53489740063266e+28
9.88000000000000e+00	1.07118745086987e+29
9.89000000000000e+00	1.93409649988363e+29
9.90000000000000e+00	3.02241122125127e+29
9.91000000000000e+00	4.33865271678019e+29
9.92000000000000e+00	5.91153036344308e+29
9.93000000000000e+00	7.80207082212119e+29
9.94000000000000e+00	1.01136869109386e+30
9.95000000000000e+00	1.30059516027245e+30
9.96000000000000e+00	1.67084984807177e+30
9.97000000000000e+00	2.15257863573825e+30
9.98000000000000e+00	2.78133211889534e+30
9.99000000000000e+00	3.58944388922931e+30
1.00000000000000e+01	4.59006454230798e+30
1.00100000000000e+01	5.75347197685986e+30
1.00200000000000e+01	6.97321380448361e+30
1.00300000000000e+01	8.05089192859529e+30
1.00400000000000e+01	8.74678342029925e+30
1.00500000000000e+01	8.90089357721704e+30
1.00600000000000e+01	8.52805267108842e+30
1.00700000000000e+01	7.78987956743273e+30
1.00800000000000e+01	6.88532726675054e+30
1.00900000000000e+01	5.96662721432008e+30
1.01000000000000e+01	5.11940124317543e+30
1.01100000000000e+01	4.37799719256962e+30
1.01200000000000e+01	3.74705081637348e+30
1.01300000000000e+01	3.21755920578924e+30
1.01400000000000e+01	2.77567035848231e+30
1.01500000000000e+01	2.40723845661261e+30
1.01600000000000e+01	2.09944180723181e+30
1.01700000000000e+01	1.84134734744383e+30
1.01800000000000e+01	1.62399282781785e+30
1.01900000000000e+01	1.44008998223771e+30
1.02000000000000e+01	1.28372283133505e+30
1.02100000000000e+01	1.15010454720892e+30
1.02200000000000e+01	1.03541783443135e+30
1.02300000000000e+01	9.36480979967224e+29
1.02400000000000e+01	8.50770023834936e+29
1.02500000000000e+01	7.76154762554293e+29
1.02600000000000e+01	7.10925092681499e+29
1.02700000000000e+01	6.53619257298692e+29
1.02800000000000e+01	6.03046737542449e+29
1.02900000000000e+01	5.58208527119525e+29
1.03000000000000e+01	5.18276814091729e+29
1.03100000000000e+01	4.82548051942272e+29
1.03200000000000e+01	4.50443845039916e+29
1.03300000000000e+01	4.21473028429134e+29
1.03400000000000e+01	3.95228957432199e+29
1.03500000000000e+01	3.71373600022456e+29
1.03600000000000e+01	3.49623266501294e+29
1.03700000000000e+01	3.29739951311506e+29
1.03800000000000e+01	3.11526609849088e+29
1.03900000000000e+01	2.94803463434966e+29
1.04000000000000e+01	2.79420329089320e+29
1.04100000000000e+01	2.65247827251155e+29
1.04200000000000e+01	2.52161547390906e+29
1.04300000000000e+01	2.40050646522261e+29
1.04400000000000e+01	2.28813299348160e+29
1.04500000000000e+01	2.18356766999758e+29
1.04600000000000e+01	2.08593128640723e+29
1.04700000000000e+01	1.99449022299501e+29
1.04800000000000e+01	1.90854051349900e+29
1.04900000000000e+01	1.82749795705969e+29
1.05000000000000e+01	1.75085712077071e+29
1.05100000000000e+01	1.67819700613247e+29
1.05200000000000e+01	1.60919384694912e+29
1.05300000000000e+01	1.54360371756570e+29
1.05400000000000e+01	1.48122883397671e+29
1.05500000000000e+01	1.42192575880517e+29
1.05600000000000e+01	1.36560028420679e+29
1.05700000000000e+01	1.31216178041220e+29
1.05800000000000e+01	1.26151137905494e+29
1.05900000000000e+01	1.21360400441331e+29
1.06000000000000e+01	1.16833479733339e+29
1.06100000000000e+01	1.12561693368284e+29
1.06200000000000e+01	1.08534290518402e+29
1.06300000000000e+01	1.04739075021669e+29
1.06400000000000e+01	1.01163112059401e+29
1.06500000000000e+01	9.77943293526666e+28
1.06600000000000e+01	9.46180955354434e+28
1.06700000000000e+01	9.16212803107266e+28
1.06800000000000e+01	8.87892569886607e+28
1.06900000000000e+01	8.61106606698882e+28
1.07000000000000e+01	8.35701978255280e+28
1.07100000000000e+01	8.11570074726290e+28
1.07200000000000e+01	7.88585810216919e+28
1.07300000000000e+01	7.66633200564396e+28
1.07400000000000e+01	7.45590021012691e+28
1.07500000000000e+01	7.25366733295726e+28
1.07600000000000e+01	7.05862245777412e+28
1.07700000000000e+01	6.86997048810566e+28
1.07800000000000e+01	6.68693325170598e+28
1.07900000000000e+01	6.50911753244724e+28
1.08000000000000e+01	6.33607914384299e+28
1.08100000000000e+01	6.16765867957729e+28
1.08200000000000e+01	6.00375832202208e+28
1.08300000000000e+01	5.84440209967505e+28
1.08400000000000e+01	5.68970896458321e+28
1.08500000000000e+01	5.53987420738154e+28
1.08600000000000e+01	5.39507325723663e+28
1.08700000000000e+01	5.25545096141274e+28
1.08800000000000e+01	5.12114065604774e+28
1.08900000000000e+01	4.99219656589823e+28
1.09000000000000e+01	4.86857322902966e+28
1.09100000000000e+01	4.75013886304350e+28
1.09200000000000e+01	4.63670307413440e+28
1.09300000000000e+01	4.52802798741767e+28
1.09400000000000e+01	4.42382999806129e+28
1.09500000000000e+01	4.32365676541728e+28
1.09600000000000e+01	4.22715287429491e+28
1.09700000000000e+01	4.13394961777267e+28
1.09800000000000e+01	4.04367659877599e+28
1.09900000000000e+01	3.95593731669632e+28
1.10000000000000e+01	3.87050865774383e+28
1.10100000000000e+01	3.78710438931410e+28
1.10200000000000e+01	3.70554733648118e+28
1.10300000000000e+01	3.62571334631528e+28
1.10400000000000e+01	3.54757644698273e+28
1.10500000000000e+01	3.47114532729650e+28
1.10600000000000e+01	3.39644814969113e+28
1.10700000000000e+01	3.32357588722498e+28
1.10800000000000e+01	3.25262351084700e+28
1.10900000000000e+01	3.18372366356305e+28
1.11000000000000e+01	3.11695550279422e+28
1.11100000000000e+01	3.05238824364739e+28
1.11200000000000e+01	2.99014032714917e+28
1.11300000000000e+01	2.93016718523936e+28
1.11400000000000e+01	2.87247265111234e+28
1.11500000000000e+01	2.81701000544168e+28
1.11600000000000e+01	2.76364831862462e+28
1.11700000000000e+01	2.71225955797120e+28
1.11800000000000e+01	2.66269306846916e+28
1.11900000000000e+01	2.61483804924685e+28
1.12000000000000e+01	2.56849395796412e+28
1.12100000000000e+01	2.52351648835112e+28
1.12200000000000e+01	2.47982610959036e+28
1.12300000000000e+01	2.43729283038385e+28
1.12400000000000e+01	2.39581335665988e+28
1.12500000000000e+01	2.35535440032552e+28
1.12600000000000e+01	2.31586321254683e+28
1.12700000000000e+01	2.27727083717208e+28
1.12800000000000e+01	2.23952715855174e+28
1.12900000000000e+01	2.20260230865104e+28
1.13000000000000e+01	2.16642258157723e+28
1.13100000000000e+01	2.13096365836628e+28
1.13200000000000e+01	2.09612456166971e+28
1.13300000000000e+01	2.06184942846317e+28
1.13400000000000e+01	2.02807186080082e+28
1.13500000000000e+01	1.99473557252380e+28
1.13600000000000e+01	1.96174237743018e+28
1.13700000000000e+01	1.92907273801726e+28
1.13800000000000e+01	1.89666823963137e+28
1.13900000000000e+01	1.86452005063113e+28
1.14000000000000e+01	1.83260102433357e+28
1.14100000000000e+01	1.80093681413696e+28
1.14200000000000e+01	1.76953967582980e+28
1.14300000000000e+01	1.73847423258902e+28
1.14400000000000e+01	1.70779764796670e+28
1.14500000000000e+01	1.67758078200885e+28
1.14600000000000e+01	1.64788417518376e+28
1.14700000000000e+01	1.61880816088537e+28
1.14800000000000e+01	1.59040239894855e+28
1.14900000000000e+01	1.56271000872258e+28
1.15000000000000e+01	1.53579368786410e+28
1.15100000000000e+01	1.50968358793626e+28
1.15200000000000e+01	1.48435038877580e+28
1.15300000000000e+01	1.45981245306995e+28
1.15400000000000e+01	1.43603517849767e+28
1.15500000000000e+01	1.41299048832700e+28
1.15600000000000e+01	1.39064116791047e+28
1.15700000000000e+01	1.36890772460699e+28
1.15800000000000e+01	1.34777964745561e+28
1.15900000000000e+01	1.32718021905484e+28
1.16000000000000e+01	1.30707529337647e+28
1.16100000000000e+01	1.28741605627849e+28
1.16200000000000e+01	1.26816474998296e+28
1.16300000000000e+01	1.24927342007183e+28
1.16400000000000e+01	1.23073570902591e+28
1.16500000000000e+01	1.21250512808543e+28
1.16600000000000e+01	1.19458347845055e+28
1.16700000000000e+01	1.17694794269335e+28
1.16800000000000e+01	1.15957441672845e+28
1.16900000000000e+01	1.14248390198031e+28
1.17000000000000e+01	1.12565885847523e+28
1.17100000000000e+01	1.10911686521858e+28
1.17200000000000e+01	1.09285352143443e+28
1.17300000000000e+01	1.07687957528567e+28
1.17400000000000e+01	1.06121446200284e+28
1.17500000000000e+01	1.04588893757673e+28
1.17600000000000e+01	1.03092353381685e+28
1.17700000000000e+01	1.01633543835712e+28
1.17800000000000e+01	1.00214586329512e+28
1.17900000000000e+01	9.88383760023997e+27
1.18000000000000e+01	9.75062436602318e+27
1.18100000000000e+01	9.62174920259197e+27
1.18200000000000e+01	9.49723855366775e+27
1.18300000000000e+01	9.37693708708888e+27
1.18400000000000e+01	9.26056375673998e+27
1.18500000000000e+01	9.14768711229690e+27
1.18600000000000e+01	9.03798642485546e+27
1.18700000000000e+01	8.93106748427298e+27
1.18800000000000e+01	8.82633762800829e+27
1.18900000000000e+01	8.72347659720885e+27
1.19000000000000e+01	8.62210741203325e+27
1.19100000000000e+01	8.52199982723035e+27
1.19200000000000e+01	8.42294503895602e+27
1.19300000000000e+01	8.32489059572729e+27
1.19400000000000e+01	8.22783842596322e+27
1.19500000000000e+01	8.13189062813243e+27
1.19600000000000e+01	8.03713619244069e+27
1.19700000000000e+01	7.94382500249496e+27
1.19800000000000e+01	7.85196787195588e+27
1.19900000000000e+01	7.76170987312011e+27
1.20000000000000e+01	7.67304210724880e+27
1.20100000000000e+01	7.58607217846005e+27
1.20200000000000e+01	7.50061991720575e+27
1.20300000000000e+01	7.41659034288836e+27
1.20400000000000e+01	7.33388483078818e+27
1.20500000000000e+01	7.25223993933221e+27
1.20600000000000e+01	7.17150987035495e+27
1.20700000000000e+01	7.09145723919816e+27
1.20800000000000e+01	7.01191960814591e+27
1.20900000000000e+01	6.93280241307367e+27
1.21000000000000e+01	6.85395783651959e+27
1.21100000000000e+01	6.77537073592713e+27
1.21200000000000e+01	6.69701919230641e+27
1.21300000000000e+01	6.61883889414604e+27
1.21400000000000e+01	6.54092089543172e+27
1.21500000000000e+01	6.46323073549045e+27
1.21600000000000e+01	6.38590597565646e+27
1.21700000000000e+01	6.30902061468110e+27
1.21800000000000e+01	6.23257213749148e+27
1.21900000000000e+01	6.15677264612039e+27
1.22000000000000e+01	6.08152814067497e+27
1.22100000000000e+01	6.00710829503510e+27
1.22200000000000e+01	5.93352862623453e+27
1.22300000000000e+01	5.86082668268351e+27
1.22400000000000e+01	5.78914787104077e+27
1.22500000000000e+01	5.71857472215273e+27
1.22600000000000e+01	5.64915153284884e+27
1.22700000000000e+01	5.58107792255597e+27
1.22800000000000e+01	5.51441426871493e+27
1.22900000000000e+01	5.44920851083039e+27
1.23000000000000e+01	5.38564662448791e+27
1.23100000000000e+01	5.32388849802503e+27
1.23200000000000e+01	5.26390879078536e+27
1.23300000000000e+01	5.20584842114823e+27
1.23400000000000e+01	5.14974767003525e+27
1.23500000000000e+01	5.09561294620454e+27
1.23600000000000e+01	5.04345793904743e+27
1.23700000000000e+01	4.99311691451916e+27
1.23800000000000e+01	4.94450275564296e+27
1.23900000000000e+01	4.89752187947828e+27
1.24000000000000e+01	4.85191482774005e+27
1.24100000000000e+01	4.80757599370635e+27
1.24200000000000e+01	4.76427745809608e+27
1.24300000000000e+01	4.72181828544969e+27
1.24400000000000e+01	4.68003396777924e+27
1.24500000000000e+01	4.63874781397881e+27
1.24600000000000e+01	4.59781548276089e+27
1.24700000000000e+01	4.55716628248348e+27
1.24800000000000e+01	4.51662720029790e+27
1.24900000000000e+01	4.47612976479737e+27
1.25000000000000e+01	4.43561166129621e+27
1.25100000000000e+01	4.39501138487932e+27
1.25200000000000e+01	4.35436224142694e+27
1.25300000000000e+01	4.31360958937214e+27
1.25400000000000e+01	4.27279240323067e+27
1.25500000000000e+01	4.23196418451356e+27
1.25600000000000e+01	4.19114806957936e+27
1.25700000000000e+01	4.15043261712021e+27
1.25800000000000e+01	4.10986566745755e+27
1.25900000000000e+01	4.06959844166103e+27
1.26000000000000e+01	4.02970402032555e+27
1.26100000000000e+01	3.99018923639291e+27
1.26200000000000e+01	3.95122509566660e+27
1.26300000000000e+01	3.91287760224983e+27
1.26400000000000e+01	3.87511913814536e+27
1.26500000000000e+01	3.83810649568801e+27
1.26600000000000e+01	3.80173837318947e+27
1.26700000000000e+01	3.76610388695686e+27
1.26800000000000e+01	3.73116122953029e+27
1.26900000000000e+01	3.69684822468062e+27
1.27000000000000e+01	3.66310305716300e+27
1.27100000000000e+01	3.62991138409392e+27
1.27200000000000e+01	3.59716050233840e+27
1.27300000000000e+01	3.56482374945606e+27
1.27400000000000e+01	3.53281758965089e+27
1.27500000000000e+01	3.50111741126846e+27
1.27600000000000e+01	3.46969826724688e+27
1.27700000000000e+01	3.43849213083593e+27
1.27800000000000e+01	3.40751613835691e+27
1.27900000000000e+01	3.37681317435465e+27
1.28000000000000e+01	3.34641405918661e+27
1.28100000000000e+01	3.31631473808778e+27
1.28200000000000e+01	3.28660617525213e+27
1.28300000000000e+01	3.25729024904762e+27
1.28400000000000e+01	3.22844121518148e+27
1.28500000000000e+01	3.20005210510374e+27
1.28600000000000e+01	3.17217813884339e+27
1.28700000000000e+01	3.14480848242796e+27
1.28800000000000e+01	3.11791992196305e+27
1.28900000000000e+01	3.09145809697748e+27
1.29000000000000e+01	3.06537252736196e+27
1.29100000000000e+01	3.03963808789463e+27
1.29200000000000e+01	3.01420087698174e+27
1.29300000000000e+01	2.98899555432741e+27
1.29400000000000e+01	2.96393101760463e+27
1.29500000000000e+01	2.93898503194201e+27
1.29600000000000e+01	2.91410884827204e+27
1.29700000000000e+01	2.88923532881054e+27
1.29800000000000e+01	2.86434846068060e+27
1.29900000000000e+01	2.83943075968007e+27
1.30000000000000e+01	2.81443068766372e+27
1.30100000000000e+01	2.78939620057220e+27
1.30200000000000e+01	2.76425632627677e+27
1.30300000000000e+01	2.73910981762264e+27
1.30400000000000e+01	2.71393358001516e+27
1.30500000000000e+01	2.68882507255391e+27
1.30600000000000e+01	2.66375855810555e+27
1.30700000000000e+01	2.63887741981255e+27
1.30800000000000e+01	2.61418773388511e+27
1.30900000000000e+01	2.58980594687139e+27
1.31000000000000e+01	2.56572699021930e+27
1.31100000000000e+01	2.54198389929226e+27
1.31200000000000e+01	2.51865518163857e+27
1.31300000000000e+01	2.49568225009216e+27
1.31400000000000e+01	2.47308033222778e+27
1.31500000000000e+01	2.45081113765286e+27
1.31600000000000e+01	2.42883729561835e+27
1.31700000000000e+01	2.40708079090428e+27
1.31800000000000e+01	2.38553903157444e+27
1.31900000000000e+01	2.36410343394598e+27
1.32000000000000e+01	2.34275809629980e+27
1.32100000000000e+01	2.32147015386925e+27
1.32200000000000e+01	2.30022243478932e+27
1.32300000000000e+01	2.27898009247791e+27
1.32400000000000e+01	2.25779883907433e+27
1.32500000000000e+01	2.23666038913453e+27
1.32600000000000e+01	2.21561728411965e+27
1.32700000000000e+01	2.19471044746686e+27
1.32800000000000e+01	2.17397812404395e+27
1.32900000000000e+01	2.15346484148621e+27
1.33000000000000e+01	2.13318949215887e+27
1.33100000000000e+01	2.11323891626430e+27
1.33200000000000e+01	2.09360553939295e+27
1.33300000000000e+01	2.07434836781346e+27
1.33400000000000e+01	2.05546259746720e+27
1.33500000000000e+01	2.03697714323164e+27
1.33600000000000e+01	2.01890128065070e+27
1.33700000000000e+01	2.00123883432290e+27
1.33800000000000e+01	1.98398940217635e+27
1.33900000000000e+01	1.96712608284557e+27
1.34000000000000e+01	1.95063183234813e+27
1.34100000000000e+01	1.93443745613998e+27
1.34200000000000e+01	1.91854827064695e+27
1.34300000000000e+01	1.90287196896916e+27
1.34400000000000e+01	1.88739853729636e+27
1.34500000000000e+01	1.87203283012507e+27
1.34600000000000e+01	1.85677717710813e+27
1.34700000000000e+01	1.84156291861098e+27
1.34800000000000e+01	1.82639527444755e+27
1.34900000000000e+01	1.81127425700372e+27
1.35000000000000e+01	1.79623249915240e+27
1.35100000000000e+01	1.78126811386670e+27
1.35200000000000e+01	1.76643462886138e+27
1.35300000000000e+01	1.75177310362651e+27
1.35400000000000e+01	1.73732414096348e+27
1.35500000000000e+01	1.72312872891552e+27
1.35600000000000e+01	1.70921259130465e+27
1.35700000000000e+01	1.69558761110521e+27
1.35800000000000e+01	1.68226996521392e+27
1.35900000000000e+01	1.66926297602046e+27
1.36000000000000e+01	1.65652477357925e+27
1.36100000000000e+01	1.64405799014825e+27
1.36200000000000e+01	1.63184024271360e+27
1.36300000000000e+01	1.61985475996022e+27
1.36400000000000e+01	1.60808421191851e+27
1.36500000000000e+01	1.59650719039187e+27
1.36600000000000e+01	1.58511345844507e+27
1.36700000000000e+01	1.57389120763177e+27
1.36800000000000e+01	1.56282220839657e+27
1.36900000000000e+01	1.55190315441382e+27
1.37000000000000e+01	1.54113661718659e+27
1.37100000000000e+01	1.53048037837696e+27
1.37200000000000e+01	1.51995584305651e+27
1.37300000000000e+01	1.50955384083612e+27
1.37400000000000e+01	1.49930304047527e+27
1.37500000000000e+01	1.48917382430577e+27
1.37600000000000e+01	1.47921873260613e+27
1.37700000000000e+01	1.46941746698390e+27
1.37800000000000e+01	1.45979937534897e+27
1.37900000000000e+01	1.45040233854473e+27
1.38000000000000e+01	1.44120978016679e+27
1.38100000000000e+01	1.43221629274691e+27
1.38200000000000e+01	1.42344763914550e+27
1.38300000000000e+01	1.41487552252332e+27
1.38400000000000e+01	1.40648637610273e+27
1.38500000000000e+01	1.39826154922798e+27
1.38600000000000e+01	1.39017375917395e+27
1.38700000000000e+01	1.38220612510384e+27
1.38800000000000e+01	1.37433762170483e+27
1.38900000000000e+01	1.36655025121137e+27
1.39000000000000e+01	1.35883433492184e+27
1.39100000000000e+01	1.35118600171489e+27
1.39200000000000e+01	1.34357558773326e+27
1.39300000000000e+01	1.33602110272219e+27
1.39400000000000e+01	1.32849060360381e+27
1.39500000000000e+01	1.32100907503519e+27
1.39600000000000e+01	1.31355038233785e+27
1.39700000000000e+01	1.30611349758325e+27
1.39800000000000e+01	1.29868432700202e+27
1.39900000000000e+01	1.29125593740239e+27
1.40000000000000e+01	1.28381627923714e+27
1.40100000000000e+01	1.27636125549357e+27
1.40200000000000e+01	1.26889291367731e+27
1.40300000000000e+01	1.26138472353522e+27
1.40400000000000e+01	1.25385611134255e+27
1.40500000000000e+01	1.24629275783725e+27
1.40600000000000e+01	1.23872480889206e+27
1.40700000000000e+01	1.23115056085421e+27
1.40800000000000e+01	1.22359103842322e+27
1.40900000000000e+01	1.21605936317546e+27
1.41000000000000e+01	1.20857925195261e+27
1.41100000000000e+01	1.20118145580897e+27
1.41200000000000e+01	1.19385087954144e+27
1.41300000000000e+01	1.18663422050020e+27
1.41400000000000e+01	1.17952109634487e+27
1.41500000000000e+01	1.17249731225614e+27
1.41600000000000e+01	1.16559096580380e+27
1.41700000000000e+01	1.15877983619774e+27
1.41800000000000e+01	1.15206210371061e+27
1.41900000000000e+01	1.14539933872150e+27
1.42000000000000e+01	1.13879264270478e+27
1.42100000000000e+01	1.13223982274331e+27
1.42200000000000e+01	1.12572227716244e+27
1.42300000000000e+01	1.11923182169320e+27
1.42400000000000e+01	1.11275723078292e+27
1.42500000000000e+01	1.10630539143850e+27
1.42600000000000e+01	1.09986676145267e+27
1.42700000000000e+01	1.09344740756405e+27
1.42800000000000e+01	1.08706089067496e+27
1.42900000000000e+01	1.08069240201134e+27
1.43000000000000e+01	1.07433949989052e+27
1.43100000000000e+01	1.06800815183422e+27
1.43200000000000e+01	1.06169137014609e+27
1.43300000000000e+01	1.05539132617292e+27
1.43400000000000e+01	1.04910416175914e+27
1.43500000000000e+01	1.04283863197685e+27
1.43600000000000e+01	1.03658651569533e+27
1.43700000000000e+01	1.03034406050375e+27
1.43800000000000e+01	1.02411640258051e+27
1.43900000000000e+01	1.01790420690213e+27
1.44000000000000e+01	1.01171176937236e+27
1.44100000000000e+01	1.00555043321846e+27
1.44200000000000e+01	9.99407203593162e+26
1.44300000000000e+01	9.93306118824242e+26
1.44400000000000e+01	9.87236197037170e+26
1.44500000000000e+01	9.81202846914920e+26
1.44600000000000e+01	9.75205736540120e+26
1.44700000000000e+01	9.69254943064607e+26
1.44800000000000e+01	9.63342387043007e+26
1.44900000000000e+01	9.57450482073679e+26
1.45000000000000e+01	9.51600287386193e+26
1.45100000000000e+01	9.45775689401216e+26
1.45200000000000e+01	9.39987989024658e+26
1.45300000000000e+01	9.34214588690820e+26
1.45400000000000e+01	9.28468181784093e+26
1.45500000000000e+01	9.22745276655603e+26
1.45600000000000e+01	9.17034485714034e+26
1.45700000000000e+01	9.11369588478337e+26
1.45800000000000e+01	9.05721949111314e+26
1.45900000000000e+01	9.00111256304516e+26
1.46000000000000e+01	8.94548971227436e+26
1.46100000000000e+01	8.89033429452329e+26
1.46200000000000e+01	8.83566794252872e+26
1.46300000000000e+01	8.78156927871351e+26
1.46400000000000e+01	8.72803859470949e+26
1.46500000000000e+01	8.67517681945815e+26
1.46600000000000e+01	8.62289956183306e+26
1.46700000000000e+01	8.57103641325341e+26
1.46800000000000e+01	8.51975033197005e+26
1.46900000000000e+01	8.46897111526293e+26
1.47000000000000e+01	8.41846904897341e+26
1.47100000000000e+01	8.36836380180845e+26
1.47200000000000e+01	8.31850295764732e+26
1.47300000000000e+01	8.26883532516250e+26
1.47400000000000e+01	8.21932843949896e+26
1.47500000000000e+01	8.16996896866341e+26
1.47600000000000e+01	8.12079872725276e+26
1.47700000000000e+01	8.07165493024430e+26
1.47800000000000e+01	8.02271670506792e+26
1.47900000000000e+01	7.97385355852338e+26
1.48000000000000e+01	7.92507707394178e+26
1.48100000000000e+01	7.87648129736246e+26
1.48200000000000e+01	7.82791921852933e+26
1.48300000000000e+01	7.77928745254767e+26
1.48400000000000e+01	7.73074374143175e+26
1.48500000000000e+01	7.68223671380512e+26
1.48600000000000e+01	7.63352319975594e+26
1.48700000000000e+01	7.58479488938659e+26
1.48800000000000e+01	7.53581389045914e+26
1.48900000000000e+01	7.48679574982154e+26
1.49000000000000e+01	7.43773130306343e+26
1.49100000000000e+01	7.38852744278761e+26
1.49200000000000e+01	7.33935429479356e+26
1.49300000000000e+01	7.29041257225593e+26
1.49400000000000e+01	7.24173926516629e+26
1.49500000000000e+01	7.19347416270374e+26
1.49600000000000e+01	7.14587967294692e+26
1.49700000000000e+01	7.09886109074470e+26
1.49800000000000e+01	7.05273046740099e+26
1.49900000000000e+01	7.00745499532979e+26
1.50000000000000e+01	6.96308883959579e+26
1.50100000000000e+01	6.91960696185114e+26
1.50200000000000e+01	6.87707753445754e+26
1.50300000000000e+01	6.83534889961974e+26
1.50400000000000e+01	6.79431163391220e+26
1.50500000000000e+01	6.75408568474931e+26
1.50600000000000e+01	6.71435976904630e+26
1.50700000000000e+01	6.67515710448717e+26
1.50800000000000e+01	6.63650573222419e+26
1.50900000000000e+01	6.59826788307619e+26
1.51000000000000e+01	6.56042345320600e+26
1.51100000000000e+01	6.52295785688503e+26
1.51200000000000e+01	6.48593657749957e+26
1.51300000000000e+01	6.44926316875472e+26
1.51400000000000e+01	6.41292282556312e+26
1.51500000000000e+01	6.37694153440231e+26
1.51600000000000e+01	6.34126505672588e+26
1.51700000000000e+01	6.30596862742340e+26
1.51800000000000e+01	6.27086982161937e+26
1.51900000000000e+01	6.23609727311452e+26
1.52000000000000e+01	6.20154286554244e+26
1.52100000000000e+01	6.16723717634199e+26
1.52200000000000e+01	6.13301804501052e+26
1.52300000000000e+01	6.09899686641241e+26
1.52400000000000e+01	6.06505862510950e+26
1.52500000000000e+01	6.03119053568749e+26
1.52600000000000e+01	5.99736591395541e+26
1.52700000000000e+01	5.96364139458281e+26
1.52800000000000e+01	5.92996401701918e+26
1.52900000000000e+01	5.89631163473030e+26
1.53000000000000e+01	5.86270118221955e+26
1.53100000000000e+01	5.82913749418026e+26
1.53200000000000e+01	5.79571807665918e+26
1.53300000000000e+01	5.76237950712602e+26
1.53400000000000e+01	5.72916532137255e+26
1.53500000000000e+01	5.69610248046382e+26
1.53600000000000e+01	5.66320137383327e+26
1.53700000000000e+01	5.63056130034388e+26
1.53800000000000e+01	5.59815426934759e+26
1.53900000000000e+01	5.56600656216947e+26
1.54000000000000e+01	5.53415965101022e+26
1.54100000000000e+01	5.50268740683730e+26
1.54200000000000e+01	5.47149573419495e+26
1.54300000000000e+01	5.44074345864196e+26
1.54400000000000e+01	5.41036848548914e+26
1.54500000000000e+01	5.38041674667298e+26
1.54600000000000e+01	5.35073030831110e+26
1.54700000000000e+01	5.32141518872708e+26
1.54800000000000e+01	5.29234672120622e+26
1.54900000000000e+01	5.26346724020355e+26
1.55000000000000e+01	5.23473711826664e+26
1.55100000000000e+01	5.20612967678770e+26
1.55200000000000e+01	5.17754406633958e+26
1.55300000000000e+01	5.14888192891411e+26
1.55400000000000e+01	5.12031224206558e+26
1.55500000000000e+01	5.09165423620479e+26
1.55600000000000e+01	5.06304286933537e+26
1.55700000000000e+01	5.03439091043400e+26
1.55800000000000e+01	5.00586601750541e+26
1.55900000000000e+01	4.97750556135646e+26
1.56000000000000e+01	4.94926342448356e+26
1.56100000000000e+01	4.92130078095032e+26
1.56200000000000e+01	4.89360919401410e+26
1.56300000000000e+01	4.86623501062409e+26
1.56400000000000e+01	4.83919971981964e+26
1.56500000000000e+01	4.81255816188360e+26
1.56600000000000e+01	4.78635838985425e+26
1.56700000000000e+01	4.76056820048865e+26
1.56800000000000e+01	4.73516579338011e+26
1.56900000000000e+01	4.71013166515218e+26
1.57000000000000e+01	4.68549938007743e+26
1.57100000000000e+01	4.66118499765859e+26
1.57200000000000e+01	4.63710687382980e+26
1.57300000000000e+01	4.61323665197996e+26
1.57400000000000e+01	4.58950664330652e+26
1.57500000000000e+01	4.56591510268590e+26
1.57600000000000e+01	4.54235917690428e+26
1.57700000000000e+01	4.51880619902874e+26
1.57800000000000e+01	4.49519271027885e+26
1.57900000000000e+01	4.47150587485251e+26
1.58000000000000e+01	4.44778769187590e+26
1.58100000000000e+01	4.42396854834262e+26
1.58200000000000e+01	4.40003429287018e+26
1.58300000000000e+01	4.37600224963821e+26
1.58400000000000e+01	4.35188381428012e+26
1.58500000000000e+01	4.32774012708675e+26
1.58600000000000e+01	4.30356123229991e+26
1.58700000000000e+01	4.27937413158938e+26
1.58800000000000e+01	4.25521169057128e+26
1.58900000000000e+01	4.23118993534388e+26
1.59000000000000e+01	4.20727579252135e+26
1.59100000000000e+01	4.18355289625333e+26
1.59200000000000e+01	4.16005070594605e+26
1.59300000000000e+01	4.13681521617464e+26
1.59400000000000e+01	4.11394924905122e+26
1.59500000000000e+01	4.09140841064004e+26
1.59600000000000e+01	4.06922592294319e+26
1.59700000000000e+01	4.04738641759850e+26
1.59800000000000e+01	4.02587506256312e+26
1.59900000000000e+01	4.00472311028436e+26
1.60000000000000e+01	3.98384712401073e+26
1.60100000000000e+01	3.96320615046352e+26
1.60200000000000e+01	3.94276200647003e+26
1.60300000000000e+01	3.92248331688730e+26
1.60400000000000e+01	3.90238802879784e+26
1.60500000000000e+01	3.88239791409048e+26
1.60600000000000e+01	3.86252086420154e+26
1.60700000000000e+01	3.84273712289745e+26
1.60800000000000e+01	3.82311997378971e+26
1.60900000000000e+01	3.80356367096248e+26
1.61000000000000e+01	3.78418328490371e+26
1.61100000000000e+01	3.76494361901836e+26
1.61200000000000e+01	3.74589684895310e+26
1.61300000000000e+01	3.72693346884785e+26
1.61400000000000e+01	3.70815540910334e+26
1.61500000000000e+01	3.68949218937222e+26
1.61600000000000e+01	3.67092212233487e+26
1.61700000000000e+01	3.65248179539183e+26
1.61800000000000e+01	3.63402508412771e+26
1.61900000000000e+01	3.61563053842893e+26
1.62000000000000e+01	3.59723053064990e+26
1.62100000000000e+01	3.57880265804211e+26
1.62200000000000e+01	3.56033190879398e+26
1.62300000000000e+01	3.54185972108427e+26
1.62400000000000e+01	3.52334843389381e+26
1.62500000000000e+01	3.50479511987765e+26
1.62600000000000e+01	3.48622472561296e+26
1.62700000000000e+01	3.46772439651045e+26
1.62800000000000e+01	3.44919622256959e+26
1.62900000000000e+01	3.43079523590195e+26
1.63000000000000e+01	3.41248568322950e+26
1.63100000000000e+01	3.39428236149298e+26
1.63200000000000e+01	3.37625787323218e+26
1.63300000000000e+01	3.35835799820849e+26
1.63400000000000e+01	3.34052132295814e+26
1.63500000000000e+01	3.32288530315134e+26
1.63600000000000e+01	3.30526423703652e+26
1.63700000000000e+01	3.28768156413690e+26
1.63800000000000e+01	3.27015727125488e+26
1.63900000000000e+01	3.25263807864517e+26
1.64000000000000e+01	3.23511554745240e+26
1.64100000000000e+01	3.21759957123326e+26
1.64200000000000e+01	3.20016565708911e+26
1.64300000000000e+01	3.18280858051717e+26
1.64400000000000e+01	3.16553504966621e+26
1.64500000000000e+01	3.14853514513698e+26
1.64600000000000e+01	3.13172717272949e+26
1.64700000000000e+01	3.11520078243391e+26
1.64800000000000e+01	3.09903408602425e+26
1.64900000000000e+01	3.08320007770594e+26
1.65000000000000e+01	3.06770086275721e+26
1.65100000000000e+01	3.05257121365794e+26
1.65200000000000e+01	3.03770093180684e+26
1.65300000000000e+01	3.02315257185452e+26
1.65400000000000e+01	3.00885256703440e+26
1.65500000000000e+01	2.99477817167113e+26
1.65600000000000e+01	2.98091315018268e+26
1.65700000000000e+01	2.96729057920261e+26
1.65800000000000e+01	2.95386865193000e+26
1.65900000000000e+01	2.94065449553994e+26
1.66000000000000e+01	2.92765927451717e+26
1.66100000000000e+01	2.91489759434174e+26
1.66200000000000e+01	2.90241937731121e+26
1.66300000000000e+01	2.89014548995420e+26
1.66400000000000e+01	2.87815568311858e+26
1.66500000000000e+01	2.86643472032315e+26
1.66600000000000e+01	2.85487540642084e+26
1.66700000000000e+01	2.84352929413429e+26
1.66800000000000e+01	2.83227473016661e+26
1.66900000000000e+01	2.82115275687724e+26
1.67000000000000e+01	2.81008059472943e+26
1.67100000000000e+01	2.79906239492838e+26
1.67200000000000e+01	2.78798620237063e+26
1.67300000000000e+01	2.77691068976458e+26
1.67400000000000e+01	2.76578117071982e+26
1.67500000000000e+01	2.75459358505118e+26
1.67600000000000e+01	2.74338746447462e+26
1.67700000000000e+01	2.73208703110566e+26
1.67800000000000e+01	2.72077981705677e+26
1.67900000000000e+01	2.70943008654602e+26
1.68000000000000e+01	2.69804059459607e+26
1.68100000000000e+01	2.68660653832354e+26
1.68200000000000e+01	2.67516418147712e+26
1.68300000000000e+01	2.66366067991149e+26
1.68400000000000e+01	2.65204657202009e+26
1.68500000000000e+01	2.64042764118869e+26
1.68600000000000e+01	2.62867548923397e+26
1.68700000000000e+01	2.61682489267273e+26
1.68800000000000e+01	2.60491473872565e+26
1.68900000000000e+01	2.59291352919166e+26
1.69000000000000e+01	2.58083662741372e+26
1.69100000000000e+01	2.56870481782233e+26
1.69200000000000e+01	2.55658639008936e+26
1.69300000000000e+01	2.54447489067937e+26
1.69400000000000e+01	2.53236700694106e+26
1.69500000000000e+01	2.52041231775815e+26
1.69600000000000e+01	2.50853150286090e+26
1.69700000000000e+01	2.49678870815555e+26
1.69800000000000e+01	2.48524564846032e+26
1.69900000000000e+01	2.47387687081796e+26
1.70000000000000e+01	2.46268748057141e+26
1.70100000000000e+01	2.45167481382493e+26
1.70200000000000e+01	2.44086195832945e+26
1.70300000000000e+01	2.43015658528361e+26
1.70400000000000e+01	2.41960921350568e+26
1.70500000000000e+01	2.40915554422243e+26
1.70600000000000e+01	2.39876746239659e+26
1.70700000000000e+01	2.38845573784207e+26
1.70800000000000e+01	2.37812464463805e+26
1.70900000000000e+01	2.36782808910486e+26
1.71000000000000e+01	2.35751788634964e+26
1.71100000000000e+01	2.34718788229666e+26
1.71200000000000e+01	2.33683696166350e+26
1.71300000000000e+01	2.32650524681251e+26
1.71400000000000e+01	2.31616698734252e+26
1.71500000000000e+01	2.30579879066792e+26
1.71600000000000e+01	2.29551817020079e+26
1.71700000000000e+01	2.28523457859658e+26
1.71800000000000e+01	2.27499382680337e+26
1.71900000000000e+01	2.26484004021022e+26
1.72000000000000e+01	2.25474497678546e+26
1.72100000000000e+01	2.24471184697056e+26
1.72200000000000e+01	2.23474120870013e+26
1.72300000000000e+01	2.22486710696275e+26
1.72400000000000e+01	2.21501680921198e+26
1.72500000000000e+01	2.20525710840778e+26
1.72600000000000e+01	2.19555069008500e+26
1.72700000000000e+01	2.18589681030207e+26
1.72800000000000e+01	2.17632739057168e+26
1.72900000000000e+01	2.16677486042166e+26
1.73000000000000e+01	2.15730681715687e+26
1.73100000000000e+01	2.14788850267935e+26
1.73200000000000e+01	2.13851948568620e+26
1.73300000000000e+01	2.12919544638920e+26
1.73400000000000e+01	2.11994510819500e+26
1.73500000000000e+01	2.11069649411474e+26
1.73600000000000e+01	2.10150934336729e+26
1.73700000000000e+01	2.09234504296790e+26
1.73800000000000e+01	2.08319685856469e+26
1.73900000000000e+01	2.07409403055265e+26
1.74000000000000e+01	2.06497068682341e+26
1.74100000000000e+01	2.05589179891763e+26
1.74200000000000e+01	2.04682951939732e+26
1.74300000000000e+01	2.03778799938819e+26
1.74400000000000e+01	2.02877385789450e+26
1.74500000000000e+01	2.01982656999438e+26
1.74600000000000e+01	2.01091962012078e+26
1.74700000000000e+01	2.00202607560620e+26
1.74800000000000e+01	1.99324603686781e+26
1.74900000000000e+01	1.98448481870846e+26
1.75000000000000e+01	1.97577605480689e+26
1.75100000000000e+01	1.96715050112701e+26
1.75200000000000e+01	1.95854315818227e+26
1.75300000000000e+01	1.95001679119727e+26
1.75400000000000e+01	1.94156995957689e+26
1.75500000000000e+01	1.93314144812712e+26
1.75600000000000e+01	1.92476432929303e+26
1.75700000000000e+01	1.91647140648003e+26
1.75800000000000e+01	1.90823488667755e+26
1.75900000000000e+01	1.90005723142824e+26
1.76000000000000e+01	1.89194166113449e+26
1.76100000000000e+01	1.88391914445428e+26
1.76200000000000e+01	1.87592955161467e+26
1.76300000000000e+01	1.86803079566786e+26
1.76400000000000e+01	1.86019011909090e+26
1.76500000000000e+01	1.85240396641992e+26
1.76600000000000e+01	1.84466689938078e+26
1.76700000000000e+01	1.83700439781320e+26
1.76800000000000e+01	1.82935277902885e+26
1.76900000000000e+01	1.82176720691419e+26
1.77000000000000e+01	1.81421535255795e+26
1.77100000000000e+01	1.80669538458485e+26
1.77200000000000e+01	1.79923414284243e+26
1.77300000000000e+01	1.79177181694508e+26
1.77400000000000e+01	1.78436391976486e+26
1.77500000000000e+01	1.77697857634986e+26
1.77600000000000e+01	1.76961191295328e+26
1.77700000000000e+01	1.76225828722988e+26
1.77800000000000e+01	1.75491160916888e+26
1.77900000000000e+01	1.74759464288559e+26
1.78000000000000e+01	1.74027336964932e+26
1.78100000000000e+01	1.73291291526999e+26
1.78200000000000e+01	1.72559756093715e+26
1.78300000000000e+01	1.71823923083438e+26
1.78400000000000e+01	1.71086979618926e+26
1.78500000000000e+01	1.70352175581122e+26
1.78600000000000e+01	1.69617247223578e+26
1.78700000000000e+01	1.68883238597810e+26
1.78800000000000e+01	1.68151004697617e+26
1.78900000000000e+01	1.67421580231242e+26
1.79000000000000e+01	1.66695917597406e+26
1.79100000000000e+01	1.65977654708041e+26
1.79200000000000e+01	1.65264572744083e+26
1.79300000000000e+01	1.64557112138754e+26
1.79400000000000e+01	1.63855350604554e+26
1.79500000000000e+01	1.63159246264904e+26
1.79600000000000e+01	1.62471126715463e+26
1.79700000000000e+01	1.61787659691609e+26
1.79800000000000e+01	1.61105589463183e+26
1.79900000000000e+01	1.60429492979646e+26
1.80000000000000e+01	1.59758628830561e+26
1.80100000000000e+01	1.59086922060926e+26
1.80200000000000e+01	1.58416521616135e+26
1.80300000000000e+01	1.57749664875780e+26
1.80400000000000e+01	1.57083612628473e+26
1.80500000000000e+01	1.56418518717459e+26
1.80600000000000e+01	1.55754730358046e+26
1.80700000000000e+01	1.55095477783600e+26
1.80800000000000e+01	1.54436394461122e+26
1.80900000000000e+01	1.53783599759069e+26
1.81000000000000e+01	1.53135562276791e+26
1.81100000000000e+01	1.52493219616641e+26
1.81200000000000e+01	1.51857399594702e+26
1.81300000000000e+01	1.51228711930772e+26
1.81400000000000e+01	1.50610074946457e+26
1.81500000000000e+01	1.49996414777865e+26
1.81600000000000e+01	1.49392516849580e+26
1.81700000000000e+01	1.48795341599102e+26
1.81800000000000e+01	1.48204023676127e+26
1.81900000000000e+01	1.47620256146152e+26
1.82000000000000e+01	1.47038061490882e+26
1.82100000000000e+01	1.46461497396360e+26
1.82200000000000e+01	1.45887304553801e+26
1.82300000000000e+01	1.45314751236114e+26
1.82400000000000e+01	1.44743404654969e+26
1.82500000000000e+01	1.44173019725071e+26
1.82600000000000e+01	1.43605867597299e+26
1.82700000000000e+01	1.43039546114223e+26
1.82800000000000e+01	1.42471666832960e+26
1.82900000000000e+01	1.41907307320715e+26
1.83000000000000e+01	1.41344129130011e+26
1.83100000000000e+01	1.40784768945145e+26
1.83200000000000e+01	1.40224476011760e+26
1.83300000000000e+01	1.39668054037251e+26
1.83400000000000e+01	1.39113113078515e+26
1.83500000000000e+01	1.38559530672805e+26
1.83600000000000e+01	1.38007185891378e+26
1.83700000000000e+01	1.37455915349310e+26
1.83800000000000e+01	1.36905428889283e+26
1.83900000000000e+01	1.36358013907010e+26
1.84000000000000e+01	1.35811100479717e+26
1.84100000000000e+01	1.35264638231698e+26
1.84200000000000e+01	1.34718635591007e+26
1.84300000000000e+01	1.34173159929264e+26
1.84400000000000e+01	1.33628462526361e+26
1.84500000000000e+01	1.33087136364879e+26
1.84600000000000e+01	1.32547267084453e+26
1.84700000000000e+01	1.32009265307224e+26
1.84800000000000e+01	1.31473591706695e+26
1.84900000000000e+01	1.30940809785531e+26
1.85000000000000e+01	1.30411294912238e+26
1.85100000000000e+01	1.29887702815208e+26
1.85200000000000e+01	1.29365771626645e+26
1.85300000000000e+01	1.28850176581922e+26
1.85400000000000e+01	1.28338720619333e+26
1.85500000000000e+01	1.27831287376341e+26
1.85600000000000e+01	1.27327705175525e+26
1.85700000000000e+01	1.26829902486220e+26
1.85800000000000e+01	1.26333117424158e+26
1.85900000000000e+01	1.25841353946824e+26
1.86000000000000e+01	1.25352030321096e+26
1.86100000000000e+01	1.24864781750464e+26
1.86200000000000e+01	1.24379279286638e+26
1.86300000000000e+01	1.23897556491968e+26
1.86400000000000e+01	1.23414990618473e+26
1.86500000000000e+01	1.22935950157954e+26
1.86600000000000e+01	1.22458215757622e+26
1.86700000000000e+01	1.21981905975332e+26
1.86800000000000e+01	1.21507088103988e+26
1.86900000000000e+01	1.21033918034545e+26
1.87000000000000e+01	1.20564733700906e+26
1.87100000000000e+01	1.20095271466236e+26
1.87200000000000e+01	1.19629989637683e+26
1.87300000000000e+01	1.19166776433839e+26
1.87400000000000e+01	1.18705561097302e+26
1.87500000000000e+01	1.18246347580145e+26
1.87600000000000e+01	1.17789037022384e+26
1.87700000000000e+01	1.17335676990910e+26
1.87800000000000e+01	1.16883952120697e+26
1.87900000000000e+01	1.16431697710607e+26
1.88000000000000e+01	1.15983064544189e+26
1.88100000000000e+01	1.15535825226328e+26
1.88200000000000e+01	1.15092095367209e+26
1.88300000000000e+01	1.14647597306277e+26
1.88400000000000e+01	1.14206650732592e+26
1.88500000000000e+01	1.13765042442043e+26
1.88600000000000e+01	1.13326980683149e+26
1.88700000000000e+01	1.12890482319292e+26
1.88800000000000e+01	1.12455633194605e+26
1.88900000000000e+01	1.12024446792994e+26
1.89000000000000e+01	1.11592908584793e+26
1.89100000000000e+01	1.11165105669604e+26
1.89200000000000e+01	1.10736969838229e+26
1.89300000000000e+01	1.10312485708772e+26
1.89400000000000e+01	1.09889621961344e+26
1.89500000000000e+01	1.09468295058559e+26
1.89600000000000e+01	1.09050382323434e+26
1.89700000000000e+01	1.08631797834424e+26
1.89800000000000e+01	1.08216412439708e+26
1.89900000000000e+01	1.07802127834142e+26
1.90000000000000e+01	1.07388830223131e+26
1.90100000000000e+01	1.06976426492126e+26
1.90200000000000e+01	1.06564857051778e+26
1.90300000000000e+01	1.06154121520928e+26
1.90400000000000e+01	1.05746122348127e+26
1.90500000000000e+01	1.05337032047406e+26
1.90600000000000e+01	1.04930801752660e+26
1.90700000000000e+01	1.04525561915561e+26
1.90800000000000e+01	1.04121482194107e+26
1.90900000000000e+01	1.03718670796512e+26
1.91000000000000e+01	1.03319226545453e+26
1.91100000000000e+01	1.02919374848776e+26
1.91200000000000e+01	1.02523095413924e+26
1.91300000000000e+01	1.02128562739797e+26
1.91400000000000e+01	1.01733942077994e+26
1.91500000000000e+01	1.01344996854867e+26
1.91600000000000e+01	1.00955972652040e+26
1.91700000000000e+01	1.00568846599451e+26
1.91800000000000e+01	1.00185417150916e+26
1.91900000000000e+01	9.98019759387352e+25
1.92000000000000e+01	9.94222056410833e+25
1.92100000000000e+01	9.90442696189172e+25
1.92200000000000e+01	9.86681300131953e+25
1.92300000000000e+01	9.82938120939989e+25
1.92400000000000e+01	9.79213055672595e+25
1.92500000000000e+01	9.75524681149252e+25
1.92600000000000e+01	9.71854408928442e+25
1.92700000000000e+01	9.68183355026183e+25
1.92800000000000e+01	9.64547639659862e+25
1.92900000000000e+01	9.60928333265214e+25
1.93000000000000e+01	9.57324491663707e+25
1.93100000000000e+01	9.53753348663849e+25
1.93200000000000e+01	9.50177575713436e+25
1.93300000000000e+01	9.46632632207512e+25
1.93400000000000e+01	9.43099087692426e+25
1.93500000000000e+01	9.39559054815543e+25
1.93600000000000e+01	9.36047344156138e+25
1.93700000000000e+01	9.32564290293789e+25
1.93800000000000e+01	9.29073284721721e+25
1.93900000000000e+01	9.25592694066050e+25
1.94000000000000e+01	9.22140210368486e+25
1.94100000000000e+01	9.18698257554778e+25
1.94200000000000e+01	9.15249464021498e+25
1.94300000000000e+01	9.11829300769572e+25
1.94400000000000e+01	9.08420204909554e+25
1.94500000000000e+01	9.05039691902518e+25
1.94600000000000e+01	9.01652744574585e+25
1.94700000000000e+01	8.98294198902265e+25
1.94800000000000e+01	8.94929180231777e+25
1.94900000000000e+01	8.91592301188590e+25
1.95000000000000e+01	8.88265888614946e+25
1.95100000000000e+01	8.84950202039316e+25
1.95200000000000e+01	8.81645008646894e+25
1.95300000000000e+01	8.78350687698225e+25
1.95400000000000e+01	8.75083847175846e+25
1.95500000000000e+01	8.71811085632825e+25
1.95600000000000e+01	8.68566046973827e+25
1.95700000000000e+01	8.65332430611879e+25
1.95800000000000e+01	8.62110121763454e+25
1.95900000000000e+01	8.58898977661905e+25
1.96000000000000e+01	8.55699912374631e+25
1.96100000000000e+01	8.52528889913070e+25
1.96200000000000e+01	8.49353221024835e+25
1.96300000000000e+01	8.46205707237580e+25
1.96400000000000e+01	8.43070050261303e+25
1.96500000000000e+01	8.39945546489358e+25
1.96600000000000e+01	8.36832482941629e+25
1.96700000000000e+01	8.33730574400762e+25
1.96800000000000e+01	8.30639261511743e+25
1.96900000000000e+01	8.27558428125458e+25
1.97000000000000e+01	8.24487987360056e+25
1.97100000000000e+01	8.21411309087013e+25
1.97200000000000e+01	8.18344404876850e+25
1.97300000000000e+01	8.15239462935356e+25
1.97400000000000e+01	8.12081545755946e+25
1.97500000000000e+01	8.08824775697229e+25
1.97600000000000e+01	8.05361065277038e+25
1.97700000000000e+01	8.01602037745887e+25
1.97800000000000e+01	7.97289496924445e+25
1.97900000000000e+01	7.92141674310083e+25
1.98000000000000e+01	7.85692554562759e+25
1.98100000000000e+01	7.77303703500202e+25
1.98200000000000e+01	7.66125727184206e+25
1.98300000000000e+01	7.51066432138414e+25
1.98400000000000e+01	7.30818861947994e+25
1.98500000000000e+01	7.03911380581072e+25
1.98600000000000e+01	6.68851943426868e+25
1.98700000000000e+01	6.24343370055328e+25
1.98800000000000e+01	5.69586426992817e+25
1.98900000000000e+01	5.04632101085674e+25
1.99000000000000e+01	4.30724240717733e+25
1.99100000000000e+01	3.50528638604872e+25
1.99200000000000e+01	2.68154134138262e+25
1.99300000000000e+01	1.88843506621807e+25
1.99400000000000e+01	1.18314786080432e+25
1.99500000000000e+01	6.18124790691015e+24
1.99600000000000e+01	2.30416497904178e+24
1.99700000000000e+01	3.27979470188953e+23
1.99800000000000e+01	9.60277604113173e+22
1.99900000000000e+01	1.19285344489264e+24
2.00000000000000e+01	3.03693060234675e+24
