1.00000000000000e-02	8.65889820419352e+26
2.00000000000000e-02	3.46330615441042e+27
3.00000000000000e-02	7.79158406354176e+27
4.00000000000000e-02	1.38492450312146e+28
5.00000000000000e-02	2.16347340983214e+28
6.00000000000000e-02	3.11460876960040e+28
7.00000000000000e-02	4.23798851850422e+28
8.00000000000000e-02	5.53332011253803e+28
9.00000000000000e-02	7.00027946357120e+28
1.00000000000000e-01	8.63833887986255e+28
1.10000000000000e-01	1.04472486950309e+29
1.20000000000000e-01	1.24261130080466e+29
1.30000000000000e-01	1.45747727937741e+29
1.40000000000000e-01	1.68922559869690e+29
1.50000000000000e-01	1.93782377113305e+29
1.60000000000000e-01	2.20315106831536e+29
1.70000000000000e-01	2.48516523548817e+29
1.80000000000000e-01	2.78380270423271e+29
1.90000000000000e-01	3.09891879440269e+29
2.00000000000000e-01	3.43051785608742e+29
2.10000000000000e-01	3.77835561694217e+29
2.20000000000000e-01	4.14247881478638e+29
2.30000000000000e-01	4.52269536299717e+29
2.40000000000000e-01	4.91894720507123e+29
2.50000000000000e-01	5.33101120245671e+29
2.60000000000000e-01	5.75887196372518e+29
2.70000000000000e-01	6.20243367278999e+29
2.80000000000000e-01	6.66139501204032e+29
2.90000000000000e-01	7.13577811406223e+29
3.00000000000000e-01	7.62543732509141e+29
3.10000000000000e-01	8.13009188978837e+29
3.20000000000000e-01	8.64973997062548e+29
3.30000000000000e-01	9.18420446227209e+29
3.40000000000000e-01	9.73318578902163e+29
3.50000000000000e-01	1.02966976179416e+30
3.60000000000000e-01	1.08745555081721e+30
3.70000000000000e-01	1.14663591980538e+30
3.80000000000000e-01	1.20720108932831e+30
3.90000000000000e-01	1.26916247955292e+30
4.00000000000000e-01	1.33247219875263e+30
4.10000000000000e-01	1.39709857607917e+30
4.20000000000000e-01	1.46307595337298e+30
4.30000000000000e-01	1.53033065441538e+30
4.40000000000000e-01	1.59883916078343e+30
4.50000000000000e-01	1.66861636808497e+30
4.60000000000000e-01	1.73963277898377e+30
4.70000000000000e-01	1.81184682885001e+30
4.80000000000000e-01	1.88525178639708e+30
4.90000000000000e-01	1.95979924245394e+30
5.00000000000000e-01	2.03549199744683e+30
5.10000000000000e-01	2.11232470649643e+30
5.20000000000000e-01	2.19022032886880e+30
5.30000000000000e-01	2.26919234327337e+30
5.40000000000000e-01	2.34917942551115e+30
5.50000000000000e-01	2.43020059024282e+30
5.60000000000000e-01	2.51222701653353e+30
5.70000000000000e-01	2.59518098253661e+30
5.80000000000000e-01	2.67904247567256e+30
5.90000000000000e-01	2.76383102660791e+30
6.00000000000000e-01	2.84951007344113e+30
6.10000000000000e-01	2.93600504397731e+30
6.20000000000000e-01	3.02335054175543e+30
6.30000000000000e-01	3.11143235497666e+30
6.40000000000000e-01	3.20032062519378e+30
6.50000000000000e-01	3.28987691065669e+30
6.60000000000000e-01	3.38011473238434e+30
6.70000000000000e-01	3.47110505032626e+30
6.80000000000000e-01	3.56261421801388e+30
6.90000000000000e-01	3.65476476974917e+30
7.00000000000000e-01	3.74748746266037e+30
7.10000000000000e-01	3.84073266569242e+30
7.20000000000000e-01	3.93451771030653e+30
7.30000000000000e-01	4.02870786815916e+30
7.40000000000000e-01	4.12329390865144e+30
7.50000000000000e-01	4.21831689511618e+30
7.60000000000000e-01	4.31365563778035e+30
7.70000000000000e-01	4.40936792788304e+30
7.80000000000000e-01	4.50530462431290e+30
7.90000000000000e-01	4.60147910590335e+30
8.00000000000000e-01	4.69788110758296e+30
8.10000000000000e-01	4.79443658187714e+30
8.20000000000000e-01	4.89117775828231e+30
8.30000000000000e-01	4.98788797874315e+30
8.40000000000000e-01	5.08480398351433e+30
8.50000000000000e-01	5.18158108740223e+30
8.60000000000000e-01	5.27840874945767e+30
8.70000000000000e-01	5.37513851772817e+30
8.80000000000000e-01	5.47170247328914e+30
8.90000000000000e-01	5.56823338585683e+30
9.00000000000000e-01	5.66451240269014e+30
9.10000000000000e-01	5.76051349324581e+30
9.20000000000000e-01	5.85631268783860e+30
9.30000000000000e-01	5.95168765508198e+30
9.40000000000000e-01	6.04677537425136e+30
9.50000000000000e-01	6.14141302226751e+30
9.60000000000000e-01	6.23558563093576e+30
9.70000000000000e-01	6.32934302413807e+30
9.80000000000000e-01	6.42245630425532e+30
9.90000000000000e-01	6.51504414147599e+30
1.00000000000000e+00	6.60689002040977e+30
1.01000000000000e+00	6.69812865005191e+30
1.02000000000000e+00	6.78867048244568e+30
1.03000000000000e+00	6.87839622768667e+30
1.04000000000000e+00	6.96728557884861e+30
1.05000000000000e+00	7.05534153132411e+30
1.06000000000000e+00	7.14232338868555e+30
1.07000000000000e+00	7.22845885783449e+30
1.08000000000000e+00	7.31358878477103e+30
1.09000000000000e+00	7.39766897846312e+30
1.10000000000000e+00	7.48053732405898e+30
1.11000000000000e+00	7.56238836552422e+30
1.12000000000000e+00	7.64288258980825e+30
1.13000000000000e+00	7.72211607660021e+30
1.14000000000000e+00	7.80008261138996e+30
1.15000000000000e+00	7.87674155975201e+30
1.16000000000000e+00	7.95182972025606e+30
1.17000000000000e+00	8.02566042993508e+30
1.18000000000000e+00	8.09769982633420e+30
1.19000000000000e+00	8.16836822874999e+30
1.20000000000000e+00	8.23731106548816e+30
1.21000000000000e+00	8.30462757908412e+30
1.22000000000000e+00	8.37013819376444e+30
1.23000000000000e+00	8.43391889977266e+30
1.24000000000000e+00	8.49579037329127e+30
1.25000000000000e+00	8.55583088900956e+30
1.26000000000000e+00	8.61384314174833e+30
1.27000000000000e+00	8.66997385784288e+30
1.28000000000000e+00	8.72397712838232e+30
1.29000000000000e+00	8.77577539371419e+30
1.30000000000000e+00	8.82539343728228e+30
1.31000000000000e+00	8.87290187167227e+30
1.32000000000000e+00	8.91810557721985e+30
1.33000000000000e+00	8.96095919480357e+30
1.34000000000000e+00	9.00136083286463e+30
1.35000000000000e+00	9.03948503554903e+30
1.36000000000000e+00	9.07485446518834e+30
1.37000000000000e+00	9.10775306563083e+30
1.38000000000000e+00	9.13799390435579e+30
1.39000000000000e+00	9.16574888921784e+30
1.40000000000000e+00	9.19061376519670e+30
1.41000000000000e+00	9.21253194392885e+30
1.42000000000000e+00	9.23182284940842e+30
1.43000000000000e+00	9.24808095761609e+30
1.44000000000000e+00	9.26140520171006e+30
1.45000000000000e+00	9.27162526188501e+30
1.46000000000000e+00	9.27894338847616e+30
1.47000000000000e+00	9.28289019909618e+30
1.48000000000000e+00	9.28373213531045e+30
1.49000000000000e+00	9.28121589453948e+30
1.50000000000000e+00	9.27554072192782e+30
1.51000000000000e+00	9.26638639716046e+30
1.52000000000000e+00	9.25394153155385e+30
1.53000000000000e+00	9.23783284010971e+30
1.54000000000000e+00	9.21829633736136e+30
1.55000000000000e+00	9.19511935646502e+30
1.56000000000000e+00	9.16829214507402e+30
1.57000000000000e+00	9.13770402093910e+30
1.58000000000000e+00	9.10329412946306e+30
1.59000000000000e+00	9.06498255399183e+30
1.60000000000000e+00	9.02277191374563e+30
1.61000000000000e+00	8.97617846838274e+30
1.62000000000000e+00	8.92527541396904e+30
1.63000000000000e+00	8.86984461962099e+30
1.64000000000000e+00	8.80968455612555e+30
1.65000000000000e+00	8.74456227010877e+30
1.66000000000000e+00	8.67424734267265e+30
1.67000000000000e+00	8.59849193627505e+30
1.68000000000000e+00	8.51695969089338e+30
1.69000000000000e+00	8.42960150891503e+30
1.70000000000000e+00	8.33576834088332e+30
1.71000000000000e+00	8.23546896179570e+30
1.72000000000000e+00	8.12797426681975e+30
1.73000000000000e+00	8.01258150320699e+30
1.74000000000000e+00	7.88893201007596e+30
1.75000000000000e+00	7.75562992683848e+30
1.76000000000000e+00	7.61164689653816e+30
1.77000000000000e+00	7.45549344876260e+30
1.78000000000000e+00	7.28583998683852e+30
1.79000000000000e+00	7.10088986483862e+30
1.80000000000000e+00	6.89944966755021e+30
1.81000000000000e+00	6.68072432769880e+30
1.82000000000000e+00	6.44447552274128e+30
1.83000000000000e+00	6.19239112263535e+30
1.84000000000000e+00	5.92654265926897e+30
1.85000000000000e+00	5.65159565644220e+30
1.86000000000000e+00	5.37330098691721e+30
1.87000000000000e+00	5.09946019719258e+30
1.88000000000000e+00	4.83890858387847e+30
1.89000000000000e+00	4.60158320703883e+30
1.90000000000000e+00	4.39760588268543e+30
1.91000000000000e+00	4.23682058275801e+30
1.92000000000000e+00	4.12769014397903e+30
1.93000000000000e+00	4.07685765809650e+30
1.94000000000000e+00	4.08826950291522e+30
1.95000000000000e+00	4.16312869462484e+30
1.96000000000000e+00	4.29887644545733e+30
1.97000000000000e+00	4.49021422556527e+30
1.98000000000000e+00	4.72844844347204e+30
1.99000000000000e+00	5.00220656934793e+30
2.00000000000000e+00	5.29861058085112e+30
2.01000000000000e+00	5.60375327151427e+30
2.02000000000000e+00	5.90367001413619e+30
2.03000000000000e+00	6.18531618104857e+30
2.04000000000000e+00	6.43737539807104e+30
2.05000000000000e+00	6.65073720848763e+30
2.06000000000000e+00	6.81948709158330e+30
2.07000000000000e+00	6.94085111077268e+30
2.08000000000000e+00	7.01581653618053e+30
2.09000000000000e+00	7.04860978961287e+30
2.10000000000000e+00	7.04612294143842e+30
2.11000000000000e+00	7.01752729361355e+30
2.12000000000000e+00	6.97291445368048e+30
2.13000000000000e+00	6.92224593645467e+30
2.14000000000000e+00	6.87427992724414e+30
2.15000000000000e+00	6.83564670149122e+30
2.16000000000000e+00	6.81032586292792e+30
2.17000000000000e+00	6.79980307327345e+30
2.18000000000000e+00	6.80358827517168e+30
2.19000000000000e+00	6.82149324454191e+30
2.20000000000000e+00	6.85406851890315e+30
2.21000000000000e+00	6.90376028245185e+30
2.22000000000000e+00	6.97341431510078e+30
2.23000000000000e+00	7.06511821414675e+30
2.24000000000000e+00	7.17807058378581e+30
2.25000000000000e+00	7.30835469898298e+30
2.26000000000000e+00	7.44915017012532e+30
2.27000000000000e+00	7.59223660946105e+30
2.28000000000000e+00	7.73044666629681e+30
2.29000000000000e+00	7.86030054817110e+30
2.30000000000000e+00	7.98367498955917e+30
2.31000000000000e+00	8.10822362839525e+30
2.32000000000000e+00	8.24684873515970e+30
2.33000000000000e+00	8.41707961314047e+30
2.34000000000000e+00	8.64128828597556e+30
2.35000000000000e+00	8.94811745187799e+30
2.36000000000000e+00	9.37340901999329e+30
2.37000000000000e+00	9.96068021676528e+30
2.38000000000000e+00	1.07600612534017e+31
2.39000000000000e+00	1.18267723074376e+31
2.40000000000000e+00	1.32188044004072e+31
2.41000000000000e+00	1.49939098066029e+31
2.42000000000000e+00	1.72042041151878e+31
2.43000000000000e+00	1.98871378103944e+31
2.44000000000000e+00	2.30515810542036e+31
2.45000000000000e+00	2.66657991866674e+31
2.46000000000000e+00	3.06525407174533e+31
2.47000000000000e+00	3.48996345871127e+31
2.48000000000000e+00	3.92781559838320e+31
2.49000000000000e+00	4.36558380550162e+31
2.50000000000000e+00	4.79002926117230e+31
2.51000000000000e+00	5.18762988309479e+31
2.52000000000000e+00	5.54482426705758e+31
2.53000000000000e+00	5.84962930420641e+31
2.54000000000000e+00	6.09441398190168e+31
2.55000000000000e+00	6.27991030027245e+31
2.56000000000000e+00	6.41774529547830e+31
2.57000000000000e+00	6.52938441395547e+31
2.58000000000000e+00	6.63913255136470e+31
2.59000000000000e+00	6.76684756682800e+31
2.60000000000000e+00	6.92277819643562e+31
2.61000000000000e+00	7.10747839825689e+31
2.62000000000000e+00	7.31583198729065e+31
2.63000000000000e+00	7.54308905068206e+31
2.64000000000000e+00	7.78777920685337e+31
2.65000000000000e+00	8.05336906498991e+31
2.66000000000000e+00	8.34671021559304e+31
2.67000000000000e+00	8.67609196780810e+31
2.68000000000000e+00	9.04819651570114e+31
2.69000000000000e+00	9.46635288580962e+31
2.70000000000000e+00	9.92809470610941e+31
2.71000000000000e+00	1.04239873119950e+32
2.72000000000000e+00	1.09382629168662e+32
2.73000000000000e+00	1.14518362420853e+32
2.74000000000000e+00	1.19478986211382e+32
2.75000000000000e+00	1.24191016773466e+32
2.76000000000000e+00	1.28722796480477e+32
2.77000000000000e+00	1.33286945678939e+32
2.78000000000000e+00	1.38179903768692e+32
2.79000000000000e+00	1.43678882611797e+32
2.80000000000000e+00	1.49925831164571e+32
2.81000000000000e+00	1.56826676550593e+32
2.82000000000000e+00	1.63999320896462e+32
2.83000000000000e+00	1.70796406632695e+32
2.84000000000000e+00	1.76431178320660e+32
2.85000000000000e+00	1.80193346532919e+32
2.86000000000000e+00	1.81635179389158e+32
2.87000000000000e+00	1.80647522481115e+32
2.88000000000000e+00	1.77374375260239e+32
2.89000000000000e+00	1.72048601743932e+32
2.90000000000000e+00	1.64898836160188e+32
2.91000000000000e+00	1.56125453227116e+32
2.92000000000000e+00	1.45965395584946e+32
2.93000000000000e+00	1.34723672119927e+32
2.94000000000000e+00	1.22763086587386e+32
2.95000000000000e+00	1.10450402670912e+32
2.96000000000000e+00	9.81039394173068e+31
2.97000000000000e+00	8.59632670653057e+31
2.98000000000000e+00	7.42049041346691e+31
2.99000000000000e+00	6.29671082818474e+31
3.00000000000000e+00	5.23782503906402e+31
3.01000000000000e+00	4.25618524576558e+31
3.02000000000000e+00	3.36331591000887e+31
3.03000000000000e+00	2.56856555093225e+31
3.04000000000000e+00	1.87857491522438e+31
3.05000000000000e+00	1.29747489849446e+31
3.06000000000000e+00	8.27560974887110e+30
3.07000000000000e+00	4.69445501944354e+30
3.08000000000000e+00	2.21182721288267e+30
3.09000000000000e+00	7.76790977241214e+29
3.10000000000000e+00	3.20736806582028e+29
3.11000000000000e+00	8.01210217711582e+29
3.12000000000000e+00	2.25832768582953e+30
3.13000000000000e+00	4.85612396979245e+30
3.14000000000000e+00	8.89842946343897e+30
3.15000000000000e+00	1.48264482918052e+31
3.16000000000000e+00	2.32141048718640e+31
3.17000000000000e+00	3.47523185701334e+31
3.18000000000000e+00	5.02208773404472e+31
3.19000000000000e+00	7.04559002310661e+31
3.20000000000000e+00	9.63115302225176e+31
3.21000000000000e+00	1.28653697368345e+32
3.22000000000000e+00	1.68308176883611e+32
3.23000000000000e+00	2.15986591681139e+32
3.24000000000000e+00	2.72123366484359e+32
3.25000000000000e+00	3.36721849882345e+32
3.26000000000000e+00	4.09241459604495e+32
3.27000000000000e+00	4.88657887322611e+32
3.28000000000000e+00	5.73624561857988e+32
3.29000000000000e+00	6.62741165276656e+32
3.30000000000000e+00	7.54762298433387e+32
3.31000000000000e+00	8.48658964415002e+32
3.32000000000000e+00	9.43471687487823e+32
3.33000000000000e+00	1.03805974360865e+33
3.34000000000000e+00	1.13078746662053e+33
3.35000000000000e+00	1.21933203629191e+33
3.36000000000000e+00	1.30066888066623e+33
3.37000000000000e+00	1.37123145665456e+33
3.38000000000000e+00	1.42732056300340e+33
3.39000000000000e+00	1.46571702927532e+33
3.40000000000000e+00	1.48441837419613e+33
3.41000000000000e+00	1.48326752836269e+33
3.42000000000000e+00	1.46408658788252e+33
3.43000000000000e+00	1.43032644196354e+33
3.44000000000000e+00	1.38615590159464e+33
3.45000000000000e+00	1.33563925066837e+33
3.46000000000000e+00	1.28219068788840e+33
3.47000000000000e+00	1.22842237365109e+33
3.48000000000000e+00	1.17624775180247e+33
3.49000000000000e+00	1.12701562238870e+33
3.50000000000000e+00	1.08159978769602e+33
3.51000000000000e+00	1.04042852585562e+33
3.52000000000000e+00	1.00356363353312e+33
3.53000000000000e+00	9.70809035378306e+32
3.54000000000000e+00	9.41865004102053e+32
3.55000000000000e+00	9.16422155865034e+32
3.56000000000000e+00	8.94144302808982e+32
3.57000000000000e+00	8.74573221127422e+32
3.58000000000000e+00	8.57058403862968e+32
3.59000000000000e+00	8.40753004896180e+32
3.60000000000000e+00	8.24723966581936e+32
3.61000000000000e+00	8.08117417130009e+32
3.62000000000000e+00	7.90258219998610e+32
3.63000000000000e+00	7.70611773945313e+32
3.64000000000000e+00	7.48714843946577e+32
3.65000000000000e+00	7.24110241885873e+32
3.66000000000000e+00	6.96400371215634e+32
3.67000000000000e+00	6.65344551561599e+32
3.68000000000000e+00	6.30919094533611e+32
3.69000000000000e+00	5.93270673043756e+32
3.70000000000000e+00	5.52716786391882e+32
3.71000000000000e+00	5.09748112049537e+32
3.72000000000000e+00	4.65141714471788e+32
3.73000000000000e+00	4.20074174323597e+32
3.74000000000000e+00	3.76109121550435e+32
3.75000000000000e+00	3.35030339400261e+32
3.76000000000000e+00	2.98581437822289e+32
3.77000000000000e+00	2.68212620628450e+32
3.78000000000000e+00	2.44962211109603e+32
3.79000000000000e+00	2.29427289573011e+32
3.80000000000000e+00	2.21818408192239e+32
3.81000000000000e+00	2.22018736536503e+32
3.82000000000000e+00	2.29665114228851e+32
3.83000000000000e+00	2.44224627103563e+32
3.84000000000000e+00	2.65107134035963e+32
3.85000000000000e+00	2.91805346702760e+32
3.86000000000000e+00	3.23955867712502e+32
3.87000000000000e+00	3.61331934027382e+32
3.88000000000000e+00	4.03697906542506e+32
3.89000000000000e+00	4.50652417622939e+32
3.90000000000000e+00	5.01533770230971e+32
3.91000000000000e+00	5.55435098211878e+32
3.92000000000000e+00	6.11388561401472e+32
3.93000000000000e+00	6.68493657277612e+32
3.94000000000000e+00	7.26023327641800e+32
3.95000000000000e+00	7.83432161024869e+32
3.96000000000000e+00	8.40219888764401e+32
3.97000000000000e+00	8.95875911529862e+32
3.98000000000000e+00	9.49787889187622e+32
3.99000000000000e+00	1.00128472983561e+33
4.00000000000000e+00	1.04972516952658e+33
4.01000000000000e+00	1.09463026306644e+33
4.02000000000000e+00	1.13585161497358e+33
4.03000000000000e+00	1.17352596360532e+33
4.04000000000000e+00	1.20799936246892e+33
4.05000000000000e+00	1.23961770988341e+33
4.06000000000000e+00	1.26852350300757e+33
4.07000000000000e+00	1.29466818802855e+33
4.08000000000000e+00	1.31795277218918e+33
4.09000000000000e+00	1.33842881264087e+33
4.10000000000000e+00	1.35640651020266e+33
4.11000000000000e+00	1.37238645848702e+33
4.12000000000000e+00	1.38684060935881e+33
4.13000000000000e+00	1.40012533314697e+33
4.14000000000000e+00	1.41255568409087e+33
4.15000000000000e+00	1.42452262563763e+33
4.16000000000000e+00	1.43664534083927e+33
4.17000000000000e+00	1.44971200272034e+33
4.18000000000000e+00	1.46454555627111e+33
4.19000000000000e+00	1.48165659078209e+33
4.20000000000000e+00	1.50124479928484e+33
4.21000000000000e+00	1.52314492060892e+33
4.22000000000000e+00	1.54701706138117e+33
4.23000000000000e+00	1.57246329279983e+33
4.24000000000000e+00	1.59917471689341e+33
4.25000000000000e+00	1.62697960688081e+33
4.26000000000000e+00	1.65576799907925e+33
4.27000000000000e+00	1.68547109250630e+33
4.28000000000000e+00	1.71610131132749e+33
4.29000000000000e+00	1.74786905432672e+33
4.30000000000000e+00	1.78127947928406e+33
4.31000000000000e+00	1.81728055919831e+33
4.32000000000000e+00	1.85724415310460e+33
4.33000000000000e+00	1.90276108092734e+33
4.34000000000000e+00	1.95532455681676e+33
4.35000000000000e+00	2.01595754437978e+33
4.36000000000000e+00	2.08508455274235e+33
4.37000000000000e+00	2.16221569533711e+33
4.38000000000000e+00	2.24590563512856e+33
4.39000000000000e+00	2.33374814235863e+33
4.40000000000000e+00	2.42248363435075e+33
4.41000000000000e+00	2.50846488084172e+33
4.42000000000000e+00	2.58796203041166e+33
4.43000000000000e+00	2.65796060107131e+33
4.44000000000000e+00	2.71648736587401e+33
4.45000000000000e+00	2.76284064550746e+33
4.46000000000000e+00	2.79766453814894e+33
4.47000000000000e+00	2.82272666557500e+33
4.48000000000000e+00	2.84109218565836e+33
4.49000000000000e+00	2.85710000125853e+33
4.50000000000000e+00	2.87659917591202e+33
4.51000000000000e+00	2.90681385742533e+33
4.52000000000000e+00	2.95588575829506e+33
4.53000000000000e+00	3.03218100945579e+33
4.54000000000000e+00	3.14353766048406e+33
4.55000000000000e+00	3.29642249983002e+33
4.56000000000000e+00	3.49524296613566e+33
4.57000000000000e+00	3.74142868434273e+33
4.58000000000000e+00	4.03260196281116e+33
4.59000000000000e+00	4.36183403447994e+33
4.60000000000000e+00	4.71757288922047e+33
4.61000000000000e+00	5.08441284659477e+33
4.62000000000000e+00	5.44498349892745e+33
4.63000000000000e+00	5.78216222831522e+33
4.64000000000000e+00	6.08157427404581e+33
4.65000000000000e+00	6.33309967322245e+33
4.66000000000000e+00	6.53124650979107e+33
4.67000000000000e+00	6.67482831513643e+33
4.68000000000000e+00	6.76617306660742e+33
4.69000000000000e+00	6.81037722397664e+33
4.70000000000000e+00	6.81526961846348e+33
4.71000000000000e+00	6.79128696573589e+33
4.72000000000000e+00	6.75083754320928e+33
4.73000000000000e+00	6.70783869853862e+33
4.74000000000000e+00	6.67486146716493e+33
4.75000000000000e+00	6.66263482621857e+33
4.76000000000000e+00	6.67833672213282e+33
4.77000000000000e+00	6.72582300524528e+33
4.78000000000000e+00	6.80689783171069e+33
4.79000000000000e+00	6.92274344293940e+33
4.80000000000000e+00	7.07428566558591e+33
4.81000000000000e+00	7.26312088011172e+33
4.82000000000000e+00	7.49060221902572e+33
4.83000000000000e+00	7.75843881326627e+33
4.84000000000000e+00	8.06937880095135e+33
4.85000000000000e+00	8.42757684066630e+33
4.86000000000000e+00	8.83978379285813e+33
4.87000000000000e+00	9.31440124471740e+33
4.88000000000000e+00	9.86077492196410e+33
4.89000000000000e+00	1.04879439880613e+34
4.90000000000000e+00	1.12029300806244e+34
4.91000000000000e+00	1.20125509432993e+34
4.92000000000000e+00	1.29242866531333e+34
4.93000000000000e+00	1.39489760540253e+34
4.94000000000000e+00	1.51026751259072e+34
4.95000000000000e+00	1.64078295826021e+34
4.96000000000000e+00	1.78924438756051e+34
4.97000000000000e+00	1.95885209825645e+34
4.98000000000000e+00	2.15292532624574e+34
4.99000000000000e+00	2.37488124307908e+34
5.00000000000000e+00	2.62814084506199e+34
5.01000000000000e+00	2.91676749923494e+34
5.02000000000000e+00	3.24619544426044e+34
5.03000000000000e+00	3.62467460807083e+34
5.04000000000000e+00	4.06433955479190e+34
5.05000000000000e+00	4.58215340951808e+34
5.06000000000000e+00	5.19951214808567e+34
5.07000000000000e+00	5.94131088995417e+34
5.08000000000000e+00	6.83413962304587e+34
5.09000000000000e+00	7.90422796630991e+34
5.10000000000000e+00	9.17613428368842e+34
5.11000000000000e+00	1.06729079708849e+35
5.12000000000000e+00	1.24178996283149e+35
5.13000000000000e+00	1.44361932497921e+35
5.14000000000000e+00	1.67547436970731e+35
5.15000000000000e+00	1.93992562825268e+35
5.16000000000000e+00	2.23875702279302e+35
5.17000000000000e+00	2.57220324403950e+35
5.18000000000000e+00	2.93833006675386e+35
5.19000000000000e+00	3.33265623837915e+35
5.20000000000000e+00	3.74780823139272e+35
5.21000000000000e+00	4.17309726241395e+35
5.22000000000000e+00	4.59369552590709e+35
5.23000000000000e+00	4.99000625902637e+35
5.24000000000000e+00	5.33810665455448e+35
5.25000000000000e+00	5.61168872546590e+35
5.26000000000000e+00	5.78630031117991e+35
5.27000000000000e+00	5.84434209082309e+35
5.28000000000000e+00	5.77930738502041e+35
5.29000000000000e+00	5.59734167906437e+35
5.30000000000000e+00	5.31548887533678e+35
5.31000000000000e+00	4.95789227487182e+35
5.32000000000000e+00	4.55106927026445e+35
5.33000000000000e+00	4.12040515446297e+35
5.34000000000000e+00	3.68751471119114e+35
5.35000000000000e+00	3.26927086210432e+35
5.36000000000000e+00	2.87710233187068e+35
5.37000000000000e+00	2.51759655197280e+35
5.38000000000000e+00	2.19338897279569e+35
5.39000000000000e+00	1.90457282946834e+35
5.40000000000000e+00	1.64983527317902e+35
5.41000000000000e+00	1.42741486528274e+35
5.42000000000000e+00	1.23544118106744e+35
5.43000000000000e+00	1.07190751121269e+35
5.44000000000000e+00	9.34574415983327e+34
5.45000000000000e+00	8.20882653702942e+34
5.46000000000000e+00	7.27975143300031e+34
5.47000000000000e+00	6.52867343613783e+34
5.48000000000000e+00	5.92612373223797e+34
5.49000000000000e+00	5.44499143461491e+34
5.50000000000000e+00	5.06109951800897e+34
5.51000000000000e+00	4.75418882034071e+34
5.52000000000000e+00	4.50770224731125e+34
5.53000000000000e+00	4.30848671077844e+34
5.54000000000000e+00	4.14640750459910e+34
5.55000000000000e+00	4.01388373223721e+34
5.56000000000000e+00	3.90497583104081e+34
5.57000000000000e+00	3.81488533310448e+34
5.58000000000000e+00	3.73930024991348e+34
5.59000000000000e+00	3.67408086987585e+34
5.60000000000000e+00	3.61520861287770e+34
5.61000000000000e+00	3.55900146238684e+34
5.62000000000000e+00	3.50238574175976e+34
5.63000000000000e+00	3.44313424537174e+34
5.64000000000000e+00	3.37964048156754e+34
5.65000000000000e+00	3.31094323273305e+34
5.66000000000000e+00	3.23652715207377e+34
5.67000000000000e+00	3.15623700168690e+34
5.68000000000000e+00	3.07034574105356e+34
5.69000000000000e+00	2.97964574307739e+34
5.70000000000000e+00	2.88542279337193e+34
5.71000000000000e+00	2.78967000613564e+34
5.72000000000000e+00	2.69451954690095e+34
5.73000000000000e+00	2.60240618764392e+34
5.74000000000000e+00	2.51555608904523e+34
5.75000000000000e+00	2.43586366003239e+34
5.76000000000000e+00	2.36432233380566e+34
5.77000000000000e+00	2.30108970806259e+34
5.78000000000000e+00	2.24553596140154e+34
5.79000000000000e+00	2.19612666079277e+34
5.80000000000000e+00	2.15095982554046e+34
5.81000000000000e+00	2.10770219470936e+34
5.82000000000000e+00	2.06415028497157e+34
5.83000000000000e+00	2.01823146488833e+34
5.84000000000000e+00	1.96833047205843e+34
5.85000000000000e+00	1.91330879667848e+34
5.86000000000000e+00	1.85261556816659e+34
5.87000000000000e+00	1.78628483295867e+34
5.88000000000000e+00	1.71499181398042e+34
5.89000000000000e+00	1.63988879128594e+34
5.90000000000000e+00	1.56256509569585e+34
5.91000000000000e+00	1.48476650838333e+34
5.92000000000000e+00	1.40813692057652e+34
5.93000000000000e+00	1.33416502438295e+34
5.94000000000000e+00	1.26409924902951e+34
5.95000000000000e+00	1.19900345842278e+34
5.96000000000000e+00	1.13982624608476e+34
5.97000000000000e+00	1.08743703028569e+34
5.98000000000000e+00	1.04260513999254e+34
5.99000000000000e+00	1.00588614533514e+34
6.00000000000000e+00	9.77586128011789e+33
6.01000000000000e+00	9.57618113196357e+33
6.02000000000000e+00	9.45557266869726e+33
6.03000000000000e+00	9.40629009722151e+33
6.04000000000000e+00	9.41846709595186e+33
6.05000000000000e+00	9.48103370918227e+33
6.06000000000000e+00	9.58318184136391e+33
6.07000000000000e+00	9.71493654331163e+33
6.08000000000000e+00	9.86762256983271e+33
6.09000000000000e+00	1.00340876121039e+34
6.10000000000000e+00	1.02081467737307e+34
6.11000000000000e+00	1.03850986033979e+34
6.12000000000000e+00	1.05608169882438e+34
6.13000000000000e+00	1.07320166402616e+34
6.14000000000000e+00	1.08958029159096e+34
6.15000000000000e+00	1.10505543590915e+34
6.16000000000000e+00	1.11951228435949e+34
6.17000000000000e+00	1.13298008695379e+34
6.18000000000000e+00	1.14554826220073e+34
6.19000000000000e+00	1.15738033527914e+34
6.20000000000000e+00	1.16865663983473e+34
6.21000000000000e+00	1.17958459253530e+34
6.22000000000000e+00	1.19045796745671e+34
6.23000000000000e+00	1.20148736761003e+34
6.24000000000000e+00	1.21285347887201e+34
6.25000000000000e+00	1.22457494144428e+34
6.26000000000000e+00	1.23640945483749e+34
6.27000000000000e+00	1.24789722302443e+34
6.28000000000000e+00	1.25832901466400e+34
6.29000000000000e+00	1.26690261646567e+34
6.30000000000000e+00	1.27283004242153e+34
6.31000000000000e+00	1.27544308896115e+34
6.32000000000000e+00	1.27424056204653e+34
6.33000000000000e+00	1.26900988220533e+34
6.34000000000000e+00	1.25967596275409e+34
6.35000000000000e+00	1.24637065416784e+34
6.36000000000000e+00	1.22937337168262e+34
6.37000000000000e+00	1.20914869617825e+34
6.38000000000000e+00	1.18627211374537e+34
6.39000000000000e+00	1.16152403461682e+34
6.40000000000000e+00	1.13578418595964e+34
6.41000000000000e+00	1.10995411729204e+34
6.42000000000000e+00	1.08496814449726e+34
6.43000000000000e+00	1.06159719346105e+34
6.44000000000000e+00	1.04046704622504e+34
6.45000000000000e+00	1.02199812588456e+34
6.46000000000000e+00	1.00639520745279e+34
6.47000000000000e+00	9.93699724794202e+33
6.48000000000000e+00	9.83783489753420e+33
6.49000000000000e+00	9.76439098437775e+33
6.50000000000000e+00	9.71354767662990e+33
6.51000000000000e+00	9.68192477306091e+33
6.52000000000000e+00	9.66627054060814e+33
6.53000000000000e+00	9.66384140352205e+33
6.54000000000000e+00	9.67250622830533e+33
6.55000000000000e+00	9.69123354832220e+33
6.56000000000000e+00	9.71919959444851e+33
6.57000000000000e+00	9.75600617375984e+33
6.58000000000000e+00	9.80108429201144e+33
6.59000000000000e+00	9.85391788511695e+33
6.60000000000000e+00	9.91364935581502e+33
6.61000000000000e+00	9.98006178754726e+33
6.62000000000000e+00	1.00532157726712e+34
6.63000000000000e+00	1.01339077116069e+34
6.64000000000000e+00	1.02232956914653e+34
6.65000000000000e+00	1.03222127412875e+34
6.66000000000000e+00	1.04304345830130e+34
6.67000000000000e+00	1.05465316773304e+34
6.68000000000000e+00	1.06672901916292e+34
6.69000000000000e+00	1.07884518456257e+34
6.70000000000000e+00	1.09046229837159e+34
6.71000000000000e+00	1.10095792532275e+34
6.72000000000000e+00	1.10964977628677e+34
6.73000000000000e+00	1.11580433998655e+34
6.74000000000000e+00	1.11874122340632e+34
6.75000000000000e+00	1.11798185385668e+34
6.76000000000000e+00	1.11332194009306e+34
6.77000000000000e+00	1.10490153988151e+34
6.78000000000000e+00	1.09314461360750e+34
6.79000000000000e+00	1.07875321818626e+34
6.80000000000000e+00	1.06256889136577e+34
6.81000000000000e+00	1.04564380652292e+34
6.82000000000000e+00	1.02916246698747e+34
6.83000000000000e+00	1.01447877781509e+34
6.84000000000000e+00	1.00307383915884e+34
6.85000000000000e+00	9.96420067442446e+33
6.86000000000000e+00	9.95914014243618e+33
6.87000000000000e+00	1.00272931404906e+34
6.88000000000000e+00	1.01779906470101e+34
6.89000000000000e+00	1.04170517874098e+34
6.90000000000000e+00	1.07459449126449e+34
6.91000000000000e+00	1.11612549073262e+34
6.92000000000000e+00	1.16532581251099e+34
6.93000000000000e+00	1.22065391882929e+34
6.94000000000000e+00	1.28008553707211e+34
6.95000000000000e+00	1.34127088224475e+34
6.96000000000000e+00	1.40173056856201e+34
6.97000000000000e+00	1.45910900857406e+34
6.98000000000000e+00	1.51122358438532e+34
6.99000000000000e+00	1.55621888294039e+34
7.00000000000000e+00	1.59253974668639e+34
7.01000000000000e+00	1.61899664374992e+34
7.02000000000000e+00	1.63482481503327e+34
7.03000000000000e+00	1.63974312370689e+34
7.04000000000000e+00	1.63404277350236e+34
7.05000000000000e+00	1.61866868807841e+34
7.06000000000000e+00	1.59510484556763e+34
7.07000000000000e+00	1.56526197029796e+34
7.08000000000000e+00	1.53120664881631e+34
7.09000000000000e+00	1.49498614805145e+34
7.10000000000000e+00	1.45846833295003e+34
7.11000000000000e+00	1.42316062253797e+34
7.12000000000000e+00	1.39027009220027e+34
7.13000000000000e+00	1.36062422726249e+34
7.14000000000000e+00	1.33477107209162e+34
7.15000000000000e+00	1.31294038521383e+34
7.16000000000000e+00	1.29512423083191e+34
7.17000000000000e+00	1.28116238844355e+34
7.18000000000000e+00	1.27073686107660e+34
7.19000000000000e+00	1.26341873093205e+34
7.20000000000000e+00	1.25877126507347e+34
7.21000000000000e+00	1.25631262987710e+34
7.22000000000000e+00	1.25557888957400e+34
7.23000000000000e+00	1.25615402288221e+34
7.24000000000000e+00	1.25762608403783e+34
7.25000000000000e+00	1.25967211224861e+34
7.26000000000000e+00	1.26205375298069e+34
7.27000000000000e+00	1.26460647561747e+34
7.28000000000000e+00	1.26720760799796e+34
7.29000000000000e+00	1.26975256402146e+34
7.30000000000000e+00	1.27215068139684e+34
7.31000000000000e+00	1.27426027793109e+34
7.32000000000000e+00	1.27591804099456e+34
7.33000000000000e+00	1.27689048782834e+34
7.34000000000000e+00	1.27690139965655e+34
7.35000000000000e+00	1.27564588307104e+34
7.36000000000000e+00	1.27283037009483e+34
7.37000000000000e+00	1.26823591922699e+34
7.38000000000000e+00	1.26175303497112e+34
7.39000000000000e+00	1.25343302504699e+34
7.40000000000000e+00	1.24351310142901e+34
7.41000000000000e+00	1.23238449542802e+34
7.42000000000000e+00	1.22059293938877e+34
7.43000000000000e+00	1.20876828900254e+34
7.44000000000000e+00	1.19751845148675e+34
7.45000000000000e+00	1.18744407370884e+34
7.46000000000000e+00	1.17908621868928e+34
7.47000000000000e+00	1.17294513287407e+34
7.48000000000000e+00	1.16945166513785e+34
7.49000000000000e+00	1.16897130085166e+34
7.50000000000000e+00	1.17169670048005e+34
7.51000000000000e+00	1.17769753118418e+34
7.52000000000000e+00	1.18677100452020e+34
7.53000000000000e+00	1.19854448905957e+34
7.54000000000000e+00	1.21254949326044e+34
7.55000000000000e+00	1.22825372696569e+34
7.56000000000000e+00	1.24520531760942e+34
7.57000000000000e+00	1.26301559324146e+34
7.58000000000000e+00	1.28141286297447e+34
7.59000000000000e+00	1.30028684273469e+34
7.60000000000000e+00	1.31954978008679e+34
7.61000000000000e+00	1.33922390803023e+34
7.62000000000000e+00	1.35940742777420e+34
7.63000000000000e+00	1.38015470632830e+34
7.64000000000000e+00	1.40158216939163e+34
7.65000000000000e+00	1.42371201924402e+34
7.66000000000000e+00	1.44651606345212e+34
7.67000000000000e+00	1.46986366513164e+34
7.68000000000000e+00	1.49354141309259e+34
7.69000000000000e+00	1.51721333591373e+34
7.70000000000000e+00	1.54060683418727e+34
7.71000000000000e+00	1.56334165325726e+34
7.72000000000000e+00	1.58521467335245e+34
7.73000000000000e+00	1.60599829854052e+34
7.74000000000000e+00	1.62558864324423e+34
7.75000000000000e+00	1.64395550602096e+34
7.76000000000000e+00	1.66107015652261e+34
7.77000000000000e+00	1.67694040882560e+34
7.78000000000000e+00	1.69168089992973e+34
7.79000000000000e+00	1.70535673004217e+34
7.80000000000000e+00	1.71811718058321e+34
7.81000000000000e+00	1.72998944768135e+34
7.82000000000000e+00	1.74098204992365e+34
7.83000000000000e+00	1.75100900669399e+34
7.84000000000000e+00	1.75980668844278e+34
7.85000000000000e+00	1.76709347408159e+34
7.86000000000000e+00	1.77244748466894e+34
7.87000000000000e+00	1.77540649811572e+34
7.88000000000000e+00	1.77552303582570e+34
7.89000000000000e+00	1.77223497923460e+34
7.90000000000000e+00	1.76505819098106e+34
7.91000000000000e+00	1.75356681637685e+34
7.92000000000000e+00	1.73736332320762e+34
7.93000000000000e+00	1.71624465138349e+34
7.94000000000000e+00	1.69018213269709e+34
7.95000000000000e+00	1.65936762399111e+34
7.96000000000000e+00	1.62429751211310e+34
7.97000000000000e+00	1.58580143145654e+34
7.98000000000000e+00	1.54489859074484e+34
7.99000000000000e+00	1.50281480799471e+34
8.00000000000000e+00	1.46092873085723e+34
8.01000000000000e+00	1.42059383919427e+34
8.02000000000000e+00	1.38316323258234e+34
8.03000000000000e+00	1.34981973772177e+34
8.04000000000000e+00	1.32154574141433e+34
8.05000000000000e+00	1.29917178676728e+34
8.06000000000000e+00	1.28304688301266e+34
8.07000000000000e+00	1.27329498549073e+34
8.08000000000000e+00	1.26959631639124e+34
8.09000000000000e+00	1.27130841899254e+34
8.10000000000000e+00	1.27753414549928e+34
8.11000000000000e+00	1.28715750191022e+34
8.12000000000000e+00	1.29901451451403e+34
8.13000000000000e+00	1.31194273632862e+34
8.14000000000000e+00	1.32498837878687e+34
8.15000000000000e+00	1.33729825460214e+34
8.16000000000000e+00	1.34830813637187e+34
8.17000000000000e+00	1.35767526633391e+34
8.18000000000000e+00	1.36516213137442e+34
8.19000000000000e+00	1.37068332723172e+34
8.20000000000000e+00	1.37431920917196e+34
8.21000000000000e+00	1.37619936865459e+34
8.22000000000000e+00	1.37675405327406e+34
8.23000000000000e+00	1.37648156902410e+34
8.24000000000000e+00	1.37587840858847e+34
8.25000000000000e+00	1.37546872105464e+34
8.26000000000000e+00	1.37550514770848e+34
8.27000000000000e+00	1.37613186765022e+34
8.28000000000000e+00	1.37739092424856e+34
8.29000000000000e+00	1.37921434016937e+34
8.30000000000000e+00	1.38163870880735e+34
8.31000000000000e+00	1.38460424719483e+34
8.32000000000000e+00	1.38805856703366e+34
8.33000000000000e+00	1.39180321451531e+34
8.34000000000000e+00	1.39557260315972e+34
8.35000000000000e+00	1.39901266427228e+34
8.36000000000000e+00	1.40181339632913e+34
8.37000000000000e+00	1.40373760942180e+34
8.38000000000000e+00	1.40475758523113e+34
8.39000000000000e+00	1.40491691500311e+34
8.40000000000000e+00	1.40445358341427e+34
8.41000000000000e+00	1.40364444002190e+34
8.42000000000000e+00	1.40273285687955e+34
8.43000000000000e+00	1.40195397658860e+34
8.44000000000000e+00	1.40145523525643e+34
8.45000000000000e+00	1.40146750266850e+34
8.46000000000000e+00	1.40231965526513e+34
8.47000000000000e+00	1.40445674801339e+34
8.48000000000000e+00	1.40837716198601e+34
8.49000000000000e+00	1.41472605274828e+34
8.50000000000000e+00	1.42404203367241e+34
8.51000000000000e+00	1.43680655251586e+34
8.52000000000000e+00	1.45332973519921e+34
8.53000000000000e+00	1.47359828562427e+34
8.54000000000000e+00	1.49743851734948e+34
8.55000000000000e+00	1.52424174620486e+34
8.56000000000000e+00	1.55325723443606e+34
8.57000000000000e+00	1.58340376555439e+34
8.58000000000000e+00	1.61350424653909e+34
8.59000000000000e+00	1.64232944638947e+34
8.60000000000000e+00	1.66869180916160e+34
8.61000000000000e+00	1.69147689966530e+34
8.62000000000000e+00	1.70990463527997e+34
8.63000000000000e+00	1.72350054592527e+34
8.64000000000000e+00	1.73210562745809e+34
8.65000000000000e+00	1.73586565750854e+34
8.66000000000000e+00	1.73516417390078e+34
8.67000000000000e+00	1.73056594710629e+34
8.68000000000000e+00	1.72279875927913e+34
8.69000000000000e+00	1.71256920926606e+34
8.70000000000000e+00	1.70054625279999e+34
8.71000000000000e+00	1.68734911304430e+34
8.72000000000000e+00	1.67350543589425e+34
8.73000000000000e+00	1.65944702395889e+34
8.74000000000000e+00	1.64547966420591e+34
8.75000000000000e+00	1.63170346555073e+34
8.76000000000000e+00	1.61808873164042e+34
8.77000000000000e+00	1.60455418435775e+34
8.78000000000000e+00	1.59080056218248e+34
8.79000000000000e+00	1.57662682271425e+34
8.80000000000000e+00	1.56175703417898e+34
8.81000000000000e+00	1.54594785844331e+34
8.82000000000000e+00	1.52897652350545e+34
8.83000000000000e+00	1.51069771478120e+34
8.84000000000000e+00	1.49106978305479e+34
8.85000000000000e+00	1.47000488548363e+34
8.86000000000000e+00	1.44752104738556e+34
8.87000000000000e+00	1.42388215182292e+34
8.88000000000000e+00	1.39924715317058e+34
8.89000000000000e+00	1.37391050394535e+34
8.90000000000000e+00	1.34814422640647e+34
8.91000000000000e+00	1.32218646457277e+34
8.92000000000000e+00	1.29617051792092e+34
8.93000000000000e+00	1.27016907393319e+34
8.94000000000000e+00	1.24416650956023e+34
8.95000000000000e+00	1.21805855328535e+34
8.96000000000000e+00	1.19164990833314e+34
8.97000000000000e+00	1.16467844183643e+34
8.98000000000000e+00	1.13681103465951e+34
8.99000000000000e+00	1.10768611127434e+34
9.00000000000000e+00	1.07697474861969e+34
9.01000000000000e+00	1.04444403657229e+34
9.02000000000000e+00	1.01004170856012e+34
9.03000000000000e+00	9.74014779724754e+33
9.04000000000000e+00	9.37013658958075e+33
9.05000000000000e+00	9.00182797124925e+33
9.06000000000000e+00	8.65278870661729e+33
9.07000000000000e+00	8.34736117325187e+33
9.08000000000000e+00	8.11702518648169e+33
9.09000000000000e+00	8.00006015205427e+33
9.10000000000000e+00	8.04064047534877e+33
9.11000000000000e+00	8.28636277519455e+33
9.12000000000000e+00	8.78485702229131e+33
9.13000000000000e+00	9.57880156602231e+33
9.14000000000000e+00	1.06998463442840e+34
9.15000000000000e+00	1.21621834157024e+34
9.16000000000000e+00	1.39564330604281e+34
9.17000000000000e+00	1.60457889992900e+34
9.18000000000000e+00	1.83649344327468e+34
9.19000000000000e+00	2.08227056345507e+34
9.20000000000000e+00	2.33096914960902e+34
9.21000000000000e+00	2.57080491245060e+34
9.22000000000000e+00	2.79042653413348e+34
9.23000000000000e+00	2.98001382683952e+34
9.24000000000000e+00	3.13225413370807e+34
9.25000000000000e+00	3.24282611670369e+34
9.26000000000000e+00	3.31057254192749e+34
9.27000000000000e+00	3.33716653301194e+34
9.28000000000000e+00	3.32659750086889e+34
9.29000000000000e+00	3.28451792233995e+34
9.30000000000000e+00	3.21753471905793e+34
9.31000000000000e+00	3.13255067404859e+34
9.32000000000000e+00	3.03623151703897e+34
9.33000000000000e+00	2.93452783876880e+34
9.34000000000000e+00	2.83239931803376e+34
9.35000000000000e+00	2.73362417430188e+34
9.36000000000000e+00	2.64081343434638e+34
9.37000000000000e+00	2.55549095112079e+34
9.38000000000000e+00	2.47830218112075e+34
9.39000000000000e+00	2.40922144056151e+34
9.40000000000000e+00	2.34776896519732e+34
9.41000000000000e+00	2.29326204101187e+34
9.42000000000000e+00	2.24491405503875e+34
9.43000000000000e+00	2.20200736572159e+34
9.44000000000000e+00	2.16393275592884e+34
9.45000000000000e+00	2.13020315233323e+34
9.46000000000000e+00	2.10045534627855e+34
9.47000000000000e+00	2.07444472477195e+34
9.48000000000000e+00	2.05196446058201e+34
9.49000000000000e+00	2.03287553884227e+34
9.50000000000000e+00	2.01701944825548e+34
9.51000000000000e+00	2.00423919563495e+34
9.52000000000000e+00	1.99433202908328e+34
9.53000000000000e+00	1.98706058456849e+34
9.54000000000000e+00	1.98217760260012e+34
9.55000000000000e+00	1.97935975058087e+34
9.56000000000000e+00	1.97824320425033e+34
9.57000000000000e+00	1.97846149676093e+34
9.58000000000000e+00	1.97961962494125e+34
9.59000000000000e+00	1.98136974868612e+34
9.60000000000000e+00	1.98337118940515e+34
9.61000000000000e+00	1.98534918743920e+34
9.62000000000000e+00	1.98707934572155e+34
9.63000000000000e+00	1.98835457452232e+34
9.64000000000000e+00	1.98903353909023e+34
9.65000000000000e+00	1.98902187653807e+34
9.66000000000000e+00	1.98824036098165e+34
9.67000000000000e+00	1.98667178073736e+34
9.68000000000000e+00	1.98434585959556e+34
9.69000000000000e+00	1.98134893298228e+34
9.70000000000000e+00	1.97780420561827e+34
9.71000000000000e+00	1.97388518324124e+34
9.72000000000000e+00	1.96976332684346e+34
9.73000000000000e+00	1.96562849697429e+34
9.74000000000000e+00	1.96162859569161e+34
9.75000000000000e+00	1.95788481455156e+34
9.76000000000000e+00	1.95445388280403e+34
9.77000000000000e+00	1.95136017917627e+34
9.78000000000000e+00	1.94856142332425e+34
9.79000000000000e+00	1.94599051117632e+34
9.80000000000000e+00	1.94352962797235e+34
9.81000000000000e+00	1.94110153664921e+34
9.82000000000000e+00	1.93859043669584e+34
9.83000000000000e+00	1.93593670775965e+34
9.84000000000000e+00	1.93307530680529e+34
9.85000000000000e+00	1.93002272582307e+34
9.86000000000000e+00	1.92681437576238e+34
9.87000000000000e+00	1.92354707305510e+34
9.88000000000000e+00	1.92044651180661e+34
9.89000000000000e+00	1.91793945584182e+34
9.90000000000000e+00	1.91693475833937e+34
9.91000000000000e+00	1.91926099306061e+34
9.92000000000000e+00	1.92830805748397e+34
9.93000000000000e+00	1.94975383704744e+34
9.94000000000000e+00	1.99209945609331e+34
9.95000000000000e+00	2.06666975913945e+34
9.96000000000000e+00	2.18678820881406e+34
9.97000000000000e+00	2.36569798808239e+34
9.98000000000000e+00	2.61247296955101e+34
9.99000000000000e+00	2.92518738120733e+34
1.00000000000000e+01	3.28286493782145e+34
1.00100000000000e+01	3.63801534758878e+34
1.00200000000000e+01	3.90832991400687e+34
1.00300000000000e+01	3.98888147297167e+34
1.00400000000000e+01	3.80114047189210e+34
1.00500000000000e+01	3.35301956195148e+34
1.00600000000000e+01	2.74614570722453e+34
1.00700000000000e+01	2.11356626694106e+34
1.00800000000000e+01	1.55269669905666e+34
1.00900000000000e+01	1.10480428036588e+34
1.01000000000000e+01	7.70320254358850e+33
1.01100000000000e+01	5.30822890133800e+33
1.01200000000000e+01	3.63674324377477e+33
1.01300000000000e+01	2.48712211707848e+33
1.01400000000000e+01	1.70226061359331e+33
1.01500000000000e+01	1.16778613786853e+33
1.01600000000000e+01	8.03601027964782e+32
1.01700000000000e+01	5.54825545558700e+32
1.01800000000000e+01	3.84269595739521e+32
1.01900000000000e+01	2.66868441070610e+32
1.02000000000000e+01	1.85727867670756e+32
1.02100000000000e+01	1.29440994198246e+32
1.02200000000000e+01	9.02705480359389e+31
1.02300000000000e+01	6.29402199096428e+31
1.02400000000000e+01	4.38364836946863e+31
1.02500000000000e+01	3.04681021936740e+31
1.02600000000000e+01	2.11108165548883e+31
1.02700000000000e+01	1.45657693786105e+31
1.02800000000000e+01	9.99699757733029e+30
1.02900000000000e+01	6.81957868259406e+30
1.03000000000000e+01	4.62356773771933e+30
1.03100000000000e+01	3.12084601856839e+30
1.03200000000000e+01	2.10828413964079e+30
1.03300000000000e+01	1.44243221894323e+30
1.03400000000000e+01	1.02140830703834e+30
1.03500000000000e+01	7.72606772832161e+29
1.03600000000000e+01	6.44040738400144e+29
1.03700000000000e+01	5.98381519671698e+29
1.03800000000000e+01	6.08740308713864e+29
1.03900000000000e+01	6.55827371884592e+29
1.04000000000000e+01	7.25797917646960e+29
1.04100000000000e+01	8.08842835872497e+29
1.04200000000000e+01	8.98067359789952e+29
1.04300000000000e+01	9.88713330947902e+29
1.04400000000000e+01	1.07750595239870e+30
1.04500000000000e+01	1.16226235015933e+30
1.04600000000000e+01	1.24150402926638e+30
1.04700000000000e+01	1.31427026394624e+30
1.04800000000000e+01	1.37990705956846e+30
1.04900000000000e+01	1.43799714778822e+30
1.05000000000000e+01	1.48833412536590e+30
1.05100000000000e+01	1.53083359873043e+30
1.05200000000000e+01	1.56556487187790e+30
1.05300000000000e+01	1.59271428147959e+30
1.05400000000000e+01	1.61261902421893e+30
1.05500000000000e+01	1.62576012354454e+30
1.05600000000000e+01	1.63274054170996e+30
1.05700000000000e+01	1.63420722660979e+30
1.05800000000000e+01	1.63093546279224e+30
1.05900000000000e+01	1.62367062056206e+30
1.06000000000000e+01	1.61315504698500e+30
1.06100000000000e+01	1.60013445655767e+30
1.06200000000000e+01	1.58521457644154e+30
1.06300000000000e+01	1.56895393487879e+30
1.06400000000000e+01	1.55178016434860e+30
1.06500000000000e+01	1.53404039042444e+30
1.06600000000000e+01	1.51595747531206e+30
1.06700000000000e+01	1.49767386247210e+30
1.06800000000000e+01	1.47927131581345e+30
1.06900000000000e+01	1.46077156919104e+30
1.07000000000000e+01	1.44216613252955e+30
1.07100000000000e+01	1.42341583403304e+30
1.07200000000000e+01	1.40448067598376e+30
1.07300000000000e+01	1.38533499182527e+30
1.07400000000000e+01	1.36591571990465e+30
1.07500000000000e+01	1.34621732102475e+30
1.07600000000000e+01	1.32619843196427e+30
1.07700000000000e+01	1.30584081350119e+30
1.07800000000000e+01	1.28511692765873e+30
1.07900000000000e+01	1.26400284449604e+30
1.08000000000000e+01	1.24250216127770e+30
1.08100000000000e+01	1.22061423028723e+30
1.08200000000000e+01	1.19836219349873e+30
1.08300000000000e+01	1.17581447407923e+30
1.08400000000000e+01	1.15303076392566e+30
1.08500000000000e+01	1.13013975041804e+30
1.08600000000000e+01	1.10726604045652e+30
1.08700000000000e+01	1.08454949632739e+30
1.08800000000000e+01	1.06215160275363e+30
1.08900000000000e+01	1.04021809859866e+30
1.09000000000000e+01	1.01887861975859e+30
1.09100000000000e+01	9.98234866220473e+29
1.09200000000000e+01	9.78364494533230e+29
1.09300000000000e+01	9.59302523044434e+29
1.09400000000000e+01	9.41056805681033e+29
1.09500000000000e+01	9.23582265794687e+29
1.09600000000000e+01	9.06819553218884e+29
1.09700000000000e+01	8.90686504955197e+29
1.09800000000000e+01	8.75091435730121e+29
1.09900000000000e+01	8.59926899647995e+29
1.10000000000000e+01	8.45090960611067e+29
1.10100000000000e+01	8.30498242697868e+29
1.10200000000000e+01	8.16076997810562e+29
1.10300000000000e+01	8.01767956752846e+29
1.10400000000000e+01	7.87537842350746e+29
1.10500000000000e+01	7.73383495996564e+29
1.10600000000000e+01	7.59315580959450e+29
1.10700000000000e+01	7.45352829329799e+29
1.10800000000000e+01	7.31538817512488e+29
1.10900000000000e+01	7.17930373817106e+29
1.11000000000000e+01	7.04583447084910e+29
1.11100000000000e+01	6.91546723326942e+29
1.11200000000000e+01	6.78874111248282e+29
1.11300000000000e+01	6.66596965612958e+29
1.11400000000000e+01	6.54747438721739e+29
1.11500000000000e+01	6.43325702000635e+29
1.11600000000000e+01	6.32334943357458e+29
1.11700000000000e+01	6.21752489009981e+29
1.11800000000000e+01	6.11550466808882e+29
1.11900000000000e+01	6.01699174934503e+29
1.12000000000000e+01	5.92156386576906e+29
1.12100000000000e+01	5.82889091806985e+29
1.12200000000000e+01	5.73865844115131e+29
1.12300000000000e+01	5.65048743947989e+29
1.12400000000000e+01	5.56427612899434e+29
1.12500000000000e+01	5.47974227395594e+29
1.12600000000000e+01	5.39687085545799e+29
1.12700000000000e+01	5.31548402155164e+29
1.12800000000000e+01	5.23555992543209e+29
1.12900000000000e+01	5.15697665249535e+29
1.13000000000000e+01	5.07963368012762e+29
1.13100000000000e+01	5.00339685656215e+29
1.13200000000000e+01	4.92811594699054e+29
1.13300000000000e+01	4.85367319551395e+29
1.13400000000000e+01	4.77986760666303e+29
1.13500000000000e+01	4.70649384948347e+29
1.13600000000000e+01	4.63347421924003e+29
1.13700000000000e+01	4.56060985356095e+29
1.13800000000000e+01	4.48784115053217e+29
1.13900000000000e+01	4.41512617716529e+29
1.14000000000000e+01	4.34242461786629e+29
1.14100000000000e+01	4.26982971972241e+29
1.14200000000000e+01	4.19741714472729e+29
1.14300000000000e+01	4.12532388440954e+29
1.14400000000000e+01	4.05378202258621e+29
1.14500000000000e+01	3.98298066917945e+29
1.14600000000000e+01	3.91317862885869e+29
1.14700000000000e+01	3.84460557650385e+29
1.14800000000000e+01	3.77748505707645e+29
1.14900000000000e+01	3.71204805309216e+29
1.15000000000000e+01	3.64840055672179e+29
1.15100000000000e+01	3.58668989040911e+29
1.15200000000000e+01	3.52695788389566e+29
1.15300000000000e+01	3.46921716261615e+29
1.15400000000000e+01	3.41339178566907e+29
1.15500000000000e+01	3.35938741507131e+29
1.15600000000000e+01	3.30708791306837e+29
1.15700000000000e+01	3.25629732902972e+29
1.15800000000000e+01	3.20685131578542e+29
1.15900000000000e+01	3.15860131375493e+29
1.16000000000000e+01	3.11132017409124e+29
1.16100000000000e+01	3.06484005818418e+29
1.16200000000000e+01	3.01904344723866e+29
1.16300000000000e+01	2.97380109516176e+29
1.16400000000000e+01	2.92903919138194e+29
1.16500000000000e+01	2.88465054537887e+29
1.16600000000000e+01	2.84064265454837e+29
1.16700000000000e+01	2.79695862052107e+29
1.16800000000000e+01	2.75367092271366e+29
1.16900000000000e+01	2.71074473460264e+29
1.17000000000000e+01	2.66827808331213e+29
1.17100000000000e+01	2.62627415280224e+29
1.17200000000000e+01	2.58483369033834e+29
1.17300000000000e+01	2.54400859742506e+29
1.17400000000000e+01	2.50390122999448e+29
1.17500000000000e+01	2.46462188021186e+29
1.17600000000000e+01	2.42627590366102e+29
1.17700000000000e+01	2.38895980912244e+29
1.17800000000000e+01	2.35281290915101e+29
1.17900000000000e+01	2.31794421712933e+29
1.18000000000000e+01	2.28443756752671e+29
1.18100000000000e+01	2.25235935404701e+29
1.18200000000000e+01	2.22174403567304e+29
1.18300000000000e+01	2.19256855163219e+29
1.18400000000000e+01	2.16481332012828e+29
1.18500000000000e+01	2.13837150164264e+29
1.18600000000000e+01	2.11311527567155e+29
1.18700000000000e+01	2.08890691752800e+29
1.18800000000000e+01	2.06557807180493e+29
1.18900000000000e+01	2.04294447946658e+29
1.19000000000000e+01	2.02083561165244e+29
1.19100000000000e+01	1.99911342294668e+29
1.19200000000000e+01	1.97763191626726e+29
1.19300000000000e+01	1.95629191511596e+29
1.19400000000000e+01	1.93505901355513e+29
1.19500000000000e+01	1.91389140438305e+29
1.19600000000000e+01	1.89278508738340e+29
1.19700000000000e+01	1.87177959581705e+29
1.19800000000000e+01	1.85091099159023e+29
1.19900000000000e+01	1.83022450606928e+29
1.20000000000000e+01	1.80979364257156e+29
1.20100000000000e+01	1.78962690871982e+29
1.20200000000000e+01	1.76974757615885e+29
1.20300000000000e+01	1.75016998286890e+29
1.20400000000000e+01	1.73087742186102e+29
1.20500000000000e+01	1.71183424997498e+29
1.20600000000000e+01	1.69301482638287e+29
1.20700000000000e+01	1.67436134109070e+29
1.20800000000000e+01	1.65582266418423e+29
1.20900000000000e+01	1.63737304771363e+29
1.21000000000000e+01	1.61896996799715e+29
1.21100000000000e+01	1.60058286931407e+29
1.21200000000000e+01	1.58219798091665e+29
1.21300000000000e+01	1.56381445377497e+29
1.21400000000000e+01	1.54542959221045e+29
1.21500000000000e+01	1.52705386737392e+29
1.21600000000000e+01	1.50869818635836e+29
1.21700000000000e+01	1.49038944448978e+29
1.21800000000000e+01	1.47213449141840e+29
1.21900000000000e+01	1.45396141136408e+29
1.22000000000000e+01	1.43591941438055e+29
1.22100000000000e+01	1.41800421173510e+29
1.22200000000000e+01	1.40026882770145e+29
1.22300000000000e+01	1.38272520900263e+29
1.22400000000000e+01	1.36540076050392e+29
1.22500000000000e+01	1.34834161787492e+29
1.22600000000000e+01	1.33156327650210e+29
1.22700000000000e+01	1.31510152709545e+29
1.22800000000000e+01	1.29898729286011e+29
1.22900000000000e+01	1.28326214690795e+29
1.23000000000000e+01	1.26795729376896e+29
1.23100000000000e+01	1.25310024633760e+29
1.23200000000000e+01	1.23872478462331e+29
1.23300000000000e+01	1.22486225473863e+29
1.23400000000000e+01	1.21153028784949e+29
1.23500000000000e+01	1.19873154104967e+29
1.23600000000000e+01	1.18647500686572e+29
1.23700000000000e+01	1.17474246531619e+29
1.23800000000000e+01	1.16350690526759e+29
1.23900000000000e+01	1.15274526514489e+29
1.24000000000000e+01	1.14240371824780e+29
1.24100000000000e+01	1.13244165504553e+29
1.24200000000000e+01	1.12282772908556e+29
1.24300000000000e+01	1.11349990317296e+29
1.24400000000000e+01	1.10441367275993e+29
1.24500000000000e+01	1.09553672316542e+29
1.24600000000000e+01	1.08681540429924e+29
1.24700000000000e+01	1.07821366894222e+29
1.24800000000000e+01	1.06970045194738e+29
1.24900000000000e+01	1.06122843381837e+29
1.25000000000000e+01	1.05276871304808e+29
1.25100000000000e+01	1.04428953953998e+29
1.25200000000000e+01	1.03575293522848e+29
1.25300000000000e+01	1.02713994767678e+29
1.25400000000000e+01	1.01842176025048e+29
1.25500000000000e+01	1.00959764241564e+29
1.25600000000000e+01	1.00064638972345e+29
1.25700000000000e+01	9.91585845544344e+28
1.25800000000000e+01	9.82421428397411e+28
1.25900000000000e+01	9.73175528710124e+28
1.26000000000000e+01	9.63889036128655e+28
1.26100000000000e+01	9.54575466152037e+28
1.26200000000000e+01	9.45290901090952e+28
1.26300000000000e+01	9.36061125202847e+28
1.26400000000000e+01	9.26929048760952e+28
1.26500000000000e+01	9.17920625419349e+28
1.26600000000000e+01	9.09064244115403e+28
1.26700000000000e+01	9.00377603328700e+28
1.26800000000000e+01	8.91856387576261e+28
1.26900000000000e+01	8.83511676367123e+28
1.27000000000000e+01	8.75323719115969e+28
1.27100000000000e+01	8.67284519330818e+28
1.27200000000000e+01	8.59371954804045e+28
1.27300000000000e+01	8.51565269397527e+28
1.27400000000000e+01	8.43849497974409e+28
1.27500000000000e+01	8.36201093589659e+28
1.27600000000000e+01	8.28617205648152e+28
1.27700000000000e+01	8.21079916059433e+28
1.27800000000000e+01	8.13603003131128e+28
1.27900000000000e+01	8.06187298456748e+28
1.28000000000000e+01	7.98838605378209e+28
1.28100000000000e+01	7.91582007874480e+28
1.28200000000000e+01	7.84432851182497e+28
1.28300000000000e+01	7.77407561275832e+28
1.28400000000000e+01	7.70529537430680e+28
1.28500000000000e+01	7.63821697093334e+28
1.28600000000000e+01	7.57290552598650e+28
1.28700000000000e+01	7.50951223924310e+28
1.28800000000000e+01	7.44798607088800e+28
1.28900000000000e+01	7.38837581843720e+28
1.29000000000000e+01	7.33050013742384e+28
1.29100000000000e+01	7.27435026705211e+28
1.29200000000000e+01	7.21963612175996e+28
1.29300000000000e+01	7.16608750757188e+28
1.29400000000000e+01	7.11360021502820e+28
1.29500000000000e+01	7.06174420570479e+28
1.29600000000000e+01	7.01029897105992e+28
1.29700000000000e+01	6.95896695541018e+28
1.29800000000000e+01	6.90755724906274e+28
1.29900000000000e+01	6.85580407691589e+28
1.30000000000000e+01	6.80354457764664e+28
1.30100000000000e+01	6.75059008747095e+28
1.30200000000000e+01	6.69695419898098e+28
1.30300000000000e+01	6.64255750869265e+28
1.30400000000000e+01	6.58748972020559e+28
1.30500000000000e+01	6.53185682548780e+28
1.30600000000000e+01	6.47583500844874e+28
1.30700000000000e+01	6.41961140086702e+28
1.30800000000000e+01	6.36345498458627e+28
1.30900000000000e+01	6.30760844862295e+28
1.31000000000000e+01	6.25229162221220e+28
1.31100000000000e+01	6.19768361534658e+28
1.31200000000000e+01	6.14395138997471e+28
1.31300000000000e+01	6.09119894613694e+28
1.31400000000000e+01	6.03937377384394e+28
1.31500000000000e+01	5.98850120780718e+28
1.31600000000000e+01	5.93846256197128e+28
1.31700000000000e+01	5.88917646573788e+28
1.31800000000000e+01	5.84033752456739e+28
1.31900000000000e+01	5.79178787238108e+28
1.32000000000000e+01	5.74340638537521e+28
1.32100000000000e+01	5.69495502860687e+28
1.32200000000000e+01	5.64630999699823e+28
1.32300000000000e+01	5.59735701170781e+28
1.32400000000000e+01	5.54812369195023e+28
1.32500000000000e+01	5.49854672330626e+28
1.32600000000000e+01	5.44874103817186e+28
1.32700000000000e+01	5.39877719536682e+28
1.32800000000000e+01	5.34877732841294e+28
1.32900000000000e+01	5.29892412850572e+28
1.33000000000000e+01	5.24928961515989e+28
1.33100000000000e+01	5.19997841228602e+28
1.33200000000000e+01	5.15116793538422e+28
1.33300000000000e+01	5.10292463056963e+28
1.33400000000000e+01	5.05529618233644e+28
1.33500000000000e+01	5.00834550099133e+28
1.33600000000000e+01	4.96216153518816e+28
1.33700000000000e+01	4.91670365458350e+28
1.33800000000000e+01	4.87200693581440e+28
1.33900000000000e+01	4.82812415945486e+28
1.34000000000000e+01	4.78500758821778e+28
1.34100000000000e+01	4.74266126229585e+28
1.34200000000000e+01	4.70098477959088e+28
1.34300000000000e+01	4.65991903782443e+28
1.34400000000000e+01	4.61942035481108e+28
1.34500000000000e+01	4.57933757040985e+28
1.34600000000000e+01	4.53957828926345e+28
1.34700000000000e+01	4.50001482065954e+28
1.34800000000000e+01	4.46065086682927e+28
1.34900000000000e+01	4.42142345483732e+28
1.35000000000000e+01	4.38234548161529e+28
1.35100000000000e+01	4.34353130585930e+28
1.35200000000000e+01	4.30501618621772e+28
1.35300000000000e+01	4.26694971914126e+28
1.35400000000000e+01	4.22951885843596e+28
1.35500000000000e+01	4.19278631583319e+28
1.35600000000000e+01	4.15687901713740e+28
1.35700000000000e+01	4.12189596120145e+28
1.35800000000000e+01	4.08781942354319e+28
1.35900000000000e+01	4.05468153207510e+28
1.36000000000000e+01	4.02248262983802e+28
1.36100000000000e+01	3.99108592530571e+28
1.36200000000000e+01	3.96050361935080e+28
1.36300000000000e+01	3.93058615989130e+28
1.36400000000000e+01	3.90128217113625e+28
1.36500000000000e+01	3.87251773525246e+28
1.36600000000000e+01	3.84425680013323e+28
1.36700000000000e+01	3.81642320280369e+28
1.36800000000000e+01	3.78902032122066e+28
1.36900000000000e+01	3.76203135441491e+28
1.37000000000000e+01	3.73540523125049e+28
1.37100000000000e+01	3.70917965415279e+28
1.37200000000000e+01	3.68333913865112e+28
1.37300000000000e+01	3.65788053812509e+28
1.37400000000000e+01	3.63289743612857e+28
1.37500000000000e+01	3.60834398676455e+28
1.37600000000000e+01	3.58431365095262e+28
1.37700000000000e+01	3.56086298211693e+28
1.37800000000000e+01	3.53799889551609e+28
1.37900000000000e+01	3.51577616433102e+28
1.38000000000000e+01	3.49422966905841e+28
1.38100000000000e+01	3.47335102458557e+28
1.38200000000000e+01	3.45306614971976e+28
1.38300000000000e+01	3.43333805570731e+28
1.38400000000000e+01	3.41407853386176e+28
1.38500000000000e+01	3.39516885791378e+28
1.38600000000000e+01	3.37644685304101e+28
1.38700000000000e+01	3.35787045394758e+28
1.38800000000000e+01	3.33925519734243e+28
1.38900000000000e+01	3.32060534941625e+28
1.39000000000000e+01	3.30176698839524e+28
1.39100000000000e+01	3.28280133948155e+28
1.39200000000000e+01	3.26365391080020e+28
1.39300000000000e+01	3.24444084063778e+28
1.39400000000000e+01	3.22516491462257e+28
1.39500000000000e+01	3.20589366391679e+28
1.39600000000000e+01	3.18678257604407e+28
1.39700000000000e+01	3.16781223211366e+28
1.39800000000000e+01	3.14910677051713e+28
1.39900000000000e+01	3.13067529806945e+28
1.40000000000000e+01	3.11252406630937e+28
1.40100000000000e+01	3.09463449449513e+28
1.40200000000000e+01	3.07697815719533e+28
1.40300000000000e+01	3.05950972412201e+28
1.40400000000000e+01	3.04213875897930e+28
1.40500000000000e+01	3.02481249037289e+28
1.40600000000000e+01	3.00747094270590e+28
1.40700000000000e+01	2.99005399199536e+28
1.40800000000000e+01	2.97256518176633e+28
1.40900000000000e+01	2.95497468522748e+28
1.41000000000000e+01	2.93734456319848e+28
1.41100000000000e+01	2.91969756499935e+28
1.41200000000000e+01	2.90210873129677e+28
1.41300000000000e+01	2.88465959116075e+28
1.41400000000000e+01	2.86741667760613e+28
1.41500000000000e+01	2.85042919232834e+28
1.41600000000000e+01	2.83378849818140e+28
1.41700000000000e+01	2.81751998008212e+28
1.41800000000000e+01	2.80166911595873e+28
1.41900000000000e+01	2.78620099765474e+28
1.42000000000000e+01	2.77113347637337e+28
1.42100000000000e+01	2.75638948509998e+28
1.42200000000000e+01	2.74199945165574e+28
1.42300000000000e+01	2.72790480485162e+28
1.42400000000000e+01	2.71403796429988e+28
1.42500000000000e+01	2.70036841511445e+28
1.42600000000000e+01	2.68687495116806e+28
1.42700000000000e+01	2.67349033853085e+28
1.42800000000000e+01	2.66022078441508e+28
1.42900000000000e+01	2.64706114842464e+28
1.43000000000000e+01	2.63394024339450e+28
1.43100000000000e+01	2.62088904821664e+28
1.43200000000000e+01	2.60789223346531e+28
1.43300000000000e+01	2.59494792767682e+28
1.43400000000000e+01	2.58203015304490e+28
1.43500000000000e+01	2.56917768422042e+28
1.43600000000000e+01	2.55636803263142e+28
1.43700000000000e+01	2.54362685376107e+28
1.43800000000000e+01	2.53092862988660e+28
1.43900000000000e+01	2.51831191981675e+28
1.44000000000000e+01	2.50578787951254e+28
1.44100000000000e+01	2.49332461675323e+28
1.44200000000000e+01	2.48093324118202e+28
1.44300000000000e+01	2.46862306174441e+28
1.44400000000000e+01	2.45635460973354e+28
1.44500000000000e+01	2.44414790416638e+28
1.44600000000000e+01	2.43196730385993e+28
1.44700000000000e+01	2.41981705378892e+28
1.44800000000000e+01	2.40765948038398e+28
1.44900000000000e+01	2.39550841979357e+28
1.45000000000000e+01	2.38332057675454e+28
1.45100000000000e+01	2.37114497533127e+28
1.45200000000000e+01	2.35891185679616e+28
1.45300000000000e+01	2.34667194595739e+28
1.45400000000000e+01	2.33442264293729e+28
1.45500000000000e+01	2.32217300838565e+28
1.45600000000000e+01	2.30991969262826e+28
1.45700000000000e+01	2.29767967344943e+28
1.45800000000000e+01	2.28545788018603e+28
1.45900000000000e+01	2.27328427053691e+28
1.46000000000000e+01	2.26115354695897e+28
1.46100000000000e+01	2.24907103612965e+28
1.46200000000000e+01	2.23705300730279e+28
1.46300000000000e+01	2.22511954324542e+28
1.46400000000000e+01	2.21325292419324e+28
1.46500000000000e+01	2.20146439649209e+28
1.46600000000000e+01	2.18976498411369e+28
1.46700000000000e+01	2.17814675968738e+28
1.46800000000000e+01	2.16660604593972e+28
1.46900000000000e+01	2.15511933249266e+28
1.47000000000000e+01	2.14369037100964e+28
1.47100000000000e+01	2.13231577698979e+28
1.47200000000000e+01	2.12097527737567e+28
1.47300000000000e+01	2.10964796692992e+28
1.47400000000000e+01	2.09834829882868e+28
1.47500000000000e+01	2.08704691720713e+28
1.47600000000000e+01	2.07576062492727e+28
1.47700000000000e+01	2.06450634843842e+28
1.47800000000000e+01	2.05323252294715e+28
1.47900000000000e+01	2.04198811249957e+28
1.48000000000000e+01	2.03076055680290e+28
1.48100000000000e+01	2.01957029037110e+28
1.48200000000000e+01	2.00837568564559e+28
1.48300000000000e+01	1.99722902930326e+28
1.48400000000000e+01	1.98611212247847e+28
1.48500000000000e+01	1.97498934087654e+28
1.48600000000000e+01	1.96387456380038e+28
1.48700000000000e+01	1.95273186530583e+28
1.48800000000000e+01	1.94154193269750e+28
1.48900000000000e+01	1.93028964708741e+28
1.49000000000000e+01	1.91895206155837e+28
1.49100000000000e+01	1.90754641660118e+28
1.49200000000000e+01	1.89604002682463e+28
1.49300000000000e+01	1.88448007152235e+28
1.49400000000000e+01	1.87291089230572e+28
1.49500000000000e+01	1.86135692293149e+28
1.49600000000000e+01	1.84987894662781e+28
1.49700000000000e+01	1.83853862650546e+28
1.49800000000000e+01	1.82741199469982e+28
1.49900000000000e+01	1.81652661776151e+28
1.50000000000000e+01	1.80595996628762e+28
1.50100000000000e+01	1.79575538721861e+28
1.50200000000000e+01	1.78588395445981e+28
1.50300000000000e+01	1.77638145257676e+28
1.50400000000000e+01	1.76722753418219e+28
1.50500000000000e+01	1.75839265178582e+28
1.50600000000000e+01	1.74986875650433e+28
1.50700000000000e+01	1.74160121909583e+28
1.50800000000000e+01	1.73354620476799e+28
1.50900000000000e+01	1.72567793130686e+28
1.51000000000000e+01	1.71796216001545e+28
1.51100000000000e+01	1.71037268769620e+28
1.51200000000000e+01	1.70288702258041e+28
1.51300000000000e+01	1.69548520679637e+28
1.51400000000000e+01	1.68815020792411e+28
1.51500000000000e+01	1.68086837344775e+28
1.51600000000000e+01	1.67363781711930e+28
1.51700000000000e+01	1.66644349081979e+28
1.51800000000000e+01	1.65930785666424e+28
1.51900000000000e+01	1.65217698385123e+28
1.52000000000000e+01	1.64506570413970e+28
1.52100000000000e+01	1.63797920436816e+28
1.52200000000000e+01	1.63088162320305e+28
1.52300000000000e+01	1.62378895365767e+28
1.52400000000000e+01	1.61667346127074e+28
1.52500000000000e+01	1.60957482154807e+28
1.52600000000000e+01	1.60243576240004e+28
1.52700000000000e+01	1.59529659753460e+28
1.52800000000000e+01	1.58814847339305e+28
1.52900000000000e+01	1.58099291472182e+28
1.53000000000000e+01	1.57381205261534e+28
1.53100000000000e+01	1.56663417044517e+28
1.53200000000000e+01	1.55943668706506e+28
1.53300000000000e+01	1.55225525717248e+28
1.53400000000000e+01	1.54505452884370e+28
1.53500000000000e+01	1.53785222148557e+28
1.53600000000000e+01	1.53064239223341e+28
1.53700000000000e+01	1.52342000288900e+28
1.53800000000000e+01	1.51619552935903e+28
1.53900000000000e+01	1.50896654363950e+28
1.54000000000000e+01	1.50172347204063e+28
1.54100000000000e+01	1.49448362358649e+28
1.54200000000000e+01	1.48725464585638e+28
1.54300000000000e+01	1.48005506521111e+28
1.54400000000000e+01	1.47286753937935e+28
1.54500000000000e+01	1.46571276109872e+28
1.54600000000000e+01	1.45861828087020e+28
1.54700000000000e+01	1.45154756730920e+28
1.54800000000000e+01	1.44451823768346e+28
1.54900000000000e+01	1.43753495299094e+28
1.55000000000000e+01	1.43056866782428e+28
1.55100000000000e+01	1.42363825122195e+28
1.55200000000000e+01	1.41671642488209e+28
1.55300000000000e+01	1.40980293646498e+28
1.55400000000000e+01	1.40288538641333e+28
1.55500000000000e+01	1.39597075791542e+28
1.55600000000000e+01	1.38906288835827e+28
1.55700000000000e+01	1.38216424563768e+28
1.55800000000000e+01	1.37528058744611e+28
1.55900000000000e+01	1.36841332141878e+28
1.56000000000000e+01	1.36161159324824e+28
1.56100000000000e+01	1.35485200026452e+28
1.56200000000000e+01	1.34816848334003e+28
1.56300000000000e+01	1.34155777122523e+28
1.56400000000000e+01	1.33502813567739e+28
1.56500000000000e+01	1.32860142591973e+28
1.56600000000000e+01	1.32228398990782e+28
1.56700000000000e+01	1.31605040468853e+28
1.56800000000000e+01	1.30992616563044e+28
1.56900000000000e+01	1.30391266739757e+28
1.57000000000000e+01	1.29799199828809e+28
1.57100000000000e+01	1.29215328861127e+28
1.57200000000000e+01	1.28639677958284e+28
1.57300000000000e+01	1.28073047455021e+28
1.57400000000000e+01	1.27510126143823e+28
1.57500000000000e+01	1.26951791093651e+28
1.57600000000000e+01	1.26396884399812e+28
1.57700000000000e+01	1.25842290830629e+28
1.57800000000000e+01	1.25286128281092e+28
1.57900000000000e+01	1.24727977204313e+28
1.58000000000000e+01	1.24164029086743e+28
1.58100000000000e+01	1.23596303506341e+28
1.58200000000000e+01	1.23020665945089e+28
1.58300000000000e+01	1.22436549040904e+28
1.58400000000000e+01	1.21843821975566e+28
1.58500000000000e+01	1.21244248701065e+28
1.58600000000000e+01	1.20634356466831e+28
1.58700000000000e+01	1.20016714287874e+28
1.58800000000000e+01	1.19393388920460e+28
1.58900000000000e+01	1.18765066209900e+28
1.59000000000000e+01	1.18134247483775e+28
1.59100000000000e+01	1.17504836891060e+28
1.59200000000000e+01	1.16877720796062e+28
1.59300000000000e+01	1.16256652456625e+28
1.59400000000000e+01	1.15644632177934e+28
1.59500000000000e+01	1.15045077147788e+28
1.59600000000000e+01	1.14458610969270e+28
1.59700000000000e+01	1.13887205817894e+28
1.59800000000000e+01	1.13332965474347e+28
1.59900000000000e+01	1.12793668971476e+28
1.60000000000000e+01	1.12270310581811e+28
1.60100000000000e+01	1.11760987482660e+28
1.60200000000000e+01	1.11264863254401e+28
1.60300000000000e+01	1.10779956381071e+28
1.60400000000000e+01	1.10303683015793e+28
1.60500000000000e+01	1.09834763590412e+28
1.60600000000000e+01	1.09371319724373e+28
1.60700000000000e+01	1.08911067419322e+28
1.60800000000000e+01	1.08453615565338e+28
1.60900000000000e+01	1.07998981623804e+28
1.61000000000000e+01	1.07545651792249e+28
1.61100000000000e+01	1.07094516724444e+28
1.61200000000000e+01	1.06645216366006e+28
1.61300000000000e+01	1.06197001985476e+28
1.61400000000000e+01	1.05751462704215e+28
1.61500000000000e+01	1.05307833114243e+28
1.61600000000000e+01	1.04865703931035e+28
1.61700000000000e+01	1.04425550509364e+28
1.61800000000000e+01	1.03986078199050e+28
1.61900000000000e+01	1.03546551026473e+28
1.62000000000000e+01	1.03106403123528e+28
1.62100000000000e+01	1.02664237934533e+28
1.62200000000000e+01	1.02218927175700e+28
1.62300000000000e+01	1.01770175028376e+28
1.62400000000000e+01	1.01315341230880e+28
1.62500000000000e+01	1.00856538230728e+28
1.62600000000000e+01	1.00390910890618e+28
1.62700000000000e+01	9.99208644525546e+27
1.62800000000000e+01	9.94447983790022e+27
1.62900000000000e+01	9.89652014522017e+27
1.63000000000000e+01	9.84814987707082e+27
1.63100000000000e+01	9.79961374557676e+27
1.63200000000000e+01	9.75080976770740e+27
1.63300000000000e+01	9.70201595012098e+27
1.63400000000000e+01	9.65323927214943e+27
1.63500000000000e+01	9.60437868218502e+27
1.63600000000000e+01	9.55542081489096e+27
1.63700000000000e+01	9.50649281383335e+27
1.63800000000000e+01	9.45732628506818e+27
1.63900000000000e+01	9.40794290903619e+27
1.64000000000000e+01	9.35837097780991e+27
1.64100000000000e+01	9.30860341518083e+27
1.64200000000000e+01	9.25867558690314e+27
1.64300000000000e+01	9.20877286651428e+27
1.64400000000000e+01	9.15890144852197e+27
1.64500000000000e+01	9.10947291593067e+27
1.64600000000000e+01	9.06044340093227e+27
1.64700000000000e+01	9.01202185371208e+27
1.64800000000000e+01	8.96439185266498e+27
1.64900000000000e+01	8.91773891918034e+27
1.65000000000000e+01	8.87179475799994e+27
1.65100000000000e+01	8.82683397399720e+27
1.65200000000000e+01	8.78255326307140e+27
1.65300000000000e+01	8.73909947475263e+27
1.65400000000000e+01	8.69618960461512e+27
1.65500000000000e+01	8.65389686012516e+27
1.65600000000000e+01	8.61215446679593e+27
1.65700000000000e+01	8.57095029154673e+27
1.65800000000000e+01	8.53042247085679e+27
1.65900000000000e+01	8.49080071724304e+27
1.66000000000000e+01	8.45207603306945e+27
1.66100000000000e+01	8.41444678174977e+27
1.66200000000000e+01	8.37805562082042e+27
1.66300000000000e+01	8.34286378631315e+27
1.66400000000000e+01	8.30907051510155e+27
1.66500000000000e+01	8.27661598355430e+27
1.66600000000000e+01	8.24533744389403e+27
1.66700000000000e+01	8.21513793915381e+27
1.66800000000000e+01	8.18576631477743e+27
1.66900000000000e+01	8.15711194024043e+27
1.67000000000000e+01	8.12884317111556e+27
1.67100000000000e+01	8.10079316836540e+27
1.67200000000000e+01	8.07289670945486e+27
1.67300000000000e+01	8.04481621388355e+27
1.67400000000000e+01	8.01677960672241e+27
1.67500000000000e+01	7.98856540083399e+27
1.67600000000000e+01	7.96028190312825e+27
1.67700000000000e+01	7.93195342894756e+27
1.67800000000000e+01	7.90370860006041e+27
1.67900000000000e+01	7.87563226766066e+27
1.68000000000000e+01	7.84771513251162e+27
1.68100000000000e+01	7.82004669399622e+27
1.68200000000000e+01	7.79261248319786e+27
1.68300000000000e+01	7.76529302934984e+27
1.68400000000000e+01	7.73805270705456e+27
1.68500000000000e+01	7.71072218933256e+27
1.68600000000000e+01	7.68323737361853e+27
1.68700000000000e+01	7.65545303888144e+27
1.68800000000000e+01	7.62721303426240e+27
1.68900000000000e+01	7.59848024412758e+27
1.69000000000000e+01	7.56914467343400e+27
1.69100000000000e+01	7.53927383478505e+27
1.69200000000000e+01	7.50888331469360e+27
1.69300000000000e+01	7.47800467598342e+27
1.69400000000000e+01	7.44679905511755e+27
1.69500000000000e+01	7.41535483892496e+27
1.69600000000000e+01	7.38386705239665e+27
1.69700000000000e+01	7.35249025521882e+27
1.69800000000000e+01	7.32130907794255e+27
1.69900000000000e+01	7.29049381487385e+27
1.70000000000000e+01	7.26007965364479e+27
1.70100000000000e+01	7.23018822743720e+27
1.70200000000000e+01	7.20082225136755e+27
1.70300000000000e+01	7.17192592684652e+27
1.70400000000000e+01	7.14350958079543e+27
1.70500000000000e+01	7.11544607310183e+27
1.70600000000000e+01	7.08773998602578e+27
1.70700000000000e+01	7.06029165150781e+27
1.70800000000000e+01	7.03298476613096e+27
1.70900000000000e+01	7.00580205867524e+27
1.71000000000000e+01	6.97863733264780e+27
1.71100000000000e+01	6.95150052682566e+27
1.71200000000000e+01	6.92430955042139e+27
1.71300000000000e+01	6.89711412730582e+27
1.71400000000000e+01	6.86991563978160e+27
1.71500000000000e+01	6.84265869599926e+27
1.71600000000000e+01	6.81541444398772e+27
1.71700000000000e+01	6.78816065238348e+27
1.71800000000000e+01	6.76098085807197e+27
1.71900000000000e+01	6.73384281748318e+27
1.72000000000000e+01	6.70683647373651e+27
1.72100000000000e+01	6.67999207551563e+27
1.72200000000000e+01	6.65328616034073e+27
1.72300000000000e+01	6.62674584455848e+27
1.72400000000000e+01	6.60050959501572e+27
1.72500000000000e+01	6.57442838967545e+27
1.72600000000000e+01	6.54868563200703e+27
1.72700000000000e+01	6.52316444037104e+27
1.72800000000000e+01	6.49787971028400e+27
1.72900000000000e+01	6.47287095824156e+27
1.73000000000000e+01	6.44813102396019e+27
1.73100000000000e+01	6.42357978360373e+27
1.73200000000000e+01	6.39918780017340e+27
1.73300000000000e+01	6.37497278141858e+27
1.73400000000000e+01	6.35090213707578e+27
1.73500000000000e+01	6.32687262750509e+27
1.73600000000000e+01	6.30289534956271e+27
1.73700000000000e+01	6.27892848016919e+27
1.73800000000000e+01	6.25483265015031e+27
1.73900000000000e+01	6.23074636144704e+27
1.74000000000000e+01	6.20654429451425e+27
1.74100000000000e+01	6.18223663903516e+27
1.74200000000000e+01	6.15788547358303e+27
1.74300000000000e+01	6.13351869615096e+27
1.74400000000000e+01	6.10912174163634e+27
1.74500000000000e+01	6.08479615416609e+27
1.74600000000000e+01	6.06053790973840e+27
1.74700000000000e+01	6.03639310375431e+27
1.74800000000000e+01	6.01249507016938e+27
1.74900000000000e+01	5.98872557021884e+27
1.75000000000000e+01	5.96525556149474e+27
1.75100000000000e+01	5.94193619718780e+27
1.75200000000000e+01	5.91891427036054e+27
1.75300000000000e+01	5.89602644974364e+27
1.75400000000000e+01	5.87342237613434e+27
1.75500000000000e+01	5.85097451136084e+27
1.75600000000000e+01	5.82867958483511e+27
1.75700000000000e+01	5.80659692750720e+27
1.75800000000000e+01	5.78467386932988e+27
1.75900000000000e+01	5.76297606681919e+27
1.76000000000000e+01	5.74147997914060e+27
1.76100000000000e+01	5.72025369585031e+27
1.76200000000000e+01	5.69931376968321e+27
1.76300000000000e+01	5.67862798493430e+27
1.76400000000000e+01	5.65819863372535e+27
1.76500000000000e+01	5.63807860533333e+27
1.76600000000000e+01	5.61825434366248e+27
1.76700000000000e+01	5.59865576426899e+27
1.76800000000000e+01	5.57925268312192e+27
1.76900000000000e+01	5.56007679843033e+27
1.77000000000000e+01	5.54104998366342e+27
1.77100000000000e+01	5.52219224342161e+27
1.77200000000000e+01	5.50349446193806e+27
1.77300000000000e+01	5.48488594158222e+27
1.77400000000000e+01	5.46636234889716e+27
1.77500000000000e+01	5.44796264027851e+27
1.77600000000000e+01	5.42962709962238e+27
1.77700000000000e+01	5.41139970629802e+27
1.77800000000000e+01	5.39325309802654e+27
1.77900000000000e+01	5.37512072839043e+27
1.78000000000000e+01	5.35698370263894e+27
1.78100000000000e+01	5.33886304327011e+27
1.78200000000000e+01	5.32068257252625e+27
1.78300000000000e+01	5.30246226139361e+27
1.78400000000000e+01	5.28414310712998e+27
1.78500000000000e+01	5.26576486417075e+27
1.78600000000000e+01	5.24727646065595e+27
1.78700000000000e+01	5.22873673062925e+27
1.78800000000000e+01	5.21011910850723e+27
1.78900000000000e+01	5.19149467150697e+27
1.79000000000000e+01	5.17284855649733e+27
1.79100000000000e+01	5.15424515129263e+27
1.79200000000000e+01	5.13566827474848e+27
1.79300000000000e+01	5.11713819318037e+27
1.79400000000000e+01	5.09876446139341e+27
1.79500000000000e+01	5.08040352570283e+27
1.79600000000000e+01	5.06214823337769e+27
1.79700000000000e+01	5.04397787733693e+27
1.79800000000000e+01	5.02578722749357e+27
1.79900000000000e+01	5.00768780353786e+27
1.80000000000000e+01	4.98955525774766e+27
1.80100000000000e+01	4.97137856615264e+27
1.80200000000000e+01	4.95317215043290e+27
1.80300000000000e+01	4.93487738536195e+27
1.80400000000000e+01	4.91653536397974e+27
1.80500000000000e+01	4.89811121641040e+27
1.80600000000000e+01	4.87960654996749e+27
1.80700000000000e+01	4.86114676559189e+27
1.80800000000000e+01	4.84262500701545e+27
1.80900000000000e+01	4.82417248139350e+27
1.81000000000000e+01	4.80578734071386e+27
1.81100000000000e+01	4.78756309820198e+27
1.81200000000000e+01	4.76953401548974e+27
1.81300000000000e+01	4.75165872294203e+27
1.81400000000000e+01	4.73409635943095e+27
1.81500000000000e+01	4.71672815718061e+27
1.81600000000000e+01	4.69970560897280e+27
1.81700000000000e+01	4.68288163862506e+27
1.81800000000000e+01	4.66633446279213e+27
1.81900000000000e+01	4.65004025823076e+27
1.82000000000000e+01	4.63388829249816e+27
1.82100000000000e+01	4.61798064304117e+27
1.82200000000000e+01	4.60220111407338e+27
1.82300000000000e+01	4.58652251612655e+27
1.82400000000000e+01	4.57092382285876e+27
1.82500000000000e+01	4.55548578617861e+27
1.82600000000000e+01	4.54006304148619e+27
1.82700000000000e+01	4.52473852031723e+27
1.82800000000000e+01	4.50946882636187e+27
1.82900000000000e+01	4.49429914987475e+27
1.83000000000000e+01	4.47923250373600e+27
1.83100000000000e+01	4.46418665351608e+27
1.83200000000000e+01	4.44924902024488e+27
1.83300000000000e+01	4.43441039041512e+27
1.83400000000000e+01	4.41962740381822e+27
1.83500000000000e+01	4.40489221839058e+27
1.83600000000000e+01	4.39022858272207e+27
1.83700000000000e+01	4.37557917439344e+27
1.83800000000000e+01	4.36096379636955e+27
1.83900000000000e+01	4.34632216588001e+27
1.84000000000000e+01	4.33166907235074e+27
1.84100000000000e+01	4.31694230861020e+27
1.84200000000000e+01	4.30212889447520e+27
1.84300000000000e+01	4.28724986047165e+27
1.84400000000000e+01	4.27225943301048e+27
1.84500000000000e+01	4.25720184566782e+27
1.84600000000000e+01	4.24204265333638e+27
1.84700000000000e+01	4.22680286644593e+27
1.84800000000000e+01	4.21154696106593e+27
1.84900000000000e+01	4.19626624621945e+27
1.85000000000000e+01	4.18103619494696e+27
1.85100000000000e+01	4.16585048286830e+27
1.85200000000000e+01	4.15079197617316e+27
1.85300000000000e+01	4.13584261026648e+27
1.85400000000000e+01	4.12103577969138e+27
1.85500000000000e+01	4.10642426814674e+27
1.85600000000000e+01	4.09198514514291e+27
1.85700000000000e+01	4.07771535833019e+27
1.85800000000000e+01	4.06365496109251e+27
1.85900000000000e+01	4.04978832325981e+27
1.86000000000000e+01	4.03602915943752e+27
1.86100000000000e+01	4.02247051558786e+27
1.86200000000000e+01	4.00897658754797e+27
1.86300000000000e+01	3.99560856973209e+27
1.86400000000000e+01	3.98234771053889e+27
1.86500000000000e+01	3.96910425275760e+27
1.86600000000000e+01	3.95593511948981e+27
1.86700000000000e+01	3.94283885490390e+27
1.86800000000000e+01	3.92976076256375e+27
1.86900000000000e+01	3.91670272639399e+27
1.87000000000000e+01	3.90370361258836e+27
1.87100000000000e+01	3.89071949874091e+27
1.87200000000000e+01	3.87779308977133e+27
1.87300000000000e+01	3.86489030351723e+27
1.87400000000000e+01	3.85200960298853e+27
1.87500000000000e+01	3.83919958845957e+27
1.87600000000000e+01	3.82641987522674e+27
1.87700000000000e+01	3.81366992147830e+27
1.87800000000000e+01	3.80099545643559e+27
1.87900000000000e+01	3.78835303737606e+27
1.88000000000000e+01	3.77577830181336e+27
1.88100000000000e+01	3.76323480051616e+27
1.88200000000000e+01	3.75071935653780e+27
1.88300000000000e+01	3.73825911047929e+27
1.88400000000000e+01	3.72581771673597e+27
1.88500000000000e+01	3.71342569847850e+27
1.88600000000000e+01	3.70103688701701e+27
1.88700000000000e+01	3.68865398207560e+27
1.88800000000000e+01	3.67629923419119e+27
1.88900000000000e+01	3.66394173425652e+27
1.89000000000000e+01	3.65157546858455e+27
1.89100000000000e+01	3.63923839834285e+27
1.89200000000000e+01	3.62689090008794e+27
1.89300000000000e+01	3.61457946436800e+27
1.89400000000000e+01	3.60226973619147e+27
1.89500000000000e+01	3.58996484428662e+27
1.89600000000000e+01	3.57771257183958e+27
1.89700000000000e+01	3.56547926914044e+27
1.89800000000000e+01	3.55327625399292e+27
1.89900000000000e+01	3.54115407218667e+27
1.90000000000000e+01	3.52908714219175e+27
1.90100000000000e+01	3.51708158757132e+27
1.90200000000000e+01	3.50518976531361e+27
1.90300000000000e+01	3.49342552577860e+27
1.90400000000000e+01	3.48172688327531e+27
1.90500000000000e+01	3.47017497168031e+27
1.90600000000000e+01	3.45877389993122e+27
1.90700000000000e+01	3.44746358002641e+27
1.90800000000000e+01	3.43630617874464e+27
1.90900000000000e+01	3.42530417737130e+27
1.91000000000000e+01	3.41437328899411e+27
1.91100000000000e+01	3.40360869802952e+27
1.91200000000000e+01	3.39289034148270e+27
1.91300000000000e+01	3.38227559235271e+27
1.91400000000000e+01	3.37170347023448e+27
1.91500000000000e+01	3.36119681079349e+27
1.91600000000000e+01	3.35070401833671e+27
1.91700000000000e+01	3.34021859324500e+27
1.91800000000000e+01	3.32972274606644e+27
1.91900000000000e+01	3.31925036790826e+27
1.92000000000000e+01	3.30879840850826e+27
1.92100000000000e+01	3.29829664781665e+27
1.92200000000000e+01	3.28782024933543e+27
1.92300000000000e+01	3.27736844968610e+27
1.92400000000000e+01	3.26691282338103e+27
1.92500000000000e+01	3.25646126013570e+27
1.92600000000000e+01	3.24601752876989e+27
1.92700000000000e+01	3.23562124125461e+27
1.92800000000000e+01	3.22523940161036e+27
1.92900000000000e+01	3.21487493235939e+27
1.93000000000000e+01	3.20456076952869e+27
1.93100000000000e+01	3.19426510499015e+27
1.93200000000000e+01	3.18401644970183e+27
1.93300000000000e+01	3.17377939159059e+27
1.93400000000000e+01	3.16355341321553e+27
1.93500000000000e+01	3.15333448892621e+27
1.93600000000000e+01	3.14315672027550e+27
1.93700000000000e+01	3.13298116611732e+27
1.93800000000000e+01	3.12284621358951e+27
1.93900000000000e+01	3.11271782296475e+27
1.94000000000000e+01	3.10259558287248e+27
1.94100000000000e+01	3.09248917454472e+27
1.94200000000000e+01	3.08242787325672e+27
1.94300000000000e+01	3.07242087054665e+27
1.94400000000000e+01	3.06240114803437e+27
1.94500000000000e+01	3.05244260058451e+27
1.94600000000000e+01	3.04251347321032e+27
1.94700000000000e+01	3.03264687355536e+27
1.94800000000000e+01	3.02278370178704e+27
1.94900000000000e+01	3.01302101365411e+27
1.95000000000000e+01	3.00326012147763e+27
1.95100000000000e+01	2.99356793038248e+27
1.95200000000000e+01	2.98391345757916e+27
1.95300000000000e+01	2.97432447177624e+27
1.95400000000000e+01	2.96476696228521e+27
1.95500000000000e+01	2.95524575657318e+27
1.95600000000000e+01	2.94575601596055e+27
1.95700000000000e+01	2.93632854857576e+27
1.95800000000000e+01	2.92692990739294e+27
1.95900000000000e+01	2.91755880764746e+27
1.96000000000000e+01	2.90824269577838e+27
1.96100000000000e+01	2.89895482494240e+27
1.96200000000000e+01	2.88971957377458e+27
1.96300000000000e+01	2.88047542581034e+27
1.96400000000000e+01	2.87131616272311e+27
1.96500000000000e+01	2.86214234327842e+27
1.96600000000000e+01	2.85301858398724e+27
1.96700000000000e+01	2.84390592629486e+27
1.96800000000000e+01	2.83480550930933e+27
1.96900000000000e+01	2.82574383957424e+27
1.97000000000000e+01	2.81666295916909e+27
1.97100000000000e+01	2.80758359163481e+27
1.97200000000000e+01	2.79847986409766e+27
1.97300000000000e+01	2.78935737388861e+27
1.97400000000000e+01	2.78013584166350e+27
1.97500000000000e+01	2.77077359187800e+27
1.97600000000000e+01	2.76116170342893e+27
1.97700000000000e+01	2.75112836900800e+27
1.97800000000000e+01	2.74035937298949e+27
1.97900000000000e+01	2.72851513782627e+27
1.98000000000000e+01	2.71495076516083e+27
1.98100000000000e+01	2.69880301809344e+27
1.98200000000000e+01	2.67888360041949e+27
1.98300000000000e+01	2.65364678127339e+27
1.98400000000000e+01	2.62104101871712e+27
1.98500000000000e+01	2.57871117580811e+27
1.98600000000000e+01	2.52377691537780e+27
1.98700000000000e+01	2.45318691135281e+27
1.98800000000000e+01	2.36383264799550e+27
1.98900000000000e+01	2.25292306642328e+27
1.99000000000000e+01	2.11835223830368e+27
1.99100000000000e+01	1.95921608385785e+27
1.99200000000000e+01	1.77631401947607e+27
1.99300000000000e+01	1.57249390797504e+27
1.99400000000000e+01	1.35303403682043e+27
1.99500000000000e+01	1.12552429900028e+27
1.99600000000000e+01	8.99461177303643e+26
1.99700000000000e+01	6.85276643444467e+26
1.99800000000000e+01	4.93063775969884e+26
1.99900000000000e+01	3.30991366128338e+26
2.00000000000000e+01	2.03891175405038e+26
