1.00000000000000e-02	2.09096630372267e+19
2.00000000000000e-02	1.30690105843022e+18
3.00000000000000e-02	2.58166104649600e+17
4.00000000000000e-02	8.16928267487975e+16
5.00000000000000e-02	3.34648900428905e+16
6.00000000000000e-02	1.61405099547590e+16
7.00000000000000e-02	8.71353118758895e+15
8.00000000000000e-02	5.10861503536663e+15
9.00000000000000e-02	3.18992964349676e+15
1.00000000000000e-01	2.09336864594145e+15
1.10000000000000e-01	1.43014962742570e+15
1.20000000000000e-01	1.01004559943119e+15
1.30000000000000e-01	7.33537230457250e+14
1.40000000000000e-01	5.45532018799511e+14
1.50000000000000e-01	4.14109620852250e+14
1.60000000000000e-01	3.20004122759314e+14
1.70000000000000e-01	2.51192157922084e+14
1.80000000000000e-01	1.99935448322793e+14
1.90000000000000e-01	1.61121886148033e+14
2.00000000000000e-01	1.31295064934859e+14
2.10000000000000e-01	1.08068504893686e+14
2.20000000000000e-01	8.97641851824795e+13
2.30000000000000e-01	7.51825383659652e+13
2.40000000000000e-01	6.34489077057388e+13
2.50000000000000e-01	5.39206858362024e+13
2.60000000000000e-01	4.61194230020001e+13
2.70000000000000e-01	3.96821817562729e+13
2.80000000000000e-01	3.43322753323446e+13
2.90000000000000e-01	2.98560915301225e+13
3.00000000000000e-01	2.60882395112144e+13
3.10000000000000e-01	2.28981256563957e+13
3.20000000000000e-01	2.01824374172682e+13
3.30000000000000e-01	1.78589186999462e+13
3.40000000000000e-01	1.58614598893740e+13
3.50000000000000e-01	1.41365558973907e+13
3.60000000000000e-01	1.26407601396413e+13
3.70000000000000e-01	1.13385796189925e+13
3.80000000000000e-01	1.02005724561078e+13
3.90000000000000e-01	9.20243455369494e+12
4.00000000000000e-01	8.32410415209320e+12
4.10000000000000e-01	7.54854486636314e+12
4.20000000000000e-01	6.86187193650737e+12
4.30000000000000e-01	6.25196277782042e+12
4.40000000000000e-01	5.70871671590012e+12
4.50000000000000e-01	5.22362355245020e+12
4.60000000000000e-01	4.78931244844004e+12
4.70000000000000e-01	4.39955277297529e+12
4.80000000000000e-01	4.04896465981315e+12
4.90000000000000e-01	3.73286114127983e+12
5.00000000000000e-01	3.44732246887175e+12
5.10000000000000e-01	3.18877857997570e+12
5.20000000000000e-01	2.95426016194928e+12
5.30000000000000e-01	2.74112018862717e+12
5.40000000000000e-01	2.54705066791352e+12
5.50000000000000e-01	2.37004485593247e+12
5.60000000000000e-01	2.20831670149362e+12
5.70000000000000e-01	2.06030508280523e+12
5.80000000000000e-01	1.92466112382180e+12
5.90000000000000e-01	1.80010893094416e+12
6.00000000000000e-01	1.68563584058674e+12
6.10000000000000e-01	1.58022622049254e+12
6.20000000000000e-01	1.48306656469995e+12
6.30000000000000e-01	1.39334828662586e+12
6.40000000000000e-01	1.31044036290603e+12
6.50000000000000e-01	1.23369789497525e+12
6.60000000000000e-01	1.16258944663838e+12
6.70000000000000e-01	1.09662332398360e+12
6.80000000000000e-01	1.03535859649572e+12
6.90000000000000e-01	9.78380633613290e+11
7.00000000000000e-01	9.25365775124815e+11
7.10000000000000e-01	8.75954055246829e+11
7.20000000000000e-01	8.29873999575605e+11
7.30000000000000e-01	7.86850099043057e+11
7.40000000000000e-01	7.46636932063130e+11
7.50000000000000e-01	7.09024801922187e+11
7.60000000000000e-01	6.73813786841447e+11
7.70000000000000e-01	6.40817892646816e+11
7.80000000000000e-01	6.09872460980504e+11
7.90000000000000e-01	5.80823411799680e+11
8.00000000000000e-01	5.53531759694040e+11
8.10000000000000e-01	5.27871091966327e+11
8.20000000000000e-01	5.03723977204753e+11
8.30000000000000e-01	4.80995079857402e+11
8.40000000000000e-01	4.59566277417831e+11
8.50000000000000e-01	4.39365148526224e+11
8.60000000000000e-01	4.20296762083189e+11
8.70000000000000e-01	4.02294398400741e+11
8.80000000000000e-01	3.85281114958024e+11
8.90000000000000e-01	3.69192728567589e+11
9.00000000000000e-01	3.53967245019904e+11
9.10000000000000e-01	3.39557433053139e+11
9.20000000000000e-01	3.25902660091901e+11
9.30000000000000e-01	3.12959159811725e+11
9.40000000000000e-01	3.00680467815874e+11
9.50000000000000e-01	2.89027191014205e+11
9.60000000000000e-01	2.77963581423946e+11
9.70000000000000e-01	2.67452324148271e+11
9.80000000000000e-01	2.57456995619622e+11
9.90000000000000e-01	2.47953857739622e+11
1.00000000000000e+00	2.38909218913919e+11
1.01000000000000e+00	2.30297376119479e+11
1.02000000000000e+00	2.22094967118992e+11
1.03000000000000e+00	2.14276162768421e+11
1.04000000000000e+00	2.06822595302020e+11
1.05000000000000e+00	1.99712397656891e+11
1.06000000000000e+00	1.92927826743173e+11
1.07000000000000e+00	1.86448246462287e+11
1.08000000000000e+00	1.80261016209814e+11
1.09000000000000e+00	1.74348540870770e+11
1.10000000000000e+00	1.68694959969709e+11
1.11000000000000e+00	1.63290066547764e+11
1.12000000000000e+00	1.58117030460343e+11
1.13000000000000e+00	1.53166858811242e+11
1.14000000000000e+00	1.48427351456328e+11
1.15000000000000e+00	1.43886353013873e+11
1.16000000000000e+00	1.39535837648577e+11
1.17000000000000e+00	1.35366618887831e+11
1.18000000000000e+00	1.31368895716517e+11
1.19000000000000e+00	1.27534631448015e+11
1.20000000000000e+00	1.23854998546892e+11
1.21000000000000e+00	1.20323172616452e+11
1.22000000000000e+00	1.16932607077163e+11
1.23000000000000e+00	1.13676329375900e+11
1.24000000000000e+00	1.10547820156006e+11
1.25000000000000e+00	1.07541095284826e+11
1.26000000000000e+00	1.04650930441471e+11
1.27000000000000e+00	1.01872423000711e+11
1.28000000000000e+00	9.92005363393795e+10
1.29000000000000e+00	9.66297489130031e+10
1.30000000000000e+00	9.41556404233614e+10
1.31000000000000e+00	9.17745259509222e+10
1.32000000000000e+00	8.94829140161126e+10
1.33000000000000e+00	8.72752592704901e+10
1.34000000000000e+00	8.51499715107186e+10
1.35000000000000e+00	8.31020521090095e+10
1.36000000000000e+00	8.11289710356837e+10
1.37000000000000e+00	7.92275529214839e+10
1.38000000000000e+00	7.73947964985491e+10
1.39000000000000e+00	7.56278702540902e+10
1.40000000000000e+00	7.39246116033315e+10
1.41000000000000e+00	7.22822173159574e+10
1.42000000000000e+00	7.06979671856851e+10
1.43000000000000e+00	6.91697550790472e+10
1.44000000000000e+00	6.76954723916370e+10
1.45000000000000e+00	6.62736617034872e+10
1.46000000000000e+00	6.49016630434543e+10
1.47000000000000e+00	6.35780099445247e+10
1.48000000000000e+00	6.23009623426713e+10
1.49000000000000e+00	6.10684106046819e+10
1.50000000000000e+00	5.98787501854935e+10
1.51000000000000e+00	5.87314304958568e+10
1.52000000000000e+00	5.76243828798797e+10
1.53000000000000e+00	5.65558714770595e+10
1.54000000000000e+00	5.55249176386403e+10
1.55000000000000e+00	5.45306571580385e+10
1.56000000000000e+00	5.35721908452188e+10
1.57000000000000e+00	5.26472457618793e+10
1.58000000000000e+00	5.17554474443039e+10
1.59000000000000e+00	5.08962593949109e+10
1.60000000000000e+00	5.00682826156399e+10
1.61000000000000e+00	4.92712805702902e+10
1.62000000000000e+00	4.85037453649248e+10
1.63000000000000e+00	4.77657791233744e+10
1.64000000000000e+00	4.70567002251129e+10
1.65000000000000e+00	4.63762553375648e+10
1.66000000000000e+00	4.57241072756125e+10
1.67000000000000e+00	4.50996156562401e+10
1.68000000000000e+00	4.45031394746446e+10
1.69000000000000e+00	4.39345905490780e+10
1.70000000000000e+00	4.33933265025309e+10
1.71000000000000e+00	4.28789523006726e+10
1.72000000000000e+00	4.23915139774849e+10
1.73000000000000e+00	4.19296725246901e+10
1.74000000000000e+00	4.14930996426898e+10
1.75000000000000e+00	4.10800520215696e+10
1.76000000000000e+00	4.06889008807292e+10
1.77000000000000e+00	4.03184019557681e+10
1.78000000000000e+00	3.99661005032356e+10
1.79000000000000e+00	3.96306265081110e+10
1.80000000000000e+00	3.93097050097667e+10
1.81000000000000e+00	3.90024108652292e+10
1.82000000000000e+00	3.87078584389696e+10
1.83000000000000e+00	3.84258576778954e+10
1.84000000000000e+00	3.81572466659128e+10
1.85000000000000e+00	3.79040822352759e+10
1.86000000000000e+00	3.76687575313380e+10
1.87000000000000e+00	3.74552903392642e+10
1.88000000000000e+00	3.72683847232147e+10
1.89000000000000e+00	3.71142802278810e+10
1.90000000000000e+00	3.69981460710412e+10
1.91000000000000e+00	3.69275338660050e+10
1.92000000000000e+00	3.69095896025073e+10
1.93000000000000e+00	3.69513692932570e+10
1.94000000000000e+00	3.70614118402602e+10
1.95000000000000e+00	3.72472864742812e+10
1.96000000000000e+00	3.75174993873298e+10
1.97000000000000e+00	3.78803120782243e+10
1.98000000000000e+00	3.83441834255852e+10
1.99000000000000e+00	3.89165865392059e+10
2.00000000000000e+00	3.96049697293956e+10
2.01000000000000e+00	4.04137362207685e+10
2.02000000000000e+00	4.13467454427348e+10
2.03000000000000e+00	4.24032941095302e+10
2.04000000000000e+00	4.35787401511239e+10
2.05000000000000e+00	4.48645107906441e+10
2.06000000000000e+00	4.62452911628655e+10
2.07000000000000e+00	4.76993997787844e+10
2.08000000000000e+00	4.91986395351720e+10
2.09000000000000e+00	5.07061693210271e+10
2.10000000000000e+00	5.21782446733569e+10
2.11000000000000e+00	5.35647686845843e+10
2.12000000000000e+00	5.48115122211207e+10
2.13000000000000e+00	5.58602325858888e+10
2.14000000000000e+00	5.66555512678731e+10
2.15000000000000e+00	5.71478756241729e+10
2.16000000000000e+00	5.72959351346400e+10
2.17000000000000e+00	5.70728022717054e+10
2.18000000000000e+00	5.64660941481857e+10
2.19000000000000e+00	5.54812429211138e+10
2.20000000000000e+00	5.41404939031188e+10
2.21000000000000e+00	5.24857733538928e+10
2.22000000000000e+00	5.05793894268678e+10
2.23000000000000e+00	4.85030881943358e+10
2.24000000000000e+00	4.63537473363988e+10
2.25000000000000e+00	4.42311595544632e+10
2.26000000000000e+00	4.22252220547135e+10
2.27000000000000e+00	4.04006129259297e+10
2.28000000000000e+00	3.87876948829493e+10
2.29000000000000e+00	3.73823192928709e+10
2.30000000000000e+00	3.61541751680241e+10
2.31000000000000e+00	3.50600918712691e+10
2.32000000000000e+00	3.40632952729819e+10
2.33000000000000e+00	3.31464670034472e+10
2.34000000000000e+00	3.23157022196172e+10
2.35000000000000e+00	3.15930732033471e+10
2.36000000000000e+00	3.10027988211240e+10
2.37000000000000e+00	3.05588287463361e+10
2.38000000000000e+00	3.02525979391129e+10
2.39000000000000e+00	3.00489069019376e+10
2.40000000000000e+00	2.98817240024253e+10
2.41000000000000e+00	2.96596192920785e+10
2.42000000000000e+00	2.92779061647626e+10
2.43000000000000e+00	2.86446321050125e+10
2.44000000000000e+00	2.77075935186143e+10
2.45000000000000e+00	2.64738025244595e+10
2.46000000000000e+00	2.50051558487084e+10
2.47000000000000e+00	2.33965239036494e+10
2.48000000000000e+00	2.17480912942391e+10
2.49000000000000e+00	2.01450607489330e+10
2.50000000000000e+00	1.86488742804237e+10
2.51000000000000e+00	1.72984877167377e+10
2.52000000000000e+00	1.61160162443195e+10
2.53000000000000e+00	1.51141609193793e+10
2.54000000000000e+00	1.43009837698352e+10
2.55000000000000e+00	1.36804706181335e+10
2.56000000000000e+00	1.32502456482862e+10
2.57000000000000e+00	1.29989326487379e+10
2.58000000000000e+00	1.29044221873318e+10
2.59000000000000e+00	1.29339808571191e+10
2.60000000000000e+00	1.30461676456978e+10
2.61000000000000e+00	1.31930369742505e+10
2.62000000000000e+00	1.33241010610880e+10
2.63000000000000e+00	1.33912565499589e+10
2.64000000000000e+00	1.33566634134129e+10
2.65000000000000e+00	1.32014221345169e+10
2.66000000000000e+00	1.29298499502351e+10
2.67000000000000e+00	1.25662576060787e+10
2.68000000000000e+00	1.21441273346996e+10
2.69000000000000e+00	1.16950536455524e+10
2.70000000000000e+00	1.12404131421526e+10
2.71000000000000e+00	1.07895911553660e+10
2.72000000000000e+00	1.03415605379281e+10
2.73000000000000e+00	9.88894568003379e+09
2.74000000000000e+00	9.42317215125014e+09
2.75000000000000e+00	8.93881995839567e+09
2.76000000000000e+00	8.43748729578309e+09
2.77000000000000e+00	7.92810440236869e+09
2.78000000000000e+00	7.42464841556895e+09
2.79000000000000e+00	6.94207045515045e+09
2.80000000000000e+00	6.49188488638366e+09
2.81000000000000e+00	6.08006291853493e+09
2.82000000000000e+00	5.70701123375514e+09
2.83000000000000e+00	5.36952072836715e+09
2.84000000000000e+00	5.06344971875739e+09
2.85000000000000e+00	4.78564546257894e+09
2.86000000000000e+00	4.53513626556582e+09
2.87000000000000e+00	4.31295916708444e+09
2.88000000000000e+00	4.12150917371972e+09
2.89000000000000e+00	3.96372385043982e+09
2.90000000000000e+00	3.84279905536729e+09
2.91000000000000e+00	3.76183489436864e+09
2.92000000000000e+00	3.72380666975712e+09
2.93000000000000e+00	3.73108506921942e+09
2.94000000000000e+00	3.78475842862478e+09
2.95000000000000e+00	3.88372774589126e+09
2.96000000000000e+00	4.02388039088293e+09
2.97000000000000e+00	4.19720849498828e+09
2.98000000000000e+00	4.39166204391304e+09
2.99000000000000e+00	4.59194205808186e+09
3.00000000000000e+00	4.78124871158995e+09
3.01000000000000e+00	4.94400247243203e+09
3.02000000000000e+00	5.06804979138556e+09
3.03000000000000e+00	5.14579702405932e+09
3.04000000000000e+00	5.17393323003188e+09
3.05000000000000e+00	5.15234243652759e+09
3.06000000000000e+00	5.08317740919504e+09
3.07000000000000e+00	4.97041488892740e+09
3.08000000000000e+00	4.81960412206203e+09
3.09000000000000e+00	4.63798980339620e+09
3.10000000000000e+00	4.43400570861371e+09
3.11000000000000e+00	4.21650124431334e+09
3.12000000000000e+00	3.99340775107110e+09
3.13000000000000e+00	3.77070444085624e+09
3.14000000000000e+00	3.55151388523589e+09
3.15000000000000e+00	3.33622020530869e+09
3.16000000000000e+00	3.12328898090572e+09
3.17000000000000e+00	2.91075271293449e+09
3.18000000000000e+00	2.69806992530177e+09
3.19000000000000e+00	2.48711244512655e+09
3.20000000000000e+00	2.28223246912145e+09
3.21000000000000e+00	2.08883949894863e+09
3.22000000000000e+00	1.91191210376152e+09
3.23000000000000e+00	1.75470610989000e+09
3.24000000000000e+00	1.61840879897596e+09
3.25000000000000e+00	1.50260616075474e+09
3.26000000000000e+00	1.40588427019553e+09
3.27000000000000e+00	1.32638958458196e+09
3.28000000000000e+00	1.26219492597602e+09
3.29000000000000e+00	1.21147986864966e+09
3.30000000000000e+00	1.17247643401714e+09
3.31000000000000e+00	1.14339700313352e+09
3.32000000000000e+00	1.12244121658896e+09
3.33000000000000e+00	1.10781511717749e+09
3.34000000000000e+00	1.09786562707229e+09
3.35000000000000e+00	1.09118047233112e+09
3.36000000000000e+00	1.08675162818989e+09
3.37000000000000e+00	1.08390871613448e+09
3.38000000000000e+00	1.08220527596382e+09
3.39000000000000e+00	1.08115631853845e+09
3.40000000000000e+00	1.08007513145665e+09
3.41000000000000e+00	1.07800724227097e+09
3.42000000000000e+00	1.07386384886841e+09
3.43000000000000e+00	1.06658334178670e+09
3.44000000000000e+00	1.05536882912658e+09
3.45000000000000e+00	1.03970769474345e+09
3.46000000000000e+00	1.01940495007790e+09
3.47000000000000e+00	9.94476459708983e+08
3.48000000000000e+00	9.65185722802200e+08
3.49000000000000e+00	9.32062317706858e+08
3.50000000000000e+00	8.95908831316982e+08
3.51000000000000e+00	8.57814560479451e+08
3.52000000000000e+00	8.18964611888146e+08
3.53000000000000e+00	7.80460147024607e+08
3.54000000000000e+00	7.43183683068610e+08
3.55000000000000e+00	7.07703465543213e+08
3.56000000000000e+00	6.74343329135274e+08
3.57000000000000e+00	6.43305238156728e+08
3.58000000000000e+00	6.14716487025581e+08
3.59000000000000e+00	5.88688975268744e+08
3.60000000000000e+00	5.65287370756619e+08
3.61000000000000e+00	5.44509985035834e+08
3.62000000000000e+00	5.26233368006367e+08
3.63000000000000e+00	5.10245380512732e+08
3.64000000000000e+00	4.96187178965945e+08
3.65000000000000e+00	4.83639486057395e+08
3.66000000000000e+00	4.72133494411198e+08
3.67000000000000e+00	4.61182083591023e+08
3.68000000000000e+00	4.50318323890527e+08
3.69000000000000e+00	4.39185045638691e+08
3.70000000000000e+00	4.27535251391324e+08
3.71000000000000e+00	4.15295850316733e+08
3.72000000000000e+00	4.02548914406079e+08
3.73000000000000e+00	3.89478894373854e+08
3.74000000000000e+00	3.76312887475973e+08
3.75000000000000e+00	3.63255538292685e+08
3.76000000000000e+00	3.50481059329746e+08
3.77000000000000e+00	3.38111597515272e+08
3.78000000000000e+00	3.26208112780042e+08
3.79000000000000e+00	3.14796571447714e+08
3.80000000000000e+00	3.03879449762651e+08
3.81000000000000e+00	2.93406707462422e+08
3.82000000000000e+00	2.83297745145559e+08
3.83000000000000e+00	2.73451006413101e+08
3.84000000000000e+00	2.63780610596320e+08
3.85000000000000e+00	2.54210833961954e+08
3.86000000000000e+00	2.44689095422110e+08
3.87000000000000e+00	2.35211031211217e+08
3.88000000000000e+00	2.25789528949373e+08
3.89000000000000e+00	2.16488765500650e+08
3.90000000000000e+00	2.07405052951659e+08
3.91000000000000e+00	1.98667325073248e+08
3.92000000000000e+00	1.90420473249636e+08
3.93000000000000e+00	1.82781804912868e+08
3.94000000000000e+00	1.75820474648698e+08
3.95000000000000e+00	1.69570621036605e+08
3.96000000000000e+00	1.64022949418108e+08
3.97000000000000e+00	1.59123333760561e+08
3.98000000000000e+00	1.54787864684605e+08
3.99000000000000e+00	1.50911613415043e+08
4.00000000000000e+00	1.47367023178126e+08
4.01000000000000e+00	1.44020570641467e+08
4.02000000000000e+00	1.40753741810490e+08
4.03000000000000e+00	1.37467474472552e+08
4.04000000000000e+00	1.34091418242031e+08
4.05000000000000e+00	1.30580220245796e+08
4.06000000000000e+00	1.26917381217201e+08
4.07000000000000e+00	1.23098528952300e+08
4.08000000000000e+00	1.19142556014506e+08
4.09000000000000e+00	1.15076735612889e+08
4.10000000000000e+00	1.10937922246277e+08
4.11000000000000e+00	1.06763375216384e+08
4.12000000000000e+00	1.02582601242101e+08
4.13000000000000e+00	9.84058564069260e+07
4.14000000000000e+00	9.42374215560706e+07
4.15000000000000e+00	9.00690885383130e+07
4.16000000000000e+00	8.59016579434007e+07
4.17000000000000e+00	8.17371839453550e+07
4.18000000000000e+00	7.75999512415500e+07
4.19000000000000e+00	7.35216769015568e+07
4.20000000000000e+00	6.95423632075257e+07
4.21000000000000e+00	6.57009855828388e+07
4.22000000000000e+00	6.20312556370026e+07
4.23000000000000e+00	5.85578331653224e+07
4.24000000000000e+00	5.53000793348434e+07
4.25000000000000e+00	5.22666720727603e+07
4.26000000000000e+00	4.94676993220358e+07
4.27000000000000e+00	4.69065717986997e+07
4.28000000000000e+00	4.45861660455280e+07
4.29000000000000e+00	4.25010422705809e+07
4.30000000000000e+00	4.06391066530020e+07
4.31000000000000e+00	3.89777426132896e+07
4.32000000000000e+00	3.74886326407148e+07
4.33000000000000e+00	3.61349494461684e+07
4.34000000000000e+00	3.48766828048800e+07
4.35000000000000e+00	3.36725278354420e+07
4.36000000000000e+00	3.24849778615980e+07
4.37000000000000e+00	3.12815991932778e+07
4.38000000000000e+00	3.00357406751943e+07
4.39000000000000e+00	2.87294329135995e+07
4.40000000000000e+00	2.73538404328359e+07
4.41000000000000e+00	2.59077462359408e+07
4.42000000000000e+00	2.43982466935416e+07
4.43000000000000e+00	2.28377618967686e+07
4.44000000000000e+00	2.12433311502371e+07
4.45000000000000e+00	1.96361486544053e+07
4.46000000000000e+00	1.80401708271137e+07
4.47000000000000e+00	1.64842104991215e+07
4.48000000000000e+00	1.49994675042710e+07
4.49000000000000e+00	1.36183019150277e+07
4.50000000000000e+00	1.23701288187363e+07
4.51000000000000e+00	1.12776990785552e+07
4.52000000000000e+00	1.03560673042858e+07
4.53000000000000e+00	9.61209449886655e+06
4.54000000000000e+00	9.04555532174816e+06
4.55000000000000e+00	8.65000109385796e+06
4.56000000000000e+00	8.41304895401116e+06
4.57000000000000e+00	8.31635308728482e+06
4.58000000000000e+00	8.33544311909641e+06
4.59000000000000e+00	8.43979357155397e+06
4.60000000000000e+00	8.59406813379783e+06
4.61000000000000e+00	8.76031203192650e+06
4.62000000000000e+00	8.90155936347224e+06
4.63000000000000e+00	8.98534703492003e+06
4.64000000000000e+00	8.98731267878302e+06
4.65000000000000e+00	8.89366109559323e+06
4.66000000000000e+00	8.70193525757338e+06
4.67000000000000e+00	8.42032051238841e+06
4.68000000000000e+00	8.06593848235583e+06
4.69000000000000e+00	7.66239389096779e+06
4.70000000000000e+00	7.23792065121532e+06
4.71000000000000e+00	6.82297059007307e+06
4.72000000000000e+00	6.44866081728389e+06
4.73000000000000e+00	6.14483384582066e+06
4.74000000000000e+00	5.93781575166487e+06
4.75000000000000e+00	5.84798473370328e+06
4.76000000000000e+00	5.88736053157414e+06
4.77000000000000e+00	6.05720732596273e+06
4.78000000000000e+00	6.34641360917720e+06
4.79000000000000e+00	6.73113238491887e+06
4.80000000000000e+00	7.17596030591526e+06
4.81000000000000e+00	7.63642625545008e+06
4.82000000000000e+00	8.06318860728304e+06
4.83000000000000e+00	8.40721473400380e+06
4.84000000000000e+00	8.62535830928271e+06
4.85000000000000e+00	8.68495350866288e+06
4.86000000000000e+00	8.56783989252624e+06
4.87000000000000e+00	8.27210433361469e+06
4.88000000000000e+00	7.81265828697538e+06
4.89000000000000e+00	7.21895331480629e+06
4.90000000000000e+00	6.53139363180240e+06
4.91000000000000e+00	5.79636000203880e+06
4.92000000000000e+00	5.06027496476425e+06
4.93000000000000e+00	4.36475806008522e+06
4.94000000000000e+00	3.74279032985077e+06
4.95000000000000e+00	3.21657650501744e+06
4.96000000000000e+00	2.79738520177396e+06
4.97000000000000e+00	2.48652463574962e+06
4.98000000000000e+00	2.27694553239635e+06
4.99000000000000e+00	2.15554486621839e+06
5.00000000000000e+00	2.10550471989904e+06
5.01000000000000e+00	2.10852078237076e+06
5.02000000000000e+00	2.14686722971464e+06
5.03000000000000e+00	2.20517109963443e+06
5.04000000000000e+00	2.27162010561163e+06
5.05000000000000e+00	2.33878708122780e+06
5.06000000000000e+00	2.40395070984665e+06
5.07000000000000e+00	2.46885110394544e+06
5.08000000000000e+00	2.53906215888639e+06
5.09000000000000e+00	2.62269199233273e+06
5.10000000000000e+00	2.72862480133032e+06
5.11000000000000e+00	2.86441937177801e+06
5.12000000000000e+00	3.03424262400363e+06
5.13000000000000e+00	3.23711384300957e+06
5.14000000000000e+00	3.46584614338250e+06
5.15000000000000e+00	3.70725827677698e+06
5.16000000000000e+00	3.94349424550993e+06
5.17000000000000e+00	4.15500358092364e+06
5.18000000000000e+00	4.32409987888781e+06
5.19000000000000e+00	4.43935976420560e+06
5.20000000000000e+00	4.49912933794407e+06
5.21000000000000e+00	4.51389020221912e+06
5.22000000000000e+00	4.50717779332248e+06
5.23000000000000e+00	4.51425720019709e+06
5.24000000000000e+00	4.57917625537226e+06
5.25000000000000e+00	4.75021032470525e+06
5.26000000000000e+00	5.07345925423307e+06
5.27000000000000e+00	5.58562462467641e+06
5.28000000000000e+00	6.30683972117196e+06
5.29000000000000e+00	7.23467226358338e+06
5.30000000000000e+00	8.34133383465648e+06
5.31000000000000e+00	9.57483713794211e+06
5.32000000000000e+00	1.08644274028759e+07
5.33000000000000e+00	1.21294930239783e+07
5.34000000000000e+00	1.32899725273776e+07
5.35000000000000e+00	1.42769010990027e+07
5.36000000000000e+00	1.50402855298669e+07
5.37000000000000e+00	1.55522202538200e+07
5.38000000000000e+00	1.58076007201501e+07
5.39000000000000e+00	1.58199778204607e+07
5.40000000000000e+00	1.56171234862323e+07
5.41000000000000e+00	1.52356695930438e+07
5.42000000000000e+00	1.47167702958131e+07
5.43000000000000e+00	1.41022231565104e+07
5.44000000000000e+00	1.34329579314578e+07
5.45000000000000e+00	1.27483089936288e+07
5.46000000000000e+00	1.20845837936821e+07
5.47000000000000e+00	1.14754634866953e+07
5.48000000000000e+00	1.09501643229355e+07
5.49000000000000e+00	1.05330257726518e+07
5.50000000000000e+00	1.02408023239362e+07
5.51000000000000e+00	1.00825365316262e+07
5.52000000000000e+00	1.00585376624954e+07
5.53000000000000e+00	1.01605680821492e+07
5.54000000000000e+00	1.03740912788846e+07
5.55000000000000e+00	1.06796203312160e+07
5.56000000000000e+00	1.10557917793909e+07
5.57000000000000e+00	1.14804931889447e+07
5.58000000000000e+00	1.19326762961052e+07
5.59000000000000e+00	1.23924411256763e+07
5.60000000000000e+00	1.28402438613525e+07
5.61000000000000e+00	1.32574427053200e+07
5.62000000000000e+00	1.36247133256264e+07
5.63000000000000e+00	1.39232156277069e+07
5.64000000000000e+00	1.41334365730064e+07
5.65000000000000e+00	1.42364836494153e+07
5.66000000000000e+00	1.42157461219356e+07
5.67000000000000e+00	1.40587999408172e+07
5.68000000000000e+00	1.37581918932141e+07
5.69000000000000e+00	1.33138570926036e+07
5.70000000000000e+00	1.27331360462866e+07
5.71000000000000e+00	1.20312237528721e+07
5.72000000000000e+00	1.12303985969487e+07
5.73000000000000e+00	1.03576441436748e+07
5.74000000000000e+00	9.44379073260552e+06
5.75000000000000e+00	8.51957475221619e+06
5.76000000000000e+00	7.61353801795501e+06
5.77000000000000e+00	6.74890686892486e+06
5.78000000000000e+00	5.94210199409626e+06
5.79000000000000e+00	5.20177536071276e+06
5.80000000000000e+00	4.52920668116760e+06
5.81000000000000e+00	3.92005963075982e+06
5.82000000000000e+00	3.36613008012914e+06
5.83000000000000e+00	2.85793199560091e+06
5.84000000000000e+00	2.38681771924208e+06
5.85000000000000e+00	1.94678936785499e+06
5.86000000000000e+00	1.53585104328274e+06
5.87000000000000e+00	1.15656902788638e+06
5.88000000000000e+00	8.16033479543101e+05
5.89000000000000e+00	5.25265638208144e+05
5.90000000000000e+00	2.98082959165044e+05
5.91000000000000e+00	1.49622226649398e+05
5.92000000000000e+00	9.45488581727933e+04
5.93000000000000e+00	1.45081676019634e+05
5.94000000000000e+00	3.09001353576564e+05
5.95000000000000e+00	5.87871510227285e+05
5.96000000000000e+00	9.75858708717425e+05
5.97000000000000e+00	1.45933748405827e+06
5.98000000000000e+00	2.01746718149687e+06
5.99000000000000e+00	2.62376849084988e+06
6.00000000000000e+00	3.24851790969273e+06
6.01000000000000e+00	3.86149067667265e+06
6.02000000000000e+00	4.43466702360997e+06
6.03000000000000e+00	4.94446432393773e+06
6.04000000000000e+00	5.37326137826661e+06
6.05000000000000e+00	5.71016489992503e+06
6.06000000000000e+00	5.95091235782683e+06
6.07000000000000e+00	6.09742991960999e+06
6.08000000000000e+00	6.15673738166980e+06
6.09000000000000e+00	6.13995929325275e+06
6.10000000000000e+00	6.06142517106359e+06
6.11000000000000e+00	5.93724900043439e+06
6.12000000000000e+00	5.78498433079429e+06
6.13000000000000e+00	5.62263100724892e+06
6.14000000000000e+00	5.46843306096509e+06
6.15000000000000e+00	5.33996203767325e+06
6.16000000000000e+00	5.25400611046222e+06
6.17000000000000e+00	5.22521113636246e+06
6.18000000000000e+00	5.26524188048118e+06
6.19000000000000e+00	5.38162574348758e+06
6.20000000000000e+00	5.57628075649746e+06
6.21000000000000e+00	5.84514546571447e+06
6.22000000000000e+00	6.17747140922628e+06
6.23000000000000e+00	6.55612677009645e+06
6.24000000000000e+00	6.95934910872067e+06
6.25000000000000e+00	7.36146264700953e+06
6.26000000000000e+00	7.73564462484036e+06
6.27000000000000e+00	8.05569420835529e+06
6.28000000000000e+00	8.29841855809699e+06
6.29000000000000e+00	8.44549551961467e+06
6.30000000000000e+00	8.48447788946909e+06
6.31000000000000e+00	8.40985066236073e+06
6.32000000000000e+00	8.22304285622702e+06
6.33000000000000e+00	7.93287053531690e+06
6.34000000000000e+00	7.55433927742428e+06
6.35000000000000e+00	7.10808736284501e+06
6.36000000000000e+00	6.61755775645757e+06
6.37000000000000e+00	6.10733172620675e+06
6.38000000000000e+00	5.60008970987158e+06
6.39000000000000e+00	5.11455419279427e+06
6.40000000000000e+00	4.66414647826692e+06
6.41000000000000e+00	4.25673133775837e+06
6.42000000000000e+00	3.89525598002115e+06
6.43000000000000e+00	3.57880044792653e+06
6.44000000000000e+00	3.30389058409750e+06
6.45000000000000e+00	3.06567965193732e+06
6.46000000000000e+00	2.85901613856065e+06
6.47000000000000e+00	2.67892662423724e+06
6.48000000000000e+00	2.52113463725005e+06
6.49000000000000e+00	2.38206012158995e+06
6.50000000000000e+00	2.25886286986122e+06
6.51000000000000e+00	2.14933679446590e+06
6.52000000000000e+00	2.05173935619730e+06
6.53000000000000e+00	1.96483436062791e+06
6.54000000000000e+00	1.88762168808582e+06
6.55000000000000e+00	1.81944603003423e+06
6.56000000000000e+00	1.75980985163928e+06
6.57000000000000e+00	1.70843281579157e+06
6.58000000000000e+00	1.66505097024968e+06
6.59000000000000e+00	1.62949940692087e+06
6.60000000000000e+00	1.60153557870247e+06
6.61000000000000e+00	1.58091942354908e+06
6.62000000000000e+00	1.56737112169579e+06
6.63000000000000e+00	1.56051392904976e+06
6.64000000000000e+00	1.55994127396582e+06
6.65000000000000e+00	1.56511976114578e+06
6.66000000000000e+00	1.57549712144154e+06
6.67000000000000e+00	1.59050760807084e+06
6.68000000000000e+00	1.60958318339865e+06
6.69000000000000e+00	1.63228977596362e+06
6.70000000000000e+00	1.65825833249760e+06
6.71000000000000e+00	1.68725659197406e+06
6.72000000000000e+00	1.71905008017798e+06
6.73000000000000e+00	1.75350715184753e+06
6.74000000000000e+00	1.79037355686273e+06
6.75000000000000e+00	1.82938388007002e+06
6.76000000000000e+00	1.87019588335050e+06
6.77000000000000e+00	1.91228237452610e+06
6.78000000000000e+00	1.95501647984803e+06
6.79000000000000e+00	1.99766765000252e+06
6.80000000000000e+00	2.03937838820509e+06
6.81000000000000e+00	2.07933851872949e+06
6.82000000000000e+00	2.11676338189205e+06
6.83000000000000e+00	2.15095788172519e+06
6.84000000000000e+00	2.18135686051532e+06
6.85000000000000e+00	2.20762665546519e+06
6.86000000000000e+00	2.22953605540187e+06
6.87000000000000e+00	2.24709459252124e+06
6.88000000000000e+00	2.26041280592424e+06
6.89000000000000e+00	2.26978046147907e+06
6.90000000000000e+00	2.27561219162325e+06
6.91000000000000e+00	2.27836992361085e+06
6.92000000000000e+00	2.27845753091767e+06
6.93000000000000e+00	2.27618256428775e+06
6.94000000000000e+00	2.27155773629032e+06
6.95000000000000e+00	2.26425679045538e+06
6.96000000000000e+00	2.25357866020599e+06
6.97000000000000e+00	2.23857188376655e+06
6.98000000000000e+00	2.21804768508120e+06
6.99000000000000e+00	2.19094574927304e+06
7.00000000000000e+00	2.15638250714572e+06
7.01000000000000e+00	2.11397616473998e+06
7.02000000000000e+00	2.06395474933587e+06
7.03000000000000e+00	2.00728251175476e+06
7.04000000000000e+00	1.94563567335382e+06
7.05000000000000e+00	1.88126215047651e+06
7.06000000000000e+00	1.81692566371811e+06
7.07000000000000e+00	1.75553775478035e+06
7.08000000000000e+00	1.69991431204961e+06
7.09000000000000e+00	1.65243497631723e+06
7.10000000000000e+00	1.61479758541348e+06
7.11000000000000e+00	1.58784002228764e+06
7.12000000000000e+00	1.57136356252669e+06
7.13000000000000e+00	1.56424630548808e+06
7.14000000000000e+00	1.56456085189247e+06
7.15000000000000e+00	1.56981556111220e+06
7.16000000000000e+00	1.57732852931057e+06
7.17000000000000e+00	1.58458025629399e+06
7.18000000000000e+00	1.58953049989833e+06
7.19000000000000e+00	1.59095670312815e+06
7.20000000000000e+00	1.58861720470331e+06
7.21000000000000e+00	1.58331552214609e+06
7.22000000000000e+00	1.57684735170174e+06
7.23000000000000e+00	1.57189851442895e+06
7.24000000000000e+00	1.57164642083435e+06
7.25000000000000e+00	1.57943089301613e+06
7.26000000000000e+00	1.59836872863070e+06
7.27000000000000e+00	1.63087727540286e+06
7.28000000000000e+00	1.67836178712892e+06
7.29000000000000e+00	1.74081471153424e+06
7.30000000000000e+00	1.81677678903826e+06
7.31000000000000e+00	1.90323266639539e+06
7.32000000000000e+00	1.99583927804771e+06
7.33000000000000e+00	2.08928232791431e+06
7.34000000000000e+00	2.17775192096544e+06
7.35000000000000e+00	2.25546567911108e+06
7.36000000000000e+00	2.31719813830278e+06
7.37000000000000e+00	2.35886008159874e+06
7.38000000000000e+00	2.37785707436211e+06
7.39000000000000e+00	2.37340176421002e+06
7.40000000000000e+00	2.34672503564191e+06
7.41000000000000e+00	2.30102949361887e+06
7.42000000000000e+00	2.24126733335658e+06
7.43000000000000e+00	2.17377819657305e+06
7.44000000000000e+00	2.10566111984148e+06
7.45000000000000e+00	2.04417953089985e+06
7.46000000000000e+00	1.99613524089680e+06
7.47000000000000e+00	1.96727233625397e+06
7.48000000000000e+00	1.96180127944140e+06
7.49000000000000e+00	1.98214952332262e+06
7.50000000000000e+00	2.02876489285305e+06
7.51000000000000e+00	2.10011223436172e+06
7.52000000000000e+00	2.19288984631535e+06
7.53000000000000e+00	2.30234616915483e+06
7.54000000000000e+00	2.42274371552921e+06
7.55000000000000e+00	2.54779908289684e+06
7.56000000000000e+00	2.67127590712716e+06
7.57000000000000e+00	2.78747323376595e+06
7.58000000000000e+00	2.89165240307229e+06
7.59000000000000e+00	2.98026953392572e+06
7.60000000000000e+00	3.05116916492886e+06
7.61000000000000e+00	3.10353885528026e+06
7.62000000000000e+00	3.13773418776146e+06
7.63000000000000e+00	3.15500159828189e+06
7.64000000000000e+00	3.15713825692930e+06
7.65000000000000e+00	3.14622032460798e+06
7.66000000000000e+00	3.12415900204248e+06
7.67000000000000e+00	3.09246672434705e+06
7.68000000000000e+00	3.05209432322522e+06
7.69000000000000e+00	3.00323474846391e+06
7.70000000000000e+00	2.94556818372880e+06
7.71000000000000e+00	2.87836028245023e+06
7.72000000000000e+00	2.80080971262336e+06
7.73000000000000e+00	2.71233663690744e+06
7.74000000000000e+00	2.61290119133112e+06
7.75000000000000e+00	2.50314283474738e+06
7.76000000000000e+00	2.38462673011213e+06
7.77000000000000e+00	2.25976745579063e+06
7.78000000000000e+00	2.13171383825743e+06
7.79000000000000e+00	2.00433053091228e+06
7.80000000000000e+00	1.88174525425091e+06
7.81000000000000e+00	1.76814127817767e+06
7.82000000000000e+00	1.66750161131628e+06
7.83000000000000e+00	1.58330517619788e+06
7.84000000000000e+00	1.51826351191371e+06
7.85000000000000e+00	1.47435478223588e+06
7.86000000000000e+00	1.45255528615385e+06
7.87000000000000e+00	1.45298464521744e+06
7.88000000000000e+00	1.47485910586851e+06
7.89000000000000e+00	1.51657551954250e+06
7.90000000000000e+00	1.57578676138198e+06
7.91000000000000e+00	1.64950576134141e+06
7.92000000000000e+00	1.73433409279019e+06
7.93000000000000e+00	1.82655421884417e+06
7.94000000000000e+00	1.92237527695071e+06
7.95000000000000e+00	2.01813037176646e+06
7.96000000000000e+00	2.11044460917926e+06
7.97000000000000e+00	2.19641465763085e+06
7.98000000000000e+00	2.27374121702799e+06
7.99000000000000e+00	2.34078582614883e+06
8.00000000000000e+00	2.39661737257592e+06
8.01000000000000e+00	2.44094499728856e+06
8.02000000000000e+00	2.47409820068119e+06
8.03000000000000e+00	2.49690964472262e+06
8.04000000000000e+00	2.51067342793791e+06
8.05000000000000e+00	2.51687951555155e+06
8.06000000000000e+00	2.51729784361916e+06
8.07000000000000e+00	2.51378381079320e+06
8.08000000000000e+00	2.50822924516855e+06
8.09000000000000e+00	2.50244393198442e+06
8.10000000000000e+00	2.49820729523338e+06
8.11000000000000e+00	2.49715472458335e+06
8.12000000000000e+00	2.50075158852664e+06
8.13000000000000e+00	2.51017266874558e+06
8.14000000000000e+00	2.52639529611684e+06
8.15000000000000e+00	2.54987096934338e+06
8.16000000000000e+00	2.58079562799310e+06
8.17000000000000e+00	2.61896217285886e+06
8.18000000000000e+00	2.66377560833615e+06
8.19000000000000e+00	2.71433180275714e+06
8.20000000000000e+00	2.76933599786705e+06
8.21000000000000e+00	2.82693394020522e+06
8.22000000000000e+00	2.88486354864433e+06
8.23000000000000e+00	2.94036305432792e+06
8.24000000000000e+00	2.99026042577710e+06
8.25000000000000e+00	3.03111782376396e+06
8.26000000000000e+00	3.05953779351989e+06
8.27000000000000e+00	3.07222689604275e+06
8.28000000000000e+00	3.06638328517136e+06
8.29000000000000e+00	3.03991458222008e+06
8.30000000000000e+00	2.99163214543128e+06
8.31000000000000e+00	2.92164373769165e+06
8.32000000000000e+00	2.83146756553435e+06
8.33000000000000e+00	2.72403336195012e+06
8.34000000000000e+00	2.60368897607716e+06
8.35000000000000e+00	2.47581332763022e+06
8.36000000000000e+00	2.34644041633355e+06
8.37000000000000e+00	2.22174879719494e+06
8.38000000000000e+00	2.10742028679655e+06
8.39000000000000e+00	2.00825449480343e+06
8.40000000000000e+00	1.92759144005110e+06
8.41000000000000e+00	1.86724862411839e+06
8.42000000000000e+00	1.82736519285092e+06
8.43000000000000e+00	1.80671970882680e+06
8.44000000000000e+00	1.80296864461176e+06
8.45000000000000e+00	1.81309805894000e+06
8.46000000000000e+00	1.83389892867009e+06
8.47000000000000e+00	1.86224032563874e+06
8.48000000000000e+00	1.89546702774528e+06
8.49000000000000e+00	1.93145583195675e+06
8.50000000000000e+00	1.96874243548451e+06
8.51000000000000e+00	2.00640050012552e+06
8.52000000000000e+00	2.04405230044403e+06
8.53000000000000e+00	2.08154160416853e+06
8.54000000000000e+00	2.11893711243829e+06
8.55000000000000e+00	2.15632407563176e+06
8.56000000000000e+00	2.19367482528560e+06
8.57000000000000e+00	2.23074868934078e+06
8.58000000000000e+00	2.26714844033142e+06
8.59000000000000e+00	2.30211900634981e+06
8.60000000000000e+00	2.33475142234379e+06
8.61000000000000e+00	2.36394432982244e+06
8.62000000000000e+00	2.38854629834005e+06
8.63000000000000e+00	2.40733427327150e+06
8.64000000000000e+00	2.41926771920162e+06
8.65000000000000e+00	2.42343742349400e+06
8.66000000000000e+00	2.41928157578933e+06
8.67000000000000e+00	2.40656965311777e+06
8.68000000000000e+00	2.38546291841877e+06
8.69000000000000e+00	2.35661245592705e+06
8.70000000000000e+00	2.32104965507053e+06
8.71000000000000e+00	2.28026163802427e+06
8.72000000000000e+00	2.23587901508803e+06
8.73000000000000e+00	2.18978683940268e+06
8.74000000000000e+00	2.14383574152965e+06
8.75000000000000e+00	2.09972271259054e+06
8.76000000000000e+00	2.05887603256025e+06
8.77000000000000e+00	2.02238342859846e+06
8.78000000000000e+00	1.99090091989185e+06
8.79000000000000e+00	1.96472348017226e+06
8.80000000000000e+00	1.94371828064162e+06
8.81000000000000e+00	1.92748498841646e+06
8.82000000000000e+00	1.91546484400162e+06
8.83000000000000e+00	1.90693318652123e+06
8.84000000000000e+00	1.90121192293809e+06
8.85000000000000e+00	1.89757665219393e+06
8.86000000000000e+00	1.89543341898028e+06
8.87000000000000e+00	1.89421936193496e+06
8.88000000000000e+00	1.89347468811888e+06
8.89000000000000e+00	1.89278692091191e+06
8.90000000000000e+00	1.89175087709920e+06
8.91000000000000e+00	1.88994821659226e+06
8.92000000000000e+00	1.88702458081907e+06
8.93000000000000e+00	1.88254028968965e+06
8.94000000000000e+00	1.87609582593321e+06
8.95000000000000e+00	1.86719905335423e+06
8.96000000000000e+00	1.85546840639859e+06
8.97000000000000e+00	1.84057982077132e+06
8.98000000000000e+00	1.82233224069901e+06
8.99000000000000e+00	1.80067514071746e+06
9.00000000000000e+00	1.77579872391419e+06
9.01000000000000e+00	1.74813027226742e+06
9.02000000000000e+00	1.71826020431904e+06
9.03000000000000e+00	1.68705475214305e+06
9.04000000000000e+00	1.65547018011987e+06
9.05000000000000e+00	1.62454826571124e+06
9.06000000000000e+00	1.59534809264462e+06
9.07000000000000e+00	1.56887881215590e+06
9.08000000000000e+00	1.54596219852465e+06
9.09000000000000e+00	1.52729768786695e+06
9.10000000000000e+00	1.51322064197653e+06
9.11000000000000e+00	1.50385552145923e+06
9.12000000000000e+00	1.49904898288659e+06
9.13000000000000e+00	1.49835672587381e+06
9.14000000000000e+00	1.50117163491515e+06
9.15000000000000e+00	1.50671588026098e+06
9.16000000000000e+00	1.51416301705731e+06
9.17000000000000e+00	1.52269237003881e+06
9.18000000000000e+00	1.53153983837324e+06
9.19000000000000e+00	1.53998256858874e+06
9.20000000000000e+00	1.54745326069975e+06
9.21000000000000e+00	1.55348742280262e+06
9.22000000000000e+00	1.55774196002095e+06
9.23000000000000e+00	1.55999470289135e+06
9.24000000000000e+00	1.56016789247479e+06
9.25000000000000e+00	1.55828739801509e+06
9.26000000000000e+00	1.55446423222423e+06
9.27000000000000e+00	1.54889511510057e+06
9.28000000000000e+00	1.54185979112005e+06
9.29000000000000e+00	1.53365788229094e+06
9.30000000000000e+00	1.52460173041765e+06
9.31000000000000e+00	1.51503804818130e+06
9.32000000000000e+00	1.50527309600570e+06
9.33000000000000e+00	1.49559122226797e+06
9.34000000000000e+00	1.48628930437623e+06
9.35000000000000e+00	1.47759327418664e+06
9.36000000000000e+00	1.46971138442197e+06
9.37000000000000e+00	1.46283904478617e+06
9.38000000000000e+00	1.45707574586441e+06
9.39000000000000e+00	1.45246070661572e+06
9.40000000000000e+00	1.44900142846620e+06
9.41000000000000e+00	1.44666053493393e+06
9.42000000000000e+00	1.44532787246248e+06
9.43000000000000e+00	1.44488978456557e+06
9.44000000000000e+00	1.44519345248037e+06
9.45000000000000e+00	1.44612682167961e+06
9.46000000000000e+00	1.44750868305341e+06
9.47000000000000e+00	1.44922747388794e+06
9.48000000000000e+00	1.45116018857806e+06
9.49000000000000e+00	1.45319620691201e+06
9.50000000000000e+00	1.45523800454886e+06
9.51000000000000e+00	1.45723085089242e+06
9.52000000000000e+00	1.45912039919712e+06
9.53000000000000e+00	1.46088697548233e+06
9.54000000000000e+00	1.46254931796391e+06
9.55000000000000e+00	1.46408697986922e+06
9.56000000000000e+00	1.46550467690219e+06
9.57000000000000e+00	1.46678992887582e+06
9.58000000000000e+00	1.46792725478060e+06
9.59000000000000e+00	1.46886862791551e+06
9.60000000000000e+00	1.46956513286592e+06
9.61000000000000e+00	1.46996488455356e+06
9.62000000000000e+00	1.46999404442749e+06
9.63000000000000e+00	1.46961379265177e+06
9.64000000000000e+00	1.46881297753138e+06
9.65000000000000e+00	1.46758642587831e+06
9.66000000000000e+00	1.46596921218561e+06
9.67000000000000e+00	1.46410105849790e+06
9.68000000000000e+00	1.46212473577774e+06
9.69000000000000e+00	1.46024426992771e+06
9.70000000000000e+00	1.45870241279825e+06
9.71000000000000e+00	1.45773122645474e+06
9.72000000000000e+00	1.45758538457191e+06
9.73000000000000e+00	1.45845949981347e+06
9.74000000000000e+00	1.46045695055944e+06
9.75000000000000e+00	1.46360057261017e+06
9.76000000000000e+00	1.46783101846900e+06
9.77000000000000e+00	1.47297209960956e+06
9.78000000000000e+00	1.47873122750079e+06
9.79000000000000e+00	1.48478078610412e+06
9.80000000000000e+00	1.49074016893664e+06
9.81000000000000e+00	1.49626302768990e+06
9.82000000000000e+00	1.50097374041310e+06
9.83000000000000e+00	1.50467330929541e+06
9.84000000000000e+00	1.50715133394334e+06
9.85000000000000e+00	1.50832063982913e+06
9.86000000000000e+00	1.50824052945709e+06
9.87000000000000e+00	1.50693489879078e+06
9.88000000000000e+00	1.50462613795843e+06
9.89000000000000e+00	1.50162123009921e+06
9.90000000000000e+00	1.49850863967107e+06
9.91000000000000e+00	1.49628565319002e+06
9.92000000000000e+00	1.49685196469202e+06
9.93000000000000e+00	1.50328906094915e+06
9.94000000000000e+00	1.52005905108669e+06
9.95000000000000e+00	1.55300432722564e+06
9.96000000000000e+00	1.60859750188175e+06
9.97000000000000e+00	1.69280366641026e+06
9.98000000000000e+00	1.80880697692074e+06
9.99000000000000e+00	1.95397460853246e+06
1.00000000000000e+01	2.11635821137272e+06
1.00100000000000e+01	2.27207356702745e+06
1.00200000000000e+01	2.38203820320403e+06
1.00300000000000e+01	2.39845297751522e+06
1.00400000000000e+01	2.28810240723217e+06
1.00500000000000e+01	2.05811660455188e+06
1.00600000000000e+01	1.75657683245215e+06
1.00700000000000e+01	1.44245980628930e+06
1.00800000000000e+01	1.15763666545485e+06
1.00900000000000e+01	9.19894117714810e+05
1.01000000000000e+01	7.30386028175486e+05
1.01100000000000e+01	5.82707777519252e+05
1.01200000000000e+01	4.68584439904108e+05
1.01300000000000e+01	3.80348214608482e+05
1.01400000000000e+01	3.11774697376510e+05
1.01500000000000e+01	2.58059074245382e+05
1.01600000000000e+01	2.15602816557372e+05
1.01700000000000e+01	1.81721874731164e+05
1.01800000000000e+01	1.54430209201827e+05
1.01900000000000e+01	1.32242079526032e+05
1.02000000000000e+01	1.14043803858600e+05
1.02100000000000e+01	9.89939630490325e+04
1.02200000000000e+01	8.64506360120990e+04
1.02300000000000e+01	7.59180638250835e+04
1.02400000000000e+01	6.70137165156620e+04
1.02500000000000e+01	5.94369797337351e+04
1.02600000000000e+01	5.29493594335877e+04
1.02700000000000e+01	4.73623680421878e+04
1.02800000000000e+01	4.25246717739120e+04
1.02900000000000e+01	3.83143308920486e+04
1.03000000000000e+01	3.46325214107095e+04
1.03100000000000e+01	3.13977009767388e+04
1.03200000000000e+01	2.85438774626728e+04
1.03300000000000e+01	2.60168449770516e+04
1.03400000000000e+01	2.37714561486424e+04
1.03500000000000e+01	2.17688906476907e+04
1.03600000000000e+01	1.99784423066483e+04
1.03700000000000e+01	1.83730993612899e+04
1.03800000000000e+01	1.69306385758591e+04
1.03900000000000e+01	1.56312275382944e+04
1.04000000000000e+01	1.44585172551431e+04
1.04100000000000e+01	1.33979230286368e+04
1.04200000000000e+01	1.24372831075380e+04
1.04300000000000e+01	1.15652500883815e+04
1.04400000000000e+01	1.07722535473407e+04
1.04500000000000e+01	1.00497768573848e+04
1.04600000000000e+01	9.39031569245393e+03
1.04700000000000e+01	8.78687263002829e+03
1.04800000000000e+01	8.23371188093612e+03
1.04900000000000e+01	7.72540771483829e+03
1.05000000000000e+01	7.25745235057917e+03
1.05100000000000e+01	6.82580453908757e+03
1.05200000000000e+01	6.42672604674681e+03
1.05300000000000e+01	6.05720176620572e+03
1.05400000000000e+01	5.71446427183343e+03
1.05500000000000e+01	5.39601322799724e+03
1.05600000000000e+01	5.09978050406611e+03
1.05700000000000e+01	4.82378283571936e+03
1.05800000000000e+01	4.56640313411636e+03
1.05900000000000e+01	4.32615592152312e+03
1.06000000000000e+01	4.10158531481468e+03
1.06100000000000e+01	3.89152904366203e+03
1.06200000000000e+01	3.69479544812362e+03
1.06300000000000e+01	3.51042795052346e+03
1.06400000000000e+01	3.33749140485215e+03
1.06500000000000e+01	3.17513633470809e+03
1.06600000000000e+01	3.02252255967778e+03
1.06700000000000e+01	2.87895491778798e+03
1.06800000000000e+01	2.74385995482098e+03
1.06900000000000e+01	2.61663882598717e+03
1.07000000000000e+01	2.49679028042110e+03
1.07100000000000e+01	2.38378483532975e+03
1.07200000000000e+01	2.27724981631964e+03
1.07300000000000e+01	2.17676362536515e+03
1.07400000000000e+01	2.08200648624574e+03
1.07500000000000e+01	1.99265565088089e+03
1.07600000000000e+01	1.90836025949105e+03
1.07700000000000e+01	1.82887269983201e+03
1.07800000000000e+01	1.75387434458319e+03
1.07900000000000e+01	1.68314203688617e+03
1.08000000000000e+01	1.61641597761912e+03
1.08100000000000e+01	1.55343115889745e+03
1.08200000000000e+01	1.49395865642414e+03
1.08300000000000e+01	1.43778452690267e+03
1.08400000000000e+01	1.38464463211829e+03
1.08500000000000e+01	1.33435204700259e+03
1.08600000000000e+01	1.28666833849258e+03
1.08700000000000e+01	1.24141679596039e+03
1.08800000000000e+01	1.19839665663426e+03
1.08900000000000e+01	1.15740131392178e+03
1.09000000000000e+01	1.11828553750810e+03
1.09100000000000e+01	1.08085995127318e+03
1.09200000000000e+01	1.04499926207642e+03
1.09300000000000e+01	1.01057834085869e+03
1.09400000000000e+01	9.77463068293704e+02
1.09500000000000e+01	9.45570107110840e+02
1.09600000000000e+01	9.14799273140571e+02
1.09700000000000e+01	8.85102462966614e+02
1.09800000000000e+01	8.56403610579799e+02
1.09900000000000e+01	8.28676092428691e+02
1.10000000000000e+01	8.01874886255663e+02
1.10100000000000e+01	7.75950460920741e+02
1.10200000000000e+01	7.50888024337839e+02
1.10300000000000e+01	7.26661960750271e+02
1.10400000000000e+01	7.03230710136638e+02
1.10500000000000e+01	6.80571928888878e+02
1.10600000000000e+01	6.58677477578891e+02
1.10700000000000e+01	6.37526344697563e+02
1.10800000000000e+01	6.17099500268321e+02
1.10900000000000e+01	5.97398012359008e+02
1.11000000000000e+01	5.78415408003796e+02
1.11100000000000e+01	5.60137727592592e+02
1.11200000000000e+01	5.42570033507470e+02
1.11300000000000e+01	5.25717065841281e+02
1.11400000000000e+01	5.09573835757421e+02
1.11500000000000e+01	4.94128648498568e+02
1.11600000000000e+01	4.79373199709849e+02
1.11700000000000e+01	4.65286714975061e+02
1.11800000000000e+01	4.51851214198873e+02
1.11900000000000e+01	4.39034843400644e+02
1.12000000000000e+01	4.26812439622600e+02
1.12100000000000e+01	4.15147826936195e+02
1.12200000000000e+01	4.03997154171637e+02
1.12300000000000e+01	3.93320303223233e+02
1.12400000000000e+01	3.83093615531375e+02
1.12500000000000e+01	3.73255875554008e+02
1.12600000000000e+01	3.63783705854404e+02
1.12700000000000e+01	3.54639094011292e+02
1.12800000000000e+01	3.45783345778824e+02
1.12900000000000e+01	3.37191858196356e+02
1.13000000000000e+01	3.28833862464769e+02
1.13100000000000e+01	3.20689730207656e+02
1.13200000000000e+01	3.12746334922883e+02
1.13300000000000e+01	3.04981282395517e+02
1.13400000000000e+01	2.97386983171455e+02
1.13500000000000e+01	2.89965473692718e+02
1.13600000000000e+01	2.82710199836501e+02
1.13700000000000e+01	2.75624410612985e+02
1.13800000000000e+01	2.68711751762272e+02
1.13900000000000e+01	2.61972804996236e+02
1.14000000000000e+01	2.55410228698541e+02
1.14100000000000e+01	2.49028258339901e+02
1.14200000000000e+01	2.42828299258544e+02
1.14300000000000e+01	2.36808364268020e+02
1.14400000000000e+01	2.30968044558033e+02
1.14500000000000e+01	2.25304482993421e+02
1.14600000000000e+01	2.19813195228325e+02
1.14700000000000e+01	2.14491100377370e+02
1.14800000000000e+01	2.09330216483841e+02
1.14900000000000e+01	2.04327551031573e+02
1.15000000000000e+01	1.99475889433665e+02
1.15100000000000e+01	1.94771795117410e+02
1.15200000000000e+01	1.90208947209101e+02
1.15300000000000e+01	1.85784360032379e+02
1.15400000000000e+01	1.81492905644929e+02
1.15500000000000e+01	1.77333451224162e+02
1.15600000000000e+01	1.73300590074798e+02
1.15700000000000e+01	1.69392718255306e+02
1.15800000000000e+01	1.65607732763439e+02
1.15900000000000e+01	1.61940352408256e+02
1.16000000000000e+01	1.58389756929464e+02
1.16100000000000e+01	1.54950241702742e+02
1.16200000000000e+01	1.51619586207894e+02
1.16300000000000e+01	1.48391681090597e+02
1.16400000000000e+01	1.45263115254575e+02
1.16500000000000e+01	1.42227168958272e+02
1.16600000000000e+01	1.39278868381802e+02
1.16700000000000e+01	1.36412021425577e+02
1.16800000000000e+01	1.33620705990540e+02
1.16900000000000e+01	1.30899386624678e+02
1.17000000000000e+01	1.28244228658666e+02
1.17100000000000e+01	1.25650915348061e+02
1.17200000000000e+01	1.23115463211914e+02
1.17300000000000e+01	1.20636846159929e+02
1.17400000000000e+01	1.18213868341606e+02
1.17500000000000e+01	1.15845831183515e+02
1.17600000000000e+01	1.13534088143460e+02
1.17700000000000e+01	1.11277956808939e+02
1.17800000000000e+01	1.09079761107989e+02
1.17900000000000e+01	1.06939907484678e+02
1.18000000000000e+01	1.04858838048020e+02
1.18100000000000e+01	1.02835551497907e+02
1.18200000000000e+01	1.00870537665426e+02
1.18300000000000e+01	9.89610712114269e+01
1.18400000000000e+01	9.71060504583750e+01
1.18500000000000e+01	9.53026847441869e+01
1.18600000000000e+01	9.35481729583381e+01
1.18700000000000e+01	9.18395090375110e+01
1.18800000000000e+01	9.01737701571225e+01
1.18900000000000e+01	8.85472142467320e+01
1.19000000000000e+01	8.69561076006710e+01
1.19100000000000e+01	8.53985191461512e+01
1.19200000000000e+01	8.38700952518129e+01
1.19300000000000e+01	8.23685147660572e+01
1.19400000000000e+01	8.08904399802480e+01
1.19500000000000e+01	7.94343622418703e+01
1.19600000000000e+01	7.79976310077818e+01
1.19700000000000e+01	7.65789801858869e+01
1.19800000000000e+01	7.51779717415036e+01
1.19900000000000e+01	7.37936189266952e+01
1.20000000000000e+01	7.24271955424236e+01
1.20100000000000e+01	7.10786906228358e+01
1.20200000000000e+01	6.97501943545170e+01
1.20300000000000e+01	6.84428841684007e+01
1.20400000000000e+01	6.71589154328739e+01
1.20500000000000e+01	6.59003042610579e+01
1.20600000000000e+01	6.46695219838212e+01
1.20700000000000e+01	6.34675944483558e+01
1.20800000000000e+01	6.22966150739330e+01
1.20900000000000e+01	6.11579982215014e+01
1.21000000000000e+01	6.00520764736061e+01
1.21100000000000e+01	5.89794383742429e+01
1.21200000000000e+01	5.79397720279105e+01
1.21300000000000e+01	5.69321781906748e+01
1.21400000000000e+01	5.59561444332797e+01
1.21500000000000e+01	5.50097487180990e+01
1.21600000000000e+01	5.40909789043970e+01
1.21700000000000e+01	5.31975639955444e+01
1.21800000000000e+01	5.23276384126410e+01
1.21900000000000e+01	5.14786109246838e+01
1.22000000000000e+01	5.06484006349228e+01
1.22100000000000e+01	4.98346023935933e+01
1.22200000000000e+01	4.90352047408285e+01
1.22300000000000e+01	4.82487427842900e+01
1.22400000000000e+01	4.74737860553575e+01
1.22500000000000e+01	4.67088409441288e+01
1.22600000000000e+01	4.59529671597866e+01
1.22700000000000e+01	4.52056542112701e+01
1.22800000000000e+01	4.44666718686862e+01
1.22900000000000e+01	4.37357007440047e+01
1.23000000000000e+01	4.30129411614433e+01
1.23100000000000e+01	4.22990105875430e+01
1.23200000000000e+01	4.15942199125784e+01
1.23300000000000e+01	4.08992556976371e+01
1.23400000000000e+01	4.02149629928551e+01
1.23500000000000e+01	3.95416327278846e+01
1.23600000000000e+01	3.88809466746728e+01
1.23700000000000e+01	3.82327734284693e+01
1.23800000000000e+01	3.75978548148080e+01
1.23900000000000e+01	3.69768566484919e+01
1.24000000000000e+01	3.63693450707023e+01
1.24100000000000e+01	3.57759047468552e+01
1.24200000000000e+01	3.51955897873838e+01
1.24300000000000e+01	3.46283490667646e+01
1.24400000000000e+01	3.40734814052112e+01
1.24500000000000e+01	3.35299021354813e+01
1.24600000000000e+01	3.29969285294410e+01
1.24700000000000e+01	3.24734917014586e+01
1.24800000000000e+01	3.19589175657599e+01
1.24900000000000e+01	3.14523262880152e+01
1.25000000000000e+01	3.09528579262900e+01
1.25100000000000e+01	3.04601337881531e+01
1.25200000000000e+01	2.99737896641101e+01
1.25300000000000e+01	2.94939512765822e+01
1.25400000000000e+01	2.90204924140411e+01
1.25500000000000e+01	2.85542663770747e+01
1.25600000000000e+01	2.80951956633668e+01
1.25700000000000e+01	2.76445469868752e+01
1.25800000000000e+01	2.72029559188394e+01
1.25900000000000e+01	2.67709029997566e+01
1.26000000000000e+01	2.63491090429169e+01
1.26100000000000e+01	2.59379191994494e+01
1.26200000000000e+01	2.55379520049639e+01
1.26300000000000e+01	2.51492814208585e+01
1.26400000000000e+01	2.47715112156214e+01
1.26500000000000e+01	2.44046088953417e+01
1.26600000000000e+01	2.40481018919263e+01
1.26700000000000e+01	2.37014614948085e+01
1.26800000000000e+01	2.33642539346940e+01
1.26900000000000e+01	2.30353762944990e+01
1.27000000000000e+01	2.27146239347621e+01
1.27100000000000e+01	2.24009804665869e+01
1.27200000000000e+01	2.20941337796991e+01
1.27300000000000e+01	2.17932868399936e+01
1.27400000000000e+01	2.14979717439161e+01
1.27500000000000e+01	2.12077686458384e+01
1.27600000000000e+01	2.09220534945604e+01
1.27700000000000e+01	2.06405552088543e+01
1.27800000000000e+01	2.03626798683470e+01
1.27900000000000e+01	2.00881465119955e+01
1.28000000000000e+01	1.98166262130404e+01
1.28100000000000e+01	1.95478075479537e+01
1.28200000000000e+01	1.92817567979741e+01
1.28300000000000e+01	1.90182655166077e+01
1.28400000000000e+01	1.87573359095548e+01
1.28500000000000e+01	1.84991076807093e+01
1.28600000000000e+01	1.82436960581280e+01
1.28700000000000e+01	1.79915802683550e+01
1.28800000000000e+01	1.77431151939351e+01
1.28900000000000e+01	1.74984793774011e+01
1.29000000000000e+01	1.72582191059140e+01
1.29100000000000e+01	1.70224057038293e+01
1.29200000000000e+01	1.67915970826321e+01
1.29300000000000e+01	1.65659187377930e+01
1.29400000000000e+01	1.63454692140896e+01
1.29500000000000e+01	1.61302085187457e+01
1.29600000000000e+01	1.59202895261433e+01
1.29700000000000e+01	1.57154468716184e+01
1.29800000000000e+01	1.55153889999054e+01
1.29900000000000e+01	1.53198446080107e+01
1.30000000000000e+01	1.51285557972125e+01
1.30100000000000e+01	1.49409734702477e+01
1.30200000000000e+01	1.47567190014007e+01
1.30300000000000e+01	1.45754271308237e+01
1.30400000000000e+01	1.43966760270555e+01
1.30500000000000e+01	1.42201074973271e+01
1.30600000000000e+01	1.40453484836240e+01
1.30700000000000e+01	1.38723603434335e+01
1.30800000000000e+01	1.37008145416583e+01
1.30900000000000e+01	1.35307782400519e+01
1.31000000000000e+01	1.33621361156850e+01
1.31100000000000e+01	1.31951454661287e+01
1.31200000000000e+01	1.30296380414771e+01
1.31300000000000e+01	1.28660051315568e+01
1.31400000000000e+01	1.27042809273288e+01
1.31500000000000e+01	1.25445755587740e+01
1.31600000000000e+01	1.23869451669465e+01
1.31700000000000e+01	1.22315242736555e+01
1.31800000000000e+01	1.20782979699789e+01
1.31900000000000e+01	1.19271833389466e+01
1.32000000000000e+01	1.17780560815930e+01
1.32100000000000e+01	1.16309756870119e+01
1.32200000000000e+01	1.14857780706155e+01
1.32300000000000e+01	1.13424099853823e+01
1.32400000000000e+01	1.12006993418507e+01
1.32500000000000e+01	1.10605777616654e+01
1.32600000000000e+01	1.09221155551492e+01
1.32700000000000e+01	1.07850286270678e+01
1.32800000000000e+01	1.06495039696096e+01
1.32900000000000e+01	1.05153769521934e+01
1.33000000000000e+01	1.03825444057734e+01
1.33100000000000e+01	1.02511425710950e+01
1.33200000000000e+01	1.01208797323563e+01
1.33300000000000e+01	9.99200224406238e+00
1.33400000000000e+01	9.86440535343689e+00
1.33500000000000e+01	9.73807295655379e+00
1.33600000000000e+01	9.61314712215917e+00
1.33700000000000e+01	9.48970109168258e+00
1.33800000000000e+01	9.36773674960502e+00
1.33900000000000e+01	9.24747245864480e+00
1.34000000000000e+01	9.12890841041157e+00
1.34100000000000e+01	9.01215440821558e+00
1.34200000000000e+01	8.89735345791054e+00
1.34300000000000e+01	8.78443856041854e+00
1.34400000000000e+01	8.67349242811635e+00
1.34500000000000e+01	8.56446294715944e+00
1.34600000000000e+01	8.45734548409156e+00
1.34700000000000e+01	8.35203887720017e+00
1.34800000000000e+01	8.24853858379575e+00
1.34900000000000e+01	8.14676588778811e+00
1.35000000000000e+01	8.04656502247939e+00
1.35100000000000e+01	7.94787336860288e+00
1.35200000000000e+01	7.85061691867818e+00
1.35300000000000e+01	7.75468362114499e+00
1.35400000000000e+01	7.65996029670125e+00
1.35500000000000e+01	7.56635887037983e+00
1.35600000000000e+01	7.47389955643596e+00
1.35700000000000e+01	7.38245323771069e+00
1.35800000000000e+01	7.29205345185426e+00
1.35900000000000e+01	7.20258890724294e+00
1.36000000000000e+01	7.11413782946246e+00
1.36100000000000e+01	7.02674376955094e+00
1.36200000000000e+01	6.94047821230217e+00
1.36300000000000e+01	6.85533871882902e+00
1.36400000000000e+01	6.77148885512432e+00
1.36500000000000e+01	6.68904807790877e+00
1.36600000000000e+01	6.60803757584978e+00
1.36700000000000e+01	6.52859782023105e+00
1.36800000000000e+01	6.45082293860215e+00
1.36900000000000e+01	6.37475511919240e+00
1.37000000000000e+01	6.30049784411944e+00
1.37100000000000e+01	6.22805487589877e+00
1.37200000000000e+01	6.15739178724088e+00
1.37300000000000e+01	6.08854034789705e+00
1.37400000000000e+01	6.02135414721365e+00
1.37500000000000e+01	5.95581653749856e+00
1.37600000000000e+01	5.89183872164115e+00
1.37700000000000e+01	5.82922092139372e+00
1.37800000000000e+01	5.76790985030460e+00
1.37900000000000e+01	5.70779142034970e+00
1.38000000000000e+01	5.64876804044915e+00
1.38100000000000e+01	5.59074518915700e+00
1.38200000000000e+01	5.53358132572769e+00
1.38300000000000e+01	5.47725489092503e+00
1.38400000000000e+01	5.42171335326693e+00
1.38500000000000e+01	5.36687055421765e+00
1.38600000000000e+01	5.31271255241408e+00
1.38700000000000e+01	5.25917384792584e+00
1.38800000000000e+01	5.20621992112342e+00
1.38900000000000e+01	5.15385781246368e+00
1.39000000000000e+01	5.10198886600675e+00
1.39100000000000e+01	5.05055620014326e+00
1.39200000000000e+01	4.99960167329376e+00
1.39300000000000e+01	4.94902121123378e+00
1.39400000000000e+01	4.89884843124855e+00
1.39500000000000e+01	4.84899872107586e+00
1.39600000000000e+01	4.79948874282133e+00
1.39700000000000e+01	4.75032752105438e+00
1.39800000000000e+01	4.70150529179841e+00
1.39900000000000e+01	4.65304870923388e+00
1.40000000000000e+01	4.60499543260071e+00
1.40100000000000e+01	4.55731685216747e+00
1.40200000000000e+01	4.51009532698644e+00
1.40300000000000e+01	4.46338470767872e+00
1.40400000000000e+01	4.41715773024432e+00
1.40500000000000e+01	4.37154506748714e+00
1.40600000000000e+01	4.32644136721677e+00
1.40700000000000e+01	4.28200440344474e+00
1.40800000000000e+01	4.23820780038489e+00
1.40900000000000e+01	4.19503374235366e+00
1.41000000000000e+01	4.15251383290457e+00
1.41100000000000e+01	4.11063762781014e+00
1.41200000000000e+01	4.06943124108374e+00
1.41300000000000e+01	4.02885488461971e+00
1.41400000000000e+01	3.98889658962770e+00
1.41500000000000e+01	3.94956318473623e+00
1.41600000000000e+01	3.91079088358388e+00
1.41700000000000e+01	3.87256500881275e+00
1.41800000000000e+01	3.83488875086620e+00
1.41900000000000e+01	3.79768065843530e+00
1.42000000000000e+01	3.76097858257378e+00
1.42100000000000e+01	3.72471221776902e+00
1.42200000000000e+01	3.68884306497198e+00
1.42300000000000e+01	3.65339545348140e+00
1.42400000000000e+01	3.61831493844828e+00
1.42500000000000e+01	3.58357495800894e+00
1.42600000000000e+01	3.54918299345535e+00
1.42700000000000e+01	3.51513672009716e+00
1.42800000000000e+01	3.48140191988404e+00
1.42900000000000e+01	3.44794897767865e+00
1.43000000000000e+01	3.41480304430208e+00
1.43100000000000e+01	3.38190561283036e+00
1.43200000000000e+01	3.34925738767939e+00
1.43300000000000e+01	3.31685815517082e+00
1.43400000000000e+01	3.28468334205402e+00
1.43500000000000e+01	3.25273586442844e+00
1.43600000000000e+01	3.22102022731508e+00
1.43700000000000e+01	3.18948912847446e+00
1.43800000000000e+01	3.15817826765802e+00
1.43900000000000e+01	3.12711027067219e+00
1.44000000000000e+01	3.09628625792464e+00
1.44100000000000e+01	3.06572946880276e+00
1.44200000000000e+01	3.03548502682209e+00
1.44300000000000e+01	3.00553746181212e+00
1.44400000000000e+01	2.97597296923531e+00
1.44500000000000e+01	2.94676577464727e+00
1.44600000000000e+01	2.91796680698420e+00
1.44700000000000e+01	2.88958999103264e+00
1.44800000000000e+01	2.86162020496759e+00
1.44900000000000e+01	2.83406869644923e+00
1.45000000000000e+01	2.80690740548527e+00
1.45100000000000e+01	2.78016538910438e+00
1.45200000000000e+01	2.75375945454778e+00
1.45300000000000e+01	2.72768657129364e+00
1.45400000000000e+01	2.70193469312206e+00
1.45500000000000e+01	2.67647386704294e+00
1.45600000000000e+01	2.65122669185263e+00
1.45700000000000e+01	2.62620738331897e+00
1.45800000000000e+01	2.60138704220795e+00
1.45900000000000e+01	2.57672900971673e+00
1.46000000000000e+01	2.55222361549868e+00
1.46100000000000e+01	2.52787928479214e+00
1.46200000000000e+01	2.50367946979397e+00
1.46300000000000e+01	2.47964676357172e+00
1.46400000000000e+01	2.45579536689873e+00
1.46500000000000e+01	2.43213142048403e+00
1.46600000000000e+01	2.40868075234787e+00
1.46700000000000e+01	2.38544460079746e+00
1.46800000000000e+01	2.36247803224985e+00
1.46900000000000e+01	2.33979347042806e+00
1.47000000000000e+01	2.31738055179044e+00
1.47100000000000e+01	2.29527568039228e+00
1.47200000000000e+01	2.27346073273722e+00
1.47300000000000e+01	2.25195687538658e+00
1.47400000000000e+01	2.23073904671936e+00
1.47500000000000e+01	2.20979686579646e+00
1.47600000000000e+01	2.18907269766405e+00
1.47700000000000e+01	2.16860631220283e+00
1.47800000000000e+01	2.14833380281128e+00
1.47900000000000e+01	2.12823371390104e+00
1.48000000000000e+01	2.10829914816918e+00
1.48100000000000e+01	2.08850213357231e+00
1.48200000000000e+01	2.06884686954998e+00
1.48300000000000e+01	2.04935688709476e+00
1.48400000000000e+01	2.02997463496875e+00
1.48500000000000e+01	2.01076666926862e+00
1.48600000000000e+01	1.99171067209032e+00
1.48700000000000e+01	1.97285067951441e+00
1.48800000000000e+01	1.95416798283009e+00
1.48900000000000e+01	1.93567811148152e+00
1.49000000000000e+01	1.91740539775335e+00
1.49100000000000e+01	1.89931723258532e+00
1.49200000000000e+01	1.88144330769348e+00
1.49300000000000e+01	1.86377213967067e+00
1.49400000000000e+01	1.84628930251215e+00
1.49500000000000e+01	1.82898519663739e+00
1.49600000000000e+01	1.81188722118253e+00
1.49700000000000e+01	1.79494771963796e+00
1.49800000000000e+01	1.77819863991942e+00
1.49900000000000e+01	1.76161292064564e+00
1.50000000000000e+01	1.74522174400125e+00
1.50100000000000e+01	1.72900106332108e+00
1.50200000000000e+01	1.71297070232552e+00
1.50300000000000e+01	1.69712749747137e+00
1.50400000000000e+01	1.68146172738041e+00
1.50500000000000e+01	1.66599069787365e+00
1.50600000000000e+01	1.65068873522858e+00
1.50700000000000e+01	1.63557289235663e+00
1.50800000000000e+01	1.62062415352133e+00
1.50900000000000e+01	1.60584829039888e+00
1.51000000000000e+01	1.59121303044455e+00
1.51100000000000e+01	1.57674293155167e+00
1.51200000000000e+01	1.56241062014046e+00
1.51300000000000e+01	1.54821566234290e+00
1.51400000000000e+01	1.53414920086911e+00
1.51500000000000e+01	1.52023435903741e+00
1.51600000000000e+01	1.50645366647731e+00
1.51700000000000e+01	1.49281848252283e+00
1.51800000000000e+01	1.47932511068266e+00
1.51900000000000e+01	1.46598600533258e+00
1.52000000000000e+01	1.45278018053891e+00
1.52100000000000e+01	1.43975111412783e+00
1.52200000000000e+01	1.42686303286894e+00
1.52300000000000e+01	1.41413098955040e+00
1.52400000000000e+01	1.40156412619677e+00
1.52500000000000e+01	1.38912683479709e+00
1.52600000000000e+01	1.37684170231739e+00
1.52700000000000e+01	1.36468436458545e+00
1.52800000000000e+01	1.35265988326443e+00
1.52900000000000e+01	1.34075799755877e+00
1.53000000000000e+01	1.32897696302619e+00
1.53100000000000e+01	1.31729283533832e+00
1.53200000000000e+01	1.30571953209337e+00
1.53300000000000e+01	1.29425859902188e+00
1.53400000000000e+01	1.28287259734411e+00
1.53500000000000e+01	1.27159044488883e+00
1.53600000000000e+01	1.26039485968572e+00
1.53700000000000e+01	1.24929056641238e+00
1.53800000000000e+01	1.23826129504997e+00
1.53900000000000e+01	1.22730086894939e+00
1.54000000000000e+01	1.21642933501940e+00
1.54100000000000e+01	1.20562494086615e+00
1.54200000000000e+01	1.19489435811806e+00
1.54300000000000e+01	1.18426229612712e+00
1.54400000000000e+01	1.17370332489723e+00
1.54500000000000e+01	1.16323041377390e+00
1.54600000000000e+01	1.15286009466342e+00
1.54700000000000e+01	1.14259918513316e+00
1.54800000000000e+01	1.13244693836152e+00
1.54900000000000e+01	1.12241703669649e+00
1.55000000000000e+01	1.11251774693317e+00
1.55100000000000e+01	1.10274148225384e+00
1.55200000000000e+01	1.09309526162586e+00
1.55300000000000e+01	1.08358954594367e+00
1.55400000000000e+01	1.07420529169666e+00
1.55500000000000e+01	1.06493844705533e+00
1.55600000000000e+01	1.05579952378732e+00
1.55700000000000e+01	1.04677060631921e+00
1.55800000000000e+01	1.03785282875374e+00
1.55900000000000e+01	1.02902966757289e+00
1.56000000000000e+01	1.02029948342546e+00
1.56100000000000e+01	1.01165513052566e+00
1.56200000000000e+01	1.00310180170658e+00
1.56300000000000e+01	9.94619414358831e-01
1.56400000000000e+01	9.86221534980745e-01
1.56500000000000e+01	9.77894531903750e-01
1.56600000000000e+01	9.69651839117099e-01
1.56700000000000e+01	9.61470537458709e-01
1.56800000000000e+01	9.53369505379719e-01
1.56900000000000e+01	9.45351991612300e-01
1.57000000000000e+01	9.37404451881092e-01
1.57100000000000e+01	9.29535473429351e-01
1.57200000000000e+01	9.21735030261439e-01
1.57300000000000e+01	9.14023830718317e-01
1.57400000000000e+01	9.06382410531063e-01
1.57500000000000e+01	8.98820178119200e-01
1.57600000000000e+01	8.91333660779411e-01
1.57700000000000e+01	8.83917779637396e-01
1.57800000000000e+01	8.76583193444576e-01
1.57900000000000e+01	8.69307565010613e-01
1.58000000000000e+01	8.62098395285993e-01
1.58100000000000e+01	8.54946244160816e-01
1.58200000000000e+01	8.47853968056994e-01
1.58300000000000e+01	8.40809438896510e-01
1.58400000000000e+01	8.33821102060177e-01
1.58500000000000e+01	8.26884096221978e-01
1.58600000000000e+01	8.19995413291335e-01
1.58700000000000e+01	8.13147350177497e-01
1.58800000000000e+01	8.06348552495718e-01
1.58900000000000e+01	7.99594640672844e-01
1.59000000000000e+01	7.92890871008094e-01
1.59100000000000e+01	7.86229812377326e-01
1.59200000000000e+01	7.79623039834754e-01
1.59300000000000e+01	7.73060062448930e-01
1.59400000000000e+01	7.66541583696995e-01
1.59500000000000e+01	7.60083620922655e-01
1.59600000000000e+01	7.53674284942994e-01
1.59700000000000e+01	7.47323011023816e-01
1.59800000000000e+01	7.41031390200798e-01
1.59900000000000e+01	7.34804977175579e-01
1.60000000000000e+01	7.28646097324093e-01
1.60100000000000e+01	7.22556621327737e-01
1.60200000000000e+01	7.16539504940892e-01
1.60300000000000e+01	7.10585926967903e-01
1.60400000000000e+01	7.04718584597460e-01
1.60500000000000e+01	6.98915326581089e-01
1.60600000000000e+01	6.93187114122542e-01
1.60700000000000e+01	6.87536129573072e-01
1.60800000000000e+01	6.81949179445214e-01
1.60900000000000e+01	6.76432735433732e-01
1.61000000000000e+01	6.70976701889730e-01
1.61100000000000e+01	6.65590216794621e-01
1.61200000000000e+01	6.60257931337544e-01
1.61300000000000e+01	6.54985075579830e-01
1.61400000000000e+01	6.49766165248415e-01
1.61500000000000e+01	6.44590803853636e-01
1.61600000000000e+01	6.39462150881333e-01
1.61700000000000e+01	6.34374609038794e-01
1.61800000000000e+01	6.29326666648030e-01
1.61900000000000e+01	6.24314654737678e-01
1.62000000000000e+01	6.19335108154744e-01
1.62100000000000e+01	6.14392273267371e-01
1.62200000000000e+01	6.09486369038722e-01
1.62300000000000e+01	6.04611174503608e-01
1.62400000000000e+01	5.99772727780199e-01
1.62500000000000e+01	5.94972936967302e-01
1.62600000000000e+01	5.90199803756923e-01
1.62700000000000e+01	5.85463520242584e-01
1.62800000000000e+01	5.80760624278553e-01
1.62900000000000e+01	5.76078481362390e-01
1.63000000000000e+01	5.71417006077944e-01
1.63100000000000e+01	5.66770794104414e-01
1.63200000000000e+01	5.62143412212072e-01
1.63300000000000e+01	5.57528315758535e-01
1.63400000000000e+01	5.52925337758814e-01
1.63500000000000e+01	5.48335762817082e-01
1.63600000000000e+01	5.43765254847639e-01
1.63700000000000e+01	5.39221245391273e-01
1.63800000000000e+01	5.34707148473639e-01
1.63900000000000e+01	5.30229886351934e-01
1.64000000000000e+01	5.25791209855244e-01
1.64100000000000e+01	5.21397594280502e-01
1.64200000000000e+01	5.17050441047623e-01
1.64300000000000e+01	5.12742249544280e-01
1.64400000000000e+01	5.08481755246403e-01
1.64500000000000e+01	5.04256419155883e-01
1.64600000000000e+01	5.00059825390670e-01
1.64700000000000e+01	4.95896647560964e-01
1.64800000000000e+01	4.91751422634973e-01
1.64900000000000e+01	4.87632318673929e-01
1.65000000000000e+01	4.83531263413391e-01
1.65100000000000e+01	4.79454176177024e-01
1.65200000000000e+01	4.75390710608125e-01
1.65300000000000e+01	4.71350719688802e-01
1.65400000000000e+01	4.67339835546728e-01
1.65500000000000e+01	4.63362094276386e-01
1.65600000000000e+01	4.59418166579665e-01
1.65700000000000e+01	4.55518076532001e-01
1.65800000000000e+01	4.51656807880022e-01
1.65900000000000e+01	4.47848227348868e-01
1.66000000000000e+01	4.44088713663891e-01
1.66100000000000e+01	4.40387413116424e-01
1.66200000000000e+01	4.36735693550076e-01
1.66300000000000e+01	4.33148042144132e-01
1.66400000000000e+01	4.29618966618122e-01
1.66500000000000e+01	4.26155097444774e-01
1.66600000000000e+01	4.22746204033319e-01
1.66700000000000e+01	4.19407408994496e-01
1.66800000000000e+01	4.16123765086341e-01
1.66900000000000e+01	4.12905508907167e-01
1.67000000000000e+01	4.09748363364185e-01
1.67100000000000e+01	4.06643764021224e-01
1.67200000000000e+01	4.03597508754780e-01
1.67300000000000e+01	4.00601377963014e-01
1.67400000000000e+01	3.97649362033655e-01
1.67500000000000e+01	3.94739968330869e-01
1.67600000000000e+01	3.91867741232742e-01
1.67700000000000e+01	3.89030014980069e-01
1.67800000000000e+01	3.86225361059366e-01
1.67900000000000e+01	3.83443292989125e-01
1.68000000000000e+01	3.80687706270815e-01
1.68100000000000e+01	3.77954390219699e-01
1.68200000000000e+01	3.75239386476473e-01
1.68300000000000e+01	3.72538918688306e-01
1.68400000000000e+01	3.69853439873146e-01
1.68500000000000e+01	3.67183477843862e-01
1.68600000000000e+01	3.64525644899299e-01
1.68700000000000e+01	3.61880661070862e-01
1.68800000000000e+01	3.59247555619998e-01
1.68900000000000e+01	3.56630302373775e-01
1.69000000000000e+01	3.54027859606883e-01
1.69100000000000e+01	3.51444542407749e-01
1.69200000000000e+01	3.48876877187476e-01
1.69300000000000e+01	3.46328911890348e-01
1.69400000000000e+01	3.43802846636526e-01
1.69500000000000e+01	3.41301611313743e-01
1.69600000000000e+01	3.38823251123730e-01
1.69700000000000e+01	3.36370910531827e-01
1.69800000000000e+01	3.33942280376442e-01
1.69900000000000e+01	3.31543247235264e-01
1.70000000000000e+01	3.29166141733670e-01
1.70100000000000e+01	3.26816716317372e-01
1.70200000000000e+01	3.24483876855349e-01
1.70300000000000e+01	3.22177060524921e-01
1.70400000000000e+01	3.19885577530856e-01
1.70500000000000e+01	3.17611380081153e-01
1.70600000000000e+01	3.15349268801101e-01
1.70700000000000e+01	3.13098770199765e-01
1.70800000000000e+01	3.10858448737114e-01
1.70900000000000e+01	3.08627750067785e-01
1.71000000000000e+01	3.06406950686718e-01
1.71100000000000e+01	3.04193837124429e-01
1.71200000000000e+01	3.01988040060701e-01
1.71300000000000e+01	2.99794043350611e-01
1.71400000000000e+01	2.97611293450918e-01
1.71500000000000e+01	2.95440585205320e-01
1.71600000000000e+01	2.93282536277703e-01
1.71700000000000e+01	2.91141474009308e-01
1.71800000000000e+01	2.89015747978768e-01
1.71900000000000e+01	2.86909723493057e-01
1.72000000000000e+01	2.84822166409763e-01
1.72100000000000e+01	2.82756109136484e-01
1.72200000000000e+01	2.80713502742595e-01
1.72300000000000e+01	2.78693068310097e-01
1.72400000000000e+01	2.76695512301489e-01
1.72500000000000e+01	2.74724027329282e-01
1.72600000000000e+01	2.72777427056185e-01
1.72700000000000e+01	2.70855509070602e-01
1.72800000000000e+01	2.68956420696991e-01
1.72900000000000e+01	2.67081861022844e-01
1.73000000000000e+01	2.65228422088585e-01
1.73100000000000e+01	2.63395416514548e-01
1.73200000000000e+01	2.61581536831127e-01
1.73300000000000e+01	2.59784715465974e-01
1.73400000000000e+01	2.58003306031720e-01
1.73500000000000e+01	2.56234937122019e-01
1.73600000000000e+01	2.54478238518607e-01
1.73700000000000e+01	2.52730203566684e-01
1.73800000000000e+01	2.50991648457045e-01
1.73900000000000e+01	2.49258629835215e-01
1.74000000000000e+01	2.47531544199590e-01
1.74100000000000e+01	2.45809966312121e-01
1.74200000000000e+01	2.44092987243756e-01
1.74300000000000e+01	2.42381131378386e-01
1.74400000000000e+01	2.40673243527822e-01
1.74500000000000e+01	2.38972236025320e-01
1.74600000000000e+01	2.37276570959883e-01
1.74700000000000e+01	2.35588963952132e-01
1.74800000000000e+01	2.33910325923307e-01
1.74900000000000e+01	2.32242525432808e-01
1.75000000000000e+01	2.30586232288741e-01
1.75100000000000e+01	2.28943550374967e-01
1.75200000000000e+01	2.27314023143218e-01
1.75300000000000e+01	2.25699833378744e-01
1.75400000000000e+01	2.24101665644022e-01
1.75500000000000e+01	2.22520103859097e-01
1.75600000000000e+01	2.20955444275759e-01
1.75700000000000e+01	2.19406913167878e-01
1.75800000000000e+01	2.17873454876608e-01
1.75900000000000e+01	2.16356757988338e-01
1.76000000000000e+01	2.14853760807801e-01
1.76100000000000e+01	2.13364942079184e-01
1.76200000000000e+01	2.11889294751970e-01
1.76300000000000e+01	2.10425314105348e-01
1.76400000000000e+01	2.08974258196718e-01
1.76500000000000e+01	2.07533472898270e-01
1.76600000000000e+01	2.06103982542984e-01
1.76700000000000e+01	2.04685079731369e-01
1.76800000000000e+01	2.03277019212708e-01
1.76900000000000e+01	2.01878551763301e-01
1.77000000000000e+01	2.00491924883383e-01
1.77100000000000e+01	1.99115312231193e-01
1.77200000000000e+01	1.97749858388368e-01
1.77300000000000e+01	1.96394452374057e-01
1.77400000000000e+01	1.95051368477660e-01
1.77500000000000e+01	1.93718004778968e-01
1.77600000000000e+01	1.92396380322780e-01
1.77700000000000e+01	1.91084147503896e-01
1.77800000000000e+01	1.89781204161367e-01
1.77900000000000e+01	1.88488931134900e-01
1.78000000000000e+01	1.87205133323067e-01
1.78100000000000e+01	1.85930545955340e-01
1.78200000000000e+01	1.84665172182195e-01
1.78300000000000e+01	1.83409034499427e-01
1.78400000000000e+01	1.82161932232635e-01
1.78500000000000e+01	1.80923565362877e-01
1.78600000000000e+01	1.79694817956894e-01
1.78700000000000e+01	1.78475804551646e-01
1.78800000000000e+01	1.77266818848657e-01
1.78900000000000e+01	1.76066585606067e-01
1.79000000000000e+01	1.74876241113098e-01
1.79100000000000e+01	1.73695397594747e-01
1.79200000000000e+01	1.72523681728709e-01
1.79300000000000e+01	1.71359864736447e-01
1.79400000000000e+01	1.70205415646339e-01
1.79500000000000e+01	1.69058298793654e-01
1.79600000000000e+01	1.67918964578668e-01
1.79700000000000e+01	1.66786152646269e-01
1.79800000000000e+01	1.65660957753943e-01
1.79900000000000e+01	1.64544062860619e-01
1.80000000000000e+01	1.63432558795617e-01
1.80100000000000e+01	1.62329420274890e-01
1.80200000000000e+01	1.61232974283257e-01
1.80300000000000e+01	1.60144272391685e-01
1.80400000000000e+01	1.59063107073485e-01
1.80500000000000e+01	1.57989836740335e-01
1.80600000000000e+01	1.56923784106656e-01
1.80700000000000e+01	1.55865899248591e-01
1.80800000000000e+01	1.54815927113364e-01
1.80900000000000e+01	1.53774350960216e-01
1.81000000000000e+01	1.52739909602721e-01
1.81100000000000e+01	1.51713535450792e-01
1.81200000000000e+01	1.50695340273979e-01
1.81300000000000e+01	1.49684480382173e-01
1.81400000000000e+01	1.48682297459272e-01
1.81500000000000e+01	1.47687719130151e-01
1.81600000000000e+01	1.46700509131827e-01
1.81700000000000e+01	1.45722523305387e-01
1.81800000000000e+01	1.44752107312048e-01
1.81900000000000e+01	1.43790446952321e-01
1.82000000000000e+01	1.42837389898822e-01
1.82100000000000e+01	1.41892171332993e-01
1.82200000000000e+01	1.40955537064403e-01
1.82300000000000e+01	1.40026948856690e-01
1.82400000000000e+01	1.39105481387806e-01
1.82500000000000e+01	1.38191395247613e-01
1.82600000000000e+01	1.37284571866065e-01
1.82700000000000e+01	1.36384267092293e-01
1.82800000000000e+01	1.35489569686184e-01
1.82900000000000e+01	1.34600729458691e-01
1.83000000000000e+01	1.33717809040960e-01
1.83100000000000e+01	1.32840869012040e-01
1.83200000000000e+01	1.31968950452330e-01
1.83300000000000e+01	1.31103153994179e-01
1.83400000000000e+01	1.30242980659179e-01
1.83500000000000e+01	1.29389298501469e-01
1.83600000000000e+01	1.28542556057046e-01
1.83700000000000e+01	1.27702837603384e-01
1.83800000000000e+01	1.26869668280994e-01
1.83900000000000e+01	1.26044594042955e-01
1.84000000000000e+01	1.25225408874033e-01
1.84100000000000e+01	1.24414149988036e-01
1.84200000000000e+01	1.23609284831752e-01
1.84300000000000e+01	1.22811178114246e-01
1.84400000000000e+01	1.22018869706823e-01
1.84500000000000e+01	1.21232763006558e-01
1.84600000000000e+01	1.20452327699640e-01
1.84700000000000e+01	1.19677226031212e-01
1.84800000000000e+01	1.18906512726245e-01
1.84900000000000e+01	1.18140737181448e-01
1.85000000000000e+01	1.17379029691402e-01
1.85100000000000e+01	1.16622770105287e-01
1.85200000000000e+01	1.15870123433447e-01
1.85300000000000e+01	1.15123231894458e-01
1.85400000000000e+01	1.14381300171366e-01
1.85500000000000e+01	1.13644973453663e-01
1.85600000000000e+01	1.12914921122289e-01
1.85700000000000e+01	1.12190576392565e-01
1.85800000000000e+01	1.11472718298196e-01
1.85900000000000e+01	1.10761603850609e-01
1.86000000000000e+01	1.10056439683922e-01
1.86100000000000e+01	1.09357658124163e-01
1.86200000000000e+01	1.08664478866812e-01
1.86300000000000e+01	1.07977085716072e-01
1.86400000000000e+01	1.07295352281204e-01
1.86500000000000e+01	1.06618650316573e-01
1.86600000000000e+01	1.05946331349730e-01
1.86700000000000e+01	1.05278436975376e-01
1.86800000000000e+01	1.04614384189325e-01
1.86900000000000e+01	1.03954390611200e-01
1.87000000000000e+01	1.03298618191461e-01
1.87100000000000e+01	1.02646839603668e-01
1.87200000000000e+01	1.01998640402226e-01
1.87300000000000e+01	1.01353921521694e-01
1.87400000000000e+01	1.00714093003020e-01
1.87500000000000e+01	1.00077757242552e-01
1.87600000000000e+01	9.94452875709065e-02
1.87700000000000e+01	9.88172235073963e-02
1.87800000000000e+01	9.81935298472558e-02
1.87900000000000e+01	9.75741681653187e-02
1.88000000000000e+01	9.69586714219000e-02
1.88100000000000e+01	9.63475546993655e-02
1.88200000000000e+01	9.57401163380358e-02
1.88300000000000e+01	9.51369964065856e-02
1.88400000000000e+01	9.45380472625824e-02
1.88500000000000e+01	9.39427105197122e-02
1.88600000000000e+01	9.33516282439895e-02
1.88700000000000e+01	9.27646629383996e-02
1.88800000000000e+01	9.21813860377300e-02
1.88900000000000e+01	9.16017832892056e-02
1.89000000000000e+01	9.10269963166419e-02
1.89100000000000e+01	9.04559441402467e-02
1.89200000000000e+01	8.98887083000889e-02
1.89300000000000e+01	8.93262759759718e-02
1.89400000000000e+01	8.87675610185119e-02
1.89500000000000e+01	8.82126242515668e-02
1.89600000000000e+01	8.76619168773807e-02
1.89700000000000e+01	8.71152653487087e-02
1.89800000000000e+01	8.65722236835199e-02
1.89900000000000e+01	8.60329169026190e-02
1.90000000000000e+01	8.54969248795229e-02
1.90100000000000e+01	8.49647223550897e-02
1.90200000000000e+01	8.44359702763602e-02
1.90300000000000e+01	8.39101806239467e-02
1.90400000000000e+01	8.33879615744761e-02
1.90500000000000e+01	8.28692152024460e-02
1.90600000000000e+01	8.23534695581124e-02
1.90700000000000e+01	8.18413198537106e-02
1.90800000000000e+01	8.13322825262800e-02
1.90900000000000e+01	8.08270291139413e-02
1.91000000000000e+01	8.03251593533476e-02
1.91100000000000e+01	7.98271036493158e-02
1.91200000000000e+01	7.93328090652705e-02
1.91300000000000e+01	7.88419577262560e-02
1.91400000000000e+01	7.83548552068162e-02
1.91500000000000e+01	7.78710858366392e-02
1.91600000000000e+01	7.73908596170929e-02
1.91700000000000e+01	7.69142346648618e-02
1.91800000000000e+01	7.64405259801506e-02
1.91900000000000e+01	7.59702648514892e-02
1.92000000000000e+01	7.55028869905791e-02
1.92100000000000e+01	7.50387335240172e-02
1.92200000000000e+01	7.45778915975847e-02
1.92300000000000e+01	7.41198115185076e-02
1.92400000000000e+01	7.36646788775875e-02
1.92500000000000e+01	7.32127233211666e-02
1.92600000000000e+01	7.27640174188231e-02
1.92700000000000e+01	7.23182898259199e-02
1.92800000000000e+01	7.18757525457445e-02
1.92900000000000e+01	7.14365574932114e-02
1.93000000000000e+01	7.10001480895211e-02
1.93100000000000e+01	7.05664936453769e-02
1.93200000000000e+01	7.01364075669681e-02
1.93300000000000e+01	6.97085943179656e-02
1.93400000000000e+01	6.92842874639256e-02
1.93500000000000e+01	6.88620303677691e-02
1.93600000000000e+01	6.84432318968451e-02
1.93700000000000e+01	6.80269550139271e-02
1.93800000000000e+01	6.76130990117822e-02
1.93900000000000e+01	6.72021483198809e-02
1.94000000000000e+01	6.67939102445970e-02
1.94100000000000e+01	6.63881428266267e-02
1.94200000000000e+01	6.59852342824864e-02
1.94300000000000e+01	6.55845951936741e-02
1.94400000000000e+01	6.51867837878794e-02
1.94500000000000e+01	6.47916950470190e-02
1.94600000000000e+01	6.43985279446898e-02
1.94700000000000e+01	6.40084475766249e-02
1.94800000000000e+01	6.36207395385317e-02
1.94900000000000e+01	6.32356950767546e-02
1.95000000000000e+01	6.28529142131065e-02
1.95100000000000e+01	6.24723882214873e-02
1.95200000000000e+01	6.20949507063530e-02
1.95300000000000e+01	6.17193610989289e-02
1.95400000000000e+01	6.13469072014387e-02
1.95500000000000e+01	6.09762761054828e-02
1.95600000000000e+01	6.06087398686992e-02
1.95700000000000e+01	6.02434466251431e-02
1.95800000000000e+01	5.98805376457313e-02
1.95900000000000e+01	5.95201992744038e-02
1.96000000000000e+01	5.91621187520850e-02
1.96100000000000e+01	5.88070795264708e-02
1.96200000000000e+01	5.84538830427867e-02
1.96300000000000e+01	5.81033105591442e-02
1.96400000000000e+01	5.77551796337454e-02
1.96500000000000e+01	5.74092631570623e-02
1.96600000000000e+01	5.70653882381087e-02
1.96700000000000e+01	5.67243209907405e-02
1.96800000000000e+01	5.63849811337874e-02
1.96900000000000e+01	5.60483330341012e-02
1.97000000000000e+01	5.57127647531016e-02
1.97100000000000e+01	5.53792425860963e-02
1.97200000000000e+01	5.50472144450821e-02
1.97300000000000e+01	5.47162130442847e-02
1.97400000000000e+01	5.43842215355005e-02
1.97500000000000e+01	5.40505717609350e-02
1.97600000000000e+01	5.37109908946764e-02
1.97700000000000e+01	5.33611460026975e-02
1.97800000000000e+01	5.29929693544175e-02
1.97900000000000e+01	5.25949439008550e-02
1.98000000000000e+01	5.21495750046469e-02
1.98100000000000e+01	5.16330207948577e-02
1.98200000000000e+01	5.10130057870118e-02
1.98300000000000e+01	5.02473418387734e-02
1.98400000000000e+01	4.92836435544514e-02
1.98500000000000e+01	4.80607500711586e-02
1.98600000000000e+01	4.65101648857513e-02
1.98700000000000e+01	4.45626228498941e-02
1.98800000000000e+01	4.21530085169426e-02
1.98900000000000e+01	3.92336244967663e-02
1.99000000000000e+01	3.57826489922439e-02
1.99100000000000e+01	3.18192750597983e-02
1.99200000000000e+01	2.74137652550551e-02
1.99300000000000e+01	2.26971871217865e-02
1.99400000000000e+01	1.78609205013168e-02
1.99500000000000e+01	1.31507439940726e-02
1.99600000000000e+01	8.84388054348595e-03
1.99700000000000e+01	5.21373389771411e-03
1.99800000000000e+01	2.48209663031867e-03
1.99900000000000e+01	7.67617724840193e-04
2.00000000000000e+01	4.62938751974545e-05
