1.00000000000000e-02	3.64630497029937e+23
2.00000000000000e-02	1.45947738712805e+24
3.00000000000000e-02	3.28651581798963e+24
4.00000000000000e-02	5.85184460379023e+24
5.00000000000000e-02	9.15868344060982e+24
6.00000000000000e-02	1.32192916908496e+25
7.00000000000000e-02	1.80396229681591e+25
8.00000000000000e-02	2.36318727910376e+25
9.00000000000000e-02	3.00115383769761e+25
1.00000000000000e-01	3.71918404322443e+25
1.10000000000000e-01	4.51901450731229e+25
1.20000000000000e-01	5.40300253686599e+25
1.30000000000000e-01	6.37266405326529e+25
1.40000000000000e-01	7.42914595754787e+25
1.50000000000000e-01	8.57864369047074e+25
1.60000000000000e-01	9.81956958016322e+25
1.70000000000000e-01	1.11571791362517e+26
1.80000000000000e-01	1.25949081694819e+26
1.90000000000000e-01	1.41373587707103e+26
2.00000000000000e-01	1.57845121331363e+26
2.10000000000000e-01	1.75406308023698e+26
2.20000000000000e-01	1.94137958880059e+26
2.30000000000000e-01	2.14037027155702e+26
2.40000000000000e-01	2.35169616293338e+26
2.50000000000000e-01	2.57574018791719e+26
2.60000000000000e-01	2.81358674928527e+26
2.70000000000000e-01	3.06502343985152e+26
2.80000000000000e-01	3.33069375232398e+26
2.90000000000000e-01	3.61165460860018e+26
3.00000000000000e-01	3.90825067235775e+26
3.10000000000000e-01	4.22177530635903e+26
3.20000000000000e-01	4.55185028057575e+26
3.30000000000000e-01	4.89956455426325e+26
3.40000000000000e-01	5.26653607849211e+26
3.50000000000000e-01	5.65236514678963e+26
3.60000000000000e-01	6.05834735049563e+26
3.70000000000000e-01	6.48546071853839e+26
3.80000000000000e-01	6.93496926836222e+26
3.90000000000000e-01	7.40835818155122e+26
4.00000000000000e-01	7.90419632428765e+26
4.10000000000000e-01	8.42659444243162e+26
4.20000000000000e-01	8.97442877041066e+26
4.30000000000000e-01	9.55056278896247e+26
4.40000000000000e-01	1.01544352803696e+27
4.50000000000000e-01	1.07894068229089e+27
4.60000000000000e-01	1.14547401759728e+27
4.70000000000000e-01	1.21531148901935e+27
4.80000000000000e-01	1.28858130194157e+27
4.90000000000000e-01	1.36533159663701e+27
5.00000000000000e-01	1.44599864882005e+27
5.10000000000000e-01	1.53045349733387e+27
5.20000000000000e-01	1.61903114061262e+27
5.30000000000000e-01	1.71181090609472e+27
5.40000000000000e-01	1.80910360682582e+27
5.50000000000000e-01	1.91092296188029e+27
5.60000000000000e-01	2.01769218793421e+27
5.70000000000000e-01	2.12935124737071e+27
5.80000000000000e-01	2.24650807504176e+27
5.90000000000000e-01	2.36903078682395e+27
6.00000000000000e-01	2.49762964725685e+27
6.10000000000000e-01	2.63195390040336e+27
6.20000000000000e-01	2.77259091663002e+27
6.30000000000000e-01	2.91995897950432e+27
6.40000000000000e-01	3.07392286132575e+27
6.50000000000000e-01	3.23531654851318e+27
6.60000000000000e-01	3.40382273730791e+27
6.70000000000000e-01	3.58036402706171e+27
6.80000000000000e-01	3.76526823895689e+27
6.90000000000000e-01	3.95833858173231e+27
7.00000000000000e-01	4.16012547434584e+27
7.10000000000000e-01	4.37147129371953e+27
7.20000000000000e-01	4.59213929494339e+27
7.30000000000000e-01	4.82313869030374e+27
7.40000000000000e-01	5.06438167622276e+27
7.50000000000000e-01	5.31692707315341e+27
7.60000000000000e-01	5.58008408842388e+27
7.70000000000000e-01	5.85635664309693e+27
7.80000000000000e-01	6.14421413683655e+27
7.90000000000000e-01	6.44507483401979e+27
8.00000000000000e-01	6.75889982060745e+27
8.10000000000000e-01	7.08792495528175e+27
8.20000000000000e-01	7.43067150913452e+27
8.30000000000000e-01	7.78913662127523e+27
8.40000000000000e-01	8.16349826611968e+27
8.50000000000000e-01	8.55452125168092e+27
8.60000000000000e-01	8.96261269838989e+27
8.70000000000000e-01	9.38914009243004e+27
8.80000000000000e-01	9.83408775282495e+27
8.90000000000000e-01	1.02986972974602e+28
9.00000000000000e-01	1.07838243285263e+28
9.10000000000000e-01	1.12907193990400e+28
9.20000000000000e-01	1.18194105812920e+28
9.30000000000000e-01	1.23710821635154e+28
9.40000000000000e-01	1.29468315014905e+28
9.50000000000000e-01	1.35479364720183e+28
9.60000000000000e-01	1.41752115549160e+28
9.70000000000000e-01	1.48296264742000e+28
9.80000000000000e-01	1.55127281658155e+28
9.90000000000000e-01	1.62247522359837e+28
1.00000000000000e+00	1.69685613794242e+28
1.01000000000000e+00	1.77436017486246e+28
1.02000000000000e+00	1.85533626932739e+28
1.03000000000000e+00	1.93972588610888e+28
1.04000000000000e+00	2.02775930538430e+28
1.05000000000000e+00	2.11964942826910e+28
1.06000000000000e+00	2.21545833507952e+28
1.07000000000000e+00	2.31534920659349e+28
1.08000000000000e+00	2.41959520077571e+28
1.09000000000000e+00	2.52831538737549e+28
1.10000000000000e+00	2.64151518306990e+28
1.11000000000000e+00	2.75966997611412e+28
1.12000000000000e+00	2.88303263560321e+28
1.13000000000000e+00	3.01154875476475e+28
1.14000000000000e+00	3.14568087138727e+28
1.15000000000000e+00	3.28540353991635e+28
1.16000000000000e+00	3.43114480907632e+28
1.17000000000000e+00	3.58308058260997e+28
1.18000000000000e+00	3.74157555230296e+28
1.19000000000000e+00	3.90677651895099e+28
1.20000000000000e+00	4.07896918080751e+28
1.21000000000000e+00	4.25858828373298e+28
1.22000000000000e+00	4.44592918200410e+28
1.23000000000000e+00	4.64110810240610e+28
1.24000000000000e+00	4.84486405393771e+28
1.25000000000000e+00	5.05704839145482e+28
1.26000000000000e+00	5.27843811010487e+28
1.27000000000000e+00	5.50922314556891e+28
1.28000000000000e+00	5.74999773194250e+28
1.29000000000000e+00	6.00081990734771e+28
1.30000000000000e+00	6.26251673411814e+28
1.31000000000000e+00	6.53529149600786e+28
1.32000000000000e+00	6.81968056320118e+28
1.33000000000000e+00	7.11642359441470e+28
1.34000000000000e+00	7.42582534109802e+28
1.35000000000000e+00	7.74839693906548e+28
1.36000000000000e+00	8.08507546839942e+28
1.37000000000000e+00	8.43599984576914e+28
1.38000000000000e+00	8.80193136050689e+28
1.39000000000000e+00	9.18388312224154e+28
1.40000000000000e+00	9.58214206509720e+28
1.41000000000000e+00	9.99730753029009e+28
1.42000000000000e+00	1.04309041680006e+29
1.43000000000000e+00	1.08828524746564e+29
1.44000000000000e+00	1.13548149173600e+29
1.45000000000000e+00	1.18468028475550e+29
1.46000000000000e+00	1.23601905144590e+29
1.47000000000000e+00	1.28963004965222e+29
1.48000000000000e+00	1.34557577563806e+29
1.49000000000000e+00	1.40394973000338e+29
1.50000000000000e+00	1.46485640715737e+29
1.51000000000000e+00	1.52847650026900e+29
1.52000000000000e+00	1.59490376445067e+29
1.53000000000000e+00	1.66421272177734e+29
1.54000000000000e+00	1.73662730982008e+29
1.55000000000000e+00	1.81223410373651e+29
1.56000000000000e+00	1.89119549074169e+29
1.57000000000000e+00	1.97368495201739e+29
1.58000000000000e+00	2.05984369983358e+29
1.59000000000000e+00	2.14990774143965e+29
1.60000000000000e+00	2.24405345930061e+29
1.61000000000000e+00	2.34252567407950e+29
1.62000000000000e+00	2.44556835359176e+29
1.63000000000000e+00	2.55345926761046e+29
1.64000000000000e+00	2.66677830139655e+29
1.65000000000000e+00	2.78547298655254e+29
1.66000000000000e+00	2.91043406339130e+29
1.67000000000000e+00	3.04183905024809e+29
1.68000000000000e+00	3.18072376187606e+29
1.69000000000000e+00	3.32737987895849e+29
1.70000000000000e+00	3.48286165062760e+29
1.71000000000000e+00	3.64736318633201e+29
1.72000000000000e+00	3.82168858245074e+29
1.73000000000000e+00	4.00637857741533e+29
1.74000000000000e+00	4.20134171728714e+29
1.75000000000000e+00	4.40641235803255e+29
1.76000000000000e+00	4.61988910663575e+29
1.77000000000000e+00	4.84034682848942e+29
1.78000000000000e+00	5.06462971469363e+29
1.79000000000000e+00	5.28862046060418e+29
1.80000000000000e+00	5.50667440344185e+29
1.81000000000000e+00	5.71310632034320e+29
1.82000000000000e+00	5.90146266347009e+29
1.83000000000000e+00	6.06354094029804e+29
1.84000000000000e+00	6.19347046310425e+29
1.85000000000000e+00	6.28580613812993e+29
1.86000000000000e+00	6.33700395154350e+29
1.87000000000000e+00	6.34633268734425e+29
1.88000000000000e+00	6.31712991462725e+29
1.89000000000000e+00	6.25638321789004e+29
1.90000000000000e+00	6.17655665415271e+29
1.91000000000000e+00	6.09455181041772e+29
1.92000000000000e+00	6.03291229031303e+29
1.93000000000000e+00	6.01789084445086e+29
1.94000000000000e+00	6.08024770407496e+29
1.95000000000000e+00	6.25406015448087e+29
1.96000000000000e+00	6.57729772024497e+29
1.97000000000000e+00	7.09097636501316e+29
1.98000000000000e+00	7.83879202775445e+29
1.99000000000000e+00	8.86926455339222e+29
2.00000000000000e+00	1.02349582686159e+30
2.01000000000000e+00	1.19939017231041e+30
2.02000000000000e+00	1.42102801695792e+30
2.03000000000000e+00	1.69536826574191e+30
2.04000000000000e+00	2.02982807929877e+30
2.05000000000000e+00	2.43208614458308e+30
2.06000000000000e+00	2.90977695690949e+30
2.07000000000000e+00	3.46993098186656e+30
2.08000000000000e+00	4.11885852465633e+30
2.09000000000000e+00	4.86124761998426e+30
2.10000000000000e+00	5.70020087225758e+30
2.11000000000000e+00	6.63622110058615e+30
2.12000000000000e+00	7.66768356666335e+30
2.13000000000000e+00	8.79061108905759e+30
2.14000000000000e+00	9.99887118399710e+30
2.15000000000000e+00	1.12854714833054e+31
2.16000000000000e+00	1.26429247271574e+31
2.17000000000000e+00	1.40651879223294e+31
2.18000000000000e+00	1.55465042746411e+31
2.19000000000000e+00	1.70869464166566e+31
2.20000000000000e+00	1.86896010500387e+31
2.21000000000000e+00	2.03634767024814e+31
2.22000000000000e+00	2.21231521459563e+31
2.23000000000000e+00	2.39888433561102e+31
2.24000000000000e+00	2.59812063859064e+31
2.25000000000000e+00	2.81167644115105e+31
2.26000000000000e+00	3.03998205463981e+31
2.27000000000000e+00	3.28144727448412e+31
2.28000000000000e+00	3.53184075188655e+31
2.29000000000000e+00	3.78407440821608e+31
2.30000000000000e+00	4.02936866397671e+31
2.31000000000000e+00	4.25883998751510e+31
2.32000000000000e+00	4.46545050076018e+31
2.33000000000000e+00	4.64424519431148e+31
2.34000000000000e+00	4.79127016578299e+31
2.35000000000000e+00	4.90083460267194e+31
2.36000000000000e+00	4.96389820321384e+31
2.37000000000000e+00	4.96697829696341e+31
2.38000000000000e+00	4.89334089185884e+31
2.39000000000000e+00	4.72553273704732e+31
2.40000000000000e+00	4.45013134192143e+31
2.41000000000000e+00	4.06479435632192e+31
2.42000000000000e+00	3.58520300694845e+31
2.43000000000000e+00	3.04792052465784e+31
2.44000000000000e+00	2.50511799371387e+31
2.45000000000000e+00	2.01113764399700e+31
2.46000000000000e+00	1.60765242201721e+31
2.47000000000000e+00	1.31634609578119e+31
2.48000000000000e+00	1.14046903411194e+31
2.49000000000000e+00	1.07155463331280e+31
2.50000000000000e+00	1.09634528637918e+31
2.51000000000000e+00	1.20075972578338e+31
2.52000000000000e+00	1.37094478267495e+31
2.53000000000000e+00	1.59218163970742e+31
2.54000000000000e+00	1.84811843242231e+31
2.55000000000000e+00	2.12093326134026e+31
2.56000000000000e+00	2.39351989714414e+31
2.57000000000000e+00	2.65077464401421e+31
2.58000000000000e+00	2.88072469319699e+31
2.59000000000000e+00	3.07424646720333e+31
2.60000000000000e+00	3.22446243578893e+31
2.61000000000000e+00	3.32665725537485e+31
2.62000000000000e+00	3.37820137658962e+31
2.63000000000000e+00	3.37922652376579e+31
2.64000000000000e+00	3.33321603709060e+31
2.65000000000000e+00	3.24723643510986e+31
2.66000000000000e+00	3.13180749000870e+31
2.67000000000000e+00	3.00027675732874e+31
2.68000000000000e+00	2.86720751904648e+31
2.69000000000000e+00	2.74703992585680e+31
2.70000000000000e+00	2.65288812740092e+31
2.71000000000000e+00	2.59600201910247e+31
2.72000000000000e+00	2.58593568023353e+31
2.73000000000000e+00	2.63075887896178e+31
2.74000000000000e+00	2.73774180440474e+31
2.75000000000000e+00	2.91431258021029e+31
2.76000000000000e+00	3.16920603744475e+31
2.77000000000000e+00	3.51430646806882e+31
2.78000000000000e+00	3.96611096133931e+31
2.79000000000000e+00	4.54675864686662e+31
2.80000000000000e+00	5.28377479251106e+31
2.81000000000000e+00	6.20827477791196e+31
2.82000000000000e+00	7.35180928170965e+31
2.83000000000000e+00	8.74201048282847e+31
2.84000000000000e+00	1.03987917314919e+32
2.85000000000000e+00	1.23303698445473e+32
2.86000000000000e+00	1.45317047735661e+32
2.87000000000000e+00	1.69845688282055e+32
2.88000000000000e+00	1.96586629970290e+32
2.89000000000000e+00	2.25173614798609e+32
2.90000000000000e+00	2.55261957579481e+32
2.91000000000000e+00	2.86632892047646e+32
2.92000000000000e+00	3.19264001082464e+32
2.93000000000000e+00	3.53306531728595e+32
2.94000000000000e+00	3.88941627991979e+32
2.95000000000000e+00	4.26145140393204e+32
2.96000000000000e+00	4.64422844265226e+32
2.97000000000000e+00	5.02601192924393e+32
2.98000000000000e+00	5.38801492847261e+32
2.99000000000000e+00	5.70645810762852e+32
3.00000000000000e+00	5.95693361449404e+32
3.01000000000000e+00	6.11981378381189e+32
3.02000000000000e+00	6.18345163409582e+32
3.03000000000000e+00	6.14511040043297e+32
3.04000000000000e+00	6.00911683239416e+32
3.05000000000000e+00	5.78469992695578e+32
3.06000000000000e+00	5.48397167853657e+32
3.07000000000000e+00	5.12140434609306e+32
3.08000000000000e+00	4.71301057627746e+32
3.09000000000000e+00	4.27551535319715e+32
3.10000000000000e+00	3.82532826716920e+32
3.11000000000000e+00	3.37734175654245e+32
3.12000000000000e+00	2.94394286444171e+32
3.13000000000000e+00	2.53521423810112e+32
3.14000000000000e+00	2.15901152075676e+32
3.15000000000000e+00	1.82167047716451e+32
3.16000000000000e+00	1.52797777636167e+32
3.17000000000000e+00	1.28057038267160e+32
3.18000000000000e+00	1.07937386687393e+32
3.19000000000000e+00	9.21542228775420e+31
3.20000000000000e+00	8.02456572779791e+31
3.21000000000000e+00	7.16996171307427e+31
3.22000000000000e+00	6.60373017975282e+31
3.23000000000000e+00	6.28314070189714e+31
3.24000000000000e+00	6.16797198281049e+31
3.25000000000000e+00	6.21798874257798e+31
3.26000000000000e+00	6.39304883993382e+31
3.27000000000000e+00	6.65424459517328e+31
3.28000000000000e+00	6.96573370722199e+31
3.29000000000000e+00	7.29617498976703e+31
3.30000000000000e+00	7.61852639593388e+31
3.31000000000000e+00	7.90940660897373e+31
3.32000000000000e+00	8.14891497614887e+31
3.33000000000000e+00	8.32080765541924e+31
3.34000000000000e+00	8.41399372978856e+31
3.35000000000000e+00	8.42474959438318e+31
3.36000000000000e+00	8.35621809345426e+31
3.37000000000000e+00	8.21649778383750e+31
3.38000000000000e+00	8.01351339182756e+31
3.39000000000000e+00	7.75041651886335e+31
3.40000000000000e+00	7.42366273111931e+31
3.41000000000000e+00	7.02487672609633e+31
3.42000000000000e+00	6.54691215088819e+31
3.43000000000000e+00	5.98958207900340e+31
3.44000000000000e+00	5.36373173774843e+31
3.45000000000000e+00	4.69066693023883e+31
3.46000000000000e+00	3.99912447355145e+31
3.47000000000000e+00	3.32107132252174e+31
3.48000000000000e+00	2.68760855535167e+31
3.49000000000000e+00	2.12618183755812e+31
3.50000000000000e+00	1.65753490630647e+31
3.51000000000000e+00	1.29314079542715e+31
3.52000000000000e+00	1.03435351177828e+31
3.53000000000000e+00	8.72972736749544e+30
3.54000000000000e+00	7.93878550955794e+30
3.55000000000000e+00	7.78016817718177e+30
3.56000000000000e+00	8.05312801859323e+30
3.57000000000000e+00	8.56807164177629e+30
3.58000000000000e+00	9.15998503288359e+30
3.59000000000000e+00	9.69651688418354e+30
3.60000000000000e+00	1.00821674922256e+31
3.61000000000000e+00	1.02574709036271e+31
3.62000000000000e+00	1.01994184981614e+31
3.63000000000000e+00	9.91727072400920e+30
3.64000000000000e+00	9.44516399063061e+30
3.65000000000000e+00	8.83451110293196e+30
3.66000000000000e+00	8.14520561464980e+30
3.67000000000000e+00	7.43825564009603e+30
3.68000000000000e+00	6.77314520272631e+30
3.69000000000000e+00	6.20593595830775e+30
3.70000000000000e+00	5.78904726506861e+30
3.71000000000000e+00	5.57165656363814e+30
3.72000000000000e+00	5.59882587614770e+30
3.73000000000000e+00	5.91030184991280e+30
3.74000000000000e+00	6.53822078101346e+30
3.75000000000000e+00	7.50473760993270e+30
3.76000000000000e+00	8.81818840014167e+30
3.77000000000000e+00	1.04706499657283e+31
3.78000000000000e+00	1.24371625983333e+31
3.79000000000000e+00	1.46771529497682e+31
3.80000000000000e+00	1.71380217259240e+31
3.81000000000000e+00	1.97595988839430e+31
3.82000000000000e+00	2.24756946614465e+31
3.83000000000000e+00	2.52205065828613e+31
3.84000000000000e+00	2.79297246496875e+31
3.85000000000000e+00	3.05454502792881e+31
3.86000000000000e+00	3.30155316463479e+31
3.87000000000000e+00	3.52930384558596e+31
3.88000000000000e+00	3.73384813323285e+31
3.89000000000000e+00	3.91206663583208e+31
3.90000000000000e+00	4.06237411584781e+31
3.91000000000000e+00	4.18411354088463e+31
3.92000000000000e+00	4.27777053374200e+31
3.93000000000000e+00	4.34364785023894e+31
3.94000000000000e+00	4.38197791089637e+31
3.95000000000000e+00	4.39277011175125e+31
3.96000000000000e+00	4.37655222682126e+31
3.97000000000000e+00	4.33398085317272e+31
3.98000000000000e+00	4.26673152490720e+31
3.99000000000000e+00	4.17697206273028e+31
4.00000000000000e+00	4.06766159560801e+31
4.01000000000000e+00	3.94243395007066e+31
4.02000000000000e+00	3.80537367325240e+31
4.03000000000000e+00	3.66069085522341e+31
4.04000000000000e+00	3.51215293419723e+31
4.05000000000000e+00	3.36251610668106e+31
4.06000000000000e+00	3.21318012845630e+31
4.07000000000000e+00	3.06447827082472e+31
4.08000000000000e+00	2.91584312136022e+31
4.09000000000000e+00	2.76602425813198e+31
4.10000000000000e+00	2.61372693807050e+31
4.11000000000000e+00	2.45751888452336e+31
4.12000000000000e+00	2.29628191634663e+31
4.13000000000000e+00	2.12967890590996e+31
4.14000000000000e+00	1.95845582524564e+31
4.15000000000000e+00	1.78479193012380e+31
4.16000000000000e+00	1.61220198556516e+31
4.17000000000000e+00	1.44501142073930e+31
4.18000000000000e+00	1.28775053087678e+31
4.19000000000000e+00	1.14414686586283e+31
4.20000000000000e+00	1.01673897106276e+31
4.21000000000000e+00	9.06613538215404e+30
4.22000000000000e+00	8.13453400985749e+30
4.23000000000000e+00	7.35928003408497e+30
4.24000000000000e+00	6.71872506914401e+30
4.25000000000000e+00	6.18725909119867e+30
4.26000000000000e+00	5.73632325047217e+30
4.27000000000000e+00	5.33855070947855e+30
4.28000000000000e+00	4.96948914679597e+30
4.29000000000000e+00	4.61156733063962e+30
4.30000000000000e+00	4.25617884857685e+30
4.31000000000000e+00	3.90527324410098e+30
4.32000000000000e+00	3.57114880701975e+30
4.33000000000000e+00	3.27462658432811e+30
4.34000000000000e+00	3.04167899154570e+30
4.35000000000000e+00	2.89971158023354e+30
4.36000000000000e+00	2.87318133284022e+30
4.37000000000000e+00	2.98034638102956e+30
4.38000000000000e+00	3.23150270991816e+30
4.39000000000000e+00	3.62844973180335e+30
4.40000000000000e+00	4.16596408469568e+30
4.41000000000000e+00	4.83419201127717e+30
4.42000000000000e+00	5.62182582923479e+30
4.43000000000000e+00	6.51859981813108e+30
4.44000000000000e+00	7.51647799830532e+30
4.45000000000000e+00	8.60963326068230e+30
4.46000000000000e+00	9.79385237138647e+30
4.47000000000000e+00	1.10664962653722e+31
4.48000000000000e+00	1.24278068174015e+31
4.49000000000000e+00	1.38833423404244e+31
4.50000000000000e+00	1.54455262009758e+31
4.51000000000000e+00	1.71340817738291e+31
4.52000000000000e+00	1.89754722414189e+31
4.53000000000000e+00	2.10063808316727e+31
4.54000000000000e+00	2.32755371960109e+31
4.55000000000000e+00	2.58498497158403e+31
4.56000000000000e+00	2.88204428628800e+31
4.57000000000000e+00	3.23091408607752e+31
4.58000000000000e+00	3.64704922478406e+31
4.59000000000000e+00	4.14951485933565e+31
4.60000000000000e+00	4.76064406456160e+31
4.61000000000000e+00	5.50692409393768e+31
4.62000000000000e+00	6.41876936327523e+31
4.63000000000000e+00	7.53175403079535e+31
4.64000000000000e+00	8.88758954813712e+31
4.65000000000000e+00	1.05349101750343e+32
4.66000000000000e+00	1.25302192756660e+32
4.67000000000000e+00	1.49371978957550e+32
4.68000000000000e+00	1.78253501397031e+32
4.69000000000000e+00	2.12680314332787e+32
4.70000000000000e+00	2.53350636153370e+32
4.71000000000000e+00	3.00847733557898e+32
4.72000000000000e+00	3.55492422893957e+32
4.73000000000000e+00	4.17128986157163e+32
4.74000000000000e+00	4.84889615295760e+32
4.75000000000000e+00	5.56936583295686e+32
4.76000000000000e+00	6.30269356374592e+32
4.77000000000000e+00	7.00743402435667e+32
4.78000000000000e+00	7.63318765242150e+32
4.79000000000000e+00	8.12646482168863e+32
4.80000000000000e+00	8.43913988565700e+32
4.81000000000000e+00	8.53757149565104e+32
4.82000000000000e+00	8.41028484828968e+32
4.83000000000000e+00	8.07044492354063e+32
4.84000000000000e+00	7.55292445136403e+32
4.85000000000000e+00	6.90674529822552e+32
4.86000000000000e+00	6.18550499002652e+32
4.87000000000000e+00	5.44001123560054e+32
4.88000000000000e+00	4.71362950578801e+32
4.89000000000000e+00	4.04052088606390e+32
4.90000000000000e+00	3.44541506398674e+32
4.91000000000000e+00	2.94388541530378e+32
4.92000000000000e+00	2.54267482014612e+32
4.93000000000000e+00	2.24034567296361e+32
4.94000000000000e+00	2.02844293913104e+32
4.95000000000000e+00	1.89369575033407e+32
4.96000000000000e+00	1.82027408286035e+32
4.97000000000000e+00	1.79202475276616e+32
4.98000000000000e+00	1.79441155681440e+32
4.99000000000000e+00	1.81563300530433e+32
5.00000000000000e+00	1.84718227128410e+32
5.01000000000000e+00	1.88383927583288e+32
5.02000000000000e+00	1.92271453813488e+32
5.03000000000000e+00	1.96220458320564e+32
5.04000000000000e+00	2.00076134813449e+32
5.05000000000000e+00	2.03626987968530e+32
5.06000000000000e+00	2.06565444766904e+32
5.07000000000000e+00	2.08530419709507e+32
5.08000000000000e+00	2.09168054426691e+32
5.09000000000000e+00	2.08191403631540e+32
5.10000000000000e+00	2.05417647743716e+32
5.11000000000000e+00	2.00787500963718e+32
5.12000000000000e+00	1.94344858194751e+32
5.13000000000000e+00	1.86221636440034e+32
5.14000000000000e+00	1.76624865893214e+32
5.15000000000000e+00	1.65812467765909e+32
5.16000000000000e+00	1.54075942469597e+32
5.17000000000000e+00	1.41725477730549e+32
5.18000000000000e+00	1.29063673291345e+32
5.19000000000000e+00	1.16357706183917e+32
5.20000000000000e+00	1.03831654116997e+32
5.21000000000000e+00	9.16540734055777e+31
5.22000000000000e+00	7.99497369412453e+31
5.23000000000000e+00	6.88169629399059e+31
5.24000000000000e+00	5.83460764034965e+31
5.25000000000000e+00	4.86398590164455e+31
5.26000000000000e+00	3.98189403576716e+31
5.27000000000000e+00	3.20139666711998e+31
5.28000000000000e+00	2.53501444238663e+31
5.29000000000000e+00	1.99250416076153e+31
5.30000000000000e+00	1.57889954180076e+31
5.31000000000000e+00	1.29292247033733e+31
5.32000000000000e+00	1.12651771835897e+31
5.33000000000000e+00	1.06522837833012e+31
5.34000000000000e+00	1.08951215106826e+31
5.35000000000000e+00	1.17672488325517e+31
5.36000000000000e+00	1.30319680278537e+31
5.37000000000000e+00	1.44632488334114e+31
5.38000000000000e+00	1.58621920744148e+31
5.39000000000000e+00	1.70700146687626e+31
5.40000000000000e+00	1.79788061670532e+31
5.41000000000000e+00	1.85385816289408e+31
5.42000000000000e+00	1.87611285591321e+31
5.43000000000000e+00	1.87192372950664e+31
5.44000000000000e+00	1.85405545865564e+31
5.45000000000000e+00	1.83935911997918e+31
5.46000000000000e+00	1.84689121382554e+31
5.47000000000000e+00	1.89564251894497e+31
5.48000000000000e+00	2.00214027635790e+31
5.49000000000000e+00	2.17838149616545e+31
5.50000000000000e+00	2.43030514532797e+31
5.51000000000000e+00	2.75706269412875e+31
5.52000000000000e+00	3.15118654533707e+31
5.53000000000000e+00	3.59992306361305e+31
5.54000000000000e+00	4.08727017290332e+31
5.55000000000000e+00	4.59677067591475e+31
5.56000000000000e+00	5.11491508708438e+31
5.57000000000000e+00	5.63395439787086e+31
5.58000000000000e+00	6.15367730908539e+31
5.59000000000000e+00	6.68258601878334e+31
5.60000000000000e+00	7.23745814538886e+31
5.61000000000000e+00	7.84286729785887e+31
5.62000000000000e+00	8.52838554117915e+31
5.63000000000000e+00	9.32638891132606e+31
5.64000000000000e+00	1.02678380571183e+32
5.65000000000000e+00	1.13784599890311e+32
5.66000000000000e+00	1.26745338665341e+32
5.67000000000000e+00	1.41592674644235e+32
5.68000000000000e+00	1.58207622850774e+32
5.69000000000000e+00	1.76326477117372e+32
5.70000000000000e+00	1.95557075428945e+32
5.71000000000000e+00	2.15453566122336e+32
5.72000000000000e+00	2.35575019106101e+32
5.73000000000000e+00	2.55573279528039e+32
5.74000000000000e+00	2.75282091695099e+32
5.75000000000000e+00	2.94753558342836e+32
5.76000000000000e+00	3.14303601503283e+32
5.77000000000000e+00	3.34472382612388e+32
5.78000000000000e+00	3.55960619390818e+32
5.79000000000000e+00	3.79560384051040e+32
5.80000000000000e+00	4.06036986312778e+32
5.81000000000000e+00	4.36037596245353e+32
5.82000000000000e+00	4.69995996611755e+32
5.83000000000000e+00	5.08101224757869e+32
5.84000000000000e+00	5.50284469734357e+32
5.85000000000000e+00	5.96241636573181e+32
5.86000000000000e+00	6.45549858794274e+32
5.87000000000000e+00	6.97739974256222e+32
5.88000000000000e+00	7.52345838039388e+32
5.89000000000000e+00	8.08879445077158e+32
5.90000000000000e+00	8.66778640092971e+32
5.91000000000000e+00	9.25126684018862e+32
5.92000000000000e+00	9.82538242850081e+32
5.93000000000000e+00	1.03687771647775e+33
5.94000000000000e+00	1.08522917543598e+33
5.95000000000000e+00	1.12387446227090e+33
5.96000000000000e+00	1.14867020294063e+33
5.97000000000000e+00	1.15559445723032e+33
5.98000000000000e+00	1.14150681358592e+33
5.99000000000000e+00	1.10504177061010e+33
6.00000000000000e+00	1.04716598402099e+33
6.01000000000000e+00	9.71335910336104e+32
6.02000000000000e+00	8.83066504829647e+32
6.03000000000000e+00	7.89030601894844e+32
6.04000000000000e+00	6.95922648675665e+32
6.05000000000000e+00	6.09344953896711e+32
6.06000000000000e+00	5.33130665041173e+32
6.07000000000000e+00	4.69089254583089e+32
6.08000000000000e+00	4.17240523853809e+32
6.09000000000000e+00	3.76391320815732e+32
6.10000000000000e+00	3.44778100792591e+32
6.11000000000000e+00	3.20632806221228e+32
6.12000000000000e+00	3.02594270264888e+32
6.13000000000000e+00	2.89843444634934e+32
6.14000000000000e+00	2.82102708405450e+32
6.15000000000000e+00	2.79491903577170e+32
6.16000000000000e+00	2.82397358189580e+32
6.17000000000000e+00	2.91277965413745e+32
6.18000000000000e+00	3.06533647321884e+32
6.19000000000000e+00	3.28397857683827e+32
6.20000000000000e+00	3.56771824713126e+32
6.21000000000000e+00	3.91142993247355e+32
6.22000000000000e+00	4.30480861080850e+32
6.23000000000000e+00	4.73190049237487e+32
6.24000000000000e+00	5.17200820986145e+32
6.25000000000000e+00	5.60115145754063e+32
6.26000000000000e+00	5.99469315850885e+32
6.27000000000000e+00	6.32946241647044e+32
6.28000000000000e+00	6.58771498149196e+32
6.29000000000000e+00	6.75621279016559e+32
6.30000000000000e+00	6.82846320435482e+32
6.31000000000000e+00	6.80236725703333e+32
6.32000000000000e+00	6.67942173033117e+32
6.33000000000000e+00	6.46500667927889e+32
6.34000000000000e+00	6.16707720801756e+32
6.35000000000000e+00	5.79801334248018e+32
6.36000000000000e+00	5.37342627975516e+32
6.37000000000000e+00	4.91266263677352e+32
6.38000000000000e+00	4.43724553396824e+32
6.39000000000000e+00	3.96843622953607e+32
6.40000000000000e+00	3.52515939018933e+32
6.41000000000000e+00	3.12210303317748e+32
6.42000000000000e+00	2.76849133152615e+32
6.43000000000000e+00	2.46804183934332e+32
6.44000000000000e+00	2.21958029862712e+32
6.45000000000000e+00	2.01841113728979e+32
6.46000000000000e+00	1.85744323813510e+32
6.47000000000000e+00	1.72864193684337e+32
6.48000000000000e+00	1.62398417174817e+32
6.49000000000000e+00	1.53602275464497e+32
6.50000000000000e+00	1.45853438254602e+32
6.51000000000000e+00	1.38651140413459e+32
6.52000000000000e+00	1.31630879916446e+32
6.53000000000000e+00	1.24566983691767e+32
6.54000000000000e+00	1.17353005952123e+32
6.55000000000000e+00	1.09998105553788e+32
6.56000000000000e+00	1.02600376764745e+32
6.57000000000000e+00	9.53323226070224e+31
6.58000000000000e+00	8.84128687611574e+31
6.59000000000000e+00	8.20934005822159e+31
6.60000000000000e+00	7.66274761714203e+31
6.61000000000000e+00	7.22587897855583e+31
6.62000000000000e+00	6.91973391939614e+31
6.63000000000000e+00	6.75996006307351e+31
6.64000000000000e+00	6.75510180097508e+31
6.65000000000000e+00	6.90595265183957e+31
6.66000000000000e+00	7.20444936530477e+31
6.67000000000000e+00	7.63442538893005e+31
6.68000000000000e+00	8.17222459164001e+31
6.69000000000000e+00	8.78823405926463e+31
6.70000000000000e+00	9.44799858140960e+31
6.71000000000000e+00	1.01145394098190e+32
6.72000000000000e+00	1.07485343253614e+32
6.73000000000000e+00	1.13115697684301e+32
6.74000000000000e+00	1.17665921794531e+32
6.75000000000000e+00	1.20799175019130e+32
6.76000000000000e+00	1.22223079185732e+32
6.77000000000000e+00	1.21703276522721e+32
6.78000000000000e+00	1.19077762024482e+32
6.79000000000000e+00	1.14277683367071e+32
6.80000000000000e+00	1.07344790774301e+32
6.81000000000000e+00	9.84553004435768e+31
6.82000000000000e+00	8.79161473153353e+31
6.83000000000000e+00	7.61614660080032e+31
6.84000000000000e+00	6.37360591387090e+31
6.85000000000000e+00	5.12684091082262e+31
6.86000000000000e+00	3.94353278610212e+31
6.87000000000000e+00	2.89313002994180e+31
6.88000000000000e+00	2.04404147279548e+31
6.89000000000000e+00	1.46079281664462e+31
6.90000000000000e+00	1.20210324979526e+31
6.91000000000000e+00	1.31857636030368e+31
6.92000000000000e+00	1.84978249243199e+31
6.93000000000000e+00	2.82030718623892e+31
6.94000000000000e+00	4.23484111824609e+31
6.95000000000000e+00	6.07346615359027e+31
6.96000000000000e+00	8.28883584018625e+31
6.97000000000000e+00	1.08074055165025e+32
6.98000000000000e+00	1.35357575035942e+32
6.99000000000000e+00	1.63714567538007e+32
7.00000000000000e+00	1.92177112364576e+32
7.01000000000000e+00	2.19960754263147e+32
7.02000000000000e+00	2.46571002981743e+32
7.03000000000000e+00	2.71853879461895e+32
7.04000000000000e+00	2.95993359249750e+32
7.05000000000000e+00	3.19450981712854e+32
7.06000000000000e+00	3.42880029871455e+32
7.07000000000000e+00	3.67021155914635e+32
7.08000000000000e+00	3.92566281803125e+32
7.09000000000000e+00	4.20049896288342e+32
7.10000000000000e+00	4.49732475986179e+32
7.11000000000000e+00	4.81536505498245e+32
7.12000000000000e+00	5.15034026066249e+32
7.13000000000000e+00	5.49473856310425e+32
7.14000000000000e+00	5.83886672009124e+32
7.15000000000000e+00	6.17210200398336e+32
7.16000000000000e+00	6.48405591432740e+32
7.17000000000000e+00	6.76599003628896e+32
7.18000000000000e+00	7.01131770240451e+32
7.19000000000000e+00	7.21639493235104e+32
7.20000000000000e+00	7.38028107877344e+32
7.21000000000000e+00	7.50438409636942e+32
7.22000000000000e+00	7.59165041130366e+32
7.23000000000000e+00	7.64540477367862e+32
7.24000000000000e+00	7.66863394534346e+32
7.25000000000000e+00	7.66285743477776e+32
7.26000000000000e+00	7.62789056269851e+32
7.27000000000000e+00	7.56154366444040e+32
7.28000000000000e+00	7.45969555562482e+32
7.29000000000000e+00	7.31689183761686e+32
7.30000000000000e+00	7.12708109150545e+32
7.31000000000000e+00	6.88434762738681e+32
7.32000000000000e+00	6.58397810320698e+32
7.33000000000000e+00	6.22361668286175e+32
7.34000000000000e+00	5.80417429496965e+32
7.35000000000000e+00	5.33040253759950e+32
7.36000000000000e+00	4.81157701558499e+32
7.37000000000000e+00	4.26131565774401e+32
7.38000000000000e+00	3.69684328981962e+32
7.39000000000000e+00	3.13739610643293e+32
7.40000000000000e+00	2.60250733720921e+32
7.41000000000000e+00	2.10971188979364e+32
7.42000000000000e+00	1.67258215170199e+32
7.43000000000000e+00	1.29962909027408e+32
7.44000000000000e+00	9.93669500577502e+31
7.45000000000000e+00	7.52466904598683e+31
7.46000000000000e+00	5.69609166801450e+31
7.47000000000000e+00	4.36042888650523e+31
7.48000000000000e+00	3.41508015500866e+31
7.49000000000000e+00	2.75914765998248e+31
7.50000000000000e+00	2.30355274307850e+31
7.51000000000000e+00	1.97795999501902e+31
7.52000000000000e+00	1.73395470645191e+31
7.53000000000000e+00	1.54515158203727e+31
7.54000000000000e+00	1.40468569766699e+31
7.55000000000000e+00	1.32044270467594e+31
7.56000000000000e+00	1.30957764139982e+31
7.57000000000000e+00	1.39174204057227e+31
7.58000000000000e+00	1.58386798711178e+31
7.59000000000000e+00	1.89502871378952e+31
7.60000000000000e+00	2.32402281011065e+31
7.61000000000000e+00	2.85843381630907e+31
7.62000000000000e+00	3.47550351388272e+31
7.63000000000000e+00	4.14546130767735e+31
7.64000000000000e+00	4.83438983989497e+31
7.65000000000000e+00	5.50892285275095e+31
7.66000000000000e+00	6.14009811235996e+31
7.67000000000000e+00	6.70673182201385e+31
7.68000000000000e+00	7.19744859868983e+31
7.69000000000000e+00	7.61153165981596e+31
7.70000000000000e+00	7.95866189648351e+31
7.71000000000000e+00	8.25770786932436e+31
7.72000000000000e+00	8.53447605639274e+31
7.73000000000000e+00	8.81841624373947e+31
7.74000000000000e+00	9.13989556561325e+31
7.75000000000000e+00	9.52613789596583e+31
7.76000000000000e+00	9.99873679981964e+31
7.77000000000000e+00	1.05713102548778e+32
7.78000000000000e+00	1.12493505998806e+32
7.79000000000000e+00	1.20296628290855e+32
7.80000000000000e+00	1.29032574539468e+32
7.81000000000000e+00	1.38554350511380e+32
7.82000000000000e+00	1.48696055421837e+32
7.83000000000000e+00	1.59258913149943e+32
7.84000000000000e+00	1.70031851686455e+32
7.85000000000000e+00	1.80793430132521e+32
7.86000000000000e+00	1.91285386374177e+32
7.87000000000000e+00	2.01227426878378e+32
7.88000000000000e+00	2.10313301403359e+32
7.89000000000000e+00	2.18230709323053e+32
7.90000000000000e+00	2.24663848153087e+32
7.91000000000000e+00	2.29348831873937e+32
7.92000000000000e+00	2.32086630655980e+32
7.93000000000000e+00	2.32775354357958e+32
7.94000000000000e+00	2.31458790021131e+32
7.95000000000000e+00	2.28319601319713e+32
7.96000000000000e+00	2.23697397107861e+32
7.97000000000000e+00	2.18074640272271e+32
7.98000000000000e+00	2.12049513163273e+32
7.99000000000000e+00	2.06294861285440e+32
8.00000000000000e+00	2.01490757823211e+32
8.01000000000000e+00	1.98269243209776e+32
8.02000000000000e+00	1.97145967006001e+32
8.03000000000000e+00	1.98467810892537e+32
8.04000000000000e+00	2.02362194991732e+32
8.05000000000000e+00	2.08733104228593e+32
8.06000000000000e+00	2.17241032940446e+32
8.07000000000000e+00	2.27326634221902e+32
8.08000000000000e+00	2.38249655263968e+32
8.09000000000000e+00	2.49140118768930e+32
8.10000000000000e+00	2.59053315331792e+32
8.11000000000000e+00	2.67056343759568e+32
8.12000000000000e+00	2.72272649803040e+32
8.13000000000000e+00	2.73978916627984e+32
8.14000000000000e+00	2.71660992861656e+32
8.15000000000000e+00	2.65085236469678e+32
8.16000000000000e+00	2.54360050393493e+32
8.17000000000000e+00	2.39945566660963e+32
8.18000000000000e+00	2.22648331726592e+32
8.19000000000000e+00	2.03530706321805e+32
8.20000000000000e+00	1.83811450518399e+32
8.21000000000000e+00	1.64723942285766e+32
8.22000000000000e+00	1.47396012501602e+32
8.23000000000000e+00	1.32754355177561e+32
8.24000000000000e+00	1.21453339225939e+32
8.25000000000000e+00	1.13846223187077e+32
8.26000000000000e+00	1.09988924427347e+32
8.27000000000000e+00	1.09669705029464e+32
8.28000000000000e+00	1.12447776688579e+32
8.29000000000000e+00	1.17715979012668e+32
8.30000000000000e+00	1.24747115964719e+32
8.31000000000000e+00	1.32751729593419e+32
8.32000000000000e+00	1.40924584081069e+32
8.33000000000000e+00	1.48488299446660e+32
8.34000000000000e+00	1.54739178153584e+32
8.35000000000000e+00	1.59074437168711e+32
8.36000000000000e+00	1.61025037228084e+32
8.37000000000000e+00	1.60284437185553e+32
8.38000000000000e+00	1.56732120909009e+32
8.39000000000000e+00	1.50438831961511e+32
8.40000000000000e+00	1.41670895629508e+32
8.41000000000000e+00	1.30876989174228e+32
8.42000000000000e+00	1.18646454691576e+32
8.43000000000000e+00	1.05680495723396e+32
8.44000000000000e+00	9.27178400776086e+31
8.45000000000000e+00	8.04744776423235e+31
8.46000000000000e+00	6.95762320852105e+31
8.47000000000000e+00	6.05012208673698e+31
8.48000000000000e+00	5.35421912982608e+31
8.49000000000000e+00	4.87898624450050e+31
8.50000000000000e+00	4.61500122399844e+31
8.51000000000000e+00	4.53700250708304e+31
8.52000000000000e+00	4.60877990176683e+31
8.53000000000000e+00	4.78869586653389e+31
8.54000000000000e+00	5.03512058294008e+31
8.55000000000000e+00	5.31065044491754e+31
8.56000000000000e+00	5.58597391405958e+31
8.57000000000000e+00	5.84173114982191e+31
8.58000000000000e+00	6.07039586148092e+31
8.59000000000000e+00	6.27547381647606e+31
8.60000000000000e+00	6.47147546024588e+31
8.61000000000000e+00	6.68181573140816e+31
8.62000000000000e+00	6.93625342210173e+31
8.63000000000000e+00	7.26797192537814e+31
8.64000000000000e+00	7.70933795512620e+31
8.65000000000000e+00	8.28797930013149e+31
8.66000000000000e+00	9.02218286466509e+31
8.67000000000000e+00	9.91802101763683e+31
8.68000000000000e+00	1.09674372330766e+32
8.69000000000000e+00	1.21475844976626e+32
8.70000000000000e+00	1.34226531429578e+32
8.71000000000000e+00	1.47473998047035e+32
8.72000000000000e+00	1.60721276669758e+32
8.73000000000000e+00	1.73474056793923e+32
8.74000000000000e+00	1.85286333232122e+32
8.75000000000000e+00	1.95804983347058e+32
8.76000000000000e+00	2.04785226646488e+32
8.77000000000000e+00	2.12104577038973e+32
8.78000000000000e+00	2.17748790856373e+32
8.79000000000000e+00	2.21805721376468e+32
8.80000000000000e+00	2.24438284980136e+32
8.81000000000000e+00	2.25858731148123e+32
8.82000000000000e+00	2.26300901715644e+32
8.83000000000000e+00	2.25990660611194e+32
8.84000000000000e+00	2.25143624106957e+32
8.85000000000000e+00	2.23921734907374e+32
8.86000000000000e+00	2.22452960622330e+32
8.87000000000000e+00	2.20809502962750e+32
8.88000000000000e+00	2.19022715004463e+32
8.89000000000000e+00	2.17090948403345e+32
8.90000000000000e+00	2.15004534071187e+32
8.91000000000000e+00	2.12727249608836e+32
8.92000000000000e+00	2.10230259288886e+32
8.93000000000000e+00	2.07500386381331e+32
8.94000000000000e+00	2.04514572786807e+32
8.95000000000000e+00	2.01271622891983e+32
8.96000000000000e+00	1.97768997867174e+32
8.97000000000000e+00	1.94009805802187e+32
8.98000000000000e+00	1.90018384251640e+32
8.99000000000000e+00	1.85811055559835e+32
9.00000000000000e+00	1.81435000626736e+32
9.01000000000000e+00	1.76940034231784e+32
9.02000000000000e+00	1.72388801142137e+32
9.03000000000000e+00	1.67852039721805e+32
9.04000000000000e+00	1.63418702103727e+32
9.05000000000000e+00	1.59170608029883e+32
9.06000000000000e+00	1.55183716819940e+32
9.07000000000000e+00	1.51535013749699e+32
9.08000000000000e+00	1.48281089902869e+32
9.09000000000000e+00	1.45464314732553e+32
9.10000000000000e+00	1.43106958408588e+32
9.11000000000000e+00	1.41210541572635e+32
9.12000000000000e+00	1.39759229435029e+32
9.13000000000000e+00	1.38721952909494e+32
9.14000000000000e+00	1.38059741160651e+32
9.15000000000000e+00	1.37726824951772e+32
9.16000000000000e+00	1.37674871149097e+32
9.17000000000000e+00	1.37855219128186e+32
9.18000000000000e+00	1.38214812154366e+32
9.19000000000000e+00	1.38697851501423e+32
9.20000000000000e+00	1.39249408110127e+32
9.21000000000000e+00	1.39808811834919e+32
9.22000000000000e+00	1.40320204496590e+32
9.23000000000000e+00	1.40735710744535e+32
9.24000000000000e+00	1.41014741756975e+32
9.25000000000000e+00	1.41136185531197e+32
9.26000000000000e+00	1.41095247786702e+32
9.27000000000000e+00	1.40904240491597e+32
9.28000000000000e+00	1.40594692004594e+32
9.29000000000000e+00	1.40208672779788e+32
9.30000000000000e+00	1.39792606744898e+32
9.31000000000000e+00	1.39393719513503e+32
9.32000000000000e+00	1.39052379803439e+32
9.33000000000000e+00	1.38800441774922e+32
9.34000000000000e+00	1.38654140470488e+32
9.35000000000000e+00	1.38618572874837e+32
9.36000000000000e+00	1.38680047191065e+32
9.37000000000000e+00	1.38811974717468e+32
9.38000000000000e+00	1.38976626552440e+32
9.39000000000000e+00	1.39124054529800e+32
9.40000000000000e+00	1.39200272674757e+32
9.41000000000000e+00	1.39153334726277e+32
9.42000000000000e+00	1.38937201968727e+32
9.43000000000000e+00	1.38519259366776e+32
9.44000000000000e+00	1.37882744610553e+32
9.45000000000000e+00	1.37033877381196e+32
9.46000000000000e+00	1.35998145960837e+32
9.47000000000000e+00	1.34820282565971e+32
9.48000000000000e+00	1.33561928760282e+32
9.49000000000000e+00	1.32291338087534e+32
9.50000000000000e+00	1.31079797851439e+32
9.51000000000000e+00	1.29990456646034e+32
9.52000000000000e+00	1.29075282396880e+32
9.53000000000000e+00	1.28361457880065e+32
9.54000000000000e+00	1.27853868054264e+32
9.55000000000000e+00	1.27526143879913e+32
9.56000000000000e+00	1.27328403289825e+32
9.57000000000000e+00	1.27184646015679e+32
9.58000000000000e+00	1.27009833934824e+32
9.59000000000000e+00	1.26709206663777e+32
9.60000000000000e+00	1.26197163029368e+32
9.61000000000000e+00	1.25402153597267e+32
9.62000000000000e+00	1.24273113293219e+32
9.63000000000000e+00	1.22788720943249e+32
9.64000000000000e+00	1.20949423345158e+32
9.65000000000000e+00	1.18783268925785e+32
9.66000000000000e+00	1.16338013832930e+32
9.67000000000000e+00	1.13669021887243e+32
9.68000000000000e+00	1.10840494629893e+32
9.69000000000000e+00	1.07912122533397e+32
9.70000000000000e+00	1.04935174204687e+32
9.71000000000000e+00	1.01945315000726e+32
9.72000000000000e+00	9.89658123431430e+31
9.73000000000000e+00	9.60024486538531e+31
9.74000000000000e+00	9.30502299069236e+31
9.75000000000000e+00	9.00955148854783e+31
9.76000000000000e+00	8.71246025177727e+31
9.77000000000000e+00	8.41259216179138e+31
9.78000000000000e+00	8.11011058396952e+31
9.79000000000000e+00	7.80659089764502e+31
9.80000000000000e+00	7.50542421833624e+31
9.81000000000000e+00	7.21205125716906e+31
9.82000000000000e+00	6.93348925435487e+31
9.83000000000000e+00	6.67819334975980e+31
9.84000000000000e+00	6.45504928086688e+31
9.85000000000000e+00	6.27266784833955e+31
9.86000000000000e+00	6.13808480398865e+31
9.87000000000000e+00	6.05588361029893e+31
9.88000000000000e+00	6.02755928153240e+31
9.89000000000000e+00	6.05167666711428e+31
9.90000000000000e+00	6.12567911241679e+31
9.91000000000000e+00	6.25015339369388e+31
9.92000000000000e+00	6.43603292931423e+31
9.93000000000000e+00	6.71352184582034e+31
9.94000000000000e+00	7.14181091482619e+31
9.95000000000000e+00	7.81670189559732e+31
9.96000000000000e+00	8.87426900932282e+31
9.97000000000000e+00	1.04846934835596e+32
9.98000000000000e+00	1.28182613874649e+32
9.99000000000000e+00	1.59561572058292e+32
1.00000000000000e+01	1.97337428348226e+32
1.00100000000000e+01	2.35512778023943e+32
1.00200000000000e+01	2.61855110335053e+32
1.00300000000000e+01	2.60409705204486e+32
1.00400000000000e+01	2.22046588785984e+32
1.00500000000000e+01	1.55803670927191e+32
1.00600000000000e+01	8.54550988094118e+31
1.00700000000000e+01	3.25948197525652e+31
1.00800000000000e+01	5.39875466693200e+30
1.00900000000000e+01	5.98331101351682e+29
1.01000000000000e+01	1.05078088449152e+31
1.01100000000000e+01	2.79432019289816e+31
1.01200000000000e+01	4.79629203430710e+31
1.01300000000000e+01	6.78118935248539e+31
1.01400000000000e+01	8.62846618067778e+31
1.01500000000000e+01	1.03102536460425e+32
1.01600000000000e+01	1.18439297194822e+32
1.01700000000000e+01	1.32656152418108e+32
1.01800000000000e+01	1.46127297045843e+32
1.01900000000000e+01	1.59150036403253e+32
1.02000000000000e+01	1.71919518471649e+32
1.02100000000000e+01	1.84506816923835e+32
1.02200000000000e+01	1.96870261673073e+32
1.02300000000000e+01	2.08865630134946e+32
1.02400000000000e+01	2.20269257316943e+32
1.02500000000000e+01	2.30780512821588e+32
1.02600000000000e+01	2.40047289363370e+32
1.02700000000000e+01	2.47667312469065e+32
1.02800000000000e+01	2.53190675033303e+32
1.02900000000000e+01	2.56150188947116e+32
1.03000000000000e+01	2.56083476471289e+32
1.03100000000000e+01	2.52592593511732e+32
1.03200000000000e+01	2.45421715280319e+32
1.03300000000000e+01	2.34524150609603e+32
1.03400000000000e+01	2.20128267227526e+32
1.03500000000000e+01	2.02743151752629e+32
1.03600000000000e+01	1.83129931762826e+32
1.03700000000000e+01	1.62210359213705e+32
1.03800000000000e+01	1.40953217114567e+32
1.03900000000000e+01	1.20259099144109e+32
1.04000000000000e+01	1.00865064946522e+32
1.04100000000000e+01	8.32898404533996e+31
1.04200000000000e+01	6.78232278961647e+31
1.04300000000000e+01	5.45513814333736e+31
1.04400000000000e+01	4.34060073607595e+31
1.04500000000000e+01	3.42140652358474e+31
1.04600000000000e+01	2.67480363975053e+31
1.04700000000000e+01	2.07628515038365e+31
1.04800000000000e+01	1.60194283962338e+31
1.04900000000000e+01	1.22983282578544e+31
1.05000000000000e+01	9.40628524230994e+30
1.05100000000000e+01	7.17747737812206e+30
1.05200000000000e+01	5.47239101753176e+30
1.05300000000000e+01	4.17599470197885e+30
1.05400000000000e+01	3.19488985281953e+30
1.05500000000000e+01	2.45445855513759e+30
1.05600000000000e+01	1.89617783556855e+30
1.05700000000000e+01	1.47468626962049e+30
1.05800000000000e+01	1.15542366686915e+30
1.05900000000000e+01	9.12303829493961e+29
1.06000000000000e+01	7.25805108428070e+29
1.06100000000000e+01	5.81500523259870e+29
1.06200000000000e+01	4.68707608131003e+29
1.06300000000000e+01	3.79601457169246e+29
1.06400000000000e+01	3.08442001121448e+29
1.06500000000000e+01	2.51010878835199e+29
1.06600000000000e+01	2.04246145093982e+29
1.06700000000000e+01	1.65899177317342e+29
1.06800000000000e+01	1.34294699419645e+29
1.06900000000000e+01	1.08177348518219e+29
1.07000000000000e+01	8.65888753366186e+28
1.07100000000000e+01	6.87763513117830e+28
1.07200000000000e+01	5.41325430872869e+28
1.07300000000000e+01	4.21542527192472e+28
1.07400000000000e+01	3.24168271367524e+28
1.07500000000000e+01	2.45565495932001e+28
1.07600000000000e+01	1.82626539823051e+28
1.07700000000000e+01	1.32692371848678e+28
1.07800000000000e+01	9.35218871563097e+27
1.07900000000000e+01	6.32487993775113e+27
1.08000000000000e+01	4.03420735908051e+27
1.08100000000000e+01	2.35621460550579e+27
1.08200000000000e+01	1.19127131858515e+27
1.08300000000000e+01	4.59120465800581e+26
1.08400000000000e+01	9.42070032221150e+25
1.08500000000000e+01	4.13223360340290e+25
1.08600000000000e+01	2.52115212099847e+26
1.08700000000000e+01	6.82484797771012e+26
1.08800000000000e+01	1.29099520103496e+27
1.08900000000000e+01	2.03814196540074e+27
1.09000000000000e+01	2.88651278933171e+27
1.09100000000000e+01	3.80135182926442e+27
1.09200000000000e+01	4.75145040163879e+27
1.09300000000000e+01	5.71008082935214e+27
1.09400000000000e+01	6.65559750969790e+27
1.09500000000000e+01	7.57176079713209e+27
1.09600000000000e+01	8.44745270532953e+27
1.09700000000000e+01	9.27633059435437e+27
1.09800000000000e+01	1.00558981751293e+28
1.09900000000000e+01	1.07864122031804e+28
1.10000000000000e+01	1.14701227700697e+28
1.10100000000000e+01	1.21101801855935e+28
1.10200000000000e+01	1.27099519644228e+28
1.10300000000000e+01	1.32726457540270e+28
1.10400000000000e+01	1.38010044598807e+28
1.10500000000000e+01	1.42972038811582e+28
1.10600000000000e+01	1.47630866089387e+28
1.10700000000000e+01	1.51998098172644e+28
1.10800000000000e+01	1.56087123986422e+28
1.10900000000000e+01	1.59911473063181e+28
1.11000000000000e+01	1.63485132303200e+28
1.11100000000000e+01	1.66819833256505e+28
1.11200000000000e+01	1.69938872344667e+28
1.11300000000000e+01	1.72852542342199e+28
1.11400000000000e+01	1.75583891551505e+28
1.11500000000000e+01	1.78147059955112e+28
1.11600000000000e+01	1.80563663282492e+28
1.11700000000000e+01	1.82839069368777e+28
1.11800000000000e+01	1.84991498019745e+28
1.11900000000000e+01	1.87026710728753e+28
1.12000000000000e+01	1.88951877982895e+28
1.12100000000000e+01	1.90765878803198e+28
1.12200000000000e+01	1.92468817817965e+28
1.12300000000000e+01	1.94060558943237e+28
1.12400000000000e+01	1.95535332603373e+28
1.12500000000000e+01	1.96881604456442e+28
1.12600000000000e+01	1.98092604449347e+28
1.12700000000000e+01	1.99160616775706e+28
1.12800000000000e+01	2.00075809088023e+28
1.12900000000000e+01	2.00831118392282e+28
1.13000000000000e+01	2.01421937914245e+28
1.13100000000000e+01	2.01838411869791e+28
1.13200000000000e+01	2.02086933369302e+28
1.13300000000000e+01	2.02163547969139e+28
1.13400000000000e+01	2.02077038121842e+28
1.13500000000000e+01	2.01836190018887e+28
1.13600000000000e+01	2.01452533081173e+28
1.13700000000000e+01	2.00935409453554e+28
1.13800000000000e+01	2.00309218342649e+28
1.13900000000000e+01	1.99583489459019e+28
1.14000000000000e+01	1.98775186025406e+28
1.14100000000000e+01	1.97897296431952e+28
1.14200000000000e+01	1.96965791766663e+28
1.14300000000000e+01	1.95989608709735e+28
1.14400000000000e+01	1.94975944742718e+28
1.14500000000000e+01	1.93933820908204e+28
1.14600000000000e+01	1.92864418546907e+28
1.14700000000000e+01	1.91770848059659e+28
1.14800000000000e+01	1.90653866780079e+28
1.14900000000000e+01	1.89519633413658e+28
1.15000000000000e+01	1.88364142304114e+28
1.15100000000000e+01	1.87191776945279e+28
1.15200000000000e+01	1.86003540581372e+28
1.15300000000000e+01	1.84802659437545e+28
1.15400000000000e+01	1.83591229511130e+28
1.15500000000000e+01	1.82376230584251e+28
1.15600000000000e+01	1.81160104453009e+28
1.15700000000000e+01	1.79945969511702e+28
1.15800000000000e+01	1.78736016669654e+28
1.15900000000000e+01	1.77539652778095e+28
1.16000000000000e+01	1.76354050473382e+28
1.16100000000000e+01	1.75180517923373e+28
1.16200000000000e+01	1.74023096647749e+28
1.16300000000000e+01	1.72874941562301e+28
1.16400000000000e+01	1.71736191074159e+28
1.16500000000000e+01	1.70603820574059e+28
1.16600000000000e+01	1.69470701731969e+28
1.16700000000000e+01	1.68333085376413e+28
1.16800000000000e+01	1.67183887849277e+28
1.16900000000000e+01	1.66023944485790e+28
1.17000000000000e+01	1.64845220971401e+28
1.17100000000000e+01	1.63648961200999e+28
1.17200000000000e+01	1.62437408642532e+28
1.17300000000000e+01	1.61213225182862e+28
1.17400000000000e+01	1.59980055577594e+28
1.17500000000000e+01	1.58740448126186e+28
1.17600000000000e+01	1.57504138168227e+28
1.17700000000000e+01	1.56278047938300e+28
1.17800000000000e+01	1.55063315052683e+28
1.17900000000000e+01	1.53865779711028e+28
1.18000000000000e+01	1.52691130406250e+28
1.18100000000000e+01	1.51538887664897e+28
1.18200000000000e+01	1.50410445828910e+28
1.18300000000000e+01	1.49299674816189e+28
1.18400000000000e+01	1.48211017903858e+28
1.18500000000000e+01	1.47135096494917e+28
1.18600000000000e+01	1.46070816356691e+28
1.18700000000000e+01	1.45014426169312e+28
1.18800000000000e+01	1.43957438031413e+28
1.18900000000000e+01	1.42899123254717e+28
1.19000000000000e+01	1.41833870938530e+28
1.19100000000000e+01	1.40755734447292e+28
1.19200000000000e+01	1.39661333702469e+28
1.19300000000000e+01	1.38549808130355e+28
1.19400000000000e+01	1.37418475029241e+28
1.19500000000000e+01	1.36264531489701e+28
1.19600000000000e+01	1.35087149438835e+28
1.19700000000000e+01	1.33892710578419e+28
1.19800000000000e+01	1.32678722047456e+28
1.19900000000000e+01	1.31453002412598e+28
1.20000000000000e+01	1.30216873779279e+28
1.20100000000000e+01	1.28976337425377e+28
1.20200000000000e+01	1.27738972693849e+28
1.20300000000000e+01	1.26507859209203e+28
1.20400000000000e+01	1.25290986472912e+28
1.20500000000000e+01	1.24094740925468e+28
1.20600000000000e+01	1.22920307267437e+28
1.20700000000000e+01	1.21775897034823e+28
1.20800000000000e+01	1.20663865230973e+28
1.20900000000000e+01	1.19583368603911e+28
1.21000000000000e+01	1.18539007571329e+28
1.21100000000000e+01	1.17530135459031e+28
1.21200000000000e+01	1.16556223390663e+28
1.21300000000000e+01	1.15612225902518e+28
1.21400000000000e+01	1.14698080063598e+28
1.21500000000000e+01	1.13808971381905e+28
1.21600000000000e+01	1.12940337348883e+28
1.21700000000000e+01	1.12088549622368e+28
1.21800000000000e+01	1.11246128009787e+28
1.21900000000000e+01	1.10414379496550e+28
1.22000000000000e+01	1.09583485748678e+28
1.22100000000000e+01	1.08751753415467e+28
1.22200000000000e+01	1.07917198344345e+28
1.22300000000000e+01	1.07075104399393e+28
1.22400000000000e+01	1.06225208934398e+28
1.22500000000000e+01	1.05364028645464e+28
1.22600000000000e+01	1.04492741119097e+28
1.22700000000000e+01	1.03609153149149e+28
1.22800000000000e+01	1.02715801557085e+28
1.22900000000000e+01	1.01813906535119e+28
1.23000000000000e+01	1.00903980696350e+28
1.23100000000000e+01	9.99911335945342e+27
1.23200000000000e+01	9.90785227454291e+27
1.23300000000000e+01	9.81704086382166e+27
1.23400000000000e+01	9.72702762615795e+27
1.23500000000000e+01	9.63817717708722e+27
1.23600000000000e+01	9.55071829548697e+27
1.23700000000000e+01	9.46520850639849e+27
1.23800000000000e+01	9.38159748116737e+27
1.23900000000000e+01	9.30003103539793e+27
1.24000000000000e+01	9.22055899910075e+27
1.24100000000000e+01	9.14278635849287e+27
1.24200000000000e+01	9.06671813084336e+27
1.24300000000000e+01	8.99199842508054e+27
1.24400000000000e+01	8.91827294216507e+27
1.24500000000000e+01	8.84533955476672e+27
1.24600000000000e+01	8.77265923808151e+27
1.24700000000000e+01	8.70006946523965e+27
1.24800000000000e+01	8.62723032258684e+27
1.24900000000000e+01	8.55393120375832e+27
1.25000000000000e+01	8.48028671603188e+27
1.25100000000000e+01	8.40608586500154e+27
1.25200000000000e+01	8.33157407383480e+27
1.25300000000000e+01	8.25704941942535e+27
1.25400000000000e+01	8.18277755331255e+27
1.25500000000000e+01	8.10907761935202e+27
1.25600000000000e+01	8.03640559194298e+27
1.25700000000000e+01	7.96513955439884e+27
1.25800000000000e+01	7.89561374717087e+27
1.25900000000000e+01	7.82824265282754e+27
1.26000000000000e+01	7.76320972858380e+27
1.26100000000000e+01	7.70071580180943e+27
1.26200000000000e+01	7.64088086791525e+27
1.26300000000000e+01	7.58350992709868e+27
1.26400000000000e+01	7.52876276013964e+27
1.26500000000000e+01	7.47624355627694e+27
1.26600000000000e+01	7.42595525311882e+27
1.26700000000000e+01	7.37741889957784e+27
1.26800000000000e+01	7.33054823836194e+27
1.26900000000000e+01	7.28487062244123e+27
1.27000000000000e+01	7.24030609020331e+27
1.27100000000000e+01	7.19634126916519e+27
1.27200000000000e+01	7.15296624522401e+27
1.27300000000000e+01	7.10974598590697e+27
1.27400000000000e+01	7.06658541603500e+27
1.27500000000000e+01	7.02322078712787e+27
1.27600000000000e+01	6.97958183809306e+27
1.27700000000000e+01	6.93553503670894e+27
1.27800000000000e+01	6.89107395009290e+27
1.27900000000000e+01	6.84610255971902e+27
1.28000000000000e+01	6.80064426596921e+27
1.28100000000000e+01	6.75468745236001e+27
1.28200000000000e+01	6.70840878873451e+27
1.28300000000000e+01	6.66179702156331e+27
1.28400000000000e+01	6.61502481968218e+27
1.28500000000000e+01	6.56829209411783e+27
1.28600000000000e+01	6.52161928007597e+27
1.28700000000000e+01	6.47517024482784e+27
1.28800000000000e+01	6.42915032672512e+27
1.28900000000000e+01	6.38366407697825e+27
1.29000000000000e+01	6.33882325213270e+27
1.29100000000000e+01	6.29475802495406e+27
1.29200000000000e+01	6.25150569377486e+27
1.29300000000000e+01	6.20915168940892e+27
1.29400000000000e+01	6.16769296862212e+27
1.29500000000000e+01	6.12717614312970e+27
1.29600000000000e+01	6.08748879983558e+27
1.29700000000000e+01	6.04857474645216e+27
1.29800000000000e+01	6.01034843120157e+27
1.29900000000000e+01	5.97271944928276e+27
1.30000000000000e+01	5.93549424034789e+27
1.30100000000000e+01	5.89855549805966e+27
1.30200000000000e+01	5.86191583273434e+27
1.30300000000000e+01	5.82525277942841e+27
1.30400000000000e+01	5.78846293046067e+27
1.30500000000000e+01	5.75155445854499e+27
1.30600000000000e+01	5.71445970794453e+27
1.30700000000000e+01	5.67703608128465e+27
1.30800000000000e+01	5.63936617655918e+27
1.30900000000000e+01	5.60139999917025e+27
1.31000000000000e+01	5.56325347850791e+27
1.31100000000000e+01	5.52478404677871e+27
1.31200000000000e+01	5.48628308223298e+27
1.31300000000000e+01	5.44760889542219e+27
1.31400000000000e+01	5.40890715852143e+27
1.31500000000000e+01	5.37016651026740e+27
1.31600000000000e+01	5.33151708893548e+27
1.31700000000000e+01	5.29286137046938e+27
1.31800000000000e+01	5.25423911551057e+27
1.31900000000000e+01	5.21577868332534e+27
1.32000000000000e+01	5.17734322562972e+27
1.32100000000000e+01	5.13904604512367e+27
1.32200000000000e+01	5.10082972901305e+27
1.32300000000000e+01	5.06284236340439e+27
1.32400000000000e+01	5.02497224746033e+27
1.32500000000000e+01	4.98731289236448e+27
1.32600000000000e+01	4.94972078844590e+27
1.32700000000000e+01	4.91238031008931e+27
1.32800000000000e+01	4.87506788596158e+27
1.32900000000000e+01	4.83786669590853e+27
1.33000000000000e+01	4.80070603085057e+27
1.33100000000000e+01	4.76358993667430e+27
1.33200000000000e+01	4.72644765325008e+27
1.33300000000000e+01	4.68921857094510e+27
1.33400000000000e+01	4.65204371145615e+27
1.33500000000000e+01	4.61490343208293e+27
1.33600000000000e+01	4.57791506809225e+27
1.33700000000000e+01	4.54110992419770e+27
1.33800000000000e+01	4.50459546259392e+27
1.33900000000000e+01	4.46837329461285e+27
1.34000000000000e+01	4.43264957168687e+27
1.34100000000000e+01	4.39734945825702e+27
1.34200000000000e+01	4.36254928054476e+27
1.34300000000000e+01	4.32834772616832e+27
1.34400000000000e+01	4.29460338522685e+27
1.34500000000000e+01	4.26127988633459e+27
1.34600000000000e+01	4.22849446392756e+27
1.34700000000000e+01	4.19614232531618e+27
1.34800000000000e+01	4.16419654735946e+27
1.34900000000000e+01	4.13256619884909e+27
1.35000000000000e+01	4.10129853429012e+27
1.35100000000000e+01	4.07025876122638e+27
1.35200000000000e+01	4.03953004483312e+27
1.35300000000000e+01	4.00896807833651e+27
1.35400000000000e+01	3.97861278504595e+27
1.35500000000000e+01	3.94849872689359e+27
1.35600000000000e+01	3.91851507806940e+27
1.35700000000000e+01	3.88876574445018e+27
1.35800000000000e+01	3.85928069533673e+27
1.35900000000000e+01	3.83012682601244e+27
1.36000000000000e+01	3.80144791510087e+27
1.36100000000000e+01	3.77323561902446e+27
1.36200000000000e+01	3.74564961251251e+27
1.36300000000000e+01	3.71878883294602e+27
1.36400000000000e+01	3.69274529918095e+27
1.36500000000000e+01	3.66762306777104e+27
1.36600000000000e+01	3.64344453804813e+27
1.36700000000000e+01	3.62024896069797e+27
1.36800000000000e+01	3.59808179860282e+27
1.36900000000000e+01	3.57687967050377e+27
1.37000000000000e+01	3.55665283374221e+27
1.37100000000000e+01	3.53723526203420e+27
1.37200000000000e+01	3.51860472844331e+27
1.37300000000000e+01	3.50062351705136e+27
1.37400000000000e+01	3.48325168435095e+27
1.37500000000000e+01	3.46637388182438e+27
1.37600000000000e+01	3.44980442034680e+27
1.37700000000000e+01	3.43350013157485e+27
1.37800000000000e+01	3.41743868638764e+27
1.37900000000000e+01	3.40142503164608e+27
1.38000000000000e+01	3.38550661408843e+27
1.38100000000000e+01	3.36955699280402e+27
1.38200000000000e+01	3.35358880100916e+27
1.38300000000000e+01	3.33758176896039e+27
1.38400000000000e+01	3.32145405951589e+27
1.38500000000000e+01	3.30516450366982e+27
1.38600000000000e+01	3.28880481476314e+27
1.38700000000000e+01	3.27226703957029e+27
1.38800000000000e+01	3.25556562298795e+27
1.38900000000000e+01	3.23868133258095e+27
1.39000000000000e+01	3.22163883099392e+27
1.39100000000000e+01	3.20439072827042e+27
1.39200000000000e+01	3.18695524257695e+27
1.39300000000000e+01	3.16944499077978e+27
1.39400000000000e+01	3.15173751469528e+27
1.39500000000000e+01	3.13404226188539e+27
1.39600000000000e+01	3.11630617713926e+27
1.39700000000000e+01	3.09854323257183e+27
1.39800000000000e+01	3.08094607291869e+27
1.39900000000000e+01	3.06348885007615e+27
1.40000000000000e+01	3.04623102797311e+27
1.40100000000000e+01	3.02924544778423e+27
1.40200000000000e+01	3.01249561031101e+27
1.40300000000000e+01	2.99601540548230e+27
1.40400000000000e+01	2.97989254546873e+27
1.40500000000000e+01	2.96407296075984e+27
1.40600000000000e+01	2.94847957628727e+27
1.40700000000000e+01	2.93319456017417e+27
1.40800000000000e+01	2.91813971391878e+27
1.40900000000000e+01	2.90328741230401e+27
1.41000000000000e+01	2.88864221937041e+27
1.41100000000000e+01	2.87407662642112e+27
1.41200000000000e+01	2.85965112489913e+27
1.41300000000000e+01	2.84527238737422e+27
1.41400000000000e+01	2.83103719307115e+27
1.41500000000000e+01	2.81684525824967e+27
1.41600000000000e+01	2.80274777056829e+27
1.41700000000000e+01	2.78873381419798e+27
1.41800000000000e+01	2.77481189012163e+27
1.41900000000000e+01	2.76104757591614e+27
1.42000000000000e+01	2.74735358710452e+27
1.42100000000000e+01	2.73383527807121e+27
1.42200000000000e+01	2.72041749698542e+27
1.42300000000000e+01	2.70714458385988e+27
1.42400000000000e+01	2.69394445719549e+27
1.42500000000000e+01	2.68089898085444e+27
1.42600000000000e+01	2.66786592238520e+27
1.42700000000000e+01	2.65489756247973e+27
1.42800000000000e+01	2.64190712927314e+27
1.42900000000000e+01	2.62892867802369e+27
1.43000000000000e+01	2.61591277577431e+27
1.43100000000000e+01	2.60279301854983e+27
1.43200000000000e+01	2.58959600627178e+27
1.43300000000000e+01	2.57623948012225e+27
1.43400000000000e+01	2.56274700589307e+27
1.43500000000000e+01	2.54909816820346e+27
1.43600000000000e+01	2.53528559031463e+27
1.43700000000000e+01	2.52130727343831e+27
1.43800000000000e+01	2.50722628472074e+27
1.43900000000000e+01	2.49310863209948e+27
1.44000000000000e+01	2.47892040095497e+27
1.44100000000000e+01	2.46480321085040e+27
1.44200000000000e+01	2.45079162176126e+27
1.44300000000000e+01	2.43693201221442e+27
1.44400000000000e+01	2.42331459275487e+27
1.44500000000000e+01	2.40998234478701e+27
1.44600000000000e+01	2.39698068441789e+27
1.44700000000000e+01	2.38427149262635e+27
1.44800000000000e+01	2.37196183849729e+27
1.44900000000000e+01	2.36003593207222e+27
1.45000000000000e+01	2.34841442221923e+27
1.45100000000000e+01	2.33709689344767e+27
1.45200000000000e+01	2.32611793157417e+27
1.45300000000000e+01	2.31538232233249e+27
1.45400000000000e+01	2.30484068315718e+27
1.45500000000000e+01	2.29446107986559e+27
1.45600000000000e+01	2.28420327162578e+27
1.45700000000000e+01	2.27405400492799e+27
1.45800000000000e+01	2.26395035517159e+27
1.45900000000000e+01	2.25387252812853e+27
1.46000000000000e+01	2.24376176428427e+27
1.46100000000000e+01	2.23366172202862e+27
1.46200000000000e+01	2.22354107382532e+27
1.46300000000000e+01	2.21345574968729e+27
1.46400000000000e+01	2.20339172128700e+27
1.46500000000000e+01	2.19336561159920e+27
1.46600000000000e+01	2.18340991397653e+27
1.46700000000000e+01	2.17358553787885e+27
1.46800000000000e+01	2.16384176517497e+27
1.46900000000000e+01	2.15424587326001e+27
1.47000000000000e+01	2.14479982791872e+27
1.47100000000000e+01	2.13546844147853e+27
1.47200000000000e+01	2.12626684471752e+27
1.47300000000000e+01	2.11719025435680e+27
1.47400000000000e+01	2.10814339431543e+27
1.47500000000000e+01	2.09918110169029e+27
1.47600000000000e+01	2.09021830282574e+27
1.47700000000000e+01	2.08126473901099e+27
1.47800000000000e+01	2.07221734938267e+27
1.47900000000000e+01	2.06315041451030e+27
1.48000000000000e+01	2.05399214931816e+27
1.48100000000000e+01	2.04477749769647e+27
1.48200000000000e+01	2.03548068125013e+27
1.48300000000000e+01	2.02613941590831e+27
1.48400000000000e+01	2.01681067992027e+27
1.48500000000000e+01	2.00749361357307e+27
1.48600000000000e+01	1.99820682256457e+27
1.48700000000000e+01	1.98897224118642e+27
1.48800000000000e+01	1.97980700445067e+27
1.48900000000000e+01	1.97077273198183e+27
1.49000000000000e+01	1.96180496306524e+27
1.49100000000000e+01	1.95295811169330e+27
1.49200000000000e+01	1.94423012931417e+27
1.49300000000000e+01	1.93552392898944e+27
1.49400000000000e+01	1.92687333672076e+27
1.49500000000000e+01	1.91827268774378e+27
1.49600000000000e+01	1.90968109141810e+27
1.49700000000000e+01	1.90109724169978e+27
1.49800000000000e+01	1.89251389800532e+27
1.49900000000000e+01	1.88388632874852e+27
1.50000000000000e+01	1.87528907522389e+27
1.50100000000000e+01	1.86668452978539e+27
1.50200000000000e+01	1.85806557475231e+27
1.50300000000000e+01	1.84947148511684e+27
1.50400000000000e+01	1.84093723432333e+27
1.50500000000000e+01	1.83238639625172e+27
1.50600000000000e+01	1.82390027509267e+27
1.50700000000000e+01	1.81544483678620e+27
1.50800000000000e+01	1.80706438660464e+27
1.50900000000000e+01	1.79868065457361e+27
1.51000000000000e+01	1.79035473729719e+27
1.51100000000000e+01	1.78205703943065e+27
1.51200000000000e+01	1.77380371027825e+27
1.51300000000000e+01	1.76558334499515e+27
1.51400000000000e+01	1.75742150096969e+27
1.51500000000000e+01	1.74931588755936e+27
1.51600000000000e+01	1.74124401360341e+27
1.51700000000000e+01	1.73330131286697e+27
1.51800000000000e+01	1.72539896528344e+27
1.51900000000000e+01	1.71759262563794e+27
1.52000000000000e+01	1.70990829950084e+27
1.52100000000000e+01	1.70232353859366e+27
1.52200000000000e+01	1.69482854713414e+27
1.52300000000000e+01	1.68745196959170e+27
1.52400000000000e+01	1.68011015725785e+27
1.52500000000000e+01	1.67287416269825e+27
1.52600000000000e+01	1.66567691748498e+27
1.52700000000000e+01	1.65849508116172e+27
1.52800000000000e+01	1.65133518096649e+27
1.52900000000000e+01	1.64418593225526e+27
1.53000000000000e+01	1.63699930404090e+27
1.53100000000000e+01	1.62982469856312e+27
1.53200000000000e+01	1.62261206435480e+27
1.53300000000000e+01	1.61541137943185e+27
1.53400000000000e+01	1.60814345184009e+27
1.53500000000000e+01	1.60088756371731e+27
1.53600000000000e+01	1.59362429465701e+27
1.53700000000000e+01	1.58634492309293e+27
1.53800000000000e+01	1.57907192139510e+27
1.53900000000000e+01	1.57181426033117e+27
1.54000000000000e+01	1.56458612074677e+27
1.54100000000000e+01	1.55738107851065e+27
1.54200000000000e+01	1.55019509889054e+27
1.54300000000000e+01	1.54305721594756e+27
1.54400000000000e+01	1.53601240168878e+27
1.54500000000000e+01	1.52899459160952e+27
1.54600000000000e+01	1.52207559028720e+27
1.54700000000000e+01	1.51527616507117e+27
1.54800000000000e+01	1.50853677527755e+27
1.54900000000000e+01	1.50189096266476e+27
1.55000000000000e+01	1.49536937074208e+27
1.55100000000000e+01	1.48891856050884e+27
1.55200000000000e+01	1.48254884434118e+27
1.55300000000000e+01	1.47625313268613e+27
1.55400000000000e+01	1.46997379135636e+27
1.55500000000000e+01	1.46374354539957e+27
1.55600000000000e+01	1.45751498135503e+27
1.55700000000000e+01	1.45126267293627e+27
1.55800000000000e+01	1.44499732425935e+27
1.55900000000000e+01	1.43871611065161e+27
1.56000000000000e+01	1.43241278354732e+27
1.56100000000000e+01	1.42606443942068e+27
1.56200000000000e+01	1.41969426659990e+27
1.56300000000000e+01	1.41332734759735e+27
1.56400000000000e+01	1.40698216981297e+27
1.56500000000000e+01	1.40063689528790e+27
1.56600000000000e+01	1.39436470102305e+27
1.56700000000000e+01	1.38814293305334e+27
1.56800000000000e+01	1.38200865465831e+27
1.56900000000000e+01	1.37593189807145e+27
1.57000000000000e+01	1.36994574314655e+27
1.57100000000000e+01	1.36405105534210e+27
1.57200000000000e+01	1.35822727528505e+27
1.57300000000000e+01	1.35249058569600e+27
1.57400000000000e+01	1.34679151381102e+27
1.57500000000000e+01	1.34116155322320e+27
1.57600000000000e+01	1.33557775931286e+27
1.57700000000000e+01	1.33001175155869e+27
1.57800000000000e+01	1.32446926059917e+27
1.57900000000000e+01	1.31896102933220e+27
1.58000000000000e+01	1.31342320186217e+27
1.58100000000000e+01	1.30790578558341e+27
1.58200000000000e+01	1.30237299034723e+27
1.58300000000000e+01	1.29685163332352e+27
1.58400000000000e+01	1.29129337434826e+27
1.58500000000000e+01	1.28574049596245e+27
1.58600000000000e+01	1.28015999236760e+27
1.58700000000000e+01	1.27456534302642e+27
1.58800000000000e+01	1.26894831501002e+27
1.58900000000000e+01	1.26334655353865e+27
1.59000000000000e+01	1.25769237315811e+27
1.59100000000000e+01	1.25204831820075e+27
1.59200000000000e+01	1.24638306013675e+27
1.59300000000000e+01	1.24072573918704e+27
1.59400000000000e+01	1.23502330996225e+27
1.59500000000000e+01	1.22935174642641e+27
1.59600000000000e+01	1.22367448034974e+27
1.59700000000000e+01	1.21800974464359e+27
1.59800000000000e+01	1.21236577234087e+27
1.59900000000000e+01	1.20675950903207e+27
1.60000000000000e+01	1.20122979676441e+27
1.60100000000000e+01	1.19575603405249e+27
1.60200000000000e+01	1.19035826862935e+27
1.60300000000000e+01	1.18502461282076e+27
1.60400000000000e+01	1.17978969621005e+27
1.60500000000000e+01	1.17465068908198e+27
1.60600000000000e+01	1.16959552150302e+27
1.60700000000000e+01	1.16461500324083e+27
1.60800000000000e+01	1.15970002032026e+27
1.60900000000000e+01	1.15484159060053e+27
1.61000000000000e+01	1.15005456941861e+27
1.61100000000000e+01	1.14528603815302e+27
1.61200000000000e+01	1.14056678936064e+27
1.61300000000000e+01	1.13586079066790e+27
1.61400000000000e+01	1.13119831426431e+27
1.61500000000000e+01	1.12652836789141e+27
1.61600000000000e+01	1.12187219621249e+27
1.61700000000000e+01	1.11722509579300e+27
1.61800000000000e+01	1.11258967215304e+27
1.61900000000000e+01	1.10795677300049e+27
1.62000000000000e+01	1.10334199906677e+27
1.62100000000000e+01	1.09875037103829e+27
1.62200000000000e+01	1.09417361052918e+27
1.62300000000000e+01	1.08960801913069e+27
1.62400000000000e+01	1.08506664949714e+27
1.62500000000000e+01	1.08051498127039e+27
1.62600000000000e+01	1.07597268457835e+27
1.62700000000000e+01	1.07140271665874e+27
1.62800000000000e+01	1.06680342716501e+27
1.62900000000000e+01	1.06214907733398e+27
1.63000000000000e+01	1.05744197902904e+27
1.63100000000000e+01	1.05266863643724e+27
1.63200000000000e+01	1.04781973977030e+27
1.63300000000000e+01	1.04290774761969e+27
1.63400000000000e+01	1.03793896421764e+27
1.63500000000000e+01	1.03292759574887e+27
1.63600000000000e+01	1.02789371226281e+27
1.63700000000000e+01	1.02285584176923e+27
1.63800000000000e+01	1.01782633992717e+27
1.63900000000000e+01	1.01283711469768e+27
1.64000000000000e+01	1.00787898420183e+27
1.64100000000000e+01	1.00297875504009e+27
1.64200000000000e+01	9.98134719348621e+26
1.64300000000000e+01	9.93332263882049e+26
1.64400000000000e+01	9.88571253582014e+26
1.64500000000000e+01	9.83844371846917e+26
1.64600000000000e+01	9.79138263654046e+26
1.64700000000000e+01	9.74448665495290e+26
1.64800000000000e+01	9.69772975920958e+26
1.64900000000000e+01	9.65103287218276e+26
1.65000000000000e+01	9.60448431412618e+26
1.65100000000000e+01	9.55816754294128e+26
1.65200000000000e+01	9.51206620358733e+26
1.65300000000000e+01	9.46646010701427e+26
1.65400000000000e+01	9.42137040127964e+26
1.65500000000000e+01	9.37685780159844e+26
1.65600000000000e+01	9.33310334549105e+26
1.65700000000000e+01	9.29008732806723e+26
1.65800000000000e+01	9.24799255325725e+26
1.65900000000000e+01	9.20675493850563e+26
1.66000000000000e+01	9.16636496713883e+26
1.66100000000000e+01	9.12692925408521e+26
1.66200000000000e+01	9.08845395631597e+26
1.66300000000000e+01	9.05086857122298e+26
1.66400000000000e+01	9.01431104722172e+26
1.66500000000000e+01	8.97866208154673e+26
1.66600000000000e+01	8.94394727637635e+26
1.66700000000000e+01	8.91023796333025e+26
1.66800000000000e+01	8.87732505561889e+26
1.66900000000000e+01	8.84535602861498e+26
1.67000000000000e+01	8.81409136634338e+26
1.67100000000000e+01	8.78342503393394e+26
1.67200000000000e+01	8.75346371854878e+26
1.67300000000000e+01	8.72387195530662e+26
1.67400000000000e+01	8.69459020541508e+26
1.67500000000000e+01	8.66561154125406e+26
1.67600000000000e+01	8.63679195824776e+26
1.67700000000000e+01	8.60805618460513e+26
1.67800000000000e+01	8.57937600484141e+26
1.67900000000000e+01	8.55071190208926e+26
1.68000000000000e+01	8.52195334247536e+26
1.68100000000000e+01	8.49319930725229e+26
1.68200000000000e+01	8.46429245164074e+26
1.68300000000000e+01	8.43520719498512e+26
1.68400000000000e+01	8.40599641123012e+26
1.68500000000000e+01	8.37662400299242e+26
1.68600000000000e+01	8.34709656475485e+26
1.68700000000000e+01	8.31738929005638e+26
1.68800000000000e+01	8.28753908932423e+26
1.68900000000000e+01	8.25758566620430e+26
1.69000000000000e+01	8.22748190879859e+26
1.69100000000000e+01	8.19729306386732e+26
1.69200000000000e+01	8.16720468088279e+26
1.69300000000000e+01	8.13709687809681e+26
1.69400000000000e+01	8.10716221918123e+26
1.69500000000000e+01	8.07742443886041e+26
1.69600000000000e+01	8.04789455572162e+26
1.69700000000000e+01	8.01862324287210e+26
1.69800000000000e+01	7.98961360760643e+26
1.69900000000000e+01	7.96096124790250e+26
1.70000000000000e+01	7.93250706467251e+26
1.70100000000000e+01	7.90441751492677e+26
1.70200000000000e+01	7.87650680496602e+26
1.70300000000000e+01	7.84871378347302e+26
1.70400000000000e+01	7.82108681093226e+26
1.70500000000000e+01	7.79344123544635e+26
1.70600000000000e+01	7.76579077639033e+26
1.70700000000000e+01	7.73809400291812e+26
1.70800000000000e+01	7.71028578841564e+26
1.70900000000000e+01	7.68239613429900e+26
1.71000000000000e+01	7.65437959969133e+26
1.71100000000000e+01	7.62626447201527e+26
1.71200000000000e+01	7.59806739623675e+26
1.71300000000000e+01	7.56968756859714e+26
1.71400000000000e+01	7.54133106043448e+26
1.71500000000000e+01	7.51299868223452e+26
1.71600000000000e+01	7.48467145600935e+26
1.71700000000000e+01	7.45636185149445e+26
1.71800000000000e+01	7.42824630494998e+26
1.71900000000000e+01	7.40025891356226e+26
1.72000000000000e+01	7.37245056323999e+26
1.72100000000000e+01	7.34491101848901e+26
1.72200000000000e+01	7.31762774174675e+26
1.72300000000000e+01	7.29056507012032e+26
1.72400000000000e+01	7.26391148605474e+26
1.72500000000000e+01	7.23755332319378e+26
1.72600000000000e+01	7.21148682106389e+26
1.72700000000000e+01	7.18573569691782e+26
1.72800000000000e+01	7.16030396415001e+26
1.72900000000000e+01	7.13517638038693e+26
1.73000000000000e+01	7.11030479784302e+26
1.73100000000000e+01	7.08561113460806e+26
1.73200000000000e+01	7.06111355500411e+26
1.73300000000000e+01	7.03673868692269e+26
1.73400000000000e+01	7.01246552678223e+26
1.73500000000000e+01	6.98826120655309e+26
1.73600000000000e+01	6.96413148025298e+26
1.73700000000000e+01	6.93992790846310e+26
1.73800000000000e+01	6.91573033004593e+26
1.73900000000000e+01	6.89152978659101e+26
1.74000000000000e+01	6.86722620977962e+26
1.74100000000000e+01	6.84289950211958e+26
1.74200000000000e+01	6.81849216537376e+26
1.74300000000000e+01	6.79404207975957e+26
1.74400000000000e+01	6.76954303297964e+26
1.74500000000000e+01	6.74506358004917e+26
1.74600000000000e+01	6.72060859020092e+26
1.74700000000000e+01	6.69622663282666e+26
1.74800000000000e+01	6.67194867518152e+26
1.74900000000000e+01	6.64780210858099e+26
1.75000000000000e+01	6.62382493665522e+26
1.75100000000000e+01	6.60006380236066e+26
1.75200000000000e+01	6.57653642034839e+26
1.75300000000000e+01	6.55325578608595e+26
1.75400000000000e+01	6.53021381978708e+26
1.75500000000000e+01	6.50745986420322e+26
1.75600000000000e+01	6.48491866881219e+26
1.75700000000000e+01	6.46263678953297e+26
1.75800000000000e+01	6.44053388233037e+26
1.75900000000000e+01	6.41863528185686e+26
1.76000000000000e+01	6.39687188901953e+26
1.76100000000000e+01	6.37526595691953e+26
1.76200000000000e+01	6.35375336948541e+26
1.76300000000000e+01	6.33237074901527e+26
1.76400000000000e+01	6.31106265806389e+26
1.76500000000000e+01	6.28987380553193e+26
1.76600000000000e+01	6.26876841004409e+26
1.76700000000000e+01	6.24776279985090e+26
1.76800000000000e+01	6.22686744650812e+26
1.76900000000000e+01	6.20608520978806e+26
1.77000000000000e+01	6.18543132051204e+26
1.77100000000000e+01	6.16489307145331e+26
1.77200000000000e+01	6.14446967232392e+26
1.77300000000000e+01	6.12418014254907e+26
1.77400000000000e+01	6.10397150084900e+26
1.77500000000000e+01	6.08386233069375e+26
1.77600000000000e+01	6.06383151617247e+26
1.77700000000000e+01	6.04385881755480e+26
1.77800000000000e+01	6.02392377381920e+26
1.77900000000000e+01	6.00404192374722e+26
1.78000000000000e+01	5.98419451921201e+26
1.78100000000000e+01	5.96438097989001e+26
1.78200000000000e+01	5.94459808500321e+26
1.78300000000000e+01	5.92487079504036e+26
1.78400000000000e+01	5.90520345030586e+26
1.78500000000000e+01	5.88561577780207e+26
1.78600000000000e+01	5.86610501383536e+26
1.78700000000000e+01	5.84667526371466e+26
1.78800000000000e+01	5.82733850083680e+26
1.78900000000000e+01	5.80808973888575e+26
1.79000000000000e+01	5.78890820789003e+26
1.79100000000000e+01	5.76976939680755e+26
1.79200000000000e+01	5.75067679499536e+26
1.79300000000000e+01	5.73159543501018e+26
1.79400000000000e+01	5.71250310581674e+26
1.79500000000000e+01	5.69340016166622e+26
1.79600000000000e+01	5.67427870807860e+26
1.79700000000000e+01	5.65509892772961e+26
1.79800000000000e+01	5.63590121911797e+26
1.79900000000000e+01	5.61664279598881e+26
1.80000000000000e+01	5.59735339217460e+26
1.80100000000000e+01	5.57805107383424e+26
1.80200000000000e+01	5.55870551060122e+26
1.80300000000000e+01	5.53937744847417e+26
1.80400000000000e+01	5.52003748868130e+26
1.80500000000000e+01	5.50072561888881e+26
1.80600000000000e+01	5.48145313189436e+26
1.80700000000000e+01	5.46221924409763e+26
1.80800000000000e+01	5.44307444387523e+26
1.80900000000000e+01	5.42398681882372e+26
1.81000000000000e+01	5.40500837616979e+26
1.81100000000000e+01	5.38614287969111e+26
1.81200000000000e+01	5.36741117560690e+26
1.81300000000000e+01	5.34883058218734e+26
1.81400000000000e+01	5.33040591162086e+26
1.81500000000000e+01	5.31218208363093e+26
1.81600000000000e+01	5.29414366601186e+26
1.81700000000000e+01	5.27632955269529e+26
1.81800000000000e+01	5.25871948796487e+26
1.81900000000000e+01	5.24132052371597e+26
1.82000000000000e+01	5.22412871123957e+26
1.82100000000000e+01	5.20713610887178e+26
1.82200000000000e+01	5.19032490819544e+26
1.82300000000000e+01	5.17364587819496e+26
1.82400000000000e+01	5.15710079895713e+26
1.82500000000000e+01	5.14064363203376e+26
1.82600000000000e+01	5.12426112392816e+26
1.82700000000000e+01	5.10792287644982e+26
1.82800000000000e+01	5.09161202732125e+26
1.82900000000000e+01	5.07532429453845e+26
1.83000000000000e+01	5.05904786520860e+26
1.83100000000000e+01	5.04278098610103e+26
1.83200000000000e+01	5.02654063252210e+26
1.83300000000000e+01	5.01031696626171e+26
1.83400000000000e+01	4.99411686905063e+26
1.83500000000000e+01	4.97795397441041e+26
1.83600000000000e+01	4.96183902567802e+26
1.83700000000000e+01	4.94577670186041e+26
1.83800000000000e+01	4.92973925938135e+26
1.83900000000000e+01	4.91375294869604e+26
1.84000000000000e+01	4.89779664446181e+26
1.84100000000000e+01	4.88186137473752e+26
1.84200000000000e+01	4.86595610912234e+26
1.84300000000000e+01	4.85005608083032e+26
1.84400000000000e+01	4.83415558859454e+26
1.84500000000000e+01	4.81826085581329e+26
1.84600000000000e+01	4.80235779018719e+26
1.84700000000000e+01	4.78644103393908e+26
1.84800000000000e+01	4.77051502518738e+26
1.84900000000000e+01	4.75460100884086e+26
1.85000000000000e+01	4.73870550682850e+26
1.85100000000000e+01	4.72283366671817e+26
1.85200000000000e+01	4.70703086336378e+26
1.85300000000000e+01	4.69129755927355e+26
1.85400000000000e+01	4.67565706967305e+26
1.85500000000000e+01	4.66012907545181e+26
1.85600000000000e+01	4.64474111936229e+26
1.85700000000000e+01	4.62949630536240e+26
1.85800000000000e+01	4.61440087200846e+26
1.85900000000000e+01	4.59945359410622e+26
1.86000000000000e+01	4.58466217580890e+26
1.86100000000000e+01	4.57000449821684e+26
1.86200000000000e+01	4.55546998560462e+26
1.86300000000000e+01	4.54105177646675e+26
1.86400000000000e+01	4.52671298588292e+26
1.86500000000000e+01	4.51246381524289e+26
1.86600000000000e+01	4.49827098593331e+26
1.86700000000000e+01	4.48413246032926e+26
1.86800000000000e+01	4.47002307396842e+26
1.86900000000000e+01	4.45595384878377e+26
1.87000000000000e+01	4.44190616215642e+26
1.87100000000000e+01	4.42789641708984e+26
1.87200000000000e+01	4.41389999825832e+26
1.87300000000000e+01	4.39993716196697e+26
1.87400000000000e+01	4.38600875435065e+26
1.87500000000000e+01	4.37211393966009e+26
1.87600000000000e+01	4.35826301864445e+26
1.87700000000000e+01	4.34444279417923e+26
1.87800000000000e+01	4.33067759961682e+26
1.87900000000000e+01	4.31695191021803e+26
1.88000000000000e+01	4.30328489467539e+26
1.88100000000000e+01	4.28964460265345e+26
1.88200000000000e+01	4.27605882456708e+26
1.88300000000000e+01	4.26251572858574e+26
1.88400000000000e+01	4.24901547846196e+26
1.88500000000000e+01	4.23555543618205e+26
1.88600000000000e+01	4.22215173790100e+26
1.88700000000000e+01	4.20877894267239e+26
1.88800000000000e+01	4.19546536208777e+26
1.88900000000000e+01	4.18220062818996e+26
1.89000000000000e+01	4.16898120575742e+26
1.89100000000000e+01	4.15582695390722e+26
1.89200000000000e+01	4.14271530928728e+26
1.89300000000000e+01	4.12966743495528e+26
1.89400000000000e+01	4.11666713898303e+26
1.89500000000000e+01	4.10372161046584e+26
1.89600000000000e+01	4.09083770546557e+26
1.89700000000000e+01	4.07798766716797e+26
1.89800000000000e+01	4.06519926227793e+26
1.89900000000000e+01	4.05246171440881e+26
1.90000000000000e+01	4.03977306518808e+26
1.90100000000000e+01	4.02713574302844e+26
1.90200000000000e+01	4.01455638719527e+26
1.90300000000000e+01	4.00205265277856e+26
1.90400000000000e+01	3.98960429651962e+26
1.90500000000000e+01	3.97723819420258e+26
1.90600000000000e+01	3.96495073427556e+26
1.90700000000000e+01	3.95273946666387e+26
1.90800000000000e+01	3.94061231114372e+26
1.90900000000000e+01	3.92857039522477e+26
1.91000000000000e+01	3.91659277304045e+26
1.91100000000000e+01	3.90469344780704e+26
1.91200000000000e+01	3.89284953637877e+26
1.91300000000000e+01	3.88104962047461e+26
1.91400000000000e+01	3.86929138230116e+26
1.91500000000000e+01	3.85755829625377e+26
1.91600000000000e+01	3.84583981677468e+26
1.91700000000000e+01	3.83414225336592e+26
1.91800000000000e+01	3.82244140128528e+26
1.91900000000000e+01	3.81075038342673e+26
1.92000000000000e+01	3.79906274528217e+26
1.92100000000000e+01	3.78737976571129e+26
1.92200000000000e+01	3.77570692843460e+26
1.92300000000000e+01	3.76404558027379e+26
1.92400000000000e+01	3.75240403145410e+26
1.92500000000000e+01	3.74079631308285e+26
1.92600000000000e+01	3.72920747840887e+26
1.92700000000000e+01	3.71765974082464e+26
1.92800000000000e+01	3.70613592448720e+26
1.92900000000000e+01	3.69465635599322e+26
1.93000000000000e+01	3.68321277529644e+26
1.93100000000000e+01	3.67180350685012e+26
1.93200000000000e+01	3.66043057155059e+26
1.93300000000000e+01	3.64909180200934e+26
1.93400000000000e+01	3.63777646840632e+26
1.93500000000000e+01	3.62648349608167e+26
1.93600000000000e+01	3.61522741761836e+26
1.93700000000000e+01	3.60398468403289e+26
1.93800000000000e+01	3.59277398850332e+26
1.93900000000000e+01	3.58159435561589e+26
1.94000000000000e+01	3.57042671237548e+26
1.94100000000000e+01	3.55930509590154e+26
1.94200000000000e+01	3.54821047563627e+26
1.94300000000000e+01	3.53715590993685e+26
1.94400000000000e+01	3.52613941074093e+26
1.94500000000000e+01	3.51517955816247e+26
1.94600000000000e+01	3.50424957215813e+26
1.94700000000000e+01	3.49336702973090e+26
1.94800000000000e+01	3.48254538269039e+26
1.94900000000000e+01	3.47176376822259e+26
1.95000000000000e+01	3.46103146732482e+26
1.95100000000000e+01	3.45035746546558e+26
1.95200000000000e+01	3.43973762142213e+26
1.95300000000000e+01	3.42915726504766e+26
1.95400000000000e+01	3.41863891133442e+26
1.95500000000000e+01	3.40816782350918e+26
1.95600000000000e+01	3.39774639471285e+26
1.95700000000000e+01	3.38736369133525e+26
1.95800000000000e+01	3.37704166803879e+26
1.95900000000000e+01	3.36676531832698e+26
1.96000000000000e+01	3.35653633639721e+26
1.96100000000000e+01	3.34635285201090e+26
1.96200000000000e+01	3.33621250186571e+26
1.96300000000000e+01	3.32610971143625e+26
1.96400000000000e+01	3.31604552441706e+26
1.96500000000000e+01	3.30602417482502e+26
1.96600000000000e+01	3.29602076435300e+26
1.96700000000000e+01	3.28604695283067e+26
1.96800000000000e+01	3.27609823030051e+26
1.96900000000000e+01	3.26616727508309e+26
1.97000000000000e+01	3.25622901244636e+26
1.97100000000000e+01	3.24628979323523e+26
1.97200000000000e+01	3.23632864322091e+26
1.97300000000000e+01	3.22629001886721e+26
1.97400000000000e+01	3.21612930286547e+26
1.97500000000000e+01	3.20571344210519e+26
1.97600000000000e+01	3.19485149368613e+26
1.97700000000000e+01	3.18323508560783e+26
1.97800000000000e+01	3.17038070539474e+26
1.97900000000000e+01	3.15553714275734e+26
1.98000000000000e+01	3.13764468554654e+26
1.98100000000000e+01	3.11515253870355e+26
1.98200000000000e+01	3.08600392055903e+26
1.98300000000000e+01	3.04749967050338e+26
1.98400000000000e+01	2.99627368937857e+26
1.98500000000000e+01	2.92833851510492e+26
1.98600000000000e+01	2.83927976859795e+26
1.98700000000000e+01	2.72457069335134e+26
1.98800000000000e+01	2.58008209362208e+26
1.98900000000000e+01	2.40275534967673e+26
1.99000000000000e+01	2.19141634142026e+26
1.99100000000000e+01	1.94758367262948e+26
1.99200000000000e+01	1.67626339068528e+26
1.99300000000000e+01	1.38629496842148e+26
1.99400000000000e+01	1.09033854258738e+26
1.99500000000000e+01	8.04002003855916e+25
1.99600000000000e+01	5.44177905995706e+25
1.99700000000000e+01	3.26560598457030e+25
1.99800000000000e+01	1.62746983072319e+25
1.99900000000000e+01	5.75939956883070e+24
2.00000000000000e+01	7.74660453175690e+23
