1.00000000000000e-02	3.38486404610301e+23
2.00000000000000e-02	1.35253611997505e+24
3.00000000000000e-02	3.03782459108748e+24
4.00000000000000e-02	5.38814750490083e+24
5.00000000000000e-02	8.39261961969975e+24
6.00000000000000e-02	1.20424324167688e+25
7.00000000000000e-02	1.63175726538724e+25
8.00000000000000e-02	2.12026276618055e+25
9.00000000000000e-02	2.66785375059875e+25
1.00000000000000e-01	3.27208613291938e+25
1.10000000000000e-01	3.93092684227820e+25
1.20000000000000e-01	4.64085553278023e+25
1.30000000000000e-01	5.39942948549740e+25
1.40000000000000e-01	6.20409531056767e+25
1.50000000000000e-01	7.04933696921749e+25
1.60000000000000e-01	7.93437526075787e+25
1.70000000000000e-01	8.85177982494849e+25
1.80000000000000e-01	9.79875763486674e+25
1.90000000000000e-01	1.07731758786213e+26
2.00000000000000e-01	1.17696434680629e+26
2.10000000000000e-01	1.27812868986993e+26
2.20000000000000e-01	1.38071204782589e+26
2.30000000000000e-01	1.48398790261077e+26
2.40000000000000e-01	1.58745736818664e+26
2.50000000000000e-01	1.69070844930846e+26
2.60000000000000e-01	1.79313192390941e+26
2.70000000000000e-01	1.89423185296157e+26
2.80000000000000e-01	1.99354331573032e+26
2.90000000000000e-01	2.09049173878243e+26
3.00000000000000e-01	2.18440235626928e+26
3.10000000000000e-01	2.27516175294494e+26
3.20000000000000e-01	2.36167761814689e+26
3.30000000000000e-01	2.44373280356526e+26
3.40000000000000e-01	2.52090746444380e+26
3.50000000000000e-01	2.59225883862184e+26
3.60000000000000e-01	2.65803594634443e+26
3.70000000000000e-01	2.71723047975634e+26
3.80000000000000e-01	2.76916910821973e+26
3.90000000000000e-01	2.81372053251971e+26
4.00000000000000e-01	2.85094644189819e+26
4.10000000000000e-01	2.87913845720671e+26
4.20000000000000e-01	2.89974144654869e+26
4.30000000000000e-01	2.91027778256991e+26
4.40000000000000e-01	2.91197708855885e+26
4.50000000000000e-01	2.90448559773546e+26
4.60000000000000e-01	2.88715618640313e+26
4.70000000000000e-01	2.86014551715911e+26
4.80000000000000e-01	2.82365960734678e+26
4.90000000000000e-01	2.77598642174364e+26
5.00000000000000e-01	2.71953178164735e+26
5.10000000000000e-01	2.65240007046108e+26
5.20000000000000e-01	2.57526281850954e+26
5.30000000000000e-01	2.48914830508478e+26
5.40000000000000e-01	2.39440887645744e+26
5.50000000000000e-01	2.28962732844465e+26
5.60000000000000e-01	2.17755280862576e+26
5.70000000000000e-01	2.05621993821211e+26
5.80000000000000e-01	1.92960861647600e+26
5.90000000000000e-01	1.79579176748123e+26
6.00000000000000e-01	1.65615020307555e+26
6.10000000000000e-01	1.51302398464189e+26
6.20000000000000e-01	1.36663535837425e+26
6.30000000000000e-01	1.21842786781230e+26
6.40000000000000e-01	1.06958151190766e+26
6.50000000000000e-01	9.22016021526329e+25
6.60000000000000e-01	7.77890021824327e+25
6.70000000000000e-01	6.38413356292031e+25
6.80000000000000e-01	5.06175340858141e+25
6.90000000000000e-01	3.83036314473214e+25
7.00000000000000e-01	2.72588075764894e+25
7.10000000000000e-01	1.76289585218057e+25
7.20000000000000e-01	9.77473335390812e+24
7.30000000000000e-01	4.00962855523877e+24
7.40000000000000e-01	6.88056758491213e+23
7.50000000000000e-01	1.57258701219242e+23
7.60000000000000e-01	2.82011722304075e+24
7.70000000000000e-01	9.11736213996868e+24
7.80000000000000e-01	1.94789047601029e+25
7.90000000000000e-01	3.44164017658133e+25
8.00000000000000e-01	5.44007088423261e+25
8.10000000000000e-01	8.00206024015313e+25
8.20000000000000e-01	1.11860903811381e+26
8.30000000000000e-01	1.50568152814721e+26
8.40000000000000e-01	1.96761969606600e+26
8.50000000000000e-01	2.51068562033232e+26
8.60000000000000e-01	3.14454230510710e+26
8.70000000000000e-01	3.87496520708524e+26
8.80000000000000e-01	4.71235875663557e+26
8.90000000000000e-01	5.66345907939762e+26
9.00000000000000e-01	6.73882296520112e+26
9.10000000000000e-01	7.94741373866365e+26
9.20000000000000e-01	9.30178766010181e+26
9.30000000000000e-01	1.08098249229339e+27
9.40000000000000e-01	1.24885518478189e+27
9.50000000000000e-01	1.43428387423917e+27
9.60000000000000e-01	1.63908078320564e+27
9.70000000000000e-01	1.86467244332097e+27
9.80000000000000e-01	2.11198317571296e+27
9.90000000000000e-01	2.38274470872201e+27
1.00000000000000e+00	2.67891999903664e+27
1.01000000000000e+00	3.00225494390127e+27
1.02000000000000e+00	3.35343351926525e+27
1.03000000000000e+00	3.73568645936458e+27
1.04000000000000e+00	4.15030970750485e+27
1.05000000000000e+00	4.59938716466114e+27
1.06000000000000e+00	5.08467024742927e+27
1.07000000000000e+00	5.60879809734046e+27
1.08000000000000e+00	6.17466255524961e+27
1.09000000000000e+00	6.78397272672214e+27
1.10000000000000e+00	7.43974282829300e+27
1.11000000000000e+00	8.14397442797127e+27
1.12000000000000e+00	8.90068840576236e+27
1.13000000000000e+00	9.71232771144811e+27
1.14000000000000e+00	1.05823761575233e+28
1.15000000000000e+00	1.15133410682048e+28
1.16000000000000e+00	1.25103474283806e+28
1.17000000000000e+00	1.35752206774672e+28
1.18000000000000e+00	1.47129902340522e+28
1.19000000000000e+00	1.59269458621474e+28
1.20000000000000e+00	1.72217841828462e+28
1.21000000000000e+00	1.86004546847371e+28
1.22000000000000e+00	2.00696058577655e+28
1.23000000000000e+00	2.16342615947770e+28
1.24000000000000e+00	2.32993218259979e+28
1.25000000000000e+00	2.50683323817121e+28
1.26000000000000e+00	2.69467307039002e+28
1.27000000000000e+00	2.89432934636768e+28
1.28000000000000e+00	3.10637774211677e+28
1.29000000000000e+00	3.33120168540702e+28
1.30000000000000e+00	3.56968075798545e+28
1.31000000000000e+00	3.82233021289861e+28
1.32000000000000e+00	4.08986354939947e+28
1.33000000000000e+00	4.37360303879548e+28
1.34000000000000e+00	4.67373879148234e+28
1.35000000000000e+00	4.99158327654212e+28
1.36000000000000e+00	5.32759265326618e+28
1.37000000000000e+00	5.68325456343093e+28
1.38000000000000e+00	6.05891466604875e+28
1.39000000000000e+00	6.45611086559450e+28
1.40000000000000e+00	6.87569040758691e+28
1.41000000000000e+00	7.31894937158311e+28
1.42000000000000e+00	7.78686441144347e+28
1.43000000000000e+00	8.28105211348490e+28
1.44000000000000e+00	8.80228621392307e+28
1.45000000000000e+00	9.35265120070671e+28
1.46000000000000e+00	9.93294409901948e+28
1.47000000000000e+00	1.05450197410584e+29
1.48000000000000e+00	1.11901723415345e+29
1.49000000000000e+00	1.18709951629846e+29
1.50000000000000e+00	1.25894544031329e+29
1.51000000000000e+00	1.33434939903237e+29
1.52000000000000e+00	1.41404470659695e+29
1.53000000000000e+00	1.49807328303899e+29
1.54000000000000e+00	1.58648485227857e+29
1.55000000000000e+00	1.67968578910976e+29
1.56000000000000e+00	1.77762792768707e+29
1.57000000000000e+00	1.88094656408289e+29
1.58000000000000e+00	1.98983780996599e+29
1.59000000000000e+00	2.10441127658998e+29
1.60000000000000e+00	2.22506102844409e+29
1.61000000000000e+00	2.35196794189954e+29
1.62000000000000e+00	2.48603281534000e+29
1.63000000000000e+00	2.62724253167616e+29
1.64000000000000e+00	2.77619694033707e+29
1.65000000000000e+00	2.93368809279931e+29
1.66000000000000e+00	3.10017312765265e+29
1.67000000000000e+00	3.27637434008368e+29
1.68000000000000e+00	3.46299495530625e+29
1.69000000000000e+00	3.66163695472229e+29
1.70000000000000e+00	3.87240397298044e+29
1.71000000000000e+00	4.09708012051969e+29
1.72000000000000e+00	4.33612254801132e+29
1.73000000000000e+00	4.59000571577662e+29
1.74000000000000e+00	4.85938728914675e+29
1.75000000000000e+00	5.14378931269729e+29
1.76000000000000e+00	5.44192985573744e+29
1.77000000000000e+00	5.75158649762855e+29
1.78000000000000e+00	6.06959427015516e+29
1.79000000000000e+00	6.39022932574396e+29
1.80000000000000e+00	6.70803508848855e+29
1.81000000000000e+00	7.01427479213078e+29
1.82000000000000e+00	7.30063512517860e+29
1.83000000000000e+00	7.55827727291324e+29
1.84000000000000e+00	7.77858828910633e+29
1.85000000000000e+00	7.95381514036868e+29
1.86000000000000e+00	8.07888640463447e+29
1.87000000000000e+00	8.15343239689513e+29
1.88000000000000e+00	8.17973420348335e+29
1.89000000000000e+00	8.16683903481300e+29
1.90000000000000e+00	8.13086167808807e+29
1.91000000000000e+00	8.09230963964384e+29
1.92000000000000e+00	8.08009296499169e+29
1.93000000000000e+00	8.12845182104550e+29
1.94000000000000e+00	8.27706341261093e+29
1.95000000000000e+00	8.57248265912825e+29
1.96000000000000e+00	9.06339671791648e+29
1.97000000000000e+00	9.80506109904080e+29
1.98000000000000e+00	1.08563593948590e+30
1.99000000000000e+00	1.22825956616326e+30
2.00000000000000e+00	1.41550626164311e+30
2.01000000000000e+00	1.65532462633284e+30
2.02000000000000e+00	1.95640045777296e+30
2.03000000000000e+00	2.32831139116705e+30
2.04000000000000e+00	2.78119912400255e+30
2.05000000000000e+00	3.32572504380697e+30
2.06000000000000e+00	3.97243423297238e+30
2.07000000000000e+00	4.73127518978710e+30
2.08000000000000e+00	5.61122868753409e+30
2.09000000000000e+00	6.61899925696290e+30
2.10000000000000e+00	7.75948912295450e+30
2.11000000000000e+00	9.03396667005692e+30
2.12000000000000e+00	1.04407569877767e+31
2.13000000000000e+00	1.19750238878039e+31
2.14000000000000e+00	1.36292742706508e+31
2.15000000000000e+00	1.53937256969460e+31
2.16000000000000e+00	1.72595672359737e+31
2.17000000000000e+00	1.92167485593394e+31
2.18000000000000e+00	2.12600189323839e+31
2.19000000000000e+00	2.33869553202097e+31
2.20000000000000e+00	2.56019501147692e+31
2.21000000000000e+00	2.79165842724453e+31
2.22000000000000e+00	3.03488708343227e+31
2.23000000000000e+00	3.29247921778223e+31
2.24000000000000e+00	3.56700234250981e+31
2.25000000000000e+00	3.86037006361483e+31
2.26000000000000e+00	4.17319586202072e+31
2.27000000000000e+00	4.50307074397506e+31
2.28000000000000e+00	4.84421015345498e+31
2.29000000000000e+00	5.18725041557091e+31
2.30000000000000e+00	5.52035149524462e+31
2.31000000000000e+00	5.83179824816973e+31
2.32000000000000e+00	6.11216916204699e+31
2.33000000000000e+00	6.35482764989440e+31
2.34000000000000e+00	6.55459656739937e+31
2.35000000000000e+00	6.70397163336865e+31
2.36000000000000e+00	6.79136919553142e+31
2.37000000000000e+00	6.79918000298857e+31
2.38000000000000e+00	6.70560440354972e+31
2.39000000000000e+00	6.48748854551931e+31
2.40000000000000e+00	6.12722067294592e+31
2.41000000000000e+00	5.62131864963567e+31
2.42000000000000e+00	4.99020939643791e+31
2.43000000000000e+00	4.28269562703556e+31
2.44000000000000e+00	3.56868179164699e+31
2.45000000000000e+00	2.92111751811980e+31
2.46000000000000e+00	2.39625313543554e+31
2.47000000000000e+00	2.02263190573414e+31
2.48000000000000e+00	1.80367516896887e+31
2.49000000000000e+00	1.72643646287251e+31
2.50000000000000e+00	1.77143834085100e+31
2.51000000000000e+00	1.91823862721473e+31
2.52000000000000e+00	2.14663470199647e+31
2.53000000000000e+00	2.43548762631341e+31
2.54000000000000e+00	2.76164721379031e+31
2.55000000000000e+00	3.10060174432826e+31
2.56000000000000e+00	3.42915690225270e+31
2.57000000000000e+00	3.72710289474782e+31
2.58000000000000e+00	3.97856135118153e+31
2.59000000000000e+00	4.17169164583499e+31
2.60000000000000e+00	4.29731699705448e+31
2.61000000000000e+00	4.34947192401402e+31
2.62000000000000e+00	4.32497967428959e+31
2.63000000000000e+00	4.22465779748623e+31
2.64000000000000e+00	4.05392066787299e+31
2.65000000000000e+00	3.82336283887680e+31
2.66000000000000e+00	3.54824952230507e+31
2.67000000000000e+00	3.24738071426142e+31
2.68000000000000e+00	2.94133313627142e+31
2.69000000000000e+00	2.65000785811266e+31
2.70000000000000e+00	2.39194985533930e+31
2.71000000000000e+00	2.18354051757712e+31
2.72000000000000e+00	2.03991432705586e+31
2.73000000000000e+00	1.97515253867618e+31
2.74000000000000e+00	2.00281261120900e+31
2.75000000000000e+00	2.13651855994008e+31
2.76000000000000e+00	2.39046301378106e+31
2.77000000000000e+00	2.78105024194923e+31
2.78000000000000e+00	3.32872486613742e+31
2.79000000000000e+00	4.06012258906904e+31
2.80000000000000e+00	5.00874340032574e+31
2.81000000000000e+00	6.21364733768470e+31
2.82000000000000e+00	7.71596298975854e+31
2.83000000000000e+00	9.55323354599518e+31
2.84000000000000e+00	1.17532338212965e+32
2.85000000000000e+00	1.43289327118708e+32
2.86000000000000e+00	1.72752818544465e+32
2.87000000000000e+00	2.05680947213427e+32
2.88000000000000e+00	2.41666675552522e+32
2.89000000000000e+00	2.80200812601140e+32
2.90000000000000e+00	3.20788105801408e+32
2.91000000000000e+00	3.63079974654587e+32
2.92000000000000e+00	4.06979952089341e+32
2.93000000000000e+00	4.52628803274095e+32
2.94000000000000e+00	5.00229072598900e+32
2.95000000000000e+00	5.49747986729585e+32
2.96000000000000e+00	6.00563153660937e+32
2.97000000000000e+00	6.51221313970544e+32
2.98000000000000e+00	6.99341764653994e+32
2.99000000000000e+00	7.41928779433756e+32
3.00000000000000e+00	7.75878708318789e+32
3.01000000000000e+00	7.98652189071866e+32
3.02000000000000e+00	8.08714145408610e+32
3.03000000000000e+00	8.05605757319856e+32
3.04000000000000e+00	7.89728514482695e+32
3.05000000000000e+00	7.62050453191216e+32
3.06000000000000e+00	7.23963446418100e+32
3.07000000000000e+00	6.77167981400083e+32
3.08000000000000e+00	6.23689294107166e+32
3.09000000000000e+00	5.65725818140333e+32
3.10000000000000e+00	5.05520654071152e+32
3.11000000000000e+00	4.45146344232903e+32
3.12000000000000e+00	3.86395916667630e+32
3.13000000000000e+00	3.30750796871769e+32
3.14000000000000e+00	2.79439650555216e+32
3.15000000000000e+00	2.33490541015674e+32
3.16000000000000e+00	1.93729852041262e+32
3.17000000000000e+00	1.60681249939023e+32
3.18000000000000e+00	1.34419328836128e+32
3.19000000000000e+00	1.14521834587871e+32
3.20000000000000e+00	1.00202450932443e+32
3.21000000000000e+00	9.05338838765272e+31
3.22000000000000e+00	8.46558773794207e+31
3.23000000000000e+00	8.18451259058923e+31
3.24000000000000e+00	8.14906589192644e+31
3.25000000000000e+00	8.30384292825299e+31
3.26000000000000e+00	8.59638354807427e+31
3.27000000000000e+00	8.97769060676944e+31
3.28000000000000e+00	9.40415755971461e+31
3.29000000000000e+00	9.83773799378742e+31
3.30000000000000e+00	1.02463836678789e+32
3.31000000000000e+00	1.06026754203393e+32
3.32000000000000e+00	1.08834042877530e+32
3.33000000000000e+00	1.10703779119556e+32
3.34000000000000e+00	1.11520296697687e+32
3.35000000000000e+00	1.11261468668338e+32
3.36000000000000e+00	1.09999149828387e+32
3.37000000000000e+00	1.07858384822507e+32
3.38000000000000e+00	1.04962349029296e+32
3.39000000000000e+00	1.01356385270395e+32
3.40000000000000e+00	9.69955905073544e+31
3.41000000000000e+00	9.17709087966085e+31
3.42000000000000e+00	8.55887105058951e+31
3.43000000000000e+00	7.84500558311983e+31
3.44000000000000e+00	7.05000801770148e+31
3.45000000000000e+00	6.20247119819737e+31
3.46000000000000e+00	5.34066609254593e+31
3.47000000000000e+00	4.50735948194099e+31
3.48000000000000e+00	3.74367733882419e+31
3.49000000000000e+00	3.08546968018504e+31
3.50000000000000e+00	2.55874701799159e+31
3.51000000000000e+00	2.17618608358048e+31
3.52000000000000e+00	1.93565942974654e+31
3.53000000000000e+00	1.82145324502265e+31
3.54000000000000e+00	1.80791849600126e+31
3.55000000000000e+00	1.86435073724965e+31
3.56000000000000e+00	1.95950728400647e+31
3.57000000000000e+00	2.06492372752194e+31
3.58000000000000e+00	2.15701136784592e+31
3.59000000000000e+00	2.21793869374964e+31
3.60000000000000e+00	2.23603421326882e+31
3.61000000000000e+00	2.20528714436473e+31
3.62000000000000e+00	2.12498938017466e+31
3.63000000000000e+00	1.99874498807884e+31
3.64000000000000e+00	1.83348176689334e+31
3.65000000000000e+00	1.63799723541853e+31
3.66000000000000e+00	1.42188753832738e+31
3.67000000000000e+00	1.19495103311076e+31
3.68000000000000e+00	9.66627498401207e+30
3.69000000000000e+00	7.46094432373339e+30
3.70000000000000e+00	5.42030824711911e+30
3.71000000000000e+00	3.62378821381387e+30
3.72000000000000e+00	2.14169970980927e+30
3.73000000000000e+00	1.03383964251249e+30
3.74000000000000e+00	3.49152709781897e+29
3.75000000000000e+00	1.23783730516477e+29
3.76000000000000e+00	3.76679041948748e+29
3.77000000000000e+00	1.10371408921744e+30
3.78000000000000e+00	2.27343825225679e+30
3.79000000000000e+00	3.82685445093312e+30
3.80000000000000e+00	5.68254766495084e+30
3.81000000000000e+00	7.74385598901417e+30
3.82000000000000e+00	9.90819450829890e+30
3.83000000000000e+00	1.20755256605493e+31
3.84000000000000e+00	1.41549791634782e+31
3.85000000000000e+00	1.60730698201614e+31
3.86000000000000e+00	1.77760184345477e+31
3.87000000000000e+00	1.92329342400390e+31
3.88000000000000e+00	2.04344391884063e+31
3.89000000000000e+00	2.13901814303187e+31
3.90000000000000e+00	2.21242855718768e+31
3.91000000000000e+00	2.26685468928225e+31
3.92000000000000e+00	2.30533496597294e+31
3.93000000000000e+00	2.33014816189990e+31
3.94000000000000e+00	2.34252869420586e+31
3.95000000000000e+00	2.34301723674984e+31
3.96000000000000e+00	2.33156700011284e+31
3.97000000000000e+00	2.30810406369805e+31
3.98000000000000e+00	2.27272476640950e+31
3.99000000000000e+00	2.22570684051880e+31
4.00000000000000e+00	2.16778341315104e+31
4.01000000000000e+00	2.10011703607327e+31
4.02000000000000e+00	2.02461248509432e+31
4.03000000000000e+00	1.94381876020704e+31
4.04000000000000e+00	1.86059178669168e+31
4.05000000000000e+00	1.77775153851297e+31
4.06000000000000e+00	1.69764259086597e+31
4.07000000000000e+00	1.62205192109455e+31
4.08000000000000e+00	1.55219387309779e+31
4.09000000000000e+00	1.48873632726952e+31
4.10000000000000e+00	1.43219254474697e+31
4.11000000000000e+00	1.38308005387348e+31
4.12000000000000e+00	1.34195276958040e+31
4.13000000000000e+00	1.30969941448087e+31
4.14000000000000e+00	1.28744266225699e+31
4.15000000000000e+00	1.27623938689774e+31
4.16000000000000e+00	1.27684935047822e+31
4.17000000000000e+00	1.28930284126786e+31
4.18000000000000e+00	1.31253239345898e+31
4.19000000000000e+00	1.34433014449621e+31
4.20000000000000e+00	1.38143885355810e+31
4.21000000000000e+00	1.41986460548475e+31
4.22000000000000e+00	1.45520605338054e+31
4.23000000000000e+00	1.48286623521698e+31
4.24000000000000e+00	1.49855496682869e+31
4.25000000000000e+00	1.49848177810497e+31
4.26000000000000e+00	1.48013988048079e+31
4.27000000000000e+00	1.44253054389690e+31
4.28000000000000e+00	1.38675957542457e+31
4.29000000000000e+00	1.31607517860993e+31
4.30000000000000e+00	1.23565939196287e+31
4.31000000000000e+00	1.15208747209776e+31
4.32000000000000e+00	1.07260326656357e+31
4.33000000000000e+00	1.00417162301741e+31
4.34000000000000e+00	9.52759384122394e+30
4.35000000000000e+00	9.22647437862095e+30
4.36000000000000e+00	9.16082558467707e+30
4.37000000000000e+00	9.33165026240222e+30
4.38000000000000e+00	9.72112595751469e+30
4.39000000000000e+00	1.02955777648524e+31
4.40000000000000e+00	1.10134553975851e+31
4.41000000000000e+00	1.18307996476174e+31
4.42000000000000e+00	1.27101592140692e+31
4.43000000000000e+00	1.36265785353331e+31
4.44000000000000e+00	1.45728684843489e+31
4.45000000000000e+00	1.55625499771932e+31
4.46000000000000e+00	1.66317730554042e+31
4.47000000000000e+00	1.78392322774135e+31
4.48000000000000e+00	1.92656519686645e+31
4.49000000000000e+00	2.10133984281762e+31
4.50000000000000e+00	2.32049179062831e+31
4.51000000000000e+00	2.59785666492027e+31
4.52000000000000e+00	2.94868954221436e+31
4.53000000000000e+00	3.38980240105631e+31
4.54000000000000e+00	3.93930985592770e+31
4.55000000000000e+00	4.61710914961245e+31
4.56000000000000e+00	5.44548135512189e+31
4.57000000000000e+00	6.44996524579722e+31
4.58000000000000e+00	7.66003360045749e+31
4.59000000000000e+00	9.10978714376611e+31
4.60000000000000e+00	1.08374734744752e+32
4.61000000000000e+00	1.28862897701549e+32
4.62000000000000e+00	1.53037239222341e+32
4.63000000000000e+00	1.81432577555150e+32
4.64000000000000e+00	2.14668230432172e+32
4.65000000000000e+00	2.53470518939639e+32
4.66000000000000e+00	2.98712006899700e+32
4.67000000000000e+00	3.51426275122164e+32
4.68000000000000e+00	4.12790270917473e+32
4.69000000000000e+00	4.84086635077040e+32
4.70000000000000e+00	5.66623256512024e+32
4.71000000000000e+00	6.61628899298866e+32
4.72000000000000e+00	7.70089723205847e+32
4.73000000000000e+00	8.92539026451802e+32
4.74000000000000e+00	1.02873947601873e+33
4.75000000000000e+00	1.17727627712759e+33
4.76000000000000e+00	1.33510113621178e+33
4.77000000000000e+00	1.49712960797716e+33
4.78000000000000e+00	1.65618334153525e+33
4.79000000000000e+00	1.80331051076508e+33
4.80000000000000e+00	1.92874534077286e+33
4.81000000000000e+00	2.02316770390936e+33
4.82000000000000e+00	2.07916764453202e+33
4.83000000000000e+00	2.09250581372792e+33
4.84000000000000e+00	2.06271602619915e+33
4.85000000000000e+00	1.99308195383683e+33
4.86000000000000e+00	1.88987480987148e+33
4.87000000000000e+00	1.76121355278238e+33
4.88000000000000e+00	1.61587957614360e+33
4.89000000000000e+00	1.46214402559160e+33
4.90000000000000e+00	1.30713001479108e+33
4.91000000000000e+00	1.15645964696810e+33
4.92000000000000e+00	1.01415364535308e+33
4.93000000000000e+00	8.82863841783085e+32
4.94000000000000e+00	7.64144779877132e+32
4.95000000000000e+00	6.58655387250097e+32
4.96000000000000e+00	5.66424248941985e+32
4.97000000000000e+00	4.87043141215382e+32
4.98000000000000e+00	4.19731208753207e+32
4.99000000000000e+00	3.63486338064412e+32
5.00000000000000e+00	3.17123464339311e+32
5.01000000000000e+00	2.79375292621844e+32
5.02000000000000e+00	2.48933653080896e+32
5.03000000000000e+00	2.24505989523761e+32
5.04000000000000e+00	2.04856679499825e+32
5.05000000000000e+00	1.88837135685019e+32
5.06000000000000e+00	1.75420040537901e+32
5.07000000000000e+00	1.63724360003009e+32
5.08000000000000e+00	1.53025204088779e+32
5.09000000000000e+00	1.42775271489622e+32
5.10000000000000e+00	1.32592160137306e+32
5.11000000000000e+00	1.22243952010430e+32
5.12000000000000e+00	1.11631244610992e+32
5.13000000000000e+00	1.00756194403133e+32
5.14000000000000e+00	8.97139783164917e+31
5.15000000000000e+00	7.86542226460976e+31
5.16000000000000e+00	6.77663331342340e+31
5.17000000000000e+00	5.72565494471160e+31
5.18000000000000e+00	4.73252080510526e+31
5.19000000000000e+00	3.81503871713204e+31
5.20000000000000e+00	2.98747395545748e+31
5.21000000000000e+00	2.26020133272736e+31
5.22000000000000e+00	1.63978087195382e+31
5.23000000000000e+00	1.12971879451781e+31
5.24000000000000e+00	7.31200881329231e+30
5.25000000000000e+00	4.44009116877152e+30
5.26000000000000e+00	2.66948620077095e+30
5.27000000000000e+00	1.97923870458645e+30
5.28000000000000e+00	2.33548203974501e+30
5.29000000000000e+00	3.68299029574985e+30
5.30000000000000e+00	5.93532167314675e+30
5.31000000000000e+00	8.96711777065301e+30
5.32000000000000e+00	1.26112998978223e+31
5.33000000000000e+00	1.66643066634754e+31
5.34000000000000e+00	2.08979538535764e+31
5.35000000000000e+00	2.50764255428543e+31
5.36000000000000e+00	2.89767087532196e+31
5.37000000000000e+00	3.24114741120044e+31
5.38000000000000e+00	3.52497292008746e+31
5.39000000000000e+00	3.74361976750337e+31
5.40000000000000e+00	3.90033528016041e+31
5.41000000000000e+00	4.00728929378394e+31
5.42000000000000e+00	4.08482132115492e+31
5.43000000000000e+00	4.15949678289490e+31
5.44000000000000e+00	4.26144687313067e+31
5.45000000000000e+00	4.42159160410845e+31
5.46000000000000e+00	4.66824751998136e+31
5.47000000000000e+00	5.02438980508480e+31
5.48000000000000e+00	5.50495451177300e+31
5.49000000000000e+00	6.11464255728904e+31
5.50000000000000e+00	6.84696113701134e+31
5.51000000000000e+00	7.68426084400181e+31
5.52000000000000e+00	8.59956940526525e+31
5.53000000000000e+00	9.55961239451131e+31
5.54000000000000e+00	1.05295397594206e+32
5.55000000000000e+00	1.14786214092174e+32
5.56000000000000e+00	1.23867916027813e+32
5.57000000000000e+00	1.32497186134131e+32
5.58000000000000e+00	1.40828028451831e+32
5.59000000000000e+00	1.49229789176326e+32
5.60000000000000e+00	1.58279289841751e+32
5.61000000000000e+00	1.68739745122414e+32
5.62000000000000e+00	1.81518113521066e+32
5.63000000000000e+00	1.97613523878741e+32
5.64000000000000e+00	2.18041494792843e+32
5.65000000000000e+00	2.43741867080268e+32
5.66000000000000e+00	2.75468127423060e+32
5.67000000000000e+00	3.13664836221296e+32
5.68000000000000e+00	3.58344756361467e+32
5.69000000000000e+00	4.09022015134209e+32
5.70000000000000e+00	4.64671928025574e+32
5.71000000000000e+00	5.23807659128759e+32
5.72000000000000e+00	5.84601740519757e+32
5.73000000000000e+00	6.45083840243572e+32
5.74000000000000e+00	7.03389927720405e+32
5.75000000000000e+00	7.57933629358013e+32
5.76000000000000e+00	8.07635770442892e+32
5.77000000000000e+00	8.51931299102441e+32
5.78000000000000e+00	8.90879696547284e+32
5.79000000000000e+00	9.25011318397634e+32
5.80000000000000e+00	9.55277016194811e+32
5.81000000000000e+00	9.82884075158918e+32
5.82000000000000e+00	1.00917352226260e+33
5.83000000000000e+00	1.03546686892614e+33
5.84000000000000e+00	1.06301291435100e+33
5.85000000000000e+00	1.09295137749133e+33
5.86000000000000e+00	1.12622672199537e+33
5.87000000000000e+00	1.16362103653040e+33
5.88000000000000e+00	1.20568585251232e+33
5.89000000000000e+00	1.25262310898845e+33
5.90000000000000e+00	1.30412387438440e+33
5.91000000000000e+00	1.35923270500757e+33
5.92000000000000e+00	1.41615481967508e+33
5.93000000000000e+00	1.47207049674170e+33
5.94000000000000e+00	1.52315081353230e+33
5.95000000000000e+00	1.56462548576135e+33
5.96000000000000e+00	1.59112623458030e+33
5.97000000000000e+00	1.59730852243502e+33
5.98000000000000e+00	1.57889407662498e+33
5.99000000000000e+00	1.53347402902082e+33
6.00000000000000e+00	1.46153191857849e+33
6.01000000000000e+00	1.36665333916978e+33
6.02000000000000e+00	1.25524710361645e+33
6.03000000000000e+00	1.13545021892817e+33
6.04000000000000e+00	1.01572750310927e+33
6.05000000000000e+00	9.03430626996174e+32
6.06000000000000e+00	8.03659153644014e+32
6.07000000000000e+00	7.18902191651827e+32
6.08000000000000e+00	6.49201766892673e+32
6.09000000000000e+00	5.92925252968724e+32
6.10000000000000e+00	5.47609678173265e+32
6.11000000000000e+00	5.10786086572271e+32
6.12000000000000e+00	4.80524177122618e+32
6.13000000000000e+00	4.55638087866968e+32
6.14000000000000e+00	4.35679259096725e+32
6.15000000000000e+00	4.20687977334606e+32
6.16000000000000e+00	4.10956139241877e+32
6.17000000000000e+00	4.06780900236451e+32
6.18000000000000e+00	4.08270945158849e+32
6.19000000000000e+00	4.15229949663412e+32
6.20000000000000e+00	4.27083359160497e+32
6.21000000000000e+00	4.42859998290180e+32
6.22000000000000e+00	4.61219162350165e+32
6.23000000000000e+00	4.80524919424189e+32
6.24000000000000e+00	4.98974301773374e+32
6.25000000000000e+00	5.14765398501118e+32
6.26000000000000e+00	5.26278219095659e+32
6.27000000000000e+00	5.32251719759808e+32
6.28000000000000e+00	5.31890645742561e+32
6.29000000000000e+00	5.24911378535180e+32
6.30000000000000e+00	5.11529697071477e+32
6.31000000000000e+00	4.92365801170971e+32
6.32000000000000e+00	4.68369788399058e+32
6.33000000000000e+00	4.40667982598966e+32
6.34000000000000e+00	4.10499919314505e+32
6.35000000000000e+00	3.79100826446365e+32
6.36000000000000e+00	3.47637097733608e+32
6.37000000000000e+00	3.17162130384048e+32
6.38000000000000e+00	2.88547119576368e+32
6.39000000000000e+00	2.62446044260807e+32
6.40000000000000e+00	2.39276715589563e+32
6.41000000000000e+00	2.19226775914030e+32
6.42000000000000e+00	2.02282713140391e+32
6.43000000000000e+00	1.88290418082156e+32
6.44000000000000e+00	1.76988137308110e+32
6.45000000000000e+00	1.68083644502544e+32
6.46000000000000e+00	1.61271090375724e+32
6.47000000000000e+00	1.56270924813866e+32
6.48000000000000e+00	1.52834012625812e+32
6.49000000000000e+00	1.50753499117858e+32
6.50000000000000e+00	1.49853085953641e+32
6.51000000000000e+00	1.49987233643304e+32
6.52000000000000e+00	1.51028074082383e+32
6.53000000000000e+00	1.52861197610673e+32
6.54000000000000e+00	1.55382460226585e+32
6.55000000000000e+00	1.58490094540051e+32
6.56000000000000e+00	1.62091144159607e+32
6.57000000000000e+00	1.66103514663500e+32
6.58000000000000e+00	1.70467512926064e+32
6.59000000000000e+00	1.75141189572369e+32
6.60000000000000e+00	1.80110157313131e+32
6.61000000000000e+00	1.85391317250545e+32
6.62000000000000e+00	1.91016365162725e+32
6.63000000000000e+00	1.97033307080342e+32
6.64000000000000e+00	2.03475675700262e+32
6.65000000000000e+00	2.10353316056599e+32
6.66000000000000e+00	2.17621805552652e+32
6.67000000000000e+00	2.25165982583951e+32
6.68000000000000e+00	2.32787602016667e+32
6.69000000000000e+00	2.40200000067181e+32
6.70000000000000e+00	2.47030225148493e+32
6.71000000000000e+00	2.52852356153929e+32
6.72000000000000e+00	2.57200505180822e+32
6.73000000000000e+00	2.59623417825888e+32
6.74000000000000e+00	2.59694640640548e+32
6.75000000000000e+00	2.57060910240664e+32
6.76000000000000e+00	2.51456309705053e+32
6.77000000000000e+00	2.42730976682846e+32
6.78000000000000e+00	2.30863831488703e+32
6.79000000000000e+00	2.15995333198069e+32
6.80000000000000e+00	1.98440672446320e+32
6.81000000000000e+00	1.78694943089903e+32
6.82000000000000e+00	1.57421022589192e+32
6.83000000000000e+00	1.35420592220311e+32
6.84000000000000e+00	1.13554346333533e+32
6.85000000000000e+00	9.26788925427378e+31
6.86000000000000e+00	7.35546794281607e+31
6.87000000000000e+00	5.67757444243481e+31
6.88000000000000e+00	4.27196786030934e+31
6.89000000000000e+00	3.15347023783730e+31
6.90000000000000e+00	2.31584733402463e+31
6.91000000000000e+00	1.73697379708702e+31
6.92000000000000e+00	1.38529827049067e+31
6.93000000000000e+00	1.22675932290943e+31
6.94000000000000e+00	1.23095879027653e+31
6.95000000000000e+00	1.37561604981104e+31
6.96000000000000e+00	1.64929502095404e+31
6.97000000000000e+00	2.05254507589842e+31
6.98000000000000e+00	2.59767037754077e+31
6.99000000000000e+00	3.30787142768877e+31
7.00000000000000e+00	4.21579192766730e+31
7.01000000000000e+00	5.36200094982202e+31
7.02000000000000e+00	6.79334320532056e+31
7.03000000000000e+00	8.56043903580824e+31
7.04000000000000e+00	1.07143121917622e+32
7.05000000000000e+00	1.33020495571776e+32
7.06000000000000e+00	1.63598654947408e+32
7.07000000000000e+00	1.99065750553267e+32
7.08000000000000e+00	2.39354419731516e+32
7.09000000000000e+00	2.84078930035339e+32
7.10000000000000e+00	3.32503603510651e+32
7.11000000000000e+00	3.83555207590502e+32
7.12000000000000e+00	4.35881463055089e+32
7.13000000000000e+00	4.87965169907349e+32
7.14000000000000e+00	5.38259736276986e+32
7.15000000000000e+00	5.85328221357892e+32
7.16000000000000e+00	6.27982333475091e+32
7.17000000000000e+00	6.65354733810639e+32
7.18000000000000e+00	6.96935923097996e+32
7.19000000000000e+00	7.22551248586688e+32
7.20000000000000e+00	7.42324940577279e+32
7.21000000000000e+00	7.56602228119647e+32
7.22000000000000e+00	7.65847907962037e+32
7.23000000000000e+00	7.70568672632000e+32
7.24000000000000e+00	7.71200256629103e+32
7.25000000000000e+00	7.68067984456132e+32
7.26000000000000e+00	7.61304379708692e+32
7.27000000000000e+00	7.50849251022303e+32
7.28000000000000e+00	7.36464616530529e+32
7.29000000000000e+00	7.17767690684565e+32
7.30000000000000e+00	6.94293244356201e+32
7.31000000000000e+00	6.65601964385396e+32
7.32000000000000e+00	6.31341177895923e+32
7.33000000000000e+00	5.91384152170798e+32
7.34000000000000e+00	5.45903399233646e+32
7.35000000000000e+00	4.95468945897585e+32
7.36000000000000e+00	4.41098485247253e+32
7.37000000000000e+00	3.84236796970351e+32
7.38000000000000e+00	3.26669458898052e+32
7.39000000000000e+00	2.70380934805180e+32
7.40000000000000e+00	2.17331113386828e+32
7.41000000000000e+00	1.69235699959973e+32
7.42000000000000e+00	1.27374189466240e+32
7.43000000000000e+00	9.24741979366242e+31
7.44000000000000e+00	6.46718422059644e+31
7.45000000000000e+00	4.35844779632480e+31
7.46000000000000e+00	2.84278441876360e+31
7.47000000000000e+00	1.81853704819921e+31
7.48000000000000e+00	1.17683543186441e+31
7.49000000000000e+00	8.15455984502251e+30
7.50000000000000e+00	6.48934634887810e+30
7.51000000000000e+00	6.14056706813058e+30
7.52000000000000e+00	6.71386283573988e+30
7.53000000000000e+00	8.03161638965756e+30
7.54000000000000e+00	1.00906345277375e+31
7.55000000000000e+00	1.30037533726539e+31
7.56000000000000e+00	1.69317480293082e+31
7.57000000000000e+00	2.20203367311897e+31
7.58000000000000e+00	2.83436601426769e+31
7.59000000000000e+00	3.58698136103273e+31
7.60000000000000e+00	4.44509024079876e+31
7.61000000000000e+00	5.38225495821783e+31
7.62000000000000e+00	6.36477905046922e+31
7.63000000000000e+00	7.35444464113607e+31
7.64000000000000e+00	8.31472626236045e+31
7.65000000000000e+00	9.21449510183071e+31
7.66000000000000e+00	1.00321966505769e+32
7.67000000000000e+00	1.07579829901532e+32
7.68000000000000e+00	1.13946913734076e+32
7.69000000000000e+00	1.19568333886106e+32
7.70000000000000e+00	1.24697391940719e+32
7.71000000000000e+00	1.29654428465268e+32
7.72000000000000e+00	1.34810112340755e+32
7.73000000000000e+00	1.40522639922772e+32
7.74000000000000e+00	1.47121713889657e+32
7.75000000000000e+00	1.54845846387303e+32
7.76000000000000e+00	1.63834177261506e+32
7.77000000000000e+00	1.74096822767107e+32
7.78000000000000e+00	1.85527762620155e+32
7.79000000000000e+00	1.97899376531858e+32
7.80000000000000e+00	2.10910317218686e+32
7.81000000000000e+00	2.24182125054646e+32
7.82000000000000e+00	2.37311951715619e+32
7.83000000000000e+00	2.49875740471801e+32
7.84000000000000e+00	2.61455774093312e+32
7.85000000000000e+00	2.71642334731731e+32
7.86000000000000e+00	2.80040410104263e+32
7.87000000000000e+00	2.86285532432556e+32
7.88000000000000e+00	2.90049245080803e+32
7.89000000000000e+00	2.91073198063832e+32
7.90000000000000e+00	2.89176426812465e+32
7.91000000000000e+00	2.84312515840439e+32
7.92000000000000e+00	2.76570699463880e+32
7.93000000000000e+00	2.66225168242065e+32
7.94000000000000e+00	2.53727297883555e+32
7.95000000000000e+00	2.39708082568408e+32
7.96000000000000e+00	2.24960830823903e+32
7.97000000000000e+00	2.10393640997522e+32
7.98000000000000e+00	1.96970035396000e+32
7.99000000000000e+00	1.85630890702067e+32
8.00000000000000e+00	1.77218985883436e+32
8.01000000000000e+00	1.72392355715754e+32
8.02000000000000e+00	1.71557633111118e+32
8.03000000000000e+00	1.74839528598461e+32
8.04000000000000e+00	1.82030480402518e+32
8.05000000000000e+00	1.92624766379180e+32
8.06000000000000e+00	2.05840614604837e+32
8.07000000000000e+00	2.20664678213289e+32
8.08000000000000e+00	2.35945999236821e+32
8.09000000000000e+00	2.50460306164372e+32
8.10000000000000e+00	2.63024631814588e+32
8.11000000000000e+00	2.72555824282315e+32
8.12000000000000e+00	2.78165076107901e+32
8.13000000000000e+00	2.79205011829092e+32
8.14000000000000e+00	2.75321553742691e+32
8.15000000000000e+00	2.66492249079122e+32
8.16000000000000e+00	2.53054974253498e+32
8.17000000000000e+00	2.35704726277158e+32
8.18000000000000e+00	2.15446432777909e+32
8.19000000000000e+00	1.93517289717289e+32
8.20000000000000e+00	1.71240011198171e+32
8.21000000000000e+00	1.49871812314181e+32
8.22000000000000e+00	1.30487822680314e+32
8.23000000000000e+00	1.13877227466179e+32
8.24000000000000e+00	1.00496937387983e+32
8.25000000000000e+00	9.04758217948718e+31
8.26000000000000e+00	8.36541911800003e+31
8.27000000000000e+00	7.96562720146794e+31
8.28000000000000e+00	7.79715390021873e+31
8.29000000000000e+00	7.80369348214642e+31
8.30000000000000e+00	7.93067775306932e+31
8.31000000000000e+00	8.13015704804898e+31
8.32000000000000e+00	8.36404784465705e+31
8.33000000000000e+00	8.60527866987733e+31
8.34000000000000e+00	8.83735434176905e+31
8.35000000000000e+00	9.05305255958147e+31
8.36000000000000e+00	9.25191056808674e+31
8.37000000000000e+00	9.43925870606524e+31
8.38000000000000e+00	9.62260040381183e+31
8.39000000000000e+00	9.81131832102340e+31
8.40000000000000e+00	1.00143572056824e+32
8.41000000000000e+00	1.02404264914872e+32
8.42000000000000e+00	1.04947460695809e+32
8.43000000000000e+00	1.07802144671114e+32
8.44000000000000e+00	1.10975680659701e+32
8.45000000000000e+00	1.14433583022475e+32
8.46000000000000e+00	1.18124948431127e+32
8.47000000000000e+00	1.21974590202041e+32
8.48000000000000e+00	1.25897766305564e+32
8.49000000000000e+00	1.29796007922540e+32
8.50000000000000e+00	1.33575801149500e+32
8.51000000000000e+00	1.37148145061096e+32
8.52000000000000e+00	1.40427593106535e+32
8.53000000000000e+00	1.43353954687973e+32
8.54000000000000e+00	1.45886828163781e+32
8.55000000000000e+00	1.48013077326868e+32
8.56000000000000e+00	1.49741165626175e+32
8.57000000000000e+00	1.51107393827591e+32
8.58000000000000e+00	1.52164350021977e+32
8.59000000000000e+00	1.52968905032789e+32
8.60000000000000e+00	1.53588926030708e+32
8.61000000000000e+00	1.54084925122023e+32
8.62000000000000e+00	1.54507321153591e+32
8.63000000000000e+00	1.54904753170653e+32
8.64000000000000e+00	1.55303180201703e+32
8.65000000000000e+00	1.55737171228103e+32
8.66000000000000e+00	1.56206869247086e+32
8.67000000000000e+00	1.56726052357470e+32
8.68000000000000e+00	1.57293224626425e+32
8.69000000000000e+00	1.57900125048594e+32
8.70000000000000e+00	1.58540334942452e+32
8.71000000000000e+00	1.59205788509167e+32
8.72000000000000e+00	1.59882335236905e+32
8.73000000000000e+00	1.60567196581348e+32
8.74000000000000e+00	1.61248251789532e+32
8.75000000000000e+00	1.61921893353415e+32
8.76000000000000e+00	1.62583720488980e+32
8.77000000000000e+00	1.63229141370051e+32
8.78000000000000e+00	1.63857470859517e+32
8.79000000000000e+00	1.64469420804249e+32
8.80000000000000e+00	1.65062784691752e+32
8.81000000000000e+00	1.65642114446537e+32
8.82000000000000e+00	1.66197894459564e+32
8.83000000000000e+00	1.66734444496049e+32
8.84000000000000e+00	1.67251997855993e+32
8.85000000000000e+00	1.67744690286413e+32
8.86000000000000e+00	1.68217545194487e+32
8.87000000000000e+00	1.68656133063130e+32
8.88000000000000e+00	1.69063428118394e+32
8.89000000000000e+00	1.69429689518987e+32
8.90000000000000e+00	1.69755039021885e+32
8.91000000000000e+00	1.70029574276214e+32
8.92000000000000e+00	1.70254889274934e+32
8.93000000000000e+00	1.70430949248765e+32
8.94000000000000e+00	1.70552273808302e+32
8.95000000000000e+00	1.70632669930722e+32
8.96000000000000e+00	1.70670002149046e+32
8.97000000000000e+00	1.70671022176253e+32
8.98000000000000e+00	1.70656234273506e+32
8.99000000000000e+00	1.70628060377168e+32
9.00000000000000e+00	1.70602071744392e+32
9.01000000000000e+00	9.46691993474110e+32
9.02000000000000e+00	9.46099573615010e+32
9.03000000000000e+00	9.45609981988075e+32
9.04000000000000e+00	9.45325506696353e+32
9.05000000000000e+00	1.70846771891050e+32
9.06000000000000e+00	1.71019373335532e+32
9.07000000000000e+00	9.46151926971061e+32
9.08000000000000e+00	9.47130234509251e+32
9.09000000000000e+00	9.48517166940057e+32
9.10000000000000e+00	9.50304596979860e+32
9.11000000000000e+00	9.52514566140435e+32
9.12000000000000e+00	9.55161268291670e+32
9.13000000000000e+00	1.73627201434342e+32
9.14000000000000e+00	9.61719515379191e+32
9.15000000000000e+00	9.65618757069885e+32
9.16000000000000e+00	9.69906060626387e+32
9.17000000000000e+00	9.74523749903327e+32
9.18000000000000e+00	9.79442406805951e+32
9.19000000000000e+00	9.84591039573995e+32
9.20000000000000e+00	9.89901949284319e+32
9.21000000000000e+00	9.95303983833637e+32
9.22000000000000e+00	1.79375893780496e+32
9.23000000000000e+00	1.79986682890280e+32
9.24000000000000e+00	1.01126875666076e+33
9.25000000000000e+00	1.01628821689032e+33
9.26000000000000e+00	1.02108596063640e+33
9.27000000000000e+00	1.02562359660728e+33
9.28000000000000e+00	1.02990214566051e+33
9.29000000000000e+00	1.03394511410963e+33
9.30000000000000e+00	1.83304977672459e+32
9.31000000000000e+00	1.83673442652760e+32
9.32000000000000e+00	1.84031592007782e+32
9.33000000000000e+00	1.04850358183020e+33
9.34000000000000e+00	1.05200388042060e+33
9.35000000000000e+00	1.05554702280132e+33
9.36000000000000e+00	1.05916748883314e+33
9.37000000000000e+00	1.06291280784695e+33
9.38000000000000e+00	1.86367161625282e+32
9.39000000000000e+00	1.07083464660506e+33
9.40000000000000e+00	1.07502825859909e+33
9.41000000000000e+00	1.07936883644093e+33
9.42000000000000e+00	1.08386480010663e+33
9.43000000000000e+00	1.08851360273010e+33
9.44000000000000e+00	1.09329984527948e+33
9.45000000000000e+00	1.09824028548609e+33
9.46000000000000e+00	1.10331164688983e+33
9.47000000000000e+00	1.90797580051093e+32
9.48000000000000e+00	1.11390283650692e+33
9.49000000000000e+00	1.11940040320251e+33
9.50000000000000e+00	1.12502841743619e+33
9.51000000000000e+00	1.13076944737671e+33
9.52000000000000e+00	1.13657931132867e+33
9.53000000000000e+00	1.14244718020833e+33
9.54000000000000e+00	1.14832455396566e+33
9.55000000000000e+00	1.95034031143825e+32
9.56000000000000e+00	1.95502275953496e+32
9.57000000000000e+00	1.16557357937990e+33
9.58000000000000e+00	1.17106562719119e+33
9.59000000000000e+00	1.17637044870448e+33
9.60000000000000e+00	1.18146384677844e+33
9.61000000000000e+00	1.18633037352898e+33
9.62000000000000e+00	1.19096335024931e+33
9.63000000000000e+00	1.97911648807596e+32
9.64000000000000e+00	1.19953368109390e+33
9.65000000000000e+00	1.98344943300351e+32
9.66000000000000e+00	1.20726511975111e+33
9.67000000000000e+00	1.21086385699400e+33
9.68000000000000e+00	1.21431313851179e+33
9.69000000000000e+00	1.21763435777140e+33
9.70000000000000e+00	1.22085855336241e+33
9.71000000000000e+00	1.99313421779625e+32
9.72000000000000e+00	1.22709219876141e+33
9.73000000000000e+00	1.99604933034240e+32
9.74000000000000e+00	1.99756534268425e+32
9.75000000000000e+00	1.23626525079049e+33
9.76000000000000e+00	1.23937481563032e+33
9.77000000000000e+00	1.24253870170676e+33
9.78000000000000e+00	1.24578350629952e+33
9.79000000000000e+00	1.24911983486326e+33
9.80000000000000e+00	2.00841719443391e+32
9.81000000000000e+00	1.25609275615015e+33
9.82000000000000e+00	2.01273254037955e+32
9.83000000000000e+00	1.26344301496706e+33
9.84000000000000e+00	1.26721527436228e+33
9.85000000000000e+00	1.27101551146015e+33
9.86000000000000e+00	1.27481056390276e+33
9.87000000000000e+00	1.27858069189029e+33
9.88000000000000e+00	1.28233089176410e+33
9.89000000000000e+00	1.28616002791607e+33
9.90000000000000e+00	1.29037035939138e+33
9.91000000000000e+00	1.29567032482686e+33
9.92000000000000e+00	1.30347392081419e+33
9.93000000000000e+00	1.31615979976828e+33
9.94000000000000e+00	1.33728497629974e+33
9.95000000000000e+00	1.37139636602864e+33
9.96000000000000e+00	2.45670701300836e+32
9.97000000000000e+00	1.49733380103427e+33
9.98000000000000e+00	1.59454390251747e+33
9.99000000000000e+00	3.59172967670681e+32
1.00000000000000e+01	1.83747676427452e+33
1.00100000000000e+01	4.68191521041380e+32
1.00200000000000e+01	5.07685413549252e+32
1.00300000000000e+01	5.16348272082359e+32
1.00400000000000e+01	4.83023309058339e+32
1.00500000000000e+01	4.10765306233614e+32
1.00600000000000e+01	3.17051606346411e+32
1.00700000000000e+01	2.23451651191755e+32
1.00800000000000e+01	1.44985286872506e+32
1.00900000000000e+01	8.70463063768543e+31
1.01000000000000e+01	4.82455426829552e+31
1.01100000000000e+01	2.43289948981106e+31
1.01200000000000e+01	1.07600548085100e+31
1.01300000000000e+01	3.82508958335972e+30
1.01400000000000e+01	8.61693763582983e+29
1.01500000000000e+01	1.13143636592479e+29
1.01600000000000e+01	4.89580712610880e+29
1.01700000000000e+01	1.35038281310703e+30
1.01800000000000e+01	2.34024270071341e+30
1.01900000000000e+01	3.27668121031268e+30
1.02000000000000e+01	4.07754904777946e+30
1.02100000000000e+01	4.71663922367728e+30
1.02200000000000e+01	5.19636421824854e+30
1.02300000000000e+01	5.53281173154461e+30
1.02400000000000e+01	5.74714952859237e+30
1.02500000000000e+01	5.86093255017316e+30
1.02600000000000e+01	5.89409891984987e+30
1.02700000000000e+01	5.86416735568005e+30
1.02800000000000e+01	5.78574288883020e+30
1.02900000000000e+01	5.67082019399715e+30
1.03000000000000e+01	5.52934980358524e+30
1.03100000000000e+01	5.36911825119738e+30
1.03200000000000e+01	5.19637655381936e+30
1.03300000000000e+01	5.01597712525028e+30
1.03400000000000e+01	4.83181926330689e+30
1.03500000000000e+01	4.64673712863715e+30
1.03600000000000e+01	4.46302336065942e+30
1.03700000000000e+01	4.28226876255833e+30
1.03800000000000e+01	4.10580224732511e+30
1.03900000000000e+01	3.93435205923724e+30
1.04000000000000e+01	3.76855789258532e+30
1.04100000000000e+01	3.60884027096575e+30
1.04200000000000e+01	3.45534153336660e+30
1.04300000000000e+01	3.30814794489150e+30
1.04400000000000e+01	3.16726279593154e+30
1.04500000000000e+01	3.03264889368998e+30
1.04600000000000e+01	2.90417621392578e+30
1.04700000000000e+01	2.78166275240117e+30
1.04800000000000e+01	2.66495539562595e+30
1.04900000000000e+01	2.55392234140253e+30
1.05000000000000e+01	2.44831713384460e+30
1.05100000000000e+01	2.34795369172161e+30
1.05200000000000e+01	2.25263718835619e+30
1.05300000000000e+01	2.16211928772546e+30
1.05400000000000e+01	2.07614573086802e+30
1.05500000000000e+01	1.99451111993318e+30
1.05600000000000e+01	1.91694861430569e+30
1.05700000000000e+01	1.84320437050230e+30
1.05800000000000e+01	1.77307926773085e+30
1.05900000000000e+01	1.70631119439249e+30
1.06000000000000e+01	1.64271705453782e+30
1.06100000000000e+01	1.58211994905428e+30
1.06200000000000e+01	1.52432696548537e+30
1.06300000000000e+01	1.46922197893267e+30
1.06400000000000e+01	1.41664644548777e+30
1.06500000000000e+01	1.36649383483964e+30
1.06600000000000e+01	1.31865410386442e+30
1.06700000000000e+01	1.27302296157731e+30
1.06800000000000e+01	1.22948980987057e+30
1.06900000000000e+01	1.18796831474000e+30
1.07000000000000e+01	1.14834103594432e+30
1.07100000000000e+01	1.11051095335800e+30
1.07200000000000e+01	1.07437695980318e+30
1.07300000000000e+01	1.03983073403638e+30
1.07400000000000e+01	1.00678165319038e+30
1.07500000000000e+01	9.75139913066389e+29
1.07600000000000e+01	9.44810526624135e+29
1.07700000000000e+01	9.15729387101944e+29
1.07800000000000e+01	8.87830718470143e+29
1.07900000000000e+01	8.61049539482055e+29
1.08000000000000e+01	8.35337262548902e+29
1.08100000000000e+01	8.10653328386495e+29
1.08200000000000e+01	7.86949406580124e+29
1.08300000000000e+01	7.64196643120734e+29
1.08400000000000e+01	7.42346398898829e+29
1.08500000000000e+01	7.21369529601921e+29
1.08600000000000e+01	7.01217395043387e+29
1.08700000000000e+01	6.81851064346004e+29
1.08800000000000e+01	6.63213050755953e+29
1.08900000000000e+01	6.45268287966272e+29
1.09000000000000e+01	6.27957930989575e+29
1.09100000000000e+01	6.11239644685191e+29
1.09200000000000e+01	5.95066681076246e+29
1.09300000000000e+01	5.79391670312395e+29
1.09400000000000e+01	5.64194179038303e+29
1.09500000000000e+01	5.49436467635241e+29
1.09600000000000e+01	5.35101076013185e+29
1.09700000000000e+01	5.21177356027312e+29
1.09800000000000e+01	5.07653622950828e+29
1.09900000000000e+01	4.94528966407066e+29
1.10000000000000e+01	4.81803737148147e+29
1.10100000000000e+01	4.69486489264559e+29
1.10200000000000e+01	4.57577527461833e+29
1.10300000000000e+01	4.46074121551292e+29
1.10400000000000e+01	4.34978248536707e+29
1.10500000000000e+01	4.24277196947022e+29
1.10600000000000e+01	4.13968176646609e+29
1.10700000000000e+01	4.04036562582465e+29
1.10800000000000e+01	3.94469684652619e+29
1.10900000000000e+01	3.85243005261653e+29
1.11000000000000e+01	3.76349965032716e+29
1.11100000000000e+01	3.67763780070323e+29
1.11200000000000e+01	3.59472769403720e+29
1.11300000000000e+01	3.51460860529246e+29
1.11400000000000e+01	3.43709087321294e+29
1.11500000000000e+01	3.36207365209752e+29
1.11600000000000e+01	3.28938520628849e+29
1.11700000000000e+01	3.21894105996967e+29
1.11800000000000e+01	3.15057112572790e+29
1.11900000000000e+01	3.08416121629972e+29
1.12000000000000e+01	3.01962499501225e+29
1.12100000000000e+01	2.95685209649331e+29
1.12200000000000e+01	2.89574584977184e+29
1.12300000000000e+01	2.83619235390764e+29
1.12400000000000e+01	2.77814068354425e+29
1.12500000000000e+01	2.72149127807787e+29
1.12600000000000e+01	2.66618593047878e+29
1.12700000000000e+01	2.61216314339094e+29
1.12800000000000e+01	2.55938359450333e+29
1.12900000000000e+01	2.50781018647467e+29
1.13000000000000e+01	2.45739490673836e+29
1.13100000000000e+01	2.40813359202650e+29
1.13200000000000e+01	2.35998154957420e+29
1.13300000000000e+01	2.31298472673969e+29
1.13400000000000e+01	2.26710231058737e+29
1.13500000000000e+01	2.22234322661307e+29
1.13600000000000e+01	2.17874054376210e+29
1.13700000000000e+01	2.13627493867534e+29
1.13800000000000e+01	2.09495482551435e+29
1.13900000000000e+01	2.05480586116169e+29
1.14000000000000e+01	2.01580399908597e+29
1.14100000000000e+01	1.97796208904747e+29
1.14200000000000e+01	1.94122728277696e+29
1.14300000000000e+01	1.90562536941498e+29
1.14400000000000e+01	1.87105528665948e+29
1.14500000000000e+01	1.83753537562624e+29
1.14600000000000e+01	1.80496675906134e+29
1.14700000000000e+01	1.77332821098548e+29
1.14800000000000e+01	1.74251811829798e+29
1.14900000000000e+01	1.71252681020739e+29
1.15000000000000e+01	1.68325293992934e+29
1.15100000000000e+01	1.65467695119273e+29
1.15200000000000e+01	1.62674083622999e+29
1.15300000000000e+01	1.59940120273532e+29
1.15400000000000e+01	1.57262687141771e+29
1.15500000000000e+01	1.54640838296719e+29
1.15600000000000e+01	1.52071228538962e+29
1.15700000000000e+01	1.49554460133057e+29
1.15800000000000e+01	1.47090378260320e+29
1.15900000000000e+01	1.44677382420353e+29
1.16000000000000e+01	1.42317673217331e+29
1.16100000000000e+01	1.40009121111964e+29
1.16200000000000e+01	1.37750937185788e+29
1.16300000000000e+01	1.35542102574536e+29
1.16400000000000e+01	1.33381456650653e+29
1.16500000000000e+01	1.31264838126083e+29
1.16600000000000e+01	1.29192030472431e+29
1.16700000000000e+01	1.27158560871994e+29
1.16800000000000e+01	1.25162107250325e+29
1.16900000000000e+01	1.23199444284836e+29
1.17000000000000e+01	1.21270625778099e+29
1.17100000000000e+01	1.19373515201768e+29
1.17200000000000e+01	1.17508995298446e+29
1.17300000000000e+01	1.15679205998220e+29
1.17400000000000e+01	1.13883077060549e+29
1.17500000000000e+01	1.12124680646304e+29
1.17600000000000e+01	1.10404710973587e+29
1.17700000000000e+01	1.08725030877735e+29
1.17800000000000e+01	1.07085742836061e+29
1.17900000000000e+01	1.05487370856699e+29
1.18000000000000e+01	1.03928210370096e+29
1.18100000000000e+01	1.02407210443262e+29
1.18200000000000e+01	1.00922004038290e+29
1.18300000000000e+01	9.94694851456273e+28
1.18400000000000e+01	9.80471040005970e+28
1.18500000000000e+01	9.66528964986895e+28
1.18600000000000e+01	9.52859541148581e+28
1.18700000000000e+01	9.39422440607413e+28
1.18800000000000e+01	9.26232539031351e+28
1.18900000000000e+01	9.13270266276047e+28
1.19000000000000e+01	9.00545312687482e+28
1.19100000000000e+01	8.88057939328428e+28
1.19200000000000e+01	8.75814245103776e+28
1.19300000000000e+01	8.63813363755845e+28
1.19400000000000e+01	8.52061567190333e+28
1.19500000000000e+01	8.40552220689880e+28
1.19600000000000e+01	8.29288525544991e+28
1.19700000000000e+01	8.18261574976228e+28
1.19800000000000e+01	8.07470905313811e+28
1.19900000000000e+01	7.96906417489608e+28
1.20000000000000e+01	7.86543873320961e+28
1.20100000000000e+01	7.76386641662155e+28
1.20200000000000e+01	7.66413319022916e+28
1.20300000000000e+01	7.56622705884834e+28
1.20400000000000e+01	7.46996400822220e+28
1.20500000000000e+01	7.37524154951939e+28
1.20600000000000e+01	7.28202609803952e+28
1.20700000000000e+01	7.19020415932469e+28
1.20800000000000e+01	7.09974866593473e+28
1.20900000000000e+01	7.01063172487959e+28
1.21000000000000e+01	6.92291125829529e+28
1.21100000000000e+01	6.83647738374254e+28
1.21200000000000e+01	6.75140524985535e+28
1.21300000000000e+01	6.66777746858710e+28
1.21400000000000e+01	6.58548313089185e+28
1.21500000000000e+01	6.50463415663014e+28
1.21600000000000e+01	6.42519500560850e+28
1.21700000000000e+01	6.34714159761573e+28
1.21800000000000e+01	6.27035933411281e+28
1.21900000000000e+01	6.19481935804690e+28
1.22000000000000e+01	6.12044626043151e+28
1.22100000000000e+01	6.04718082327375e+28
1.22200000000000e+01	5.97477459827948e+28
1.22300000000000e+01	5.90325225111334e+28
1.22400000000000e+01	5.83250337989983e+28
1.22500000000000e+01	5.76240695251831e+28
1.22600000000000e+01	5.69304176568137e+28
1.22700000000000e+01	5.62426864906857e+28
1.22800000000000e+01	5.55624550548270e+28
1.22900000000000e+01	5.48894308578429e+28
1.23000000000000e+01	5.42246273781587e+28
1.23100000000000e+01	5.35681592306302e+28
1.23200000000000e+01	5.29215735088843e+28
1.23300000000000e+01	5.22854373802718e+28
1.23400000000000e+01	5.16609564280629e+28
1.23500000000000e+01	5.10473777751803e+28
1.23600000000000e+01	5.04456284571456e+28
1.23700000000000e+01	4.98558669378502e+28
1.23800000000000e+01	4.92774975515108e+28
1.23900000000000e+01	4.87102639160830e+28
1.24000000000000e+01	4.81538616892945e+28
1.24100000000000e+01	4.76076501022663e+28
1.24200000000000e+01	4.70709969878388e+28
1.24300000000000e+01	4.65437284578592e+28
1.24400000000000e+01	4.60240867507076e+28
1.24500000000000e+01	4.55123971225879e+28
1.24600000000000e+01	4.50066928503987e+28
1.24700000000000e+01	4.45074281172870e+28
1.24800000000000e+01	4.40132359517814e+28
1.24900000000000e+01	4.35229031430642e+28
1.25000000000000e+01	4.30368950606163e+28
1.25100000000000e+01	4.25542804824638e+28
1.25200000000000e+01	4.20747089204885e+28
1.25300000000000e+01	4.15979691666713e+28
1.25400000000000e+01	4.11243002186611e+28
1.25500000000000e+01	4.06543296951108e+28
1.25600000000000e+01	4.01884244510605e+28
1.25700000000000e+01	3.97272757670472e+28
1.25800000000000e+01	3.92724747120687e+28
1.25900000000000e+01	3.88238323175955e+28
1.26000000000000e+01	3.83830026893746e+28
1.26100000000000e+01	3.79508017657165e+28
1.26200000000000e+01	3.75281367751361e+28
1.26300000000000e+01	3.71160461136229e+28
1.26400000000000e+01	3.67140354681396e+28
1.26500000000000e+01	3.63227670731590e+28
1.26600000000000e+01	3.59421135489767e+28
1.26700000000000e+01	3.55724449264692e+28
1.26800000000000e+01	3.52122490766055e+28
1.26900000000000e+01	3.48615517355065e+28
1.27000000000000e+01	3.45192787803314e+28
1.27100000000000e+01	3.41846941075343e+28
1.27200000000000e+01	3.38569013729428e+28
1.27300000000000e+01	3.35353726541417e+28
1.27400000000000e+01	3.32189332548233e+28
1.27500000000000e+01	3.29072828144136e+28
1.27600000000000e+01	3.25997077088176e+28
1.27700000000000e+01	3.22955845143501e+28
1.27800000000000e+01	3.19950878928566e+28
1.27900000000000e+01	3.16972052200727e+28
1.28000000000000e+01	3.14024281604518e+28
1.28100000000000e+01	3.11097524968489e+28
1.28200000000000e+01	3.08195942455852e+28
1.28300000000000e+01	3.05319500913900e+28
1.28400000000000e+01	3.02461354097681e+28
1.28500000000000e+01	2.99628452637886e+28
1.28600000000000e+01	2.96816088182374e+28
1.28700000000000e+01	2.94023952023304e+28
1.28800000000000e+01	2.91255756305863e+28
1.28900000000000e+01	2.88515706892453e+28
1.29000000000000e+01	2.85799376105091e+28
1.29100000000000e+01	2.83107890481101e+28
1.29200000000000e+01	2.80449753563543e+28
1.29300000000000e+01	2.77824667779992e+28
1.29400000000000e+01	2.75230399743794e+28
1.29500000000000e+01	2.72665964163691e+28
1.29600000000000e+01	2.70140164238774e+28
1.29700000000000e+01	2.67644412275620e+28
1.29800000000000e+01	2.65182115841295e+28
1.29900000000000e+01	2.62751830725205e+28
1.30000000000000e+01	2.60352121906728e+28
1.30100000000000e+01	2.57981556229583e+28
1.30200000000000e+01	2.55640820955583e+28
1.30300000000000e+01	2.53322251022479e+28
1.30400000000000e+01	2.51029455191615e+28
1.30500000000000e+01	2.48760294072813e+28
1.30600000000000e+01	2.46511201484560e+28
1.30700000000000e+01	2.44284356427862e+28
1.30800000000000e+01	2.42075809187061e+28
1.30900000000000e+01	2.39883316308038e+28
1.31000000000000e+01	2.37713857867701e+28
1.31100000000000e+01	2.35559259877720e+28
1.31200000000000e+01	2.33424882533883e+28
1.31300000000000e+01	2.31308355934667e+28
1.31400000000000e+01	2.29210822154903e+28
1.31500000000000e+01	2.27132306243786e+28
1.31600000000000e+01	2.25076107476595e+28
1.31700000000000e+01	2.23039682263405e+28
1.31800000000000e+01	2.21029572167075e+28
1.31900000000000e+01	2.19039406828861e+28
1.32000000000000e+01	2.17069056975233e+28
1.32100000000000e+01	2.15127787485393e+28
1.32200000000000e+01	2.13209316493778e+28
1.32300000000000e+01	2.11312432989381e+28
1.32400000000000e+01	2.09438528383646e+28
1.32500000000000e+01	2.07588305221969e+28
1.32600000000000e+01	2.05760797111518e+28
1.32700000000000e+01	2.03951276104539e+28
1.32800000000000e+01	2.02162629620886e+28
1.32900000000000e+01	2.00390827161569e+28
1.33000000000000e+01	1.98638408812190e+28
1.33100000000000e+01	1.96901674969464e+28
1.33200000000000e+01	1.95179803920185e+28
1.33300000000000e+01	1.93473544623294e+28
1.33400000000000e+01	1.91780291412300e+28
1.33500000000000e+01	1.90100568842025e+28
1.33600000000000e+01	1.88432501208729e+28
1.33700000000000e+01	1.86776785358550e+28
1.33800000000000e+01	1.85135670274935e+28
1.33900000000000e+01	1.83505065444736e+28
1.34000000000000e+01	1.81888279412869e+28
1.34100000000000e+01	1.80281952311188e+28
1.34200000000000e+01	1.78691883096392e+28
1.34300000000000e+01	1.77111493606540e+28
1.34400000000000e+01	1.75547121469789e+28
1.34500000000000e+01	1.74000211281300e+28
1.34600000000000e+01	1.72466582288957e+28
1.34700000000000e+01	1.70949912027677e+28
1.34800000000000e+01	1.69449922179176e+28
1.34900000000000e+01	1.67970303444965e+28
1.35000000000000e+01	1.66508549768888e+28
1.35100000000000e+01	1.65066126634122e+28
1.35200000000000e+01	1.63640696171675e+28
1.35300000000000e+01	1.62236051732846e+28
1.35400000000000e+01	1.60850179939655e+28
1.35500000000000e+01	1.59482430329570e+28
1.35600000000000e+01	1.58132190322729e+28
1.35700000000000e+01	1.56797320351897e+28
1.35800000000000e+01	1.55479251035949e+28
1.35900000000000e+01	1.54177845884539e+28
1.36000000000000e+01	1.52891434956267e+28
1.36100000000000e+01	1.51620621561386e+28
1.36200000000000e+01	1.50368036191213e+28
1.36300000000000e+01	1.49129752310215e+28
1.36400000000000e+01	1.47908787711904e+28
1.36500000000000e+01	1.46707499339445e+28
1.36600000000000e+01	1.45524490738024e+28
1.36700000000000e+01	1.44357824656399e+28
1.36800000000000e+01	1.43212073856078e+28
1.36900000000000e+01	1.42084207581846e+28
1.37000000000000e+01	1.40974120561877e+28
1.37100000000000e+01	1.39881371229267e+28
1.37200000000000e+01	1.38807295540570e+28
1.37300000000000e+01	1.37748260069432e+28
1.37400000000000e+01	1.36703849454405e+28
1.37500000000000e+01	1.35675457240792e+28
1.37600000000000e+01	1.34658580544964e+28
1.37700000000000e+01	1.33656731557284e+28
1.37800000000000e+01	1.32662607034971e+28
1.37900000000000e+01	1.31682432991741e+28
1.38000000000000e+01	1.30709572415523e+28
1.38100000000000e+01	1.29747395311894e+28
1.38200000000000e+01	1.28792094087397e+28
1.38300000000000e+01	1.27845061423619e+28
1.38400000000000e+01	1.26906283339132e+28
1.38500000000000e+01	1.25972314557786e+28
1.38600000000000e+01	1.25045839041672e+28
1.38700000000000e+01	1.24127100891712e+28
1.38800000000000e+01	1.23215372215022e+28
1.38900000000000e+01	1.22308609214559e+28
1.39000000000000e+01	1.21409248380168e+28
1.39100000000000e+01	1.20518512054907e+28
1.39200000000000e+01	1.19635011912758e+28
1.39300000000000e+01	1.18759164426098e+28
1.39400000000000e+01	1.17892667355865e+28
1.39500000000000e+01	1.17036757693518e+28
1.39600000000000e+01	1.16192522091465e+28
1.39700000000000e+01	1.15357642405485e+28
1.39800000000000e+01	1.14534324026356e+28
1.39900000000000e+01	1.13721923795295e+28
1.40000000000000e+01	1.12922327652601e+28
1.40100000000000e+01	1.12134060715004e+28
1.40200000000000e+01	1.11357127823597e+28
1.40300000000000e+01	1.10591267714594e+28
1.40400000000000e+01	1.09835453293915e+28
1.40500000000000e+01	1.09089466458929e+28
1.40600000000000e+01	1.08353628637442e+28
1.40700000000000e+01	1.07625249639578e+28
1.40800000000000e+01	1.06905177103897e+28
1.40900000000000e+01	1.06193083776653e+28
1.41000000000000e+01	1.05487429344520e+28
1.41100000000000e+01	1.04787154975076e+28
1.41200000000000e+01	1.04093746272264e+28
1.41300000000000e+01	1.03405541041422e+28
1.41400000000000e+01	1.02722514900819e+28
1.41500000000000e+01	1.02044174715171e+28
1.41600000000000e+01	1.01372308046518e+28
1.41700000000000e+01	1.00704019058141e+28
1.41800000000000e+01	1.00042302713135e+28
1.41900000000000e+01	9.93846604343107e+27
1.42000000000000e+01	9.87324811438393e+27
1.42100000000000e+01	9.80852773710375e+27
1.42200000000000e+01	9.74426959254966e+27
1.42300000000000e+01	9.68058392239237e+27
1.42400000000000e+01	9.61726189189834e+27
1.42500000000000e+01	9.55457226991131e+27
1.42600000000000e+01	9.49221934344527e+27
1.42700000000000e+01	9.43057935316933e+27
1.42800000000000e+01	9.36912716100895e+27
1.42900000000000e+01	9.30819246333228e+27
1.43000000000000e+01	9.24757842990417e+27
1.43100000000000e+01	9.18737430540248e+27
1.43200000000000e+01	9.12742594979140e+27
1.43300000000000e+01	9.06773249412595e+27
1.43400000000000e+01	9.00833146713847e+27
1.43500000000000e+01	8.94923057320768e+27
1.43600000000000e+01	8.89033858963800e+27
1.43700000000000e+01	8.83171394353098e+27
1.43800000000000e+01	8.77335521549328e+27
1.43900000000000e+01	8.71525633305288e+27
1.44000000000000e+01	8.65742491823421e+27
1.44100000000000e+01	8.60008291517348e+27
1.44200000000000e+01	8.54318904183003e+27
1.44300000000000e+01	8.48666738796983e+27
1.44400000000000e+01	8.43075407898927e+27
1.44500000000000e+01	8.37551834617594e+27
1.44600000000000e+01	8.32078281939507e+27
1.44700000000000e+01	8.26673525366031e+27
1.44800000000000e+01	8.21334147689983e+27
1.44900000000000e+01	8.16060012870932e+27
1.45000000000000e+01	8.10849422312818e+27
1.45100000000000e+01	8.05704423438232e+27
1.45200000000000e+01	8.00592687517027e+27
1.45300000000000e+01	7.95540347383234e+27
1.45400000000000e+01	7.90523203468449e+27
1.45500000000000e+01	7.85531519827432e+27
1.45600000000000e+01	7.80579962739268e+27
1.45700000000000e+01	7.75660550845659e+27
1.45800000000000e+01	7.70749795805384e+27
1.45900000000000e+01	7.65855218703534e+27
1.46000000000000e+01	7.60981489816637e+27
1.46100000000000e+01	7.56130892822696e+27
1.46200000000000e+01	7.51296366009830e+27
1.46300000000000e+01	7.46474209541581e+27
1.46400000000000e+01	7.41676917950038e+27
1.46500000000000e+01	7.36913614693709e+27
1.46600000000000e+01	7.32176730909418e+27
1.46700000000000e+01	7.27470727468210e+27
1.46800000000000e+01	7.22799503387201e+27
1.46900000000000e+01	7.18166002532934e+27
1.47000000000000e+01	7.13566224696703e+27
1.47100000000000e+01	7.08998921821782e+27
1.47200000000000e+01	7.04471571340096e+27
1.47300000000000e+01	6.99982523428463e+27
1.47400000000000e+01	6.95521086382115e+27
1.47500000000000e+01	6.91089298592861e+27
1.47600000000000e+01	6.86683925680365e+27
1.47700000000000e+01	6.82299398189301e+27
1.47800000000000e+01	6.77945688380982e+27
1.47900000000000e+01	6.73618415721153e+27
1.48000000000000e+01	6.69322784816091e+27
1.48100000000000e+01	6.65057703219834e+27
1.48200000000000e+01	6.60828271321623e+27
1.48300000000000e+01	6.56629944819963e+27
1.48400000000000e+01	6.52472320930792e+27
1.48500000000000e+01	6.48366704063601e+27
1.48600000000000e+01	6.44289266334865e+27
1.48700000000000e+01	6.40269648828416e+27
1.48800000000000e+01	6.36288561802657e+27
1.48900000000000e+01	6.32337807168198e+27
1.49000000000000e+01	6.28440329756822e+27
1.49100000000000e+01	6.24563405441009e+27
1.49200000000000e+01	6.20730890211627e+27
1.49300000000000e+01	6.16923012592396e+27
1.49400000000000e+01	6.13148812357344e+27
1.49500000000000e+01	6.09406867455974e+27
1.49600000000000e+01	6.05696454403581e+27
1.49700000000000e+01	6.02016999903690e+27
1.49800000000000e+01	5.98375697670539e+27
1.49900000000000e+01	5.94776272247184e+27
1.50000000000000e+01	5.91229369114630e+27
1.50100000000000e+01	5.87725546281162e+27
1.50200000000000e+01	5.84267762205606e+27
1.50300000000000e+01	5.80860364253362e+27
1.50400000000000e+01	5.77491202949762e+27
1.50500000000000e+01	5.74163755143245e+27
1.50600000000000e+01	5.70865942115204e+27
1.50700000000000e+01	5.67601845366502e+27
1.50800000000000e+01	5.64356065633866e+27
1.50900000000000e+01	5.61134714370658e+27
1.51000000000000e+01	5.57917248618428e+27
1.51100000000000e+01	5.54717465278407e+27
1.51200000000000e+01	5.51531861146673e+27
1.51300000000000e+01	5.48352861124656e+27
1.51400000000000e+01	5.45195712154222e+27
1.51500000000000e+01	5.42050612642966e+27
1.51600000000000e+01	5.38927441373320e+27
1.51700000000000e+01	5.35820542195612e+27
1.51800000000000e+01	5.32740894896762e+27
1.51900000000000e+01	5.29691387310811e+27
1.52000000000000e+01	5.26669227101053e+27
1.52100000000000e+01	5.23676129636220e+27
1.52200000000000e+01	5.20712983499896e+27
1.52300000000000e+01	5.17780811129628e+27
1.52400000000000e+01	5.14875460286720e+27
1.52500000000000e+01	5.11998014889573e+27
1.52600000000000e+01	5.09133007724055e+27
1.52700000000000e+01	5.06305743593305e+27
1.52800000000000e+01	5.03496815399167e+27
1.52900000000000e+01	5.00706177359180e+27
1.53000000000000e+01	4.97929365522639e+27
1.53100000000000e+01	4.95182546866886e+27
1.53200000000000e+01	4.92461007984759e+27
1.53300000000000e+01	4.89762055514960e+27
1.53400000000000e+01	4.87076172783118e+27
1.53500000000000e+01	4.84413868178808e+27
1.53600000000000e+01	4.81771569758150e+27
1.53700000000000e+01	4.79143635788697e+27
1.53800000000000e+01	4.76535805817902e+27
1.53900000000000e+01	4.73940283334707e+27
1.54000000000000e+01	4.71359456851976e+27
1.54100000000000e+01	4.68786977193037e+27
1.54200000000000e+01	4.66228312292058e+27
1.54300000000000e+01	4.63676106091244e+27
1.54400000000000e+01	4.61130990730094e+27
1.54500000000000e+01	4.58600503621128e+27
1.54600000000000e+01	4.56080008052021e+27
1.54700000000000e+01	4.53578305194169e+27
1.54800000000000e+01	4.51084479354515e+27
1.54900000000000e+01	4.48620715726471e+27
1.55000000000000e+01	4.46176234618519e+27
1.55100000000000e+01	4.43752865829151e+27
1.55200000000000e+01	4.41353220295120e+27
1.55300000000000e+01	4.38984184939979e+27
1.55400000000000e+01	4.36640412812667e+27
1.55500000000000e+01	4.34328930297784e+27
1.55600000000000e+01	4.32042979123714e+27
1.55700000000000e+01	4.29788449161553e+27
1.55800000000000e+01	4.27558865393848e+27
1.55900000000000e+01	4.25352957566325e+27
1.56000000000000e+01	4.23169853358971e+27
1.56100000000000e+01	4.21014607087941e+27
1.56200000000000e+01	4.18886210995736e+27
1.56300000000000e+01	4.16777527935993e+27
1.56400000000000e+01	4.14688230834224e+27
1.56500000000000e+01	4.12617222185055e+27
1.56600000000000e+01	4.10569509143856e+27
1.56700000000000e+01	4.08545088891804e+27
1.56800000000000e+01	4.06531022677502e+27
1.56900000000000e+01	4.04538113456003e+27
1.57000000000000e+01	4.02565244136754e+27
1.57100000000000e+01	4.00599693317081e+27
1.57200000000000e+01	3.98656991706213e+27
1.57300000000000e+01	3.96717817176109e+27
1.57400000000000e+01	3.94792180683397e+27
1.57500000000000e+01	3.92871846770588e+27
1.57600000000000e+01	3.90961351951317e+27
1.57700000000000e+01	3.89053117688705e+27
1.57800000000000e+01	3.87145424364339e+27
1.57900000000000e+01	3.85243483803461e+27
1.58000000000000e+01	3.83341528002154e+27
1.58100000000000e+01	3.81444539640988e+27
1.58200000000000e+01	3.79547933498531e+27
1.58300000000000e+01	3.77651928267075e+27
1.58400000000000e+01	3.75758138019807e+27
1.58500000000000e+01	3.73873296968362e+27
1.58600000000000e+01	3.71992747057210e+27
1.58700000000000e+01	3.70123164553747e+27
1.58800000000000e+01	3.68260172020700e+27
1.58900000000000e+01	3.66404864226126e+27
1.59000000000000e+01	3.64562998464826e+27
1.59100000000000e+01	3.62729455443819e+27
1.59200000000000e+01	3.60910526225078e+27
1.59300000000000e+01	3.59095526185374e+27
1.59400000000000e+01	3.57295453377907e+27
1.59500000000000e+01	3.55510690900976e+27
1.59600000000000e+01	3.53735773590094e+27
1.59700000000000e+01	3.51971422637916e+27
1.59800000000000e+01	3.50218037840787e+27
1.59900000000000e+01	3.48481309004720e+27
1.60000000000000e+01	3.46755488046591e+27
1.60100000000000e+01	3.45047258846658e+27
1.60200000000000e+01	3.43351134766074e+27
1.60300000000000e+01	3.41667685829997e+27
1.60400000000000e+01	3.39997000025189e+27
1.60500000000000e+01	3.38344720653821e+27
1.60600000000000e+01	3.36711594380811e+27
1.60700000000000e+01	3.35086319393225e+27
1.60800000000000e+01	3.33479316102830e+27
1.60900000000000e+01	3.31884687720084e+27
1.61000000000000e+01	3.30305657462529e+27
1.61100000000000e+01	3.28735896714513e+27
1.61200000000000e+01	3.27172024319533e+27
1.61300000000000e+01	3.25612142626322e+27
1.61400000000000e+01	3.24058481743500e+27
1.61500000000000e+01	3.22508115590260e+27
1.61600000000000e+01	3.20948632288854e+27
1.61700000000000e+01	3.19389357415594e+27
1.61800000000000e+01	3.17824827091234e+27
1.61900000000000e+01	3.16261022793494e+27
1.62000000000000e+01	3.14693986794959e+27
1.62100000000000e+01	3.13126306317909e+27
1.62200000000000e+01	3.11560850999820e+27
1.62300000000000e+01	3.10005434238200e+27
1.62400000000000e+01	3.08456801183721e+27
1.62500000000000e+01	3.06921324164626e+27
1.62600000000000e+01	3.05394067381662e+27
1.62700000000000e+01	3.03874016547637e+27
1.62800000000000e+01	3.02358769639223e+27
1.62900000000000e+01	3.00850756193052e+27
1.63000000000000e+01	2.99341373902619e+27
1.63100000000000e+01	2.97832550588181e+27
1.63200000000000e+01	2.96312580646149e+27
1.63300000000000e+01	2.94789417642450e+27
1.63400000000000e+01	2.93263857933534e+27
1.63500000000000e+01	2.91727503388819e+27
1.63600000000000e+01	2.90193276637265e+27
1.63700000000000e+01	2.88664551993508e+27
1.63800000000000e+01	2.87136889823619e+27
1.63900000000000e+01	2.85623298603363e+27
1.64000000000000e+01	2.84123342783801e+27
1.64100000000000e+01	2.82643986401477e+27
1.64200000000000e+01	2.81182246536143e+27
1.64300000000000e+01	2.79738329431125e+27
1.64400000000000e+01	2.78311704135153e+27
1.64500000000000e+01	2.76904500613566e+27
1.64600000000000e+01	2.75509894986596e+27
1.64700000000000e+01	2.74125493650048e+27
1.64800000000000e+01	2.72752607031681e+27
1.64900000000000e+01	2.71385204302993e+27
1.65000000000000e+01	2.70021614486356e+27
1.65100000000000e+01	2.68665424557735e+27
1.65200000000000e+01	2.67313106230864e+27
1.65300000000000e+01	2.65965323067546e+27
1.65400000000000e+01	2.64624001668539e+27
1.65500000000000e+01	2.63296239428788e+27
1.65600000000000e+01	2.61980324504834e+27
1.65700000000000e+01	2.60679720871685e+27
1.65800000000000e+01	2.59401852738223e+27
1.65900000000000e+01	2.58145313500597e+27
1.66000000000000e+01	2.56913400010257e+27
1.66100000000000e+01	2.55713314816129e+27
1.66200000000000e+01	2.54538412058800e+27
1.66300000000000e+01	2.53403276385605e+27
1.66400000000000e+01	2.52296509065231e+27
1.66500000000000e+01	2.51226577604516e+27
1.66600000000000e+01	2.50188508076673e+27
1.66700000000000e+01	2.49180937234895e+27
1.66800000000000e+01	2.48200994072451e+27
1.66900000000000e+01	2.47249839157845e+27
1.67000000000000e+01	2.46318740011994e+27
1.67100000000000e+01	2.45407695917589e+27
1.67200000000000e+01	2.44503820849063e+27
1.67300000000000e+01	2.43610339941716e+27
1.67400000000000e+01	2.42723552700081e+27
1.67500000000000e+01	2.41831312302668e+27
1.67600000000000e+01	2.40939174211183e+27
1.67700000000000e+01	2.40040930173273e+27
1.67800000000000e+01	2.39135021629893e+27
1.67900000000000e+01	2.38225490573875e+27
1.68000000000000e+01	2.37307447613832e+27
1.68100000000000e+01	2.36382104871679e+27
1.68200000000000e+01	2.35453500459389e+27
1.68300000000000e+01	2.34514835377013e+27
1.68400000000000e+01	2.33578683636874e+27
1.68500000000000e+01	2.32634251720043e+27
1.68600000000000e+01	2.31686221276945e+27
1.68700000000000e+01	2.30739697562331e+27
1.68800000000000e+01	2.29790981608496e+27
1.68900000000000e+01	2.28845267855820e+27
1.69000000000000e+01	2.27895597818599e+27
1.69100000000000e+01	2.26950653566658e+27
1.69200000000000e+01	2.26011384009148e+27
1.69300000000000e+01	2.25071301287365e+27
1.69400000000000e+01	2.24139551619911e+27
1.69500000000000e+01	2.23213113564010e+27
1.69600000000000e+01	2.22293360502594e+27
1.69700000000000e+01	2.21384633405968e+27
1.69800000000000e+01	2.20484107392305e+27
1.69900000000000e+01	2.19591932918730e+27
1.70000000000000e+01	2.18708021088588e+27
1.70100000000000e+01	2.17835509004031e+27
1.70200000000000e+01	2.16966184504318e+27
1.70300000000000e+01	2.16110297056436e+27
1.70400000000000e+01	2.15255300128898e+27
1.70500000000000e+01	2.14407871019776e+27
1.70600000000000e+01	2.13563061149050e+27
1.70700000000000e+01	2.12719769373666e+27
1.70800000000000e+01	2.11877545839403e+27
1.70900000000000e+01	2.11039692692270e+27
1.71000000000000e+01	2.10202556937747e+27
1.71100000000000e+01	2.09365939754503e+27
1.71200000000000e+01	2.08534014250954e+27
1.71300000000000e+01	2.07699778120604e+27
1.71400000000000e+01	2.06871238811667e+27
1.71500000000000e+01	2.06044757929621e+27
1.71600000000000e+01	2.05224598550902e+27
1.71700000000000e+01	2.04407355707528e+27
1.71800000000000e+01	2.03593000896163e+27
1.71900000000000e+01	2.02781862478010e+27
1.72000000000000e+01	2.01973991310359e+27
1.72100000000000e+01	2.01172635747813e+27
1.72200000000000e+01	2.00374176344276e+27
1.72300000000000e+01	1.99578247441327e+27
1.72400000000000e+01	1.98788313053519e+27
1.72500000000000e+01	1.98000664614952e+27
1.72600000000000e+01	1.97215056468216e+27
1.72700000000000e+01	1.96431085002487e+27
1.72800000000000e+01	1.95649200810152e+27
1.72900000000000e+01	1.94872620566681e+27
1.73000000000000e+01	1.94097893783810e+27
1.73100000000000e+01	1.93324950067815e+27
1.73200000000000e+01	1.92557629305022e+27
1.73300000000000e+01	1.91792527354081e+27
1.73400000000000e+01	1.91026047704621e+27
1.73500000000000e+01	1.90269338132231e+27
1.73600000000000e+01	1.89511552967435e+27
1.73700000000000e+01	1.88760030199042e+27
1.73800000000000e+01	1.88011225297134e+27
1.73900000000000e+01	1.87265238187917e+27
1.74000000000000e+01	1.86521946952740e+27
1.74100000000000e+01	1.85784636957746e+27
1.74200000000000e+01	1.85049535903905e+27
1.74300000000000e+01	1.84316896402131e+27
1.74400000000000e+01	1.83586042588281e+27
1.74500000000000e+01	1.82860667532281e+27
1.74600000000000e+01	1.82136940307089e+27
1.74700000000000e+01	1.81414665799652e+27
1.74800000000000e+01	1.80693862586917e+27
1.74900000000000e+01	1.79974763872239e+27
1.75000000000000e+01	1.79260208885457e+27
1.75100000000000e+01	1.78547095647517e+27
1.75200000000000e+01	1.77835502874757e+27
1.75300000000000e+01	1.77128821223638e+27
1.75400000000000e+01	1.76423600711094e+27
1.75500000000000e+01	1.75716621500474e+27
1.75600000000000e+01	1.75018009279190e+27
1.75700000000000e+01	1.74317751820320e+27
1.75800000000000e+01	1.73622643013201e+27
1.75900000000000e+01	1.72925991265510e+27
1.76000000000000e+01	1.72234546549925e+27
1.76100000000000e+01	1.71548302192873e+27
1.76200000000000e+01	1.70860619151520e+27
1.76300000000000e+01	1.70178339329999e+27
1.76400000000000e+01	1.69497885093295e+27
1.76500000000000e+01	1.68819623885257e+27
1.76600000000000e+01	1.68146580038794e+27
1.76700000000000e+01	1.67472537157614e+27
1.76800000000000e+01	1.66803533472596e+27
1.76900000000000e+01	1.66136901246617e+27
1.77000000000000e+01	1.65472296022203e+27
1.77100000000000e+01	1.64813042648035e+27
1.77200000000000e+01	1.64155802013430e+27
1.77300000000000e+01	1.63500923025770e+27
1.77400000000000e+01	1.62848062080853e+27
1.77500000000000e+01	1.62197389631259e+27
1.77600000000000e+01	1.61552011547642e+27
1.77700000000000e+01	1.60908974902049e+27
1.77800000000000e+01	1.60267936477806e+27
1.77900000000000e+01	1.59629234356124e+27
1.78000000000000e+01	1.58995765019920e+27
1.78100000000000e+01	1.58361375355613e+27
1.78200000000000e+01	1.57732358730849e+27
1.78300000000000e+01	1.57105470687069e+27
1.78400000000000e+01	1.56483909248337e+27
1.78500000000000e+01	1.55861583420617e+27
1.78600000000000e+01	1.55244383203986e+27
1.78700000000000e+01	1.54629427546947e+27
1.78800000000000e+01	1.54016708830123e+27
1.78900000000000e+01	1.53409049341794e+27
1.79000000000000e+01	1.52800762619220e+27
1.79100000000000e+01	1.52197501450696e+27
1.79200000000000e+01	1.51596577991479e+27
1.79300000000000e+01	1.50997666469216e+27
1.79400000000000e+01	1.50403864880583e+27
1.79500000000000e+01	1.49812358831398e+27
1.79600000000000e+01	1.49222972286908e+27
1.79700000000000e+01	1.48635701485825e+27
1.79800000000000e+01	1.48050530654646e+27
1.79900000000000e+01	1.47467454101496e+27
1.80000000000000e+01	1.46889366205795e+27
1.80100000000000e+01	1.47294057039187e+27
1.80200000000000e+01	1.46714196245590e+27
1.80300000000000e+01	1.45170908754812e+27
1.80400000000000e+01	1.45563740737137e+27
1.80500000000000e+01	1.44036559405395e+27
1.80600000000000e+01	1.43473821012535e+27
1.80700000000000e+01	1.42913218538910e+27
1.80800000000000e+01	1.43293981476911e+27
1.80900000000000e+01	1.41800911125445e+27
1.81000000000000e+01	1.41249324460710e+27
1.81100000000000e+01	1.40699667216052e+27
1.81200000000000e+01	1.40151368923924e+27
1.81300000000000e+01	1.40517498295524e+27
1.81400000000000e+01	1.39970015741461e+27
1.81500000000000e+01	1.38525090293452e+27
1.81600000000000e+01	1.38882204084067e+27
1.81700000000000e+01	1.38342421771438e+27
1.81800000000000e+01	1.37804800715205e+27
1.81900000000000e+01	1.36391567747061e+27
1.82000000000000e+01	1.36737676175619e+27
1.82100000000000e+01	1.36207590236000e+27
1.82200000000000e+01	1.34817801391059e+27
1.82300000000000e+01	1.34297818011863e+27
1.82400000000000e+01	1.34632455190687e+27
1.82500000000000e+01	1.34112544498199e+27
1.82600000000000e+01	1.32752897642692e+27
1.82700000000000e+01	1.32242565857942e+27
1.82800000000000e+01	1.32566664199593e+27
1.82900000000000e+01	1.31229278756070e+27
1.83000000000000e+01	1.31548096948523e+27
1.83100000000000e+01	1.31042296217817e+27
1.83200000000000e+01	1.30539033521472e+27
1.83300000000000e+01	1.29230711038499e+27
1.83400000000000e+01	1.29539510028881e+27
1.83500000000000e+01	1.28245242980522e+27
1.83600000000000e+01	1.28549019582412e+27
1.83700000000000e+01	1.27268890741637e+27
1.83800000000000e+01	1.27567603394491e+27
1.83900000000000e+01	1.27080366171709e+27
1.84000000000000e+01	1.26595424924649e+27
1.84100000000000e+01	1.25342897432958e+27
1.84200000000000e+01	1.25632246505332e+27
1.84300000000000e+01	1.25154122048902e+27
1.84400000000000e+01	1.23921810630222e+27
1.84500000000000e+01	1.23452235975108e+27
1.84600000000000e+01	1.22985244121566e+27
1.84700000000000e+01	1.23263069003933e+27
1.84800000000000e+01	1.22795670969650e+27
1.84900000000000e+01	1.22330341809072e+27
1.85000000000000e+01	1.21867442415899e+27
1.85100000000000e+01	1.21406456527452e+27
1.85200000000000e+01	1.20947875655978e+27
1.85300000000000e+01	1.19774054238708e+27
1.85400000000000e+01	1.20036626137659e+27
1.85500000000000e+01	1.18875287623140e+27
1.85600000000000e+01	1.18429091789815e+27
1.85700000000000e+01	1.17984843505953e+27
1.85800000000000e+01	1.18238983790193e+27
1.85900000000000e+01	1.17102384565322e+27
1.86000000000000e+01	1.16664278399913e+27
1.86100000000000e+01	1.16227954019460e+27
1.86200000000000e+01	1.15793889386354e+27
1.86300000000000e+01	1.15361586444225e+27
1.86400000000000e+01	1.14931403096448e+27
1.86500000000000e+01	1.14502959138150e+27
1.86600000000000e+01	1.14741542218228e+27
1.86700000000000e+01	1.14313199405703e+27
1.86800000000000e+01	1.13886837228474e+27
1.86900000000000e+01	1.13462567363187e+27
1.87000000000000e+01	1.13040015281613e+27
1.87100000000000e+01	1.12619411674919e+27
1.87200000000000e+01	1.11558580278732e+27
1.87300000000000e+01	1.11145529672223e+27
1.87400000000000e+01	1.11369315239850e+27
1.87500000000000e+01	1.10325103010835e+27
1.87600000000000e+01	1.09917708255012e+27
1.87700000000000e+01	1.09511820748025e+27
1.87800000000000e+01	1.09728567087889e+27
1.87900000000000e+01	1.08706078525677e+27
1.88000000000000e+01	1.08919333762013e+27
1.88100000000000e+01	1.08517320836859e+27
1.88200000000000e+01	1.08117149720227e+27
1.88300000000000e+01	1.07115856101970e+27
1.88400000000000e+01	1.07322409521967e+27
1.88500000000000e+01	1.06927588755089e+27
1.88600000000000e+01	1.06534572291701e+27
1.88700000000000e+01	1.05554072689626e+27
1.88800000000000e+01	1.05753912768694e+27
1.88900000000000e+01	1.04783507237250e+27
1.89000000000000e+01	1.04400903621822e+27
1.89100000000000e+01	1.04020034665420e+27
1.89200000000000e+01	1.04213602837767e+27
1.89300000000000e+01	1.03832612009466e+27
1.89400000000000e+01	1.02887189253855e+27
1.89500000000000e+01	1.02512949280741e+27
1.89600000000000e+01	1.02700560505660e+27
1.89700000000000e+01	1.02326331096007e+27
1.89800000000000e+01	1.01953909016746e+27
1.89900000000000e+01	1.01583286988528e+27
1.90000000000000e+01	1.00666409556802e+27
1.90100000000000e+01	1.00301975700098e+27
1.90200000000000e+01	1.00480900988965e+27
1.90300000000000e+01	9.95780232946872e+26
1.90400000000000e+01	9.97540724404528e+26
1.90500000000000e+01	9.88603515593553e+26
1.90600000000000e+01	9.85038258721973e+26
1.90700000000000e+01	9.81490088345532e+26
1.90800000000000e+01	9.83194449951284e+26
1.90900000000000e+01	9.74439296524386e+26
1.91000000000000e+01	9.70937595552464e+26
1.91100000000000e+01	9.67450503396111e+26
1.91200000000000e+01	9.63980106740422e+26
1.91300000000000e+01	9.60523087266831e+26
1.91400000000000e+01	9.62147681260118e+26
1.91500000000000e+01	9.58692485278436e+26
1.91600000000000e+01	9.55255998636508e+26
1.91700000000000e+01	9.46847829839056e+26
1.91800000000000e+01	9.43465237796324e+26
1.91900000000000e+01	9.40098791244907e+26
1.92000000000000e+01	9.41649489207668e+26
1.92100000000000e+01	9.38285030293398e+26
1.92200000000000e+01	9.34934535791679e+26
1.92300000000000e+01	9.26778106546070e+26
1.92400000000000e+01	9.23484893104086e+26
1.92500000000000e+01	9.20204231251342e+26
1.92600000000000e+01	9.16939191543649e+26
1.92700000000000e+01	9.13687579201946e+26
1.92800000000000e+01	9.15141100077648e+26
1.92900000000000e+01	9.07226569504914e+26
1.93000000000000e+01	9.04017023284389e+26
1.93100000000000e+01	9.05435154545380e+26
1.93200000000000e+01	9.02227877974274e+26
1.93300000000000e+01	8.99035854285544e+26
1.93400000000000e+01	8.95856964647678e+26
1.93500000000000e+01	8.92690140228093e+26
1.93600000000000e+01	8.89538367880640e+26
1.93700000000000e+01	8.81935102572460e+26
1.93800000000000e+01	8.83276620424069e+26
1.93900000000000e+01	8.75745175861586e+26
1.94000000000000e+01	8.72671637849011e+26
1.94100000000000e+01	8.69611662198097e+26
1.94200000000000e+01	8.66564137022099e+26
1.94300000000000e+01	8.63530046567126e+26
1.94400000000000e+01	8.64808955842800e+26
1.94500000000000e+01	8.57498808401282e+26
1.94600000000000e+01	8.54502561066149e+26
1.94700000000000e+01	8.51520461105609e+26
1.94800000000000e+01	8.48547514099618e+26
1.94900000000000e+01	8.49778129889303e+26
1.95000000000000e+01	8.46810743514218e+26
1.95100000000000e+01	8.39712461787925e+26
1.95200000000000e+01	8.36793188875081e+26
1.95300000000000e+01	8.37982701977489e+26
1.95400000000000e+01	8.35065194349168e+26
1.95500000000000e+01	8.28106013552670e+26
1.95600000000000e+01	8.25235579903160e+26
1.95700000000000e+01	8.22376687545380e+26
1.95800000000000e+01	8.23518516335176e+26
1.95900000000000e+01	8.16694380673946e+26
1.96000000000000e+01	8.13872754018944e+26
1.96100000000000e+01	8.11059640668709e+26
1.96200000000000e+01	8.12168812310897e+26
1.96300000000000e+01	8.05473830310162e+26
1.96400000000000e+01	8.02700099823507e+26
1.96500000000000e+01	8.03779400268977e+26
1.96600000000000e+01	8.01007564124603e+26
1.96700000000000e+01	7.98245957704995e+26
1.96800000000000e+01	7.91713019222205e+26
1.96900000000000e+01	7.92758789210780e+26
1.97000000000000e+01	7.90024501953861e+26
1.97100000000000e+01	7.83574392657558e+26
1.97200000000000e+01	7.84575496027828e+26
1.97300000000000e+01	7.78157976637214e+26
1.97400000000000e+01	7.75421776816625e+26
1.97500000000000e+01	7.72634521506338e+26
1.97600000000000e+01	7.73375728707993e+26
1.97700000000000e+01	7.70302227015929e+26
1.97800000000000e+01	7.66942471943001e+26
1.97900000000000e+01	7.59563020652977e+26
1.98000000000000e+01	7.58587960019540e+26
1.98100000000000e+01	7.52977625365911e+26
1.98200000000000e+01	7.45803883428575e+26
1.98300000000000e+01	7.33020638662657e+26
1.98400000000000e+01	7.24046139971451e+26
1.98500000000000e+01	7.07721398838338e+26
1.98600000000000e+01	6.83252902905103e+26
1.98700000000000e+01	6.56004325318060e+26
1.98800000000000e+01	6.24583827639311e+26
1.98900000000000e+01	5.79744002098373e+26
1.99000000000000e+01	5.29747479276708e+26
1.99100000000000e+01	4.72122679611424e+26
1.99200000000000e+01	4.08055171922729e+26
1.99300000000000e+01	3.41139238924980e+26
1.99400000000000e+01	2.70969534951340e+26
1.99500000000000e+01	2.02067744274775e+26
1.99600000000000e+01	1.40953024039897e+26
1.99700000000000e+01	8.80278815508871e+25
1.99800000000000e+01	4.76867300586174e+25
1.99900000000000e+01	2.04333914968119e+25
2.00000000000000e+01	5.23880043482515e+24
