1.00000000000000e-02	1.93056044127366e+27
2.00000000000000e-02	7.72254546009124e+27
3.00000000000000e-02	1.73767626110256e+28
4.00000000000000e-02	3.08945902995423e+28
5.00000000000000e-02	4.82784112519099e+28
6.00000000000000e-02	6.95297329914897e+28
7.00000000000000e-02	9.46526802962247e+28
8.00000000000000e-02	1.23652070451372e+29
9.00000000000000e-02	1.56529281249166e+29
1.00000000000000e-01	1.93292089101228e+29
1.10000000000000e-01	2.33943495352607e+29
1.20000000000000e-01	2.78490102171028e+29
1.30000000000000e-01	3.26940887404106e+29
1.40000000000000e-01	3.79301609151899e+29
1.50000000000000e-01	4.35578656518424e+29
1.60000000000000e-01	4.95783779130743e+29
1.70000000000000e-01	5.59922342749865e+29
1.80000000000000e-01	6.28003240508747e+29
1.90000000000000e-01	7.00044865630475e+29
2.00000000000000e-01	7.76048756470068e+29
2.10000000000000e-01	8.56025039157837e+29
2.20000000000000e-01	9.39996378357016e+29
2.30000000000000e-01	1.02797379752040e+30
2.40000000000000e-01	1.11996450918513e+30
2.50000000000000e-01	1.21598163904959e+30
2.60000000000000e-01	1.31604061169173e+30
2.70000000000000e-01	1.42017692077669e+30
2.80000000000000e-01	1.52837588221341e+30
2.90000000000000e-01	1.64065605191283e+30
3.00000000000000e-01	1.75707132128167e+30
3.10000000000000e-01	1.87760293350100e+30
3.20000000000000e-01	2.00228571848760e+30
3.30000000000000e-01	2.13112284430253e+30
3.40000000000000e-01	2.26415320842609e+30
3.50000000000000e-01	2.40139845607614e+30
3.60000000000000e-01	2.54287273967755e+30
3.70000000000000e-01	2.68861087546313e+30
3.80000000000000e-01	2.83862341870671e+30
3.90000000000000e-01	2.99291004025734e+30
4.00000000000000e-01	3.15155489149298e+30
4.10000000000000e-01	3.31456233460826e+30
4.20000000000000e-01	3.48193690310089e+30
4.30000000000000e-01	3.65370899388384e+30
4.40000000000000e-01	3.82992316177807e+30
4.50000000000000e-01	4.01058249289157e+30
4.60000000000000e-01	4.19576579563516e+30
4.70000000000000e-01	4.38546611155149e+30
4.80000000000000e-01	4.57970506647785e+30
4.90000000000000e-01	4.77857914657230e+30
5.00000000000000e-01	4.98203981201481e+30
5.10000000000000e-01	5.19018809798476e+30
5.20000000000000e-01	5.40305265738565e+30
5.30000000000000e-01	5.62061909299051e+30
5.40000000000000e-01	5.84300103222257e+30
5.50000000000000e-01	6.07018131547680e+30
5.60000000000000e-01	6.30216900859772e+30
5.70000000000000e-01	6.53912744294562e+30
5.80000000000000e-01	6.78103240272402e+30
5.90000000000000e-01	7.02782641791341e+30
6.00000000000000e-01	7.27973289787144e+30
6.10000000000000e-01	7.53671119779148e+30
6.20000000000000e-01	7.79883715183820e+30
6.30000000000000e-01	8.06613713484149e+30
6.40000000000000e-01	8.33861716357055e+30
6.50000000000000e-01	8.61641136464344e+30
6.60000000000000e-01	8.89950653216671e+30
6.70000000000000e-01	9.18808371302275e+30
6.80000000000000e-01	9.48203484252442e+30
6.90000000000000e-01	9.78150695820735e+30
7.00000000000000e-01	1.00865721765394e+31
7.10000000000000e-01	1.03972205951825e+31
7.20000000000000e-01	1.07135572975383e+31
7.30000000000000e-01	1.10357189531966e+31
7.40000000000000e-01	1.13636697464520e+31
7.50000000000000e-01	1.16975524353892e+31
7.60000000000000e-01	1.20374503246701e+31
7.70000000000000e-01	1.23832842727079e+31
7.80000000000000e-01	1.27352612312190e+31
7.90000000000000e-01	1.30934525775520e+31
8.00000000000000e-01	1.34579995758571e+31
8.10000000000000e-01	1.38287643632727e+31
8.20000000000000e-01	1.42060515531636e+31
8.30000000000000e-01	1.45898937171906e+31
8.40000000000000e-01	1.49803126490600e+31
8.50000000000000e-01	1.53775973378878e+31
8.60000000000000e-01	1.57815168346256e+31
8.70000000000000e-01	1.61923577151277e+31
8.80000000000000e-01	1.66103173137470e+31
8.90000000000000e-01	1.70352641017498e+31
9.00000000000000e-01	1.74673886324176e+31
9.10000000000000e-01	1.79069653987660e+31
9.20000000000000e-01	1.83539032538282e+31
9.30000000000000e-01	1.88084861128496e+31
9.40000000000000e-01	1.92707164608179e+31
9.50000000000000e-01	1.97408266112232e+31
9.60000000000000e-01	2.02187257847295e+31
9.70000000000000e-01	2.07047402758354e+31
9.80000000000000e-01	2.11988881579323e+31
9.90000000000000e-01	2.17014777203707e+31
1.00000000000000e+00	2.22124523894374e+31
1.01000000000000e+00	2.27323244144643e+31
1.02000000000000e+00	2.32607837778248e+31
1.03000000000000e+00	2.37981323326836e+31
1.04000000000000e+00	2.43446100769845e+31
1.05000000000000e+00	2.49004598539047e+31
1.06000000000000e+00	2.54654621201470e+31
1.07000000000000e+00	2.60403504328406e+31
1.08000000000000e+00	2.66251096562358e+31
1.09000000000000e+00	2.72195929683837e+31
1.10000000000000e+00	2.78246211543978e+31
1.11000000000000e+00	2.84398819364122e+31
1.12000000000000e+00	2.90657452284165e+31
1.13000000000000e+00	2.97021896151103e+31
1.14000000000000e+00	3.03501512737827e+31
1.15000000000000e+00	3.10091612693574e+31
1.16000000000000e+00	3.16795764779469e+31
1.17000000000000e+00	3.23620023978008e+31
1.18000000000000e+00	3.30565424096900e+31
1.19000000000000e+00	3.37629797540609e+31
1.20000000000000e+00	3.44824632329365e+31
1.21000000000000e+00	3.52146815939632e+31
1.22000000000000e+00	3.59600707257251e+31
1.23000000000000e+00	3.67187676697918e+31
1.24000000000000e+00	3.74915375522883e+31
1.25000000000000e+00	3.82782336359916e+31
1.26000000000000e+00	3.90794516756764e+31
1.27000000000000e+00	3.98956756700144e+31
1.28000000000000e+00	4.07268697251743e+31
1.29000000000000e+00	4.15741600488815e+31
1.30000000000000e+00	4.24366828512123e+31
1.31000000000000e+00	4.33160813220793e+31
1.32000000000000e+00	4.42124007349240e+31
1.33000000000000e+00	4.51258684430490e+31
1.34000000000000e+00	4.60576130927455e+31
1.35000000000000e+00	4.70071632704692e+31
1.36000000000000e+00	4.79753469296065e+31
1.37000000000000e+00	4.89633020400491e+31
1.38000000000000e+00	4.99709490041378e+31
1.39000000000000e+00	5.09993452761431e+31
1.40000000000000e+00	5.20484759452482e+31
1.41000000000000e+00	5.31194357732773e+31
1.42000000000000e+00	5.42129120246106e+31
1.43000000000000e+00	5.53290635988588e+31
1.44000000000000e+00	5.64694009435673e+31
1.45000000000000e+00	5.76339803141191e+31
1.46000000000000e+00	5.88243489147981e+31
1.47000000000000e+00	6.00406180676044e+31
1.48000000000000e+00	6.12842599364716e+31
1.49000000000000e+00	6.25556803636491e+31
1.50000000000000e+00	6.38561400146988e+31
1.51000000000000e+00	6.51866715732465e+31
1.52000000000000e+00	6.65484475486122e+31
1.53000000000000e+00	6.79420304884860e+31
1.54000000000000e+00	6.93690627446983e+31
1.55000000000000e+00	7.08310348840941e+31
1.56000000000000e+00	7.23291833214844e+31
1.57000000000000e+00	7.38645560030278e+31
1.58000000000000e+00	7.54394256285571e+31
1.59000000000000e+00	7.70546151787283e+31
1.60000000000000e+00	7.87125103298136e+31
1.61000000000000e+00	8.04146417973441e+31
1.62000000000000e+00	8.21631082000639e+31
1.63000000000000e+00	8.39591260814567e+31
1.64000000000000e+00	8.58064794638994e+31
1.65000000000000e+00	8.77061684708333e+31
1.66000000000000e+00	8.96606306860418e+31
1.67000000000000e+00	9.16717830451069e+31
1.68000000000000e+00	9.37424714974996e+31
1.69000000000000e+00	9.58747803879662e+31
1.70000000000000e+00	9.80707787958056e+31
1.71000000000000e+00	1.00333955235944e+32
1.72000000000000e+00	1.02668011405602e+32
1.73000000000000e+00	1.05074878416948e+32
1.74000000000000e+00	1.07560595255572e+32
1.75000000000000e+00	1.10129584766436e+32
1.76000000000000e+00	1.12788409728295e+32
1.77000000000000e+00	1.15544228121162e+32
1.78000000000000e+00	1.18405613230104e+32
1.79000000000000e+00	1.21380777186673e+32
1.80000000000000e+00	1.24480505649467e+32
1.81000000000000e+00	1.27712749486538e+32
1.82000000000000e+00	1.31088846037045e+32
1.83000000000000e+00	1.34615909039995e+32
1.84000000000000e+00	1.38302706103164e+32
1.85000000000000e+00	1.42157259772022e+32
1.86000000000000e+00	1.46183597728118e+32
1.87000000000000e+00	1.50386307614828e+32
1.88000000000000e+00	1.54771350066553e+32
1.89000000000000e+00	1.59339672349548e+32
1.90000000000000e+00	1.64098970834613e+32
1.91000000000000e+00	1.69053118483382e+32
1.92000000000000e+00	1.74213428699134e+32
1.93000000000000e+00	1.79597605181735e+32
1.94000000000000e+00	1.85226816659157e+32
1.95000000000000e+00	1.91133184334041e+32
1.96000000000000e+00	1.97364386554835e+32
1.97000000000000e+00	2.03979703889882e+32
1.98000000000000e+00	2.11048285007884e+32
1.99000000000000e+00	2.18670190581029e+32
2.00000000000000e+00	2.26948138402206e+32
2.01000000000000e+00	2.36014632137939e+32
2.02000000000000e+00	2.46012922588515e+32
2.03000000000000e+00	2.57098936491751e+32
2.04000000000000e+00	2.69443955093600e+32
2.05000000000000e+00	2.83219199718394e+32
2.06000000000000e+00	2.98593095033309e+32
2.07000000000000e+00	3.15710546994246e+32
2.08000000000000e+00	3.34694493280862e+32
2.09000000000000e+00	3.55615866947490e+32
2.10000000000000e+00	3.78469330987510e+32
2.11000000000000e+00	4.03179780477668e+32
2.12000000000000e+00	4.29553819739390e+32
2.13000000000000e+00	4.57290181905362e+32
2.14000000000000e+00	4.85957076228187e+32
2.15000000000000e+00	5.14995571987656e+32
2.16000000000000e+00	5.43727958761859e+32
2.17000000000000e+00	5.71387611473527e+32
2.18000000000000e+00	5.97147529248667e+32
2.19000000000000e+00	6.20166390677628e+32
2.20000000000000e+00	6.39682550113534e+32
2.21000000000000e+00	6.55065710090603e+32
2.22000000000000e+00	6.65924973559810e+32
2.23000000000000e+00	6.72159852379943e+32
2.24000000000000e+00	6.74020576883679e+32
2.25000000000000e+00	6.72087257664140e+32
2.26000000000000e+00	6.67210736030764e+32
2.27000000000000e+00	6.60358779929568e+32
2.28000000000000e+00	6.52512185860310e+32
2.29000000000000e+00	6.44549127869338e+32
2.30000000000000e+00	6.37215510219111e+32
2.31000000000000e+00	6.31141895061748e+32
2.32000000000000e+00	6.26854173349837e+32
2.33000000000000e+00	6.24755519248063e+32
2.34000000000000e+00	6.25034841022720e+32
2.35000000000000e+00	6.27538549698938e+32
2.36000000000000e+00	6.31612433807123e+32
2.37000000000000e+00	6.35972146382020e+32
2.38000000000000e+00	6.38748289640717e+32
2.39000000000000e+00	6.37749838419261e+32
2.40000000000000e+00	6.31011140628733e+32
2.41000000000000e+00	6.17431227376420e+32
2.42000000000000e+00	5.97159787242824e+32
2.43000000000000e+00	5.71500744133879e+32
2.44000000000000e+00	5.42399449128480e+32
2.45000000000000e+00	5.11827663054699e+32
2.46000000000000e+00	4.81387913465154e+32
2.47000000000000e+00	4.52205588906290e+32
2.48000000000000e+00	4.25007142914655e+32
2.49000000000000e+00	4.00273476614708e+32
2.50000000000000e+00	3.78371803659831e+32
2.51000000000000e+00	3.59623096924976e+32
2.52000000000000e+00	3.44290768375637e+32
2.53000000000000e+00	3.32588382776816e+32
2.54000000000000e+00	3.24636605271621e+32
2.55000000000000e+00	3.20482724920587e+32
2.56000000000000e+00	3.20101972865837e+32
2.57000000000000e+00	3.23416765423730e+32
2.58000000000000e+00	3.30304463986138e+32
2.59000000000000e+00	3.40545721370283e+32
2.60000000000000e+00	3.53779621976143e+32
2.61000000000000e+00	3.69392702423443e+32
2.62000000000000e+00	3.86464725115532e+32
2.63000000000000e+00	4.03766298130482e+32
2.64000000000000e+00	4.19881293370535e+32
2.65000000000000e+00	4.33446423048136e+32
2.66000000000000e+00	4.43477104049293e+32
2.67000000000000e+00	4.49564926592502e+32
2.68000000000000e+00	4.51922095990379e+32
2.69000000000000e+00	4.51205408157819e+32
2.70000000000000e+00	4.48288277281793e+32
2.71000000000000e+00	4.44047488582437e+32
2.72000000000000e+00	4.39235142340988e+32
2.73000000000000e+00	4.34422254752361e+32
2.74000000000000e+00	4.29959848418031e+32
2.75000000000000e+00	4.25958004915051e+32
2.76000000000000e+00	4.22329827275526e+32
2.77000000000000e+00	4.18877779333607e+32
2.78000000000000e+00	4.15453948076216e+32
2.79000000000000e+00	4.12123359913402e+32
2.80000000000000e+00	4.09239487380564e+32
2.81000000000000e+00	4.07386767680738e+32
2.82000000000000e+00	4.07188825708726e+32
2.83000000000000e+00	4.09098022743658e+32
2.84000000000000e+00	4.13238519860749e+32
2.85000000000000e+00	4.19365163244168e+32
2.86000000000000e+00	4.26945413239432e+32
2.87000000000000e+00	4.35327182961120e+32
2.88000000000000e+00	4.43944495937395e+32
2.89000000000000e+00	4.52439074282341e+32
2.90000000000000e+00	4.60658842407930e+32
2.91000000000000e+00	4.68501148905690e+32
2.92000000000000e+00	4.75741840555141e+32
2.93000000000000e+00	4.81920788349461e+32
2.94000000000000e+00	4.86370611220717e+32
2.95000000000000e+00	4.88374874330676e+32
2.96000000000000e+00	4.87378320787281e+32
2.97000000000000e+00	4.83146257694538e+32
2.98000000000000e+00	4.75814752914225e+32
2.99000000000000e+00	4.65832463552939e+32
3.00000000000000e+00	4.53869926931582e+32
3.01000000000000e+00	4.40687645363523e+32
3.02000000000000e+00	4.27042767699143e+32
3.03000000000000e+00	4.13609075500389e+32
3.04000000000000e+00	4.00939849064379e+32
3.05000000000000e+00	3.89466917219753e+32
3.06000000000000e+00	3.79509938393741e+32
3.07000000000000e+00	3.71312696472429e+32
3.08000000000000e+00	3.65009660109900e+32
3.09000000000000e+00	3.60600257910323e+32
3.10000000000000e+00	3.57943859956493e+32
3.11000000000000e+00	3.56785041772806e+32
3.12000000000000e+00	3.56818792430262e+32
3.13000000000000e+00	3.57742452584856e+32
3.14000000000000e+00	3.59276773873234e+32
3.15000000000000e+00	3.61126965939624e+32
3.16000000000000e+00	3.62883093109400e+32
3.17000000000000e+00	3.63972630789875e+32
3.18000000000000e+00	3.63656272724266e+32
3.19000000000000e+00	3.61172695882579e+32
3.20000000000000e+00	3.55981295027490e+32
3.21000000000000e+00	3.47991641316976e+32
3.22000000000000e+00	3.37631468402784e+32
3.23000000000000e+00	3.25699164391821e+32
3.24000000000000e+00	3.13068509622893e+32
3.25000000000000e+00	3.00432209044956e+32
3.26000000000000e+00	2.88180410225880e+32
3.27000000000000e+00	2.76424547803921e+32
3.28000000000000e+00	2.65103865876048e+32
3.29000000000000e+00	2.54127744060440e+32
3.30000000000000e+00	2.43480319269648e+32
3.31000000000000e+00	2.33247771267155e+32
3.32000000000000e+00	2.23577642746114e+32
3.33000000000000e+00	2.14599665869315e+32
3.34000000000000e+00	2.06358136042859e+32
3.35000000000000e+00	1.98781317828908e+32
3.36000000000000e+00	1.91701721287273e+32
3.37000000000000e+00	1.84901527131415e+32
3.38000000000000e+00	1.78175288011424e+32
3.39000000000000e+00	1.71384627173720e+32
3.40000000000000e+00	1.64498645165263e+32
3.41000000000000e+00	1.57601324114017e+32
3.42000000000000e+00	1.50873116430220e+32
3.43000000000000e+00	1.44550861838123e+32
3.44000000000000e+00	1.38871922644341e+32
3.45000000000000e+00	1.34034207381767e+32
3.46000000000000e+00	1.30170038419913e+32
3.47000000000000e+00	1.27345701857153e+32
3.48000000000000e+00	1.25571660091826e+32
3.49000000000000e+00	1.24821187265997e+32
3.50000000000000e+00	1.25051448345846e+32
3.51000000000000e+00	1.26197912321830e+32
3.52000000000000e+00	1.28172564007190e+32
3.53000000000000e+00	1.30850416672927e+32
3.54000000000000e+00	1.34063534470468e+32
3.55000000000000e+00	1.37603448390937e+32
3.56000000000000e+00	1.41240562289828e+32
3.57000000000000e+00	1.44752892731127e+32
3.58000000000000e+00	1.47945060163819e+32
3.59000000000000e+00	1.50672849723443e+32
3.60000000000000e+00	1.52847797986410e+32
3.61000000000000e+00	1.54427881312514e+32
3.62000000000000e+00	1.55410957539639e+32
3.63000000000000e+00	1.55816419989604e+32
3.64000000000000e+00	1.55674034854138e+32
3.65000000000000e+00	1.55022447240015e+32
3.66000000000000e+00	1.53907298271673e+32
3.67000000000000e+00	1.52363398204155e+32
3.68000000000000e+00	1.50433962130737e+32
3.69000000000000e+00	1.48148207308176e+32
3.70000000000000e+00	1.45520915367983e+32
3.71000000000000e+00	1.42550862457192e+32
3.72000000000000e+00	1.39233142797322e+32
3.73000000000000e+00	1.35563522013547e+32
3.74000000000000e+00	1.31563730153705e+32
3.75000000000000e+00	1.27292838209019e+32
3.76000000000000e+00	1.22849194008749e+32
3.77000000000000e+00	1.18358028561819e+32
3.78000000000000e+00	1.13953972669015e+32
3.79000000000000e+00	1.09754049327923e+32
3.80000000000000e+00	1.05833300042602e+32
3.81000000000000e+00	1.02229478072778e+32
3.82000000000000e+00	9.89388146885653e+31
3.83000000000000e+00	9.59244426508732e+31
3.84000000000000e+00	9.31274452192084e+31
3.85000000000000e+00	9.04793042648729e+31
3.86000000000000e+00	8.79076872419417e+31
3.87000000000000e+00	8.53434296461365e+31
3.88000000000000e+00	8.27317088683328e+31
3.89000000000000e+00	8.00329517038979e+31
3.90000000000000e+00	7.72403456976931e+31
3.91000000000000e+00	7.43742399824156e+31
3.92000000000000e+00	7.14807276059955e+31
3.93000000000000e+00	6.86196535475306e+31
3.94000000000000e+00	6.58525903110255e+31
3.95000000000000e+00	6.32261873006371e+31
3.96000000000000e+00	6.07771966018916e+31
3.97000000000000e+00	5.85226070372202e+31
3.98000000000000e+00	5.64674239537853e+31
3.99000000000000e+00	5.46017685731495e+31
4.00000000000000e+00	5.29106916373568e+31
4.01000000000000e+00	5.13736626912185e+31
4.02000000000000e+00	4.99691635828826e+31
4.03000000000000e+00	4.86755429014196e+31
4.04000000000000e+00	4.74817032379937e+31
4.05000000000000e+00	4.63794294960565e+31
4.06000000000000e+00	4.53723274329169e+31
4.07000000000000e+00	4.44646676731032e+31
4.08000000000000e+00	4.36608837256372e+31
4.09000000000000e+00	4.29608535911928e+31
4.10000000000000e+00	4.23569412448638e+31
4.11000000000000e+00	4.18338481266011e+31
4.12000000000000e+00	4.13733474698537e+31
4.13000000000000e+00	4.09546647259089e+31
4.14000000000000e+00	4.05599802849960e+31
4.15000000000000e+00	4.01738486091869e+31
4.16000000000000e+00	3.97869982085403e+31
4.17000000000000e+00	3.93925137433682e+31
4.18000000000000e+00	3.89843333181793e+31
4.19000000000000e+00	3.85563117636907e+31
4.20000000000000e+00	3.81019459858381e+31
4.21000000000000e+00	3.76135389311279e+31
4.22000000000000e+00	3.70808471160302e+31
4.23000000000000e+00	3.64958528589937e+31
4.24000000000000e+00	3.58533747956948e+31
4.25000000000000e+00	3.51507788173437e+31
4.26000000000000e+00	3.43879943260510e+31
4.27000000000000e+00	3.35661553930936e+31
4.28000000000000e+00	3.26856354172224e+31
4.29000000000000e+00	3.17459939492036e+31
4.30000000000000e+00	3.07469713946229e+31
4.31000000000000e+00	2.96903471535517e+31
4.32000000000000e+00	2.85829286888016e+31
4.33000000000000e+00	2.74361856857182e+31
4.34000000000000e+00	2.62651915780319e+31
4.35000000000000e+00	2.50877644762015e+31
4.36000000000000e+00	2.39197967305946e+31
4.37000000000000e+00	2.27774193262244e+31
4.38000000000000e+00	2.16756145279487e+31
4.39000000000000e+00	2.06275850487222e+31
4.40000000000000e+00	1.96450091569925e+31
4.41000000000000e+00	1.87375462884749e+31
4.42000000000000e+00	1.79103330453745e+31
4.43000000000000e+00	1.71637165879864e+31
4.44000000000000e+00	1.64898306930128e+31
4.45000000000000e+00	1.58757521109417e+31
4.46000000000000e+00	1.53035333243920e+31
4.47000000000000e+00	1.47543971615569e+31
4.48000000000000e+00	1.42102680570756e+31
4.49000000000000e+00	1.36567333443623e+31
4.50000000000000e+00	1.30839894575708e+31
4.51000000000000e+00	1.24868664871435e+31
4.52000000000000e+00	1.18642682039359e+31
4.53000000000000e+00	1.12199732565186e+31
4.54000000000000e+00	1.05615077284123e+31
4.55000000000000e+00	9.90004169039360e+30
4.56000000000000e+00	9.25047953403471e+30
4.57000000000000e+00	8.63090048630377e+30
4.58000000000000e+00	8.06169261601236e+30
4.59000000000000e+00	7.56415992523347e+30
4.60000000000000e+00	7.15895264562713e+30
4.61000000000000e+00	6.86346154128188e+30
4.62000000000000e+00	6.69014524252139e+30
4.63000000000000e+00	6.64477786986842e+30
4.64000000000000e+00	6.72486008213060e+30
4.65000000000000e+00	6.91951318052617e+30
4.66000000000000e+00	7.20955552050127e+30
4.67000000000000e+00	7.56927983423159e+30
4.68000000000000e+00	7.96852553807991e+30
4.69000000000000e+00	8.37520874068572e+30
4.70000000000000e+00	8.75810870238981e+30
4.71000000000000e+00	9.08929276922787e+30
4.72000000000000e+00	9.34683093695106e+30
4.73000000000000e+00	9.51734867773532e+30
4.74000000000000e+00	9.59884797406527e+30
4.75000000000000e+00	9.60155905548024e+30
4.76000000000000e+00	9.54823671094433e+30
4.77000000000000e+00	9.47162070635133e+30
4.78000000000000e+00	9.41094847956296e+30
4.79000000000000e+00	9.40612796977426e+30
4.80000000000000e+00	9.49197585014242e+30
4.81000000000000e+00	9.69236122570715e+30
4.82000000000000e+00	1.00156903728054e+31
4.83000000000000e+00	1.04541051731300e+31
4.84000000000000e+00	1.09843204109779e+31
4.85000000000000e+00	1.15722419944635e+31
4.86000000000000e+00	1.21785758162897e+31
4.87000000000000e+00	1.27643736005034e+31
4.88000000000000e+00	1.32946233073304e+31
4.89000000000000e+00	1.37403921169431e+31
4.90000000000000e+00	1.40789461740505e+31
4.91000000000000e+00	1.42927653337988e+31
4.92000000000000e+00	1.43699013804983e+31
4.93000000000000e+00	1.43025245427866e+31
4.94000000000000e+00	1.40873812616433e+31
4.95000000000000e+00	1.37256039725798e+31
4.96000000000000e+00	1.32221305608568e+31
4.97000000000000e+00	1.25861255177894e+31
4.98000000000000e+00	1.18313848705931e+31
4.99000000000000e+00	1.09765456795131e+31
5.00000000000000e+00	1.00463892532167e+31
5.01000000000000e+00	9.07257262066639e+30
5.02000000000000e+00	8.09439692090839e+30
5.03000000000000e+00	7.15879030854563e+30
5.04000000000000e+00	6.32046663334579e+30
5.05000000000000e+00	5.64040229375962e+30
5.06000000000000e+00	5.18364917973182e+30
5.07000000000000e+00	5.01626265224830e+30
5.08000000000000e+00	5.20055087283267e+30
5.09000000000000e+00	5.78944417809825e+30
5.10000000000000e+00	6.82022912003649e+30
5.11000000000000e+00	8.30828354352671e+30
5.12000000000000e+00	1.02422277979545e+31
5.13000000000000e+00	1.25808852779305e+31
5.14000000000000e+00	1.52537439905454e+31
5.15000000000000e+00	1.81642492431126e+31
5.16000000000000e+00	2.11951747584283e+31
5.17000000000000e+00	2.42165105752837e+31
5.18000000000000e+00	2.70935891573706e+31
5.19000000000000e+00	2.96948441640598e+31
5.20000000000000e+00	3.19015486244898e+31
5.21000000000000e+00	3.36142912760411e+31
5.22000000000000e+00	3.47633234127608e+31
5.23000000000000e+00	3.53105766254972e+31
5.24000000000000e+00	3.52536661749890e+31
5.25000000000000e+00	3.46246229440705e+31
5.26000000000000e+00	3.34821253648522e+31
5.27000000000000e+00	3.19099405373545e+31
5.28000000000000e+00	3.00064299290357e+31
5.29000000000000e+00	2.78790194795991e+31
5.30000000000000e+00	2.56382305198490e+31
5.31000000000000e+00	2.33895797483936e+31
5.32000000000000e+00	2.12261478540390e+31
5.33000000000000e+00	1.92217091159364e+31
5.34000000000000e+00	1.74272755542842e+31
5.35000000000000e+00	1.58693676990957e+31
5.36000000000000e+00	1.45518999783213e+31
5.37000000000000e+00	1.34619641103107e+31
5.38000000000000e+00	1.25741672299117e+31
5.39000000000000e+00	1.18569616531337e+31
5.40000000000000e+00	1.12775642912846e+31
5.41000000000000e+00	1.08056152352472e+31
5.42000000000000e+00	1.04153593038698e+31
5.43000000000000e+00	1.00867347349979e+31
5.44000000000000e+00	9.80566215475162e+30
5.45000000000000e+00	9.56332913164238e+30
5.46000000000000e+00	9.35542497748928e+30
5.47000000000000e+00	9.18120053457408e+30
5.48000000000000e+00	9.04234402981065e+30
5.49000000000000e+00	8.94214740788800e+30
5.50000000000000e+00	8.88453651372581e+30
5.51000000000000e+00	8.87301758688713e+30
5.52000000000000e+00	8.90984015724581e+30
5.53000000000000e+00	8.99512977062357e+30
5.54000000000000e+00	9.12575189669090e+30
5.55000000000000e+00	9.29512121735756e+30
5.56000000000000e+00	9.49287882322168e+30
5.57000000000000e+00	9.70508629604709e+30
5.58000000000000e+00	9.91483918145784e+30
5.59000000000000e+00	1.01029642531097e+31
5.60000000000000e+00	1.02491235225212e+31
5.61000000000000e+00	1.03329701249241e+31
5.62000000000000e+00	1.03350954990130e+31
5.63000000000000e+00	1.02385373266657e+31
5.64000000000000e+00	1.00298915194502e+31
5.65000000000000e+00	9.70076316998316e+30
5.66000000000000e+00	9.24850400964115e+30
5.67000000000000e+00	8.67730486936360e+30
5.68000000000000e+00	7.99897907525448e+30
5.69000000000000e+00	7.23373538148666e+30
5.70000000000000e+00	6.41067727374302e+30
5.71000000000000e+00	5.56728789031766e+30
5.72000000000000e+00	4.74799142130019e+30
5.73000000000000e+00	4.00124456832283e+30
5.74000000000000e+00	3.37623882676157e+30
5.75000000000000e+00	2.91910479280875e+30
5.76000000000000e+00	2.66968970050444e+30
5.77000000000000e+00	2.65921433313711e+30
5.78000000000000e+00	2.90909240223371e+30
5.79000000000000e+00	3.43045730207657e+30
5.80000000000000e+00	4.22460771238239e+30
5.81000000000000e+00	5.28368281844787e+30
5.82000000000000e+00	6.59104901153685e+30
5.83000000000000e+00	8.12188128514970e+30
5.84000000000000e+00	9.84251290954461e+30
5.85000000000000e+00	1.17103070877390e+31
5.86000000000000e+00	1.36730163852233e+31
5.87000000000000e+00	1.56685743158127e+31
5.88000000000000e+00	1.76262217962236e+31
5.89000000000000e+00	1.94672379022690e+31
5.90000000000000e+00	2.11092599246628e+31
5.91000000000000e+00	2.24699580650665e+31
5.92000000000000e+00	2.34721968954209e+31
5.93000000000000e+00	2.40519684570320e+31
5.94000000000000e+00	2.41637209279464e+31
5.95000000000000e+00	2.37881405797965e+31
5.96000000000000e+00	2.29359499540135e+31
5.97000000000000e+00	2.16512130985153e+31
5.98000000000000e+00	2.00099833256962e+31
5.99000000000000e+00	1.81177241134117e+31
6.00000000000000e+00	1.61011980180784e+31
6.01000000000000e+00	1.41013125703642e+31
6.02000000000000e+00	1.22602955769167e+31
6.03000000000000e+00	1.07103286105181e+31
6.04000000000000e+00	9.56167234644924e+30
6.05000000000000e+00	8.89367571524782e+30
6.06000000000000e+00	8.74910689838613e+30
6.07000000000000e+00	9.13243281431429e+30
6.08000000000000e+00	1.00118081892110e+31
6.09000000000000e+00	1.13247147391316e+31
6.10000000000000e+00	1.29863772320535e+31
6.11000000000000e+00	1.48992968492581e+31
6.12000000000000e+00	1.69649784786106e+31
6.13000000000000e+00	1.90934543104755e+31
6.14000000000000e+00	2.12119792694491e+31
6.15000000000000e+00	2.32706904902475e+31
6.16000000000000e+00	2.52444642212496e+31
6.17000000000000e+00	2.71327287550512e+31
6.18000000000000e+00	2.89556842048342e+31
6.19000000000000e+00	3.07468815122823e+31
6.20000000000000e+00	3.25479457900652e+31
6.21000000000000e+00	3.43966409581838e+31
6.22000000000000e+00	3.63224188300905e+31
6.23000000000000e+00	3.83397615586274e+31
6.24000000000000e+00	4.04458736323275e+31
6.25000000000000e+00	4.26196505786958e+31
6.26000000000000e+00	4.48248225167108e+31
6.27000000000000e+00	4.70112483566695e+31
6.28000000000000e+00	4.91165537674992e+31
6.29000000000000e+00	5.10667915573940e+31
6.30000000000000e+00	5.27763826951432e+31
6.31000000000000e+00	5.41511608870385e+31
6.32000000000000e+00	5.50907112613006e+31
6.33000000000000e+00	5.54955814407628e+31
6.34000000000000e+00	5.52749861700805e+31
6.35000000000000e+00	5.43575386979140e+31
6.36000000000000e+00	5.27039400889941e+31
6.37000000000000e+00	5.03113372960191e+31
6.38000000000000e+00	4.72246124332691e+31
6.39000000000000e+00	4.35333734619358e+31
6.40000000000000e+00	3.93679975667126e+31
6.41000000000000e+00	3.48918021822425e+31
6.42000000000000e+00	3.02849864228625e+31
6.43000000000000e+00	2.57270798058599e+31
6.44000000000000e+00	2.13820605453406e+31
6.45000000000000e+00	1.73804733238656e+31
6.46000000000000e+00	1.38125077766223e+31
6.47000000000000e+00	1.07248235300726e+31
6.48000000000000e+00	8.12515314374898e+30
6.49000000000000e+00	5.99012841261228e+30
6.50000000000000e+00	4.27651874335724e+30
6.51000000000000e+00	2.93071643087071e+30
6.52000000000000e+00	1.89814495152860e+30
6.53000000000000e+00	1.12980602049597e+30
6.54000000000000e+00	5.86986863091319e+29
6.55000000000000e+00	2.44113638297868e+29
6.56000000000000e+00	8.94117178579477e+28
6.57000000000000e+00	1.23524058146066e+29
6.58000000000000e+00	3.56126722617475e+29
6.59000000000000e+00	8.00878841189327e+29
6.60000000000000e+00	1.46947105647168e+30
6.61000000000000e+00	2.36580322421352e+30
6.62000000000000e+00	3.48157627736020e+30
6.63000000000000e+00	4.79362072089849e+30
6.64000000000000e+00	6.26447896833287e+30
6.65000000000000e+00	7.84422469832608e+30
6.66000000000000e+00	9.47469324478565e+30
6.67000000000000e+00	1.10944810039417e+31
6.68000000000000e+00	1.26426263570616e+31
6.69000000000000e+00	1.40635239977761e+31
6.70000000000000e+00	1.53094372034215e+31
6.71000000000000e+00	1.63437851083278e+31
6.72000000000000e+00	1.71420612557531e+31
6.73000000000000e+00	1.76940947801816e+31
6.74000000000000e+00	1.80038108537664e+31
6.75000000000000e+00	1.80882155448629e+31
6.76000000000000e+00	1.79759093217510e+31
6.77000000000000e+00	1.77029288595974e+31
6.78000000000000e+00	1.73100376176971e+31
6.79000000000000e+00	1.68381788756191e+31
6.80000000000000e+00	1.63251060309197e+31
6.81000000000000e+00	1.58021899917715e+31
6.82000000000000e+00	1.52933577147748e+31
6.83000000000000e+00	1.48141727783084e+31
6.84000000000000e+00	1.43731850351263e+31
6.85000000000000e+00	1.39726822971654e+31
6.86000000000000e+00	1.36102249403719e+31
6.87000000000000e+00	1.32806082644124e+31
6.88000000000000e+00	1.29763947884494e+31
6.89000000000000e+00	1.26899529257862e+31
6.90000000000000e+00	1.24134508836993e+31
6.91000000000000e+00	1.21398978298357e+31
6.92000000000000e+00	1.18634530694051e+31
6.93000000000000e+00	1.15799061261430e+31
6.94000000000000e+00	1.12864378054982e+31
6.95000000000000e+00	1.09820326804042e+31
6.96000000000000e+00	1.06674909116812e+31
6.97000000000000e+00	1.03447505437778e+31
6.98000000000000e+00	1.00170452694625e+31
6.99000000000000e+00	9.68825053152807e+30
7.00000000000000e+00	9.36262218122506e+30
7.01000000000000e+00	9.04443865111107e+30
7.02000000000000e+00	8.73843181654895e+30
7.03000000000000e+00	8.45035746036176e+30
7.04000000000000e+00	8.18749924991897e+30
7.05000000000000e+00	7.96021365002517e+30
7.06000000000000e+00	7.78293550781660e+30
7.07000000000000e+00	7.67478823717925e+30
7.08000000000000e+00	7.65954544729667e+30
7.09000000000000e+00	7.76485651960698e+30
7.10000000000000e+00	8.01937796654843e+30
7.11000000000000e+00	8.44954904002393e+30
7.12000000000000e+00	9.07526912628902e+30
7.13000000000000e+00	9.90574585841727e+30
7.14000000000000e+00	1.09359950081748e+31
7.15000000000000e+00	1.21450580224015e+31
7.16000000000000e+00	1.34960231188467e+31
7.17000000000000e+00	1.49391740106397e+31
7.18000000000000e+00	1.64161166420153e+31
7.19000000000000e+00	1.78652560419201e+31
7.20000000000000e+00	1.92267241000871e+31
7.21000000000000e+00	2.04475736909553e+31
7.22000000000000e+00	2.14835361421925e+31
7.23000000000000e+00	2.23025067865078e+31
7.24000000000000e+00	2.28848382388960e+31
7.25000000000000e+00	2.32244069475068e+31
7.26000000000000e+00	2.33282765661022e+31
7.27000000000000e+00	2.32156211652821e+31
7.28000000000000e+00	2.29168597942502e+31
7.29000000000000e+00	2.24713144148657e+31
7.30000000000000e+00	2.19245231983855e+31
7.31000000000000e+00	2.13263284146503e+31
7.32000000000000e+00	2.07271802246794e+31
7.33000000000000e+00	2.01755592266818e+31
7.34000000000000e+00	1.97153224600880e+31
7.35000000000000e+00	1.93816221717550e+31
7.36000000000000e+00	1.91997820130176e+31
7.37000000000000e+00	1.91831358131679e+31
7.38000000000000e+00	1.93328504085675e+31
7.39000000000000e+00	1.96379565652758e+31
7.40000000000000e+00	2.00770844013233e+31
7.41000000000000e+00	2.06209219065109e+31
7.42000000000000e+00	2.12348752865315e+31
7.43000000000000e+00	2.18821679567469e+31
7.44000000000000e+00	2.25267176238492e+31
7.45000000000000e+00	2.31351838085967e+31
7.46000000000000e+00	2.36793352454251e+31
7.47000000000000e+00	2.41364864610203e+31
7.48000000000000e+00	2.44911180076507e+31
7.49000000000000e+00	2.47334768522435e+31
7.50000000000000e+00	2.48612157494770e+31
7.51000000000000e+00	2.48780670462798e+31
7.52000000000000e+00	2.47936790447511e+31
7.53000000000000e+00	2.46251730038383e+31
7.54000000000000e+00	2.43953150097690e+31
7.55000000000000e+00	2.41341248853819e+31
7.56000000000000e+00	2.38773716574183e+31
7.57000000000000e+00	2.36669336675923e+31
7.58000000000000e+00	2.35485272710212e+31
7.59000000000000e+00	2.35690388620857e+31
7.60000000000000e+00	2.37744576402848e+31
7.61000000000000e+00	2.42048318187835e+31
7.62000000000000e+00	2.48912062069641e+31
7.63000000000000e+00	2.58526540952437e+31
7.64000000000000e+00	2.70916648576452e+31
7.65000000000000e+00	2.85943617219832e+31
7.66000000000000e+00	3.03291446433878e+31
7.67000000000000e+00	3.22469889992795e+31
7.68000000000000e+00	3.42861244076764e+31
7.69000000000000e+00	3.63725538383197e+31
7.70000000000000e+00	3.84269393910533e+31
7.71000000000000e+00	4.03667706691632e+31
7.72000000000000e+00	4.21124596275575e+31
7.73000000000000e+00	4.35909417827687e+31
7.74000000000000e+00	4.47387498977227e+31
7.75000000000000e+00	4.55076863655776e+31
7.76000000000000e+00	4.58627065807912e+31
7.77000000000000e+00	4.57877518201903e+31
7.78000000000000e+00	4.52827501853740e+31
7.79000000000000e+00	4.43671355408035e+31
7.80000000000000e+00	4.30769265990916e+31
7.81000000000000e+00	4.14655267662046e+31
7.82000000000000e+00	3.96004726183981e+31
7.83000000000000e+00	3.75596069783048e+31
7.84000000000000e+00	3.54293712558361e+31
7.85000000000000e+00	3.32968849963893e+31
7.86000000000000e+00	3.12473277574087e+31
7.87000000000000e+00	2.93566435855950e+31
7.88000000000000e+00	2.76882878952594e+31
7.89000000000000e+00	2.62877832300458e+31
7.90000000000000e+00	2.51810327994970e+31
7.91000000000000e+00	2.43727872911179e+31
7.92000000000000e+00	2.38470555066398e+31
7.93000000000000e+00	2.35698272618969e+31
7.94000000000000e+00	2.34942441720247e+31
7.95000000000000e+00	2.35645752145327e+31
7.96000000000000e+00	2.37225546755792e+31
7.97000000000000e+00	2.39125697617010e+31
7.98000000000000e+00	2.40866090045218e+31
7.99000000000000e+00	2.42085721264928e+31
8.00000000000000e+00	2.42560703054570e+31
8.01000000000000e+00	2.42219306449722e+31
8.02000000000000e+00	2.41112842001683e+31
8.03000000000000e+00	2.39413433186276e+31
8.04000000000000e+00	2.37355206084060e+31
8.05000000000000e+00	2.35212722978902e+31
8.06000000000000e+00	2.33250540034645e+31
8.07000000000000e+00	2.31698847629288e+31
8.08000000000000e+00	2.30736654883204e+31
8.09000000000000e+00	2.30477169136820e+31
8.10000000000000e+00	2.30968922164523e+31
8.11000000000000e+00	2.32211396637351e+31
8.12000000000000e+00	2.34161876685968e+31
8.13000000000000e+00	2.36751680379514e+31
8.14000000000000e+00	2.39907705594598e+31
8.15000000000000e+00	2.43559577113400e+31
8.16000000000000e+00	2.47631832168027e+31
8.17000000000000e+00	2.52068972297863e+31
8.18000000000000e+00	2.56824736741925e+31
8.19000000000000e+00	2.61859741774530e+31
8.20000000000000e+00	2.67149685269888e+31
8.21000000000000e+00	2.72689448906295e+31
8.22000000000000e+00	2.78492431096074e+31
8.23000000000000e+00	2.84604512278480e+31
8.24000000000000e+00	2.91105953888283e+31
8.25000000000000e+00	2.98111397787737e+31
8.26000000000000e+00	3.05759151648849e+31
8.27000000000000e+00	3.14212898446006e+31
8.28000000000000e+00	3.23627025179303e+31
8.29000000000000e+00	3.34130852872880e+31
8.30000000000000e+00	3.45807349405447e+31
8.31000000000000e+00	3.58642153249077e+31
8.32000000000000e+00	3.72532204541735e+31
8.33000000000000e+00	3.87246617695614e+31
8.34000000000000e+00	4.02439457800092e+31
8.35000000000000e+00	4.17646920983809e+31
8.36000000000000e+00	4.32361009894783e+31
8.37000000000000e+00	4.46036715382503e+31
8.38000000000000e+00	4.58199200122508e+31
8.39000000000000e+00	4.68473627711254e+31
8.40000000000000e+00	4.76707121857707e+31
8.41000000000000e+00	4.82953036365527e+31
8.42000000000000e+00	4.87552713270745e+31
8.43000000000000e+00	4.91064233456644e+31
8.44000000000000e+00	4.94222437456402e+31
8.45000000000000e+00	4.97869984004378e+31
8.46000000000000e+00	5.02801436904160e+31
8.47000000000000e+00	5.09677321963090e+31
8.48000000000000e+00	5.18936070549055e+31
8.49000000000000e+00	5.30710715004698e+31
8.50000000000000e+00	5.44835777519012e+31
8.51000000000000e+00	5.60871497146599e+31
8.52000000000000e+00	5.78159982555820e+31
8.53000000000000e+00	5.95902932361781e+31
8.54000000000000e+00	6.13256603925351e+31
8.55000000000000e+00	6.29388408736188e+31
8.56000000000000e+00	6.43547115368096e+31
8.57000000000000e+00	6.55085533944108e+31
8.58000000000000e+00	6.63499327581153e+31
8.59000000000000e+00	6.68443048217725e+31
8.60000000000000e+00	6.69724321773530e+31
8.61000000000000e+00	6.67323036528070e+31
8.62000000000000e+00	6.61428086995936e+31
8.63000000000000e+00	6.52436890141221e+31
8.64000000000000e+00	6.40982004961385e+31
8.65000000000000e+00	6.27928110834555e+31
8.66000000000000e+00	6.14372119355367e+31
8.67000000000000e+00	6.01575380389385e+31
8.68000000000000e+00	5.90917347867234e+31
8.69000000000000e+00	5.83780606638387e+31
8.70000000000000e+00	5.81445920720468e+31
8.71000000000000e+00	5.84973218391417e+31
8.72000000000000e+00	5.95064055418157e+31
8.73000000000000e+00	6.11992159902490e+31
8.74000000000000e+00	6.35531750812290e+31
8.75000000000000e+00	6.64955721251757e+31
8.76000000000000e+00	6.99084983707132e+31
8.77000000000000e+00	7.36405083527156e+31
8.78000000000000e+00	7.75208128782932e+31
8.79000000000000e+00	8.13772481039042e+31
8.80000000000000e+00	8.50498112831412e+31
8.81000000000000e+00	8.84079639240436e+31
8.82000000000000e+00	9.13552363778594e+31
8.83000000000000e+00	9.38363034660390e+31
8.84000000000000e+00	9.58376886286425e+31
8.85000000000000e+00	9.73795433565216e+31
8.86000000000000e+00	9.85099828324260e+31
8.87000000000000e+00	9.92970492713118e+31
8.88000000000000e+00	9.98176675735563e+31
8.89000000000000e+00	1.00150214433355e+32
8.90000000000000e+00	1.00366716828720e+32
8.91000000000000e+00	1.00529182238236e+32
8.92000000000000e+00	1.00685415553492e+32
8.93000000000000e+00	1.00869692314427e+32
8.94000000000000e+00	1.01105141899850e+32
8.95000000000000e+00	1.01403652454166e+32
8.96000000000000e+00	1.01772621191269e+32
8.97000000000000e+00	1.02219800506056e+32
8.98000000000000e+00	1.02752200511925e+32
8.99000000000000e+00	1.03382414480150e+32
9.00000000000000e+00	1.04130453649444e+32
9.01000000000000e+00	1.05025953335097e+32
9.02000000000000e+00	1.06103386911380e+32
9.03000000000000e+00	1.07402336951429e+32
9.04000000000000e+00	1.08971347553340e+32
9.05000000000000e+00	1.10859398358878e+32
9.06000000000000e+00	1.13120459554486e+32
9.07000000000000e+00	1.15810199602562e+32
9.08000000000000e+00	1.18985831777695e+32
9.09000000000000e+00	1.22707986666689e+32
9.10000000000000e+00	1.27032456917884e+32
9.11000000000000e+00	1.32016806117531e+32
9.12000000000000e+00	1.37709678887323e+32
9.13000000000000e+00	1.44147422248349e+32
9.14000000000000e+00	1.51341770115045e+32
9.15000000000000e+00	1.59273124387364e+32
9.16000000000000e+00	1.67872343904096e+32
9.17000000000000e+00	1.77017737027047e+32
9.18000000000000e+00	1.86513509624254e+32
9.19000000000000e+00	1.96098792492467e+32
9.20000000000000e+00	2.05434040247667e+32
9.21000000000000e+00	2.14114934089047e+32
9.22000000000000e+00	2.21690308814036e+32
9.23000000000000e+00	2.27670796657533e+32
9.24000000000000e+00	2.31570404532011e+32
9.25000000000000e+00	2.32925033054613e+32
9.26000000000000e+00	2.31342340483224e+32
9.27000000000000e+00	2.26532283277503e+32
9.28000000000000e+00	2.18362085851868e+32
9.29000000000000e+00	2.06881739239135e+32
9.30000000000000e+00	1.92354729994396e+32
9.31000000000000e+00	1.75259672179064e+32
9.32000000000000e+00	1.56262556028186e+32
9.33000000000000e+00	1.36170219647489e+32
9.34000000000000e+00	1.15854235408726e+32
9.35000000000000e+00	9.61669435848321e+31
9.36000000000000e+00	7.78661278088176e+31
9.37000000000000e+00	6.15515879762399e+31
9.38000000000000e+00	4.76262071411376e+31
9.39000000000000e+00	3.62893703595793e+31
9.40000000000000e+00	2.75518077011176e+31
9.41000000000000e+00	2.12707676384939e+31
9.42000000000000e+00	1.71921734292372e+31
9.43000000000000e+00	1.49957674749230e+31
9.44000000000000e+00	1.43348396761516e+31
9.45000000000000e+00	1.48677076362243e+31
9.46000000000000e+00	1.62795068577438e+31
9.47000000000000e+00	1.82955490896518e+31
9.48000000000000e+00	2.06871158603303e+31
9.49000000000000e+00	2.32716529147877e+31
9.50000000000000e+00	2.59096348662049e+31
9.51000000000000e+00	2.84995193820683e+31
9.52000000000000e+00	3.09710025244571e+31
9.53000000000000e+00	3.32800475909325e+31
9.54000000000000e+00	3.54027853752971e+31
9.55000000000000e+00	3.73313347660808e+31
9.56000000000000e+00	3.90697421665037e+31
9.57000000000000e+00	4.06311656115511e+31
9.58000000000000e+00	4.20354166874674e+31
9.59000000000000e+00	4.33063139791083e+31
9.60000000000000e+00	4.44695838473842e+31
9.61000000000000e+00	4.55512561967455e+31
9.62000000000000e+00	4.65749488319957e+31
9.63000000000000e+00	4.75612665218339e+31
9.64000000000000e+00	4.85265308443217e+31
9.65000000000000e+00	4.94807932513336e+31
9.66000000000000e+00	5.04302587940215e+31
9.67000000000000e+00	5.13761945331166e+31
9.68000000000000e+00	5.23155923983507e+31
9.69000000000000e+00	5.32438173003956e+31
9.70000000000000e+00	5.41546262418390e+31
9.71000000000000e+00	5.50435134769397e+31
9.72000000000000e+00	5.59039470795085e+31
9.73000000000000e+00	5.67340664997194e+31
9.74000000000000e+00	5.75314320640236e+31
9.75000000000000e+00	5.82974380844297e+31
9.76000000000000e+00	5.90341303346498e+31
9.77000000000000e+00	5.97435008405187e+31
9.78000000000000e+00	6.04303486514583e+31
9.79000000000000e+00	6.10981213182897e+31
9.80000000000000e+00	6.17508628749751e+31
9.81000000000000e+00	6.23919903804209e+31
9.82000000000000e+00	6.30234244454126e+31
9.83000000000000e+00	6.36498285066232e+31
9.84000000000000e+00	6.42702646439107e+31
9.85000000000000e+00	6.48865613039380e+31
9.86000000000000e+00	6.55003507806937e+31
9.87000000000000e+00	6.61105484798551e+31
9.88000000000000e+00	6.67213140449570e+31
9.89000000000000e+00	6.73377832095934e+31
9.90000000000000e+00	6.79772530194050e+31
9.91000000000000e+00	6.86835687100842e+31
9.92000000000000e+00	6.95383847497746e+31
9.93000000000000e+00	7.06872531938020e+31
9.94000000000000e+00	7.23504884128585e+31
9.95000000000000e+00	7.48249658193720e+31
9.96000000000000e+00	7.84560943928651e+31
9.97000000000000e+00	8.35770914879863e+31
9.98000000000000e+00	9.04049332202798e+31
9.99000000000000e+00	9.88674026360805e+31
1.00000000000000e+01	1.08414403800800e+32
1.00100000000000e+01	1.17857934118985e+32
1.00200000000000e+01	1.25146686016697e+32
1.00300000000000e+01	1.27677489544903e+32
1.00400000000000e+01	1.23471957851007e+32
1.00500000000000e+01	1.12658083330278e+32
1.00600000000000e+01	9.75995453174168e+31
1.00700000000000e+01	8.14068194389473e+31
1.00800000000000e+01	6.64010331511021e+31
1.00900000000000e+01	5.36538603648177e+31
1.01000000000000e+01	4.33357306714002e+31
1.01100000000000e+01	3.51754672546506e+31
1.01200000000000e+01	2.87754224260352e+31
1.01300000000000e+01	2.37524352775663e+31
1.01400000000000e+01	1.97865470932550e+31
1.01500000000000e+01	1.66290310214077e+31
1.01600000000000e+01	1.40904326896451e+31
1.01700000000000e+01	1.20298360479145e+31
1.01800000000000e+01	1.03411183839552e+31
1.01900000000000e+01	8.94536874818426e+30
1.02000000000000e+01	7.78254990578401e+30
1.02100000000000e+01	6.80716183394589e+30
1.02200000000000e+01	5.98385789048030e+30
1.02300000000000e+01	5.28524061420872e+30
1.02400000000000e+01	4.68939312151128e+30
1.02500000000000e+01	4.17894215628985e+30
1.02600000000000e+01	3.73968416344372e+30
1.02700000000000e+01	3.36026979398660e+30
1.02800000000000e+01	3.03108489521182e+30
1.02900000000000e+01	2.74433465039414e+30
1.03000000000000e+01	2.49364325509172e+30
1.03100000000000e+01	2.27348445187168e+30
1.03200000000000e+01	2.07939905542316e+30
1.03300000000000e+01	1.90761628270389e+30
1.03400000000000e+01	1.75500240158683e+30
1.03500000000000e+01	1.61883336634184e+30
1.03600000000000e+01	1.49694944854853e+30
1.03700000000000e+01	1.38735947470288e+30
1.03800000000000e+01	1.28854805388262e+30
1.03900000000000e+01	1.19911218225070e+30
1.04000000000000e+01	1.11789853068385e+30
1.04100000000000e+01	1.04391626938755e+30
1.04200000000000e+01	9.76369024205825e+29
1.04300000000000e+01	9.14504833624688e+29
1.04400000000000e+01	8.57726742694119e+29
1.04500000000000e+01	8.05520300074854e+29
1.04600000000000e+01	7.57441168612741e+29
1.04700000000000e+01	7.13102087885236e+29
1.04800000000000e+01	6.72156795036036e+29
1.04900000000000e+01	6.34343596280407e+29
1.05000000000000e+01	5.99384817881652e+29
1.05100000000000e+01	5.67035186437674e+29
1.05200000000000e+01	5.37089199446228e+29
1.05300000000000e+01	5.09335576941499e+29
1.05400000000000e+01	4.83593816729330e+29
1.05500000000000e+01	4.59704538966295e+29
1.05600000000000e+01	4.37480990642157e+29
1.05700000000000e+01	4.16789436213778e+29
1.05800000000000e+01	3.97477099597187e+29
1.05900000000000e+01	3.79427966645373e+29
1.06000000000000e+01	3.62525874731456e+29
1.06100000000000e+01	3.46648613919353e+29
1.06200000000000e+01	3.31706609091747e+29
1.06300000000000e+01	3.17623487976679e+29
1.06400000000000e+01	3.04305722469422e+29
1.06500000000000e+01	2.91699309797714e+29
1.06600000000000e+01	2.79738838222375e+29
1.06700000000000e+01	2.68370335488866e+29
1.06800000000000e+01	2.57558925999959e+29
1.06900000000000e+01	2.47265374921553e+29
1.07000000000000e+01	2.37459113302764e+29
1.07100000000000e+01	2.28115224799064e+29
1.07200000000000e+01	2.19213345084157e+29
1.07300000000000e+01	2.10737595849872e+29
1.07400000000000e+01	2.02671972577809e+29
1.07500000000000e+01	1.95006617748811e+29
1.07600000000000e+01	1.87721098078663e+29
1.07700000000000e+01	1.80807628622146e+29
1.07800000000000e+01	1.74254530730939e+29
1.07900000000000e+01	1.68041808024972e+29
1.08000000000000e+01	1.62161291713512e+29
1.08100000000000e+01	1.56591000476928e+29
1.08200000000000e+01	1.51320753524598e+29
1.08300000000000e+01	1.46331648912215e+29
1.08400000000000e+01	1.41606201352297e+29
1.08500000000000e+01	1.37128197626819e+29
1.08600000000000e+01	1.32880812157794e+29
1.08700000000000e+01	1.28849239180132e+29
1.08800000000000e+01	1.25016324862526e+29
1.08900000000000e+01	1.21369722836445e+29
1.09000000000000e+01	1.17893598584836e+29
1.09100000000000e+01	1.14573868643088e+29
1.09200000000000e+01	1.11399836971567e+29
1.09300000000000e+01	1.08357512479099e+29
1.09400000000000e+01	1.05437489652235e+29
1.09500000000000e+01	1.02628551326094e+29
1.09600000000000e+01	9.99221162858100e+28
1.09700000000000e+01	9.73097608227443e+28
1.09800000000000e+01	9.47840867318348e+28
1.09900000000000e+01	9.23395979660402e+28
1.10000000000000e+01	8.99702871199871e+28
1.10100000000000e+01	8.76723565314201e+28
1.10200000000000e+01	8.54424193346177e+28
1.10300000000000e+01	8.32776616922609e+28
1.10400000000000e+01	8.11764682270811e+28
1.10500000000000e+01	7.91370637351663e+28
1.10600000000000e+01	7.71585802176010e+28
1.10700000000000e+01	7.52394241580138e+28
1.10800000000000e+01	7.33798746399594e+28
1.10900000000000e+01	7.15789727221611e+28
1.11000000000000e+01	6.98360885156088e+28
1.11100000000000e+01	6.81513286882485e+28
1.11200000000000e+01	6.65235983249311e+28
1.11300000000000e+01	6.49526992162876e+28
1.11400000000000e+01	6.34370384466026e+28
1.11500000000000e+01	6.19766970865905e+28
1.11600000000000e+01	6.05689941335216e+28
1.11700000000000e+01	5.92130899354785e+28
1.11800000000000e+01	5.79063291632773e+28
1.11900000000000e+01	5.66463827389770e+28
1.12000000000000e+01	5.54302789800285e+28
1.12100000000000e+01	5.42556486680371e+28
1.12200000000000e+01	5.31186552155477e+28
1.12300000000000e+01	5.20164824188954e+28
1.12400000000000e+01	5.09458133560431e+28
1.12500000000000e+01	4.99043991121293e+28
1.12600000000000e+01	4.88889715513799e+28
1.12700000000000e+01	4.78980005804538e+28
1.12800000000000e+01	4.69293926286143e+28
1.12900000000000e+01	4.59821508091772e+28
1.13000000000000e+01	4.50554354478741e+28
1.13100000000000e+01	4.41485356311489e+28
1.13200000000000e+01	4.32610507309131e+28
1.13300000000000e+01	4.23928204196331e+28
1.13400000000000e+01	4.15435818582031e+28
1.13500000000000e+01	4.07128490553494e+28
1.13600000000000e+01	3.99007064616726e+28
1.13700000000000e+01	3.91062129892760e+28
1.13800000000000e+01	3.83291691810259e+28
1.13900000000000e+01	3.75694937169553e+28
1.14000000000000e+01	3.68264594530385e+28
1.14100000000000e+01	3.60998934250280e+28
1.14200000000000e+01	3.53895446043405e+28
1.14300000000000e+01	3.46958144348591e+28
1.14400000000000e+01	3.40184260835172e+28
1.14500000000000e+01	3.33577358669133e+28
1.14600000000000e+01	3.27138030304382e+28
1.14700000000000e+01	3.20870744289789e+28
1.14800000000000e+01	3.14776497471097e+28
1.14900000000000e+01	3.08856071100537e+28
1.15000000000000e+01	3.03110916146590e+28
1.15100000000000e+01	2.97540751954859e+28
1.15200000000000e+01	2.92142770829420e+28
1.15300000000000e+01	2.86914675731356e+28
1.15400000000000e+01	2.81851641660765e+28
1.15500000000000e+01	2.76951934026954e+28
1.15600000000000e+01	2.72208746553125e+28
1.15700000000000e+01	2.67616700094386e+28
1.15800000000000e+01	2.63168594026856e+28
1.15900000000000e+01	2.58857063982694e+28
1.16000000000000e+01	2.54676262450979e+28
1.16100000000000e+01	2.50618274533156e+28
1.16200000000000e+01	2.46677348253843e+28
1.16300000000000e+01	2.42843175565326e+28
1.16400000000000e+01	2.39109194431016e+28
1.16500000000000e+01	2.35468316563464e+28
1.16600000000000e+01	2.31913639031658e+28
1.16700000000000e+01	2.28438519137001e+28
1.16800000000000e+01	2.25035305747783e+28
1.16900000000000e+01	2.21700408448560e+28
1.17000000000000e+01	2.18426983081587e+28
1.17100000000000e+01	2.15209248007878e+28
1.17200000000000e+01	2.12046497769227e+28
1.17300000000000e+01	2.08933104571921e+28
1.17400000000000e+01	2.05866797323282e+28
1.17500000000000e+01	2.02846802488612e+28
1.17600000000000e+01	1.99870477295597e+28
1.17700000000000e+01	1.96937739925581e+28
1.17800000000000e+01	1.94047925525222e+28
1.17900000000000e+01	1.91202647610462e+28
1.18000000000000e+01	1.88401427983743e+28
1.18100000000000e+01	1.85645956337024e+28
1.18200000000000e+01	1.82936186452071e+28
1.18300000000000e+01	1.80274006538673e+28
1.18400000000000e+01	1.77658838199284e+28
1.18500000000000e+01	1.75091603036352e+28
1.18600000000000e+01	1.72574291436100e+28
1.18700000000000e+01	1.70107239874869e+28
1.18800000000000e+01	1.67689768966982e+28
1.18900000000000e+01	1.65325255897190e+28
1.19000000000000e+01	1.63012677611795e+28
1.19100000000000e+01	1.60754572995092e+28
1.19200000000000e+01	1.58549851209665e+28
1.19300000000000e+01	1.56399314880722e+28
1.19400000000000e+01	1.54302049865502e+28
1.19500000000000e+01	1.52256182828366e+28
1.19600000000000e+01	1.50260504411604e+28
1.19700000000000e+01	1.48310555107391e+28
1.19800000000000e+01	1.46404965431124e+28
1.19900000000000e+01	1.44538652631812e+28
1.20000000000000e+01	1.42708074085061e+28
1.20100000000000e+01	1.40910564078008e+28
1.20200000000000e+01	1.39142752568800e+28
1.20300000000000e+01	1.37403905376492e+28
1.20400000000000e+01	1.35691533991575e+28
1.20500000000000e+01	1.34005733487882e+28
1.20600000000000e+01	1.32345819820134e+28
1.20700000000000e+01	1.30713920503157e+28
1.20800000000000e+01	1.29109335814208e+28
1.20900000000000e+01	1.27533755099324e+28
1.21000000000000e+01	1.25987890517478e+28
1.21100000000000e+01	1.24472517782750e+28
1.21200000000000e+01	1.22987600384999e+28
1.21300000000000e+01	1.21532614787731e+28
1.21400000000000e+01	1.20106705990290e+28
1.21500000000000e+01	1.18707460084393e+28
1.21600000000000e+01	1.17333720709885e+28
1.21700000000000e+01	1.15982841011343e+28
1.21800000000000e+01	1.14653946600695e+28
1.21900000000000e+01	1.13343176173180e+28
1.22000000000000e+01	1.12049629694971e+28
1.22100000000000e+01	1.10771789109775e+28
1.22200000000000e+01	1.09509226152957e+28
1.22300000000000e+01	1.08261806447993e+28
1.22400000000000e+01	1.07028816204531e+28
1.22500000000000e+01	1.05811432107175e+28
1.22600000000000e+01	1.04609754215106e+28
1.22700000000000e+01	1.03425141149505e+28
1.22800000000000e+01	1.02257819280839e+28
1.22900000000000e+01	1.01109707494226e+28
1.23000000000000e+01	9.99801314951269e+27
1.23100000000000e+01	9.88701331653025e+27
1.23200000000000e+01	9.77803335383805e+27
1.23300000000000e+01	9.67106313686770e+27
1.23400000000000e+01	9.56600793438792e+27
1.23500000000000e+01	9.46293107585420e+27
1.23600000000000e+01	9.36180812911425e+27
1.23700000000000e+01	9.26240916703061e+27
1.23800000000000e+01	9.16464980618436e+27
1.23900000000000e+01	9.06843886774588e+27
1.24000000000000e+01	8.97359409402866e+27
1.24100000000000e+01	8.87990391240926e+27
1.24200000000000e+01	8.78707619793011e+27
1.24300000000000e+01	8.69499468372789e+27
1.24400000000000e+01	8.60338059480641e+27
1.24500000000000e+01	8.51207394921498e+27
1.24600000000000e+01	8.42093131059432e+27
1.24700000000000e+01	8.32990053638469e+27
1.24800000000000e+01	8.23899018280232e+27
1.24900000000000e+01	8.14820342624729e+27
1.25000000000000e+01	8.05762781271316e+27
1.25100000000000e+01	7.96752574516500e+27
1.25200000000000e+01	7.87812875599781e+27
1.25300000000000e+01	7.78966101501063e+27
1.25400000000000e+01	7.70240796216788e+27
1.25500000000000e+01	7.61658514097846e+27
1.25600000000000e+01	7.53245446837081e+27
1.25700000000000e+01	7.45012600329967e+27
1.25800000000000e+01	7.36976803303108e+27
1.25900000000000e+01	7.29135076477676e+27
1.26000000000000e+01	7.21486858758943e+27
1.26100000000000e+01	7.14023344645780e+27
1.26200000000000e+01	7.06735335370231e+27
1.26300000000000e+01	6.99602366079741e+27
1.26400000000000e+01	6.92609485195446e+27
1.26500000000000e+01	6.85737487345273e+27
1.26600000000000e+01	6.78972358182979e+27
1.26700000000000e+01	6.72299584503569e+27
1.26800000000000e+01	6.65712219967268e+27
1.26900000000000e+01	6.59201518493207e+27
1.27000000000000e+01	6.52771620192137e+27
1.27100000000000e+01	6.46420461309533e+27
1.27200000000000e+01	6.40156944822475e+27
1.27300000000000e+01	6.33986096342028e+27
1.27400000000000e+01	6.27917620668965e+27
1.27500000000000e+01	6.21960681753782e+27
1.27600000000000e+01	6.16125755704318e+27
1.27700000000000e+01	6.10405824311711e+27
1.27800000000000e+01	6.04809023454134e+27
1.27900000000000e+01	5.99326911910647e+27
1.28000000000000e+01	5.93950129371411e+27
1.28100000000000e+01	5.88671060592542e+27
1.28200000000000e+01	5.83476141476891e+27
1.28300000000000e+01	5.78343614034273e+27
1.28400000000000e+01	5.73266109454029e+27
1.28500000000000e+01	5.68225285533846e+27
1.28600000000000e+01	5.63209738330819e+27
1.28700000000000e+01	5.58215039897202e+27
1.28800000000000e+01	5.53239191422929e+27
1.28900000000000e+01	5.48283141863646e+27
1.29000000000000e+01	5.43352396336137e+27
1.29100000000000e+01	5.38450474889192e+27
1.29200000000000e+01	5.33595436575580e+27
1.29300000000000e+01	5.28798424034816e+27
1.29400000000000e+01	5.24063707571880e+27
1.29500000000000e+01	5.19404469627941e+27
1.29600000000000e+01	5.14830634671358e+27
1.29700000000000e+01	5.10345667185039e+27
1.29800000000000e+01	5.05949628897096e+27
1.29900000000000e+01	5.01647978277375e+27
1.30000000000000e+01	4.97427755430629e+27
1.30100000000000e+01	4.93296700435524e+27
1.30200000000000e+01	4.89239435397076e+27
1.30300000000000e+01	4.85256411371323e+27
1.30400000000000e+01	4.81339645362794e+27
1.30500000000000e+01	4.77482687939083e+27
1.30600000000000e+01	4.73684038052912e+27
1.30700000000000e+01	4.69939026337405e+27
1.30800000000000e+01	4.66241345744930e+27
1.30900000000000e+01	4.62588641593526e+27
1.31000000000000e+01	4.58979920776242e+27
1.31100000000000e+01	4.55415293236154e+27
1.31200000000000e+01	4.51882849035249e+27
1.31300000000000e+01	4.48385023589012e+27
1.31400000000000e+01	4.44911487700217e+27
1.31500000000000e+01	4.41466575426911e+27
1.31600000000000e+01	4.38042477637750e+27
1.31700000000000e+01	4.34633656452860e+27
1.31800000000000e+01	4.31240803155267e+27
1.31900000000000e+01	4.27863161730829e+27
1.32000000000000e+01	4.24500498336855e+27
1.32100000000000e+01	4.21148135977161e+27
1.32200000000000e+01	4.17816115212787e+27
1.32300000000000e+01	4.14500528199765e+27
1.32400000000000e+01	4.11203620095698e+27
1.32500000000000e+01	4.07925906315373e+27
1.32600000000000e+01	4.04673476263152e+27
1.32700000000000e+01	4.01440380112554e+27
1.32800000000000e+01	3.98233788909008e+27
1.32900000000000e+01	3.95051251690504e+27
1.33000000000000e+01	3.91895077241625e+27
1.33100000000000e+01	3.88764271259913e+27
1.33200000000000e+01	3.85658903709434e+27
1.33300000000000e+01	3.82583159844114e+27
1.33400000000000e+01	3.79537560623454e+27
1.33500000000000e+01	3.76521526447307e+27
1.33600000000000e+01	3.73536576684922e+27
1.33700000000000e+01	3.70588105506219e+27
1.33800000000000e+01	3.67675662355031e+27
1.33900000000000e+01	3.64798713373459e+27
1.34000000000000e+01	3.61964589234329e+27
1.34100000000000e+01	3.59170680790324e+27
1.34200000000000e+01	3.56419178049325e+27
1.34300000000000e+01	3.53710585149368e+27
1.34400000000000e+01	3.51047460083697e+27
1.34500000000000e+01	3.48425216872386e+27
1.34600000000000e+01	3.45847037569772e+27
1.34700000000000e+01	3.43305350855751e+27
1.34800000000000e+01	3.40798118452919e+27
1.34900000000000e+01	3.38320899869518e+27
1.35000000000000e+01	3.35864400718453e+27
1.35100000000000e+01	3.33426138422409e+27
1.35200000000000e+01	3.30998838204954e+27
1.35300000000000e+01	3.28572368147862e+27
1.35400000000000e+01	3.26146063402757e+27
1.35500000000000e+01	3.23713848178783e+27
1.35600000000000e+01	3.21274954666879e+27
1.35700000000000e+01	3.18831219206939e+27
1.35800000000000e+01	3.16382945506280e+27
1.35900000000000e+01	3.13937159448357e+27
1.36000000000000e+01	3.11498025092321e+27
1.36100000000000e+01	3.09076906377188e+27
1.36200000000000e+01	3.06679150053084e+27
1.36300000000000e+01	3.04317073983928e+27
1.36400000000000e+01	3.01997444164814e+27
1.36500000000000e+01	2.99727452614143e+27
1.36600000000000e+01	2.97513631546663e+27
1.36700000000000e+01	2.95361438387774e+27
1.36800000000000e+01	2.93272130681791e+27
1.36900000000000e+01	2.91247726992333e+27
1.37000000000000e+01	2.89283913808443e+27
1.37100000000000e+01	2.87380610621533e+27
1.37200000000000e+01	2.85528906006539e+27
1.37300000000000e+01	2.83725449358478e+27
1.37400000000000e+01	2.81960174533173e+27
1.37500000000000e+01	2.80228257678441e+27
1.37600000000000e+01	2.78519490933689e+27
1.37700000000000e+01	2.76829318554958e+27
1.37800000000000e+01	2.75150244983539e+27
1.37900000000000e+01	2.73478507971321e+27
1.38000000000000e+01	2.71813794398445e+27
1.38100000000000e+01	2.70149258576469e+27
1.38200000000000e+01	2.68485008789962e+27
1.38300000000000e+01	2.66824563669831e+27
1.38400000000000e+01	2.65166224472627e+27
1.38500000000000e+01	2.63514864439565e+27
1.38600000000000e+01	2.61870364181936e+27
1.38700000000000e+01	2.60236657473059e+27
1.38800000000000e+01	2.58615597735822e+27
1.38900000000000e+01	2.57009660094249e+27
1.39000000000000e+01	2.55419478434861e+27
1.39100000000000e+01	2.53846688628335e+27
1.39200000000000e+01	2.52294718164044e+27
1.39300000000000e+01	2.50761052621324e+27
1.39400000000000e+01	2.49246156311771e+27
1.39500000000000e+01	2.47751089630102e+27
1.39600000000000e+01	2.46275684156910e+27
1.39700000000000e+01	2.44816131593709e+27
1.39800000000000e+01	2.43373959664305e+27
1.39900000000000e+01	2.41948841895989e+27
1.40000000000000e+01	2.40539675150118e+27
1.40100000000000e+01	2.39143724498484e+27
1.40200000000000e+01	2.37763139850597e+27
1.40300000000000e+01	2.36394681901577e+27
1.40400000000000e+01	2.35040005608936e+27
1.40500000000000e+01	2.33696993736025e+27
1.40600000000000e+01	2.32366647979112e+27
1.40700000000000e+01	2.31048341124401e+27
1.40800000000000e+01	2.29740484848368e+27
1.40900000000000e+01	2.28441672005623e+27
1.41000000000000e+01	2.27153033987517e+27
1.41100000000000e+01	2.25873981017772e+27
1.41200000000000e+01	2.24603036185752e+27
1.41300000000000e+01	2.23339126057657e+27
1.41400000000000e+01	2.22084010020472e+27
1.41500000000000e+01	2.20835259183786e+27
1.41600000000000e+01	2.19595469534929e+27
1.41700000000000e+01	2.18363516542241e+27
1.41800000000000e+01	2.17137254411298e+27
1.41900000000000e+01	2.15918846552673e+27
1.42000000000000e+01	2.14710294074810e+27
1.42100000000000e+01	2.13506751142604e+27
1.42200000000000e+01	2.12313435883235e+27
1.42300000000000e+01	2.11123954052810e+27
1.42400000000000e+01	2.09942333680935e+27
1.42500000000000e+01	2.08766631305046e+27
1.42600000000000e+01	2.07593083212517e+27
1.42700000000000e+01	2.06422824617256e+27
1.42800000000000e+01	2.05254741849769e+27
1.42900000000000e+01	2.04085754087622e+27
1.43000000000000e+01	2.02915576243119e+27
1.43100000000000e+01	2.01745513647604e+27
1.43200000000000e+01	2.00572982212656e+27
1.43300000000000e+01	1.99399841975922e+27
1.43400000000000e+01	1.98228424740239e+27
1.43500000000000e+01	1.97057603261010e+27
1.43600000000000e+01	1.95895191078304e+27
1.43700000000000e+01	1.94741943104894e+27
1.43800000000000e+01	1.93600538735284e+27
1.43900000000000e+01	1.92473467930808e+27
1.44000000000000e+01	1.91365923357907e+27
1.44100000000000e+01	1.90280316032927e+27
1.44200000000000e+01	1.89214969221715e+27
1.44300000000000e+01	1.88172620642068e+27
1.44400000000000e+01	1.87153512976133e+27
1.44500000000000e+01	1.86154140582713e+27
1.44600000000000e+01	1.85175537640275e+27
1.44700000000000e+01	1.84211871159626e+27
1.44800000000000e+01	1.83263394194929e+27
1.44900000000000e+01	1.82325310466411e+27
1.45000000000000e+01	1.81396707135281e+27
1.45100000000000e+01	1.80474972939849e+27
1.45200000000000e+01	1.79560140005148e+27
1.45300000000000e+01	1.78647071798011e+27
1.45400000000000e+01	1.77738229155356e+27
1.45500000000000e+01	1.76830176805338e+27
1.45600000000000e+01	1.75925401658669e+27
1.45700000000000e+01	1.75022627045700e+27
1.45800000000000e+01	1.74123009809475e+27
1.45900000000000e+01	1.73223668797140e+27
1.46000000000000e+01	1.72330522820804e+27
1.46100000000000e+01	1.71437864893517e+27
1.46200000000000e+01	1.70548754743259e+27
1.46300000000000e+01	1.69663786569630e+27
1.46400000000000e+01	1.68782331011750e+27
1.46500000000000e+01	1.67903467778197e+27
1.46600000000000e+01	1.67028658794949e+27
1.46700000000000e+01	1.66157287675331e+27
1.46800000000000e+01	1.65288478221965e+27
1.46900000000000e+01	1.64421686785786e+27
1.47000000000000e+01	1.63559018872629e+27
1.47100000000000e+01	1.62697044310141e+27
1.47200000000000e+01	1.61839355618481e+27
1.47300000000000e+01	1.60983998526612e+27
1.47400000000000e+01	1.60131635467078e+27
1.47500000000000e+01	1.59283179292487e+27
1.47600000000000e+01	1.58436370379698e+27
1.47700000000000e+01	1.57595477404668e+27
1.47800000000000e+01	1.56757028226804e+27
1.47900000000000e+01	1.55923779646449e+27
1.48000000000000e+01	1.55093384647705e+27
1.48100000000000e+01	1.54266587022866e+27
1.48200000000000e+01	1.53443870782107e+27
1.48300000000000e+01	1.52623238588476e+27
1.48400000000000e+01	1.51805250190026e+27
1.48500000000000e+01	1.50990776478577e+27
1.48600000000000e+01	1.50177718416702e+27
1.48700000000000e+01	1.49367036957721e+27
1.48800000000000e+01	1.48559433997588e+27
1.48900000000000e+01	1.47753184731348e+27
1.49000000000000e+01	1.46949798047637e+27
1.49100000000000e+01	1.46149958468624e+27
1.49200000000000e+01	1.45353764774791e+27
1.49300000000000e+01	1.44560754306556e+27
1.49400000000000e+01	1.43773602254683e+27
1.49500000000000e+01	1.42990198990632e+27
1.49600000000000e+01	1.42212598369110e+27
1.49700000000000e+01	1.41441268757693e+27
1.49800000000000e+01	1.40675589918442e+27
1.49900000000000e+01	1.39915456865392e+27
1.50000000000000e+01	1.39162558248399e+27
1.50100000000000e+01	1.38414943760538e+27
1.50200000000000e+01	1.37675531452013e+27
1.50300000000000e+01	1.36941094098238e+27
1.50400000000000e+01	1.36213257519908e+27
1.50500000000000e+01	1.35491359868694e+27
1.50600000000000e+01	1.34775272767429e+27
1.50700000000000e+01	1.34065402600272e+27
1.50800000000000e+01	1.33359940666709e+27
1.50900000000000e+01	1.32660609501395e+27
1.51000000000000e+01	1.31965186438326e+27
1.51100000000000e+01	1.31275212975449e+27
1.51200000000000e+01	1.30589244591171e+27
1.51300000000000e+01	1.29909537983997e+27
1.51400000000000e+01	1.29234906243647e+27
1.51500000000000e+01	1.28567252932934e+27
1.51600000000000e+01	1.27904123067145e+27
1.51700000000000e+01	1.27247816714197e+27
1.51800000000000e+01	1.26598674142940e+27
1.51900000000000e+01	1.25956032007044e+27
1.52000000000000e+01	1.25321344963436e+27
1.52100000000000e+01	1.24692750950911e+27
1.52200000000000e+01	1.24070053782327e+27
1.52300000000000e+01	1.23453082357268e+27
1.52400000000000e+01	1.22842167415873e+27
1.52500000000000e+01	1.22237199574142e+27
1.52600000000000e+01	1.21637148804843e+27
1.52700000000000e+01	1.21042906443253e+27
1.52800000000000e+01	1.20451669353514e+27
1.52900000000000e+01	1.19867312963316e+27
1.53000000000000e+01	1.19285910644469e+27
1.53100000000000e+01	1.18709698135285e+27
1.53200000000000e+01	1.18138602144269e+27
1.53300000000000e+01	1.17570749128313e+27
1.53400000000000e+01	1.17008941080672e+27
1.53500000000000e+01	1.16450813708411e+27
1.53600000000000e+01	1.15896694621178e+27
1.53700000000000e+01	1.15347105011837e+27
1.53800000000000e+01	1.14799712014395e+27
1.53900000000000e+01	1.14255964256975e+27
1.54000000000000e+01	1.13715330778306e+27
1.54100000000000e+01	1.13176674631985e+27
1.54200000000000e+01	1.12637830437785e+27
1.54300000000000e+01	1.12101481134901e+27
1.54400000000000e+01	1.11565122786862e+27
1.54500000000000e+01	1.11029984719215e+27
1.54600000000000e+01	1.10494126254101e+27
1.54700000000000e+01	1.09959271075096e+27
1.54800000000000e+01	1.09424147481706e+27
1.54900000000000e+01	1.08891095970002e+27
1.55000000000000e+01	1.08358620575629e+27
1.55100000000000e+01	1.07829589915577e+27
1.55200000000000e+01	1.07302002258020e+27
1.55300000000000e+01	1.06776946567745e+27
1.55400000000000e+01	1.06256491428459e+27
1.55500000000000e+01	1.05739957316011e+27
1.55600000000000e+01	1.05228891894348e+27
1.55700000000000e+01	1.04721128975453e+27
1.55800000000000e+01	1.04218604288990e+27
1.55900000000000e+01	1.03720602373953e+27
1.56000000000000e+01	1.03228613177660e+27
1.56100000000000e+01	1.02741508724420e+27
1.56200000000000e+01	1.02258177872567e+27
1.56300000000000e+01	1.01781925180856e+27
1.56400000000000e+01	1.01309790560054e+27
1.56500000000000e+01	1.00842459406018e+27
1.56600000000000e+01	1.00380356882120e+27
1.56700000000000e+01	9.99237200086363e+26
1.56800000000000e+01	9.94715585600785e+26
1.56900000000000e+01	9.90235434105846e+26
1.57000000000000e+01	9.85800972352291e+26
1.57100000000000e+01	9.81401100095873e+26
1.57200000000000e+01	9.77034815648133e+26
1.57300000000000e+01	9.72691674026346e+26
1.57400000000000e+01	9.68384810519545e+26
1.57500000000000e+01	9.64090642927354e+26
1.57600000000000e+01	9.59818636765758e+26
1.57700000000000e+01	9.55559110883338e+26
1.57800000000000e+01	9.51312051361297e+26
1.57900000000000e+01	9.47081545601662e+26
1.58000000000000e+01	9.42841113449324e+26
1.58100000000000e+01	9.38617966796064e+26
1.58200000000000e+01	9.34399475351830e+26
1.58300000000000e+01	9.30177441366964e+26
1.58400000000000e+01	9.25943997085718e+26
1.58500000000000e+01	9.21723264341277e+26
1.58600000000000e+01	9.17499990727760e+26
1.58700000000000e+01	9.13274479784630e+26
1.58800000000000e+01	9.09062813546104e+26
1.58900000000000e+01	9.04866094973800e+26
1.59000000000000e+01	9.00685034518355e+26
1.59100000000000e+01	8.96519840414646e+26
1.59200000000000e+01	8.92383100600229e+26
1.59300000000000e+01	8.88275643833966e+26
1.59400000000000e+01	8.84195067250644e+26
1.59500000000000e+01	8.80141972393637e+26
1.59600000000000e+01	8.76122893443626e+26
1.59700000000000e+01	8.72133394807867e+26
1.59800000000000e+01	8.68172978248831e+26
1.59900000000000e+01	8.64244933747878e+26
1.60000000000000e+01	8.60341674930561e+26
1.60100000000000e+01	8.56475386736567e+26
1.60200000000000e+01	8.52631885621635e+26
1.60300000000000e+01	8.48820772468772e+26
1.60400000000000e+01	8.45048463767818e+26
1.60500000000000e+01	8.41310359063106e+26
1.60600000000000e+01	8.37596730481646e+26
1.60700000000000e+01	8.33915061303138e+26
1.60800000000000e+01	8.30264234535818e+26
1.60900000000000e+01	8.26643365017674e+26
1.61000000000000e+01	8.23034895579367e+26
1.61100000000000e+01	8.19455408614916e+26
1.61200000000000e+01	8.15891481253666e+26
1.61300000000000e+01	8.12344611009352e+26
1.61400000000000e+01	8.08821968627793e+26
1.61500000000000e+01	8.05308389350371e+26
1.61600000000000e+01	8.01819264673318e+26
1.61700000000000e+01	7.98342648300381e+26
1.61800000000000e+01	7.94883032958561e+26
1.61900000000000e+01	7.91446739176222e+26
1.62000000000000e+01	7.88021475631321e+26
1.62100000000000e+01	7.84614728646892e+26
1.62200000000000e+01	7.81217797642638e+26
1.62300000000000e+01	7.77830270295421e+26
1.62400000000000e+01	7.74452076685041e+26
1.62500000000000e+01	7.71067364323442e+26
1.62600000000000e+01	7.67692838075441e+26
1.62700000000000e+01	7.64324604380210e+26
1.62800000000000e+01	7.60949014414187e+26
1.62900000000000e+01	7.57578439214386e+26
1.63000000000000e+01	7.54213811153768e+26
1.63100000000000e+01	7.50851306652500e+26
1.63200000000000e+01	7.47500333961980e+26
1.63300000000000e+01	7.44148580857983e+26
1.63400000000000e+01	7.40822233266929e+26
1.63500000000000e+01	7.37506169037553e+26
1.63600000000000e+01	7.34198234247426e+26
1.63700000000000e+01	7.30898524274718e+26
1.63800000000000e+01	7.27604902981008e+26
1.63900000000000e+01	7.24317775027935e+26
1.64000000000000e+01	7.21017198215847e+26
1.64100000000000e+01	7.17721799128333e+26
1.64200000000000e+01	7.14410669735957e+26
1.64300000000000e+01	7.11084146512527e+26
1.64400000000000e+01	7.07737742225546e+26
1.64500000000000e+01	7.04372847132920e+26
1.64600000000000e+01	7.00985967118362e+26
1.64700000000000e+01	6.97593836858656e+26
1.64800000000000e+01	6.94178605877514e+26
1.64900000000000e+01	6.90768442129899e+26
1.65000000000000e+01	6.87354556704298e+26
1.65100000000000e+01	6.83954750283320e+26
1.65200000000000e+01	6.80573645969592e+26
1.65300000000000e+01	6.77222309720479e+26
1.65400000000000e+01	6.73908940650245e+26
1.65500000000000e+01	6.70642835412692e+26
1.65600000000000e+01	6.67436557051318e+26
1.65700000000000e+01	6.64283825161493e+26
1.65800000000000e+01	6.61190029156942e+26
1.65900000000000e+01	6.58162286945173e+26
1.66000000000000e+01	6.55197538491335e+26
1.66100000000000e+01	6.52285951432590e+26
1.66200000000000e+01	6.49438767396264e+26
1.66300000000000e+01	6.46639881750890e+26
1.66400000000000e+01	6.43894286103352e+26
1.66500000000000e+01	6.41193628472584e+26
1.66600000000000e+01	6.38533852627878e+26
1.66700000000000e+01	6.35913198472517e+26
1.66800000000000e+01	6.33334931164005e+26
1.66900000000000e+01	6.30782040090977e+26
1.67000000000000e+01	6.28273421372849e+26
1.67100000000000e+01	6.25795938223102e+26
1.67200000000000e+01	6.23348104742521e+26
1.67300000000000e+01	6.20930132486267e+26
1.67400000000000e+01	6.18544115712916e+26
1.67500000000000e+01	6.16182589120414e+26
1.67600000000000e+01	6.13851348370856e+26
1.67700000000000e+01	6.11539321045600e+26
1.67800000000000e+01	6.09250571953405e+26
1.67900000000000e+01	6.06973531923614e+26
1.68000000000000e+01	6.04718287464055e+26
1.68100000000000e+01	6.02471819228403e+26
1.68200000000000e+01	6.00238030541985e+26
1.68300000000000e+01	5.98016360990670e+26
1.68400000000000e+01	5.95795152736458e+26
1.68500000000000e+01	5.93593330150583e+26
1.68600000000000e+01	5.91392722887055e+26
1.68700000000000e+01	5.89196454514144e+26
1.68800000000000e+01	5.87017482870308e+26
1.68900000000000e+01	5.84842994772753e+26
1.69000000000000e+01	5.82679353920902e+26
1.69100000000000e+01	5.80523612531582e+26
1.69200000000000e+01	5.78374803221689e+26
1.69300000000000e+01	5.76233588952874e+26
1.69400000000000e+01	5.74099052662598e+26
1.69500000000000e+01	5.71965720826080e+26
1.69600000000000e+01	5.69842720212173e+26
1.69700000000000e+01	5.67717731540705e+26
1.69800000000000e+01	5.65597407998704e+26
1.69900000000000e+01	5.63475945888675e+26
1.70000000000000e+01	5.61357415411545e+26
1.70100000000000e+01	5.59242807705431e+26
1.70200000000000e+01	5.57127932465898e+26
1.70300000000000e+01	5.55017280108760e+26
1.70400000000000e+01	5.52910732578200e+26
1.70500000000000e+01	5.50810571519911e+26
1.70600000000000e+01	5.48718328228930e+26
1.70700000000000e+01	5.46634342614102e+26
1.70800000000000e+01	5.44558590976414e+26
1.70900000000000e+01	5.42497779826225e+26
1.71000000000000e+01	5.40447903737148e+26
1.71100000000000e+01	5.38413473105391e+26
1.71200000000000e+01	5.36396240990695e+26
1.71300000000000e+01	5.34398402869314e+26
1.71400000000000e+01	5.32418248591819e+26
1.71500000000000e+01	5.30463489378510e+26
1.71600000000000e+01	5.28530043687651e+26
1.71700000000000e+01	5.26620856054499e+26
1.71800000000000e+01	5.24736671511084e+26
1.71900000000000e+01	5.22876985357439e+26
1.72000000000000e+01	5.21040625188399e+26
1.72100000000000e+01	5.19223276660183e+26
1.72200000000000e+01	5.17428430029194e+26
1.72300000000000e+01	5.15646562259624e+26
1.72400000000000e+01	5.13878388759067e+26
1.72500000000000e+01	5.12118023662428e+26
1.72600000000000e+01	5.10367453801506e+26
1.72700000000000e+01	5.08621876080411e+26
1.72800000000000e+01	5.06876175812169e+26
1.72900000000000e+01	5.05131556771956e+26
1.73000000000000e+01	5.03386816338452e+26
1.73100000000000e+01	5.01638319520395e+26
1.73200000000000e+01	4.99892211784725e+26
1.73300000000000e+01	4.98142354867365e+26
1.73400000000000e+01	4.96392842928894e+26
1.73500000000000e+01	4.94643006856855e+26
1.73600000000000e+01	4.92893761548705e+26
1.73700000000000e+01	4.91146607455322e+26
1.73800000000000e+01	4.89398775847093e+26
1.73900000000000e+01	4.87653558534458e+26
1.74000000000000e+01	4.85912324202128e+26
1.74100000000000e+01	4.84175250819046e+26
1.74200000000000e+01	4.82441149157453e+26
1.74300000000000e+01	4.80713695698534e+26
1.74400000000000e+01	4.78994780120959e+26
1.74500000000000e+01	4.77279310575649e+26
1.74600000000000e+01	4.75574980073978e+26
1.74700000000000e+01	4.73879210543380e+26
1.74800000000000e+01	4.72190465196736e+26
1.74900000000000e+01	4.70510383238860e+26
1.75000000000000e+01	4.68840308835772e+26
1.75100000000000e+01	4.67176567657553e+26
1.75200000000000e+01	4.65523705133057e+26
1.75300000000000e+01	4.63876276109509e+26
1.75400000000000e+01	4.62236598968825e+26
1.75500000000000e+01	4.60601770940362e+26
1.75600000000000e+01	4.58976524041899e+26
1.75700000000000e+01	4.57355726667613e+26
1.75800000000000e+01	4.55742327536076e+26
1.75900000000000e+01	4.54133554489164e+26
1.76000000000000e+01	4.52534687461784e+26
1.76100000000000e+01	4.50942062631069e+26
1.76200000000000e+01	4.49357441670008e+26
1.76300000000000e+01	4.47781735922102e+26
1.76400000000000e+01	4.46211947358584e+26
1.76500000000000e+01	4.44653504554971e+26
1.76600000000000e+01	4.43101092346450e+26
1.76700000000000e+01	4.41554529709408e+26
1.76800000000000e+01	4.40017216323902e+26
1.76900000000000e+01	4.38485029462335e+26
1.77000000000000e+01	4.36959228479619e+26
1.77100000000000e+01	4.35439349341028e+26
1.77200000000000e+01	4.33923223827736e+26
1.77300000000000e+01	4.32416007428762e+26
1.77400000000000e+01	4.30912302290016e+26
1.77500000000000e+01	4.29412694092903e+26
1.77600000000000e+01	4.27922801423518e+26
1.77700000000000e+01	4.26437585176390e+26
1.77800000000000e+01	4.24960303181988e+26
1.77900000000000e+01	4.23488631864709e+26
1.78000000000000e+01	4.22027405578682e+26
1.78100000000000e+01	4.20572539766981e+26
1.78200000000000e+01	4.19123856043055e+26
1.78300000000000e+01	4.17685593940494e+26
1.78400000000000e+01	4.16253618483451e+26
1.78500000000000e+01	4.14829413312312e+26
1.78600000000000e+01	4.13412730339418e+26
1.78700000000000e+01	4.12000647782181e+26
1.78800000000000e+01	4.10594698840999e+26
1.78900000000000e+01	4.09193238947082e+26
1.79000000000000e+01	4.07796216453075e+26
1.79100000000000e+01	4.06399541391667e+26
1.79200000000000e+01	4.05005569706389e+26
1.79300000000000e+01	4.03610474356781e+26
1.79400000000000e+01	4.02218544973089e+26
1.79500000000000e+01	4.00825933750127e+26
1.79600000000000e+01	3.99434916480550e+26
1.79700000000000e+01	3.98044822885761e+26
1.79800000000000e+01	3.96658808468670e+26
1.79900000000000e+01	3.95278665039500e+26
1.80000000000000e+01	3.93906486109891e+26
1.80100000000000e+01	3.92542104900919e+26
1.80200000000000e+01	3.91189339989334e+26
1.80300000000000e+01	3.89847155203606e+26
1.80400000000000e+01	3.88520653461193e+26
1.80500000000000e+01	3.87205958913202e+26
1.80600000000000e+01	3.85903344101832e+26
1.80700000000000e+01	3.84615839843647e+26
1.80800000000000e+01	3.83338679497909e+26
1.80900000000000e+01	3.82072457980538e+26
1.81000000000000e+01	3.80813791772180e+26
1.81100000000000e+01	3.79563084238015e+26
1.81200000000000e+01	3.78319258297752e+26
1.81300000000000e+01	3.77078831374933e+26
1.81400000000000e+01	3.75845562425807e+26
1.81500000000000e+01	3.74611145100216e+26
1.81600000000000e+01	3.73382421346198e+26
1.81700000000000e+01	3.72154672975049e+26
1.81800000000000e+01	3.70929777012887e+26
1.81900000000000e+01	3.69706408312118e+26
1.82000000000000e+01	3.68486851204145e+26
1.82100000000000e+01	3.67271315666427e+26
1.82200000000000e+01	3.66060801260768e+26
1.82300000000000e+01	3.64853779901011e+26
1.82400000000000e+01	3.63653147857286e+26
1.82500000000000e+01	3.62456804684173e+26
1.82600000000000e+01	3.61267515221923e+26
1.82700000000000e+01	3.60084644966464e+26
1.82800000000000e+01	3.58906928027281e+26
1.82900000000000e+01	3.57737726430694e+26
1.83000000000000e+01	3.56570511250352e+26
1.83100000000000e+01	3.55411601186045e+26
1.83200000000000e+01	3.54256068392972e+26
1.83300000000000e+01	3.53103924354848e+26
1.83400000000000e+01	3.51959105322187e+26
1.83500000000000e+01	3.50816846298966e+26
1.83600000000000e+01	3.49678051537429e+26
1.83700000000000e+01	3.48545801069132e+26
1.83800000000000e+01	3.47414697469183e+26
1.83900000000000e+01	3.46290211739626e+26
1.84000000000000e+01	3.45169324601202e+26
1.84100000000000e+01	3.44053149852275e+26
1.84200000000000e+01	3.42940640368238e+26
1.84300000000000e+01	3.41833327483056e+26
1.84400000000000e+01	3.40731648974239e+26
1.84500000000000e+01	3.39633674577844e+26
1.84600000000000e+01	3.38542147229220e+26
1.84700000000000e+01	3.37457002020595e+26
1.84800000000000e+01	3.36376232933404e+26
1.84900000000000e+01	3.35302052118234e+26
1.85000000000000e+01	3.34234314660378e+26
1.85100000000000e+01	3.33171377325236e+26
1.85200000000000e+01	3.32112275582348e+26
1.85300000000000e+01	3.31061089578308e+26
1.85400000000000e+01	3.30013112980560e+26
1.85500000000000e+01	3.28968718084208e+26
1.85600000000000e+01	3.27928963771591e+26
1.85700000000000e+01	3.26893468698916e+26
1.85800000000000e+01	3.25862698888578e+26
1.85900000000000e+01	3.24834040399672e+26
1.86000000000000e+01	3.23808391032628e+26
1.86100000000000e+01	3.22787272459355e+26
1.86200000000000e+01	3.21771123577159e+26
1.86300000000000e+01	3.20759548012786e+26
1.86400000000000e+01	3.19751878287906e+26
1.86500000000000e+01	3.18749511655286e+26
1.86600000000000e+01	3.17750924187123e+26
1.86700000000000e+01	3.16757471707531e+26
1.86800000000000e+01	3.15768005430593e+26
1.86900000000000e+01	3.14783861675234e+26
1.87000000000000e+01	3.13804932090122e+26
1.87100000000000e+01	3.12829303370666e+26
1.87200000000000e+01	3.11858331365851e+26
1.87300000000000e+01	3.10889753145167e+26
1.87400000000000e+01	3.09925751211255e+26
1.87500000000000e+01	3.08965141090724e+26
1.87600000000000e+01	3.08006917721337e+26
1.87700000000000e+01	3.07051758154916e+26
1.87800000000000e+01	3.06100500418024e+26
1.87900000000000e+01	3.05150645338715e+26
1.88000000000000e+01	3.04202286001131e+26
1.88100000000000e+01	3.03257685206276e+26
1.88200000000000e+01	3.02317299920697e+26
1.88300000000000e+01	3.01378637904143e+26
1.88400000000000e+01	3.00444671524570e+26
1.88500000000000e+01	2.99515019328970e+26
1.88600000000000e+01	2.98589029638791e+26
1.88700000000000e+01	2.97666272383914e+26
1.88800000000000e+01	2.96750564180339e+26
1.88900000000000e+01	2.95836508421395e+26
1.89000000000000e+01	2.94930006736726e+26
1.89100000000000e+01	2.94027027801379e+26
1.89200000000000e+01	2.93127065576404e+26
1.89300000000000e+01	2.92232117986459e+26
1.89400000000000e+01	2.91342073144732e+26
1.89500000000000e+01	2.90453992229056e+26
1.89600000000000e+01	2.89569938139270e+26
1.89700000000000e+01	2.88687416844701e+26
1.89800000000000e+01	2.87808174017575e+26
1.89900000000000e+01	2.86931505314295e+26
1.90000000000000e+01	2.86056487428329e+26
1.90100000000000e+01	2.85182096008762e+26
1.90200000000000e+01	2.84310496680793e+26
1.90300000000000e+01	2.83441400524310e+26
1.90400000000000e+01	2.82573538403008e+26
1.90500000000000e+01	2.81708679699972e+26
1.90600000000000e+01	2.80845169452167e+26
1.90700000000000e+01	2.79984741366372e+26
1.90800000000000e+01	2.79128128459856e+26
1.90900000000000e+01	2.78272921562127e+26
1.91000000000000e+01	2.77419838282631e+26
1.91100000000000e+01	2.76570552564785e+26
1.91200000000000e+01	2.75725042592315e+26
1.91300000000000e+01	2.74881255743170e+26
1.91400000000000e+01	2.74041571318923e+26
1.91500000000000e+01	2.73203950738391e+26
1.91600000000000e+01	2.72370415745324e+26
1.91700000000000e+01	2.71540608527860e+26
1.91800000000000e+01	2.70711215131394e+26
1.91900000000000e+01	2.69887572214669e+26
1.92000000000000e+01	2.69066365291927e+26
1.92100000000000e+01	2.68247599423657e+26
1.92200000000000e+01	2.67433265113282e+26
1.92300000000000e+01	2.66623335947663e+26
1.92400000000000e+01	2.65816488357466e+26
1.92500000000000e+01	2.65013968359188e+26
1.92600000000000e+01	2.64214780015163e+26
1.92700000000000e+01	2.63420488753403e+26
1.92800000000000e+01	2.62629043647019e+26
1.92900000000000e+01	2.61841996239472e+26
1.93000000000000e+01	2.61058332239443e+26
1.93100000000000e+01	2.60279252753009e+26
1.93200000000000e+01	2.59502731863133e+26
1.93300000000000e+01	2.58730330565765e+26
1.93400000000000e+01	2.57962002533291e+26
1.93500000000000e+01	2.57195771196845e+26
1.93600000000000e+01	2.56431964077280e+26
1.93700000000000e+01	2.55671502853505e+26
1.93800000000000e+01	2.54913128014100e+26
1.93900000000000e+01	2.54158106615786e+26
1.94000000000000e+01	2.53406779939675e+26
1.94100000000000e+01	2.52657228572483e+26
1.94200000000000e+01	2.51911044486883e+26
1.94300000000000e+01	2.51166642768592e+26
1.94400000000000e+01	2.50424352223378e+26
1.94500000000000e+01	2.49685402328748e+26
1.94600000000000e+01	2.48950102849871e+26
1.94700000000000e+01	2.48216526318204e+26
1.94800000000000e+01	2.47486549530558e+26
1.94900000000000e+01	2.46758253950411e+26
1.95000000000000e+01	2.46031622789909e+26
1.95100000000000e+01	2.45308525618745e+26
1.95200000000000e+01	2.44588293005811e+26
1.95300000000000e+01	2.43870016573021e+26
1.95400000000000e+01	2.43154594458953e+26
1.95500000000000e+01	2.42440806948839e+26
1.95600000000000e+01	2.41729880598148e+26
1.95700000000000e+01	2.41020603942998e+26
1.95800000000000e+01	2.40312666342104e+26
1.95900000000000e+01	2.39607609249113e+26
1.96000000000000e+01	2.38906070591417e+26
1.96100000000000e+01	2.38205560546370e+26
1.96200000000000e+01	2.37508558299037e+26
1.96300000000000e+01	2.36812894414788e+26
1.96400000000000e+01	2.36118879856738e+26
1.96500000000000e+01	2.35428017937785e+26
1.96600000000000e+01	2.34740288095154e+26
1.96700000000000e+01	2.34054161157369e+26
1.96800000000000e+01	2.33371129047757e+26
1.96900000000000e+01	2.32689355932687e+26
1.97000000000000e+01	2.32007394270263e+26
1.97100000000000e+01	2.31326679424696e+26
1.97200000000000e+01	2.30644278347307e+26
1.97300000000000e+01	2.29959332392676e+26
1.97400000000000e+01	2.29264170301667e+26
1.97500000000000e+01	2.28550369525211e+26
1.97600000000000e+01	2.27803390818587e+26
1.97700000000000e+01	2.27001521192186e+26
1.97800000000000e+01	2.26105669754293e+26
1.97900000000000e+01	2.25059916996261e+26
1.98000000000000e+01	2.23785097731122e+26
1.98100000000000e+01	2.22164259882000e+26
1.98200000000000e+01	2.20043806394927e+26
1.98300000000000e+01	2.17221756974607e+26
1.98400000000000e+01	2.13446008190296e+26
1.98500000000000e+01	2.08423541139975e+26
1.98600000000000e+01	2.01824186528284e+26
1.98700000000000e+01	1.93314844252461e+26
1.98800000000000e+01	1.82588627323554e+26
1.98900000000000e+01	1.69423063611372e+26
1.99000000000000e+01	1.53730615543178e+26
1.99100000000000e+01	1.35628233541790e+26
1.99200000000000e+01	1.15498129803465e+26
1.99300000000000e+01	9.40147011909533e+25
1.99400000000000e+01	7.21621759016364e+25
1.99500000000000e+01	5.11780396445013e+25
1.99600000000000e+01	3.24345563539096e+25
1.99700000000000e+01	1.72517697482128e+25
1.99800000000000e+01	6.64260558550934e+24
1.99900000000000e+01	1.05490862688995e+24
2.00000000000000e+01	1.83334100450746e+23
