1.00000000000000e-02	1.31671986228998e+25
2.00000000000000e-02	5.26704788634614e+25
3.00000000000000e-02	1.18515685471454e+26
4.00000000000000e-02	2.10712965880887e+26
5.00000000000000e-02	3.29273876586131e+26
6.00000000000000e-02	4.74217577155117e+26
7.00000000000000e-02	6.45569013220477e+26
8.00000000000000e-02	8.43343151604005e+26
9.00000000000000e-02	1.06757699416289e+27
1.00000000000000e-01	1.31830118922895e+27
1.10000000000000e-01	1.59555238092219e+27
1.20000000000000e-01	1.89937736111859e+27
1.30000000000000e-01	2.22980759651617e+27
1.40000000000000e-01	2.58689877533012e+27
1.50000000000000e-01	2.97072147596830e+27
1.60000000000000e-01	3.38130568610240e+27
1.70000000000000e-01	3.81871966264915e+27
1.80000000000000e-01	4.28300059904939e+27
1.90000000000000e-01	4.77428059057783e+27
2.00000000000000e-01	5.29259747673899e+27
2.10000000000000e-01	5.83802357532148e+27
2.20000000000000e-01	6.41065822866078e+27
2.30000000000000e-01	7.01054674579383e+27
2.40000000000000e-01	7.63781572724916e+27
2.50000000000000e-01	8.29256526721262e+27
2.60000000000000e-01	8.97492055880906e+27
2.70000000000000e-01	9.68490071414778e+27
2.80000000000000e-01	1.04226353664119e+28
2.90000000000000e-01	1.11883328921578e+28
3.00000000000000e-01	1.19820114947530e+28
3.10000000000000e-01	1.28038259136881e+28
3.20000000000000e-01	1.36538919392262e+28
3.30000000000000e-01	1.45322559765700e+28
3.40000000000000e-01	1.54392791138064e+28
3.50000000000000e-01	1.63748526223513e+28
3.60000000000000e-01	1.73393249240061e+28
3.70000000000000e-01	1.83326875247470e+28
3.80000000000000e-01	1.93551926862335e+28
3.90000000000000e-01	2.04069993448021e+28
4.00000000000000e-01	2.14882832637312e+28
4.10000000000000e-01	2.25991380680145e+28
4.20000000000000e-01	2.37397149804054e+28
4.30000000000000e-01	2.49104421080836e+28
4.40000000000000e-01	2.61112459216429e+28
4.50000000000000e-01	2.73423933625227e+28
4.60000000000000e-01	2.86040938025988e+28
4.70000000000000e-01	2.98967070238775e+28
4.80000000000000e-01	3.12201610749799e+28
4.90000000000000e-01	3.25748548579732e+28
5.00000000000000e-01	3.39610106163495e+28
5.10000000000000e-01	3.53788255215166e+28
5.20000000000000e-01	3.68287766055862e+28
5.30000000000000e-01	3.83104017076926e+28
5.40000000000000e-01	3.98248466655446e+28
5.50000000000000e-01	4.13716528290436e+28
5.60000000000000e-01	4.29515571045889e+28
5.70000000000000e-01	4.45647090762787e+28
5.80000000000000e-01	4.62113528522965e+28
5.90000000000000e-01	4.78917655506001e+28
6.00000000000000e-01	4.96060500652297e+28
6.10000000000000e-01	5.13549488814801e+28
6.20000000000000e-01	5.31384151063738e+28
6.30000000000000e-01	5.49572792227442e+28
6.40000000000000e-01	5.68111681124799e+28
6.50000000000000e-01	5.87006873770097e+28
6.60000000000000e-01	6.06265359146929e+28
6.70000000000000e-01	6.25886831000607e+28
6.80000000000000e-01	6.45872129986103e+28
6.90000000000000e-01	6.66234637431345e+28
7.00000000000000e-01	6.86969708955993e+28
7.10000000000000e-01	7.08087395409896e+28
7.20000000000000e-01	7.29584522614923e+28
7.30000000000000e-01	7.51471430312185e+28
7.40000000000000e-01	7.73747276019043e+28
7.50000000000000e-01	7.96427698739483e+28
7.60000000000000e-01	8.19501982350041e+28
7.70000000000000e-01	8.42983979010210e+28
7.80000000000000e-01	8.66875678246359e+28
7.90000000000000e-01	8.91185642259000e+28
8.00000000000000e-01	9.15918930388170e+28
8.10000000000000e-01	9.41071297802769e+28
8.20000000000000e-01	9.66661107944897e+28
8.30000000000000e-01	9.92679089587651e+28
8.40000000000000e-01	1.01914693055954e+29
8.50000000000000e-01	1.04606296022647e+29
8.60000000000000e-01	1.07342991861167e+29
8.70000000000000e-01	1.10125875165992e+29
8.80000000000000e-01	1.12955362186765e+29
8.90000000000000e-01	1.15831741980993e+29
9.00000000000000e-01	1.18756859254339e+29
9.10000000000000e-01	1.21730192362680e+29
9.20000000000000e-01	1.24752647593467e+29
9.30000000000000e-01	1.27825474500259e+29
9.40000000000000e-01	1.30949656725637e+29
9.50000000000000e-01	1.34125044444947e+29
9.60000000000000e-01	1.37352617992466e+29
9.70000000000000e-01	1.40633303893516e+29
9.80000000000000e-01	1.43967763275049e+29
9.90000000000000e-01	1.47357344095829e+29
1.00000000000000e+00	1.50802412535305e+29
1.01000000000000e+00	1.54304436229026e+29
1.02000000000000e+00	1.57864088987490e+29
1.03000000000000e+00	1.61481652799900e+29
1.04000000000000e+00	1.65159418265956e+29
1.05000000000000e+00	1.68897848256647e+29
1.06000000000000e+00	1.72696690411593e+29
1.07000000000000e+00	1.76559099709197e+29
1.08000000000000e+00	1.80485235537917e+29
1.09000000000000e+00	1.84476003472269e+29
1.10000000000000e+00	1.88532543461895e+29
1.11000000000000e+00	1.92656245570440e+29
1.12000000000000e+00	1.96849573132633e+29
1.13000000000000e+00	2.01111637954253e+29
1.14000000000000e+00	2.05445021516942e+29
1.15000000000000e+00	2.09850499387527e+29
1.16000000000000e+00	2.14331192441161e+29
1.17000000000000e+00	2.18886349037976e+29
1.18000000000000e+00	2.23518150207470e+29
1.19000000000000e+00	2.28229185698983e+29
1.20000000000000e+00	2.33018515419631e+29
1.21000000000000e+00	2.37892177178876e+29
1.22000000000000e+00	2.42846689273009e+29
1.23000000000000e+00	2.47886925563418e+29
1.24000000000000e+00	2.53015832852096e+29
1.25000000000000e+00	2.58232330841532e+29
1.26000000000000e+00	2.63539941511354e+29
1.27000000000000e+00	2.68940550133189e+29
1.28000000000000e+00	2.74436331097371e+29
1.29000000000000e+00	2.80028958086753e+29
1.30000000000000e+00	2.85720296141352e+29
1.31000000000000e+00	2.91512229477965e+29
1.32000000000000e+00	2.97410987603485e+29
1.33000000000000e+00	3.03414720629819e+29
1.34000000000000e+00	3.09527318003348e+29
1.35000000000000e+00	3.15752006357982e+29
1.36000000000000e+00	3.22091581806666e+29
1.37000000000000e+00	3.28548942288153e+29
1.38000000000000e+00	3.35125508843868e+29
1.39000000000000e+00	3.41827554557295e+29
1.40000000000000e+00	3.48655232812851e+29
1.41000000000000e+00	3.55612666244210e+29
1.42000000000000e+00	3.62704486031268e+29
1.43000000000000e+00	3.69932328622241e+29
1.44000000000000e+00	3.77302558644413e+29
1.45000000000000e+00	3.84816490796203e+29
1.46000000000000e+00	3.92480657278504e+29
1.47000000000000e+00	4.00295187029318e+29
1.48000000000000e+00	4.08269662267065e+29
1.49000000000000e+00	4.16405131443434e+29
1.50000000000000e+00	4.24707185198129e+29
1.51000000000000e+00	4.33183806717541e+29
1.52000000000000e+00	4.41833790483656e+29
1.53000000000000e+00	4.50669242504172e+29
1.54000000000000e+00	4.59690347009258e+29
1.55000000000000e+00	4.68907110178927e+29
1.56000000000000e+00	4.78324919904222e+29
1.57000000000000e+00	4.87949541957563e+29
1.58000000000000e+00	4.97787173611772e+29
1.59000000000000e+00	5.07845597775773e+29
1.60000000000000e+00	5.18133245245837e+29
1.61000000000000e+00	5.28657565914663e+29
1.62000000000000e+00	5.39428252332765e+29
1.63000000000000e+00	5.50454824721692e+29
1.64000000000000e+00	5.61742550924073e+29
1.65000000000000e+00	5.73304745143304e+29
1.66000000000000e+00	5.85150960352464e+29
1.67000000000000e+00	5.97294561044769e+29
1.68000000000000e+00	6.09740615207094e+29
1.69000000000000e+00	6.22504530894821e+29
1.70000000000000e+00	6.35595374472848e+29
1.71000000000000e+00	6.49022959836688e+29
1.72000000000000e+00	6.62793924779429e+29
1.73000000000000e+00	6.76918668627699e+29
1.74000000000000e+00	6.91406147523967e+29
1.75000000000000e+00	7.06265625060587e+29
1.76000000000000e+00	7.21511739170005e+29
1.77000000000000e+00	7.37150944163155e+29
1.78000000000000e+00	7.53212191266676e+29
1.79000000000000e+00	7.69712661190621e+29
1.80000000000000e+00	7.86689207453437e+29
1.81000000000000e+00	8.04174334864123e+29
1.82000000000000e+00	8.22215134584817e+29
1.83000000000000e+00	8.40848250763392e+29
1.84000000000000e+00	8.60131439233919e+29
1.85000000000000e+00	8.80072722559137e+29
1.86000000000000e+00	9.00698414488118e+29
1.87000000000000e+00	9.21988889657010e+29
1.88000000000000e+00	9.43882016699619e+29
1.89000000000000e+00	9.66263784003718e+29
1.90000000000000e+00	9.88997364514846e+29
1.91000000000000e+00	1.01182806936504e+30
1.92000000000000e+00	1.03451808376796e+30
1.93000000000000e+00	1.05668428115196e+30
1.94000000000000e+00	1.07796823831592e+30
1.95000000000000e+00	1.09795488077365e+30
1.96000000000000e+00	1.11619676397704e+30
1.97000000000000e+00	1.13230285787260e+30
1.98000000000000e+00	1.14591047580269e+30
1.99000000000000e+00	1.15680649386862e+30
2.00000000000000e+00	1.16491893198719e+30
2.01000000000000e+00	1.17049043548347e+30
2.02000000000000e+00	1.17402565276075e+30
2.03000000000000e+00	1.17647975468745e+30
2.04000000000000e+00	1.17932938359187e+30
2.05000000000000e+00	1.18464220696762e+30
2.06000000000000e+00	1.19517848744707e+30
2.07000000000000e+00	1.21435614064016e+30
2.08000000000000e+00	1.24644107842499e+30
2.09000000000000e+00	1.29639173145597e+30
2.10000000000000e+00	1.36995587135961e+30
2.11000000000000e+00	1.47351583305221e+30
2.12000000000000e+00	1.61395875398329e+30
2.13000000000000e+00	1.79865652842663e+30
2.14000000000000e+00	2.03499258476753e+30
2.15000000000000e+00	2.33023857011841e+30
2.16000000000000e+00	2.69078460228123e+30
2.17000000000000e+00	3.12174991603554e+30
2.18000000000000e+00	3.62606865613723e+30
2.19000000000000e+00	4.20370577301451e+30
2.20000000000000e+00	4.85104478471694e+30
2.21000000000000e+00	5.56037196869583e+30
2.22000000000000e+00	6.32079671571188e+30
2.23000000000000e+00	7.11914436822035e+30
2.24000000000000e+00	7.94269969099612e+30
2.25000000000000e+00	8.78204892475421e+30
2.26000000000000e+00	9.63302471507922e+30
2.27000000000000e+00	1.04979623797714e+31
2.28000000000000e+00	1.13843131610940e+31
2.29000000000000e+00	1.23041882275301e+31
2.30000000000000e+00	1.32725483907175e+31
2.31000000000000e+00	1.43080299685279e+31
2.32000000000000e+00	1.54318259443957e+31
2.33000000000000e+00	1.66661142941694e+31
2.34000000000000e+00	1.80276400265912e+31
2.35000000000000e+00	1.95160850070926e+31
2.36000000000000e+00	2.10972506950955e+31
2.37000000000000e+00	2.26850148203033e+31
2.38000000000000e+00	2.41329545251074e+31
2.39000000000000e+00	2.52481850604180e+31
2.40000000000000e+00	2.58391510384990e+31
2.41000000000000e+00	2.57821986482116e+31
2.42000000000000e+00	2.50720321577718e+31
2.43000000000000e+00	2.38204106091186e+31
2.44000000000000e+00	2.22062598498417e+31
2.45000000000000e+00	2.04132368508971e+31
2.46000000000000e+00	1.85876073810576e+31
2.47000000000000e+00	1.68279921234472e+31
2.48000000000000e+00	1.51921146118260e+31
2.49000000000000e+00	1.37117767544488e+31
2.50000000000000e+00	1.24037996738110e+31
2.51000000000000e+00	1.12758361737617e+31
2.52000000000000e+00	1.03289101432033e+31
2.53000000000000e+00	9.55790504045624e+30
2.54000000000000e+00	8.95207824256742e+30
2.55000000000000e+00	8.49645321920386e+30
2.56000000000000e+00	8.17295659098618e+30
2.57000000000000e+00	7.96147845493025e+30
2.58000000000000e+00	7.84031609134264e+30
2.59000000000000e+00	7.78503696747091e+30
2.60000000000000e+00	7.76728612808615e+30
2.61000000000000e+00	7.75345346073770e+30
2.62000000000000e+00	7.70609913231884e+30
2.63000000000000e+00	7.58763309279087e+30
2.64000000000000e+00	7.36808247705002e+30
2.65000000000000e+00	7.03361217181412e+30
2.66000000000000e+00	6.59244864766125e+30
2.67000000000000e+00	6.07228693438068e+30
2.68000000000000e+00	5.51119489250800e+30
2.69000000000000e+00	4.94609311727433e+30
2.70000000000000e+00	4.40474802312500e+30
2.71000000000000e+00	3.90330078289106e+30
2.72000000000000e+00	3.44749599900734e+30
2.73000000000000e+00	3.03600288527098e+30
2.74000000000000e+00	2.66320952172956e+30
2.75000000000000e+00	2.32200543852203e+30
2.76000000000000e+00	2.00605719860983e+30
2.77000000000000e+00	1.71176982351063e+30
2.78000000000000e+00	1.43942259293791e+30
2.79000000000000e+00	1.19273164689603e+30
2.80000000000000e+00	9.76908503904176e+29
2.81000000000000e+00	7.96168858833309e+29
2.82000000000000e+00	6.52010851134614e+29
2.83000000000000e+00	5.42904549209223e+29
2.84000000000000e+00	4.64927786251476e+29
2.85000000000000e+00	4.12730646035501e+29
2.86000000000000e+00	3.80176067077965e+29
2.87000000000000e+00	3.60735878531301e+29
2.88000000000000e+00	3.47901622376415e+29
2.89000000000000e+00	3.35621568034009e+29
2.90000000000000e+00	3.18756676850908e+29
2.91000000000000e+00	2.93401362724786e+29
2.92000000000000e+00	2.57212886542011e+29
2.93000000000000e+00	2.09897929773337e+29
2.94000000000000e+00	1.53910380758939e+29
2.95000000000000e+00	9.50187954958305e+28
2.96000000000000e+00	4.23041442478909e+28
2.97000000000000e+00	7.31100342795153e+27
2.98000000000000e+00	2.64217404155143e+27
2.99000000000000e+00	4.05220944107597e+28
3.00000000000000e+00	1.31749321694891e+29
3.01000000000000e+00	2.85127922710089e+29
3.02000000000000e+00	5.07174423507564e+29
3.03000000000000e+00	8.01772500888108e+29
3.04000000000000e+00	1.16961816325500e+30
3.05000000000000e+00	1.60761299122253e+30
3.06000000000000e+00	2.10879880464869e+30
3.07000000000000e+00	2.66310334130572e+30
3.08000000000000e+00	3.25854428788583e+30
3.09000000000000e+00	3.88255163176638e+30
3.10000000000000e+00	4.52258989038102e+30
3.11000000000000e+00	5.16771417988488e+30
3.12000000000000e+00	5.81035062056280e+30
3.13000000000000e+00	6.44813435389815e+30
3.14000000000000e+00	7.08450354343472e+30
3.15000000000000e+00	7.72598389856000e+30
3.16000000000000e+00	8.37661450591414e+30
3.17000000000000e+00	9.03156058508026e+30
3.18000000000000e+00	9.67274786327040e+30
3.19000000000000e+00	1.02709668987851e+31
3.20000000000000e+00	1.07958446141544e+31
3.21000000000000e+00	1.12293343111805e+31
3.22000000000000e+00	1.15741351796057e+31
3.23000000000000e+00	1.18524372302486e+31
3.24000000000000e+00	1.20921065492622e+31
3.25000000000000e+00	1.23125939311930e+31
3.26000000000000e+00	1.25155893143213e+31
3.27000000000000e+00	1.26835880772404e+31
3.28000000000000e+00	1.27874707353316e+31
3.29000000000000e+00	1.27974690486630e+31
3.30000000000000e+00	1.26949481780593e+31
3.31000000000000e+00	1.24785981632066e+31
3.32000000000000e+00	1.21609405389604e+31
3.33000000000000e+00	1.17597659814588e+31
3.34000000000000e+00	1.12893449484353e+31
3.35000000000000e+00	1.07554307655396e+31
3.36000000000000e+00	1.01570766142242e+31
3.37000000000000e+00	9.49144152248610e+30
3.38000000000000e+00	8.75970696059706e+30
3.39000000000000e+00	7.97220797774468e+30
3.40000000000000e+00	7.14931743114277e+30
3.41000000000000e+00	6.31912997659964e+30
3.42000000000000e+00	5.51254379128513e+30
3.43000000000000e+00	4.75772426738963e+30
3.44000000000000e+00	4.07649667799208e+30
3.45000000000000e+00	3.48350822509373e+30
3.46000000000000e+00	2.98769057747411e+30
3.47000000000000e+00	2.59519866705762e+30
3.48000000000000e+00	2.31153472104926e+30
3.49000000000000e+00	2.14289470510405e+30
3.50000000000000e+00	2.09613603320212e+30
3.51000000000000e+00	2.17782368989756e+30
3.52000000000000e+00	2.39286726571744e+30
3.53000000000000e+00	2.74262311926761e+30
3.54000000000000e+00	3.22269529515146e+30
3.55000000000000e+00	3.82078033837598e+30
3.56000000000000e+00	4.51534882862300e+30
3.57000000000000e+00	5.27632318781689e+30
3.58000000000000e+00	6.06778230098960e+30
3.59000000000000e+00	6.85270885038068e+30
3.60000000000000e+00	7.59689528109334e+30
3.61000000000000e+00	8.27282151909810e+30
3.62000000000000e+00	8.86082825103011e+30
3.63000000000000e+00	9.34877629917861e+30
3.64000000000000e+00	9.73096041221765e+30
3.65000000000000e+00	1.00065654964180e+31
3.66000000000000e+00	1.01778499660309e+31
3.67000000000000e+00	1.02489832949479e+31
3.68000000000000e+00	1.02236322529531e+31
3.69000000000000e+00	1.01047144799837e+31
3.70000000000000e+00	9.89271667262805e+30
3.71000000000000e+00	9.58663075076497e+30
3.72000000000000e+00	9.18507129783426e+30
3.73000000000000e+00	8.68939910832233e+30
3.74000000000000e+00	8.10634713367149e+30
3.75000000000000e+00	7.45072158398598e+30
3.76000000000000e+00	6.74397027033770e+30
3.77000000000000e+00	6.01181298733491e+30
3.78000000000000e+00	5.27990279530093e+30
3.79000000000000e+00	4.57081635529264e+30
3.80000000000000e+00	3.90193669481551e+30
3.81000000000000e+00	3.28605308382468e+30
3.82000000000000e+00	2.73217518057136e+30
3.83000000000000e+00	2.24633291547615e+30
3.84000000000000e+00	1.83222162352494e+30
3.85000000000000e+00	1.49133660982312e+30
3.86000000000000e+00	1.22271542266139e+30
3.87000000000000e+00	1.02275061509504e+30
3.88000000000000e+00	8.85433714312319e+29
3.89000000000000e+00	8.02814976195286e+29
3.90000000000000e+00	7.65837021928799e+29
3.91000000000000e+00	7.65338932167241e+29
3.92000000000000e+00	7.93011408197152e+29
3.93000000000000e+00	8.42093988088478e+29
3.94000000000000e+00	9.07665264630975e+29
3.95000000000000e+00	9.86494943047484e+29
3.96000000000000e+00	1.07671105884692e+30
3.97000000000000e+00	1.17717406479343e+30
3.98000000000000e+00	1.28700439210072e+30
3.99000000000000e+00	1.40501158068355e+30
4.00000000000000e+00	1.52938405160176e+30
4.01000000000000e+00	1.65757794175699e+30
4.02000000000000e+00	1.78630789927867e+30
4.03000000000000e+00	1.91214206804314e+30
4.04000000000000e+00	2.03209772993272e+30
4.05000000000000e+00	2.14412048974126e+30
4.06000000000000e+00	2.24754188790232e+30
4.07000000000000e+00	2.34271422567177e+30
4.08000000000000e+00	2.43067574596638e+30
4.09000000000000e+00	2.51247391552102e+30
4.10000000000000e+00	2.58861807590271e+30
4.11000000000000e+00	2.65889902268221e+30
4.12000000000000e+00	2.72247652617036e+30
4.13000000000000e+00	2.77800544726119e+30
4.14000000000000e+00	2.82412242437958e+30
4.15000000000000e+00	2.85952310306450e+30
4.16000000000000e+00	2.88279373246091e+30
4.17000000000000e+00	2.89255797820884e+30
4.18000000000000e+00	2.88721167014912e+30
4.19000000000000e+00	2.86488514370614e+30
4.20000000000000e+00	2.82372073600279e+30
4.21000000000000e+00	2.76197414379675e+30
4.22000000000000e+00	2.67848113809551e+30
4.23000000000000e+00	2.57311444087412e+30
4.24000000000000e+00	2.44713331234027e+30
4.25000000000000e+00	2.30326005279903e+30
4.26000000000000e+00	2.14535067561216e+30
4.27000000000000e+00	1.97804493593942e+30
4.28000000000000e+00	1.80627641631836e+30
4.29000000000000e+00	1.63501682197189e+30
4.30000000000000e+00	1.46910453840705e+30
4.31000000000000e+00	1.31307545770783e+30
4.32000000000000e+00	1.17104922629212e+30
4.33000000000000e+00	1.04628332976977e+30
4.34000000000000e+00	9.40974633529748e+29
4.35000000000000e+00	8.56016106607475e+29
4.36000000000000e+00	7.91039943302615e+29
4.37000000000000e+00	7.44604405971290e+29
4.38000000000000e+00	7.14453961640892e+29
4.39000000000000e+00	6.97997560432161e+29
4.40000000000000e+00	6.92701190830033e+29
4.41000000000000e+00	6.96473145923147e+29
4.42000000000000e+00	7.08001097394676e+29
4.43000000000000e+00	7.26863330500186e+29
4.44000000000000e+00	7.53528656888084e+29
4.45000000000000e+00	7.89324753006740e+29
4.46000000000000e+00	8.36276520274721e+29
4.47000000000000e+00	8.96939226488109e+29
4.48000000000000e+00	9.74285134869231e+29
4.49000000000000e+00	1.07149492213824e+30
4.50000000000000e+00	1.19187021880658e+30
4.51000000000000e+00	1.33881321186050e+30
4.52000000000000e+00	1.51586289387722e+30
4.53000000000000e+00	1.72688874859502e+30
4.54000000000000e+00	1.97628572750114e+30
4.55000000000000e+00	2.26924468498218e+30
4.56000000000000e+00	2.61203267708667e+30
4.57000000000000e+00	3.01235229616281e+30
4.58000000000000e+00	3.47936587201518e+30
4.59000000000000e+00	4.02371317667224e+30
4.60000000000000e+00	4.65694672788864e+30
4.61000000000000e+00	5.39043419551077e+30
4.62000000000000e+00	6.23357735380898e+30
4.63000000000000e+00	7.19299378620743e+30
4.64000000000000e+00	8.27082618439088e+30
4.65000000000000e+00	9.46522895099541e+30
4.66000000000000e+00	1.07704273574589e+31
4.67000000000000e+00	1.21777844228985e+31
4.68000000000000e+00	1.36737969825970e+31
4.69000000000000e+00	1.52379852608072e+31
4.70000000000000e+00	1.68362739443691e+31
4.71000000000000e+00	1.84166509803139e+31
4.72000000000000e+00	1.99038299966150e+31
4.73000000000000e+00	2.12026287179460e+31
4.74000000000000e+00	2.22066187809495e+31
4.75000000000000e+00	2.28119659782832e+31
4.76000000000000e+00	2.29356216880524e+31
4.77000000000000e+00	2.25312310026647e+31
4.78000000000000e+00	2.16004682150395e+31
4.79000000000000e+00	2.01957387585304e+31
4.80000000000000e+00	1.84158014441983e+31
4.81000000000000e+00	1.63910175663448e+31
4.82000000000000e+00	1.42633102074920e+31
4.83000000000000e+00	1.21678008648950e+31
4.84000000000000e+00	1.02159607472275e+31
4.85000000000000e+00	8.48751034822047e+30
4.86000000000000e+00	7.02778137539102e+30
4.87000000000000e+00	5.85174468233382e+30
4.88000000000000e+00	4.95018513725479e+30
4.89000000000000e+00	4.29688230519644e+30
4.90000000000000e+00	3.85516211160564e+30
4.91000000000000e+00	3.58285256565203e+30
4.92000000000000e+00	3.43662908397632e+30
4.93000000000000e+00	3.37507741908228e+30
4.94000000000000e+00	3.36176132234588e+30
4.95000000000000e+00	3.36740114750499e+30
4.96000000000000e+00	3.37106988404592e+30
4.97000000000000e+00	3.36047903975832e+30
4.98000000000000e+00	3.33090348003711e+30
4.99000000000000e+00	3.28369530296875e+30
5.00000000000000e+00	3.22421441109513e+30
5.01000000000000e+00	3.15998126863203e+30
5.02000000000000e+00	3.09898771470257e+30
5.03000000000000e+00	3.04840651704759e+30
5.04000000000000e+00	3.01357596978091e+30
5.05000000000000e+00	2.99747929238413e+30
5.06000000000000e+00	3.00021865957450e+30
5.07000000000000e+00	3.01903522306984e+30
5.08000000000000e+00	3.04849248215591e+30
5.09000000000000e+00	3.08109566536462e+30
5.10000000000000e+00	3.10818609939380e+30
5.11000000000000e+00	3.12127312295109e+30
5.12000000000000e+00	3.11353502765469e+30
5.13000000000000e+00	3.08072894486364e+30
5.14000000000000e+00	3.02203736205531e+30
5.15000000000000e+00	2.93999316957208e+30
5.16000000000000e+00	2.84023852578029e+30
5.17000000000000e+00	2.73088444459314e+30
5.18000000000000e+00	2.62231077951247e+30
5.19000000000000e+00	2.52713321385799e+30
5.20000000000000e+00	2.46028382951165e+30
5.21000000000000e+00	2.43885962241193e+30
5.22000000000000e+00	2.48131676644615e+30
5.23000000000000e+00	2.60566422207209e+30
5.24000000000000e+00	2.82663553008604e+30
5.25000000000000e+00	3.15291906897224e+30
5.26000000000000e+00	3.58422625917562e+30
5.27000000000000e+00	4.11009427135771e+30
5.28000000000000e+00	4.70987244599088e+30
5.29000000000000e+00	5.35466377182795e+30
5.30000000000000e+00	6.01123951939213e+30
5.31000000000000e+00	6.64631435672728e+30
5.32000000000000e+00	7.23112344826627e+30
5.33000000000000e+00	7.74498887421202e+30
5.34000000000000e+00	8.17747617912830e+30
5.35000000000000e+00	8.52888661420228e+30
5.36000000000000e+00	8.80865308490998e+30
5.37000000000000e+00	9.03382966777153e+30
5.38000000000000e+00	9.22602948597356e+30
5.39000000000000e+00	9.40852349905995e+30
5.40000000000000e+00	9.60423574123129e+30
5.41000000000000e+00	9.83424713411327e+30
5.42000000000000e+00	1.01169471104933e+31
5.43000000000000e+00	1.04665381587560e+31
5.44000000000000e+00	1.08932441214556e+31
5.45000000000000e+00	1.14019981984511e+31
5.46000000000000e+00	1.19922547162085e+31
5.47000000000000e+00	1.26581567621777e+31
5.48000000000000e+00	1.33873643299737e+31
5.49000000000000e+00	1.41624450129785e+31
5.50000000000000e+00	1.49603188222808e+31
5.51000000000000e+00	1.57531237722295e+31
5.52000000000000e+00	1.65087643383139e+31
5.53000000000000e+00	1.71937507984510e+31
5.54000000000000e+00	1.77741748897326e+31
5.55000000000000e+00	1.82204570989280e+31
5.56000000000000e+00	1.85082543574334e+31
5.57000000000000e+00	1.86218591408992e+31
5.58000000000000e+00	1.85547478680065e+31
5.59000000000000e+00	1.83089409200160e+31
5.60000000000000e+00	1.78945474460516e+31
5.61000000000000e+00	1.73290749058497e+31
5.62000000000000e+00	1.66348018436444e+31
5.63000000000000e+00	1.58389085794277e+31
5.64000000000000e+00	1.49706577786551e+31
5.65000000000000e+00	1.40595854210428e+31
5.66000000000000e+00	1.31333698187995e+31
5.67000000000000e+00	1.22157199040884e+31
5.68000000000000e+00	1.13256012558360e+31
5.69000000000000e+00	1.04768420946204e+31
5.70000000000000e+00	9.67910609782694e+30
5.71000000000000e+00	8.93890441609775e+30
5.72000000000000e+00	8.26028506391648e+30
5.73000000000000e+00	7.64504512626461e+30
5.74000000000000e+00	7.09277358366611e+30
5.75000000000000e+00	6.60055022513489e+30
5.76000000000000e+00	6.16263922629615e+30
5.77000000000000e+00	5.77043103996795e+30
5.78000000000000e+00	5.41322351863274e+30
5.79000000000000e+00	5.07885774343719e+30
5.80000000000000e+00	4.75526450648354e+30
5.81000000000000e+00	4.43152596756547e+30
5.82000000000000e+00	4.09947680797106e+30
5.83000000000000e+00	3.75469947615495e+30
5.84000000000000e+00	3.39721907066560e+30
5.85000000000000e+00	3.03176590568967e+30
5.86000000000000e+00	2.66746944833455e+30
5.87000000000000e+00	2.31713268417440e+30
5.88000000000000e+00	1.99635563447369e+30
5.89000000000000e+00	1.72205858384164e+30
5.90000000000000e+00	1.51117541475631e+30
5.91000000000000e+00	1.37911603891590e+30
5.92000000000000e+00	1.33828457235411e+30
5.93000000000000e+00	1.39710137970198e+30
5.94000000000000e+00	1.55943586145001e+30
5.95000000000000e+00	1.82469433811723e+30
5.96000000000000e+00	2.18849797212750e+30
5.97000000000000e+00	2.64370056581687e+30
5.98000000000000e+00	3.18183858352965e+30
5.99000000000000e+00	3.79443630775955e+30
6.00000000000000e+00	4.47457301455186e+30
6.01000000000000e+00	5.21831455349001e+30
6.02000000000000e+00	6.02523210602150e+30
6.03000000000000e+00	6.89889891328819e+30
6.04000000000000e+00	7.84549357549573e+30
6.05000000000000e+00	8.87151247993323e+30
6.06000000000000e+00	9.98084772733717e+30
6.07000000000000e+00	1.11708249924712e+31
6.08000000000000e+00	1.24287202002119e+31
6.09000000000000e+00	1.37295771626033e+31
6.10000000000000e+00	1.50363687453651e+31
6.11000000000000e+00	1.63012837467643e+31
6.12000000000000e+00	1.74711894138044e+31
6.13000000000000e+00	1.84921858940759e+31
6.14000000000000e+00	1.93167195517624e+31
6.15000000000000e+00	1.99084923701892e+31
6.16000000000000e+00	2.02457239113966e+31
6.17000000000000e+00	2.03223691505995e+31
6.18000000000000e+00	2.01476741219365e+31
6.19000000000000e+00	1.97423265929281e+31
6.20000000000000e+00	1.91370707503391e+31
6.21000000000000e+00	1.83668846691430e+31
6.22000000000000e+00	1.74705134251939e+31
6.23000000000000e+00	1.64878680991878e+31
6.24000000000000e+00	1.54576891203938e+31
6.25000000000000e+00	1.44160465968297e+31
6.26000000000000e+00	1.33942128940937e+31
6.27000000000000e+00	1.24176491550456e+31
6.28000000000000e+00	1.15050405120688e+31
6.29000000000000e+00	1.06679207073278e+31
6.30000000000000e+00	9.91206062529063e+30
6.31000000000000e+00	9.23921920683121e+30
6.32000000000000e+00	8.64836933159200e+30
6.33000000000000e+00	8.13766859091440e+30
6.34000000000000e+00	7.70552874960643e+30
6.35000000000000e+00	7.35131125616953e+30
6.36000000000000e+00	7.07569460245781e+30
6.37000000000000e+00	6.88030897244844e+30
6.38000000000000e+00	6.76723545606892e+30
6.39000000000000e+00	6.73751659344145e+30
6.40000000000000e+00	6.79082789048700e+30
6.41000000000000e+00	6.92404153206409e+30
6.42000000000000e+00	7.13102988478200e+30
6.43000000000000e+00	7.40293123709126e+30
6.44000000000000e+00	7.72881676012547e+30
6.45000000000000e+00	8.09667862457690e+30
6.46000000000000e+00	8.49446227003103e+30
6.47000000000000e+00	8.91157444343388e+30
6.48000000000000e+00	9.33831332952929e+30
6.49000000000000e+00	9.76628428705406e+30
6.50000000000000e+00	1.01883310297884e+31
6.51000000000000e+00	1.05972989948961e+31
6.52000000000000e+00	1.09870066849814e+31
6.53000000000000e+00	1.13508300299039e+31
6.54000000000000e+00	1.16823135188656e+31
6.55000000000000e+00	1.19742043461402e+31
6.56000000000000e+00	1.22178203475181e+31
6.57000000000000e+00	1.24040789902769e+31
6.58000000000000e+00	1.25226816733580e+31
6.59000000000000e+00	1.25628910242927e+31
6.60000000000000e+00	1.25150911797557e+31
6.61000000000000e+00	1.23709977137433e+31
6.62000000000000e+00	1.21240823687722e+31
6.63000000000000e+00	1.17715078230099e+31
6.64000000000000e+00	1.13133703388230e+31
6.65000000000000e+00	1.07546064744137e+31
6.66000000000000e+00	1.01050462550043e+31
6.67000000000000e+00	9.37918263252212e+30
6.68000000000000e+00	8.59600769659837e+30
6.69000000000000e+00	7.77712751789613e+30
6.70000000000000e+00	6.94554801509633e+30
6.71000000000000e+00	6.12323897409694e+30
6.72000000000000e+00	5.33007335948302e+30
6.73000000000000e+00	4.58235712063930e+30
6.74000000000000e+00	3.89239023786586e+30
6.75000000000000e+00	3.26853561205939e+30
6.76000000000000e+00	2.71527631018113e+30
6.77000000000000e+00	2.23390442719857e+30
6.78000000000000e+00	1.82277790761678e+30
6.79000000000000e+00	1.47823170666635e+30
6.80000000000000e+00	1.19482448487431e+30
6.81000000000000e+00	9.65955482368818e+29
6.82000000000000e+00	7.84385846571994e+29
6.83000000000000e+00	6.42640176352154e+29
6.84000000000000e+00	5.33438077363646e+29
6.85000000000000e+00	4.50001014934223e+29
6.86000000000000e+00	3.86301053824980e+29
6.87000000000000e+00	3.37214211363264e+29
6.88000000000000e+00	2.98590266193914e+29
6.89000000000000e+00	2.67206438834507e+29
6.90000000000000e+00	2.40680896641388e+29
6.91000000000000e+00	2.17330462567766e+29
6.92000000000000e+00	1.96001805694844e+29
6.93000000000000e+00	1.75905083228061e+29
6.94000000000000e+00	1.56490776923816e+29
6.95000000000000e+00	1.37358701358224e+29
6.96000000000000e+00	1.18231835763314e+29
6.97000000000000e+00	9.89703124206634e+28
6.98000000000000e+00	7.96245836730126e+28
6.99000000000000e+00	6.05032858844056e+28
7.00000000000000e+00	4.22542108772396e+28
7.01000000000000e+00	2.59323553933676e+28
7.02000000000000e+00	1.30582171773733e+28
7.03000000000000e+00	5.65462674841488e+27
7.04000000000000e+00	6.26102720418325e+27
7.05000000000000e+00	1.79137508790598e+28
7.06000000000000e+00	4.40789055750361e+28
7.07000000000000e+00	8.85183312554228e+28
7.08000000000000e+00	1.55060229475916e+29
7.09000000000000e+00	2.47262864674399e+29
7.10000000000000e+00	3.67994829020839e+29
7.11000000000000e+00	5.18930581388406e+29
7.12000000000000e+00	7.00114683546595e+29
7.13000000000000e+00	9.09622280506351e+29
7.14000000000000e+00	1.14350001495491e+30
7.15000000000000e+00	1.39593817984107e+30
7.16000000000000e+00	1.65981732497937e+30
7.17000000000000e+00	1.92742028114539e+30
7.18000000000000e+00	2.19109365481441e+30
7.19000000000000e+00	2.44390066698493e+30
7.20000000000000e+00	2.67999915652353e+30
7.21000000000000e+00	2.89483345553453e+30
7.22000000000000e+00	3.08479050023546e+30
7.23000000000000e+00	3.24742954163810e+30
7.24000000000000e+00	3.38100181773478e+30
7.25000000000000e+00	3.48438141294844e+30
7.26000000000000e+00	3.55714594651115e+30
7.27000000000000e+00	3.59890220624078e+30
7.28000000000000e+00	3.60978004133728e+30
7.29000000000000e+00	3.58979427000733e+30
7.30000000000000e+00	3.53904120680190e+30
7.31000000000000e+00	3.45759065437276e+30
7.32000000000000e+00	3.34576231516100e+30
7.33000000000000e+00	3.20435429323966e+30
7.34000000000000e+00	3.03503499471907e+30
7.35000000000000e+00	2.84066701734496e+30
7.36000000000000e+00	2.62537744812711e+30
7.37000000000000e+00	2.39462004318998e+30
7.38000000000000e+00	2.15473471281896e+30
7.39000000000000e+00	1.91254135432289e+30
7.40000000000000e+00	1.67467230452912e+30
7.41000000000000e+00	1.44702183526649e+30
7.42000000000000e+00	1.23431490284557e+30
7.43000000000000e+00	1.03990564373434e+30
7.44000000000000e+00	8.65727618595532e+29
7.45000000000000e+00	7.12482257373190e+29
7.46000000000000e+00	5.79944602544036e+29
7.47000000000000e+00	4.67247200606631e+29
7.48000000000000e+00	3.73212462755059e+29
7.49000000000000e+00	2.96577436319904e+29
7.50000000000000e+00	2.36165518515718e+29
7.51000000000000e+00	1.90985586241057e+29
7.52000000000000e+00	1.60278183780395e+29
7.53000000000000e+00	1.43531471304782e+29
7.54000000000000e+00	1.40453872207185e+29
7.55000000000000e+00	1.50912402796561e+29
7.56000000000000e+00	1.74832257591820e+29
7.57000000000000e+00	2.12027256852302e+29
7.58000000000000e+00	2.62028433017553e+29
7.59000000000000e+00	3.23885409515055e+29
7.60000000000000e+00	3.96067552370934e+29
7.61000000000000e+00	4.76470980118347e+29
7.62000000000000e+00	5.62603621516949e+29
7.63000000000000e+00	6.51931071051818e+29
7.64000000000000e+00	7.42276768533928e+29
7.65000000000000e+00	8.32173354190210e+29
7.66000000000000e+00	9.21068811287540e+29
7.67000000000000e+00	1.00926198450705e+30
7.68000000000000e+00	1.09770363136203e+30
7.69000000000000e+00	1.18773797955628e+30
7.70000000000000e+00	1.28086529076571e+30
7.71000000000000e+00	1.37866869342170e+30
7.72000000000000e+00	1.48280565101185e+30
7.73000000000000e+00	1.59517610966707e+30
7.74000000000000e+00	1.71786315570884e+30
7.75000000000000e+00	1.85299633337328e+30
7.76000000000000e+00	2.00244930664900e+30
7.77000000000000e+00	2.16728235234126e+30
7.78000000000000e+00	2.34719662048986e+30
7.79000000000000e+00	2.53984627424141e+30
7.80000000000000e+00	2.74041823512463e+30
7.81000000000000e+00	2.94138471329988e+30
7.82000000000000e+00	3.13276379215667e+30
7.83000000000000e+00	3.30281554894670e+30
7.84000000000000e+00	3.43938576650303e+30
7.85000000000000e+00	3.53161660744257e+30
7.86000000000000e+00	3.57163641165634e+30
7.87000000000000e+00	3.55612588224168e+30
7.88000000000000e+00	3.48698101030247e+30
7.89000000000000e+00	3.37115503069364e+30
7.90000000000000e+00	3.21978685755579e+30
7.91000000000000e+00	3.04652207218659e+30
7.92000000000000e+00	2.86589609099931e+30
7.93000000000000e+00	2.69159234952522e+30
7.94000000000000e+00	2.53538929670244e+30
7.95000000000000e+00	2.40602980916843e+30
7.96000000000000e+00	2.30880512377242e+30
7.97000000000000e+00	2.24524054174647e+30
7.98000000000000e+00	2.21333942910201e+30
7.99000000000000e+00	2.20794592584540e+30
8.00000000000000e+00	2.22165290841375e+30
8.01000000000000e+00	2.24593730120025e+30
8.02000000000000e+00	2.27254523277489e+30
8.03000000000000e+00	2.29451778677784e+30
8.04000000000000e+00	2.30721220661736e+30
8.05000000000000e+00	2.30866768843116e+30
8.06000000000000e+00	2.29943436724192e+30
8.07000000000000e+00	2.28203983515619e+30
8.08000000000000e+00	2.26010263395762e+30
8.09000000000000e+00	2.23746846934050e+30
8.10000000000000e+00	2.21722444921684e+30
8.11000000000000e+00	2.20117426099764e+30
8.12000000000000e+00	2.18945625496953e+30
8.13000000000000e+00	2.18053088480851e+30
8.14000000000000e+00	2.17158506008037e+30
8.15000000000000e+00	2.15897599266406e+30
8.16000000000000e+00	2.13879665511399e+30
8.17000000000000e+00	2.10755831794692e+30
8.18000000000000e+00	2.06241042030054e+30
8.19000000000000e+00	2.00158625859048e+30
8.20000000000000e+00	1.92438634111914e+30
8.21000000000000e+00	1.83113003758436e+30
8.22000000000000e+00	1.72313274798878e+30
8.23000000000000e+00	1.60235927000084e+30
8.24000000000000e+00	1.47136323795353e+30
8.25000000000000e+00	1.33295846008910e+30
8.26000000000000e+00	1.18994333613008e+30
8.27000000000000e+00	1.04505571994160e+30
8.28000000000000e+00	9.00737499944287e+29
8.29000000000000e+00	7.59255782272556e+29
8.30000000000000e+00	6.22872644209984e+29
8.31000000000000e+00	4.94096312857559e+29
8.32000000000000e+00	3.76132455924307e+29
8.33000000000000e+00	2.73222722970104e+29
8.34000000000000e+00	1.91139466910546e+29
8.35000000000000e+00	1.37395969618649e+29
8.36000000000000e+00	1.21253083022102e+29
8.37000000000000e+00	1.53272795303688e+29
8.38000000000000e+00	2.44223934899683e+29
8.39000000000000e+00	4.03313701146272e+29
8.40000000000000e+00	6.35869992729091e+29
8.41000000000000e+00	9.40990169707895e+29
8.42000000000000e+00	1.30977949193916e+30
8.43000000000000e+00	1.72493266690066e+30
8.44000000000000e+00	2.16206228526234e+30
8.45000000000000e+00	2.59274409093827e+30
8.46000000000000e+00	2.98857727742050e+30
8.47000000000000e+00	3.32541441598671e+30
8.48000000000000e+00	3.58641400472023e+30
8.49000000000000e+00	3.76367456548092e+30
8.50000000000000e+00	3.85787793890030e+30
8.51000000000000e+00	3.87659277370611e+30
8.52000000000000e+00	3.83188179425087e+30
8.53000000000000e+00	3.73791320665264e+30
8.54000000000000e+00	3.60900173451571e+30
8.55000000000000e+00	3.45826263985127e+30
8.56000000000000e+00	3.29689223760866e+30
8.57000000000000e+00	3.13361722477156e+30
8.58000000000000e+00	2.97458079076378e+30
8.59000000000000e+00	2.82330517861276e+30
8.60000000000000e+00	2.68094557112777e+30
8.61000000000000e+00	2.54675651181569e+30
8.62000000000000e+00	2.41872000066667e+30
8.63000000000000e+00	2.29426231252623e+30
8.64000000000000e+00	2.17095174207134e+30
8.65000000000000e+00	2.04701051186248e+30
8.66000000000000e+00	1.92169948631431e+30
8.67000000000000e+00	1.79537856643258e+30
8.68000000000000e+00	1.66941315784024e+30
8.69000000000000e+00	1.54597591161683e+30
8.70000000000000e+00	1.42762936797479e+30
8.71000000000000e+00	1.31687613445800e+30
8.72000000000000e+00	1.21577193410191e+30
8.73000000000000e+00	1.12558790769293e+30
8.74000000000000e+00	1.04658776738280e+30
8.75000000000000e+00	9.78056800345638e+29
8.76000000000000e+00	9.18427070043474e+29
8.77000000000000e+00	8.65546087259666e+29
8.78000000000000e+00	8.17047676066869e+29
8.79000000000000e+00	7.70678361059898e+29
8.80000000000000e+00	7.24564403660516e+29
8.81000000000000e+00	6.77444797953705e+29
8.82000000000000e+00	6.28705937123577e+29
8.83000000000000e+00	5.78395699260863e+29
8.84000000000000e+00	5.27149234277013e+29
8.85000000000000e+00	4.76025431312472e+29
8.86000000000000e+00	4.26371388853759e+29
8.87000000000000e+00	3.79674621280276e+29
8.88000000000000e+00	3.37395130878488e+29
8.89000000000000e+00	3.00895134207394e+29
8.90000000000000e+00	2.71327305069024e+29
8.91000000000000e+00	2.49598800961660e+29
8.92000000000000e+00	2.36326403954131e+29
8.93000000000000e+00	2.31782273536819e+29
8.94000000000000e+00	2.35908226442225e+29
8.95000000000000e+00	2.48275415624192e+29
8.96000000000000e+00	2.68101051183492e+29
8.97000000000000e+00	2.94297200219896e+29
8.98000000000000e+00	3.25515304754334e+29
8.99000000000000e+00	3.60268658691335e+29
9.00000000000000e+00	3.97046844327775e+29
9.01000000000000e+00	4.34432740297679e+29
9.02000000000000e+00	4.71244152102641e+29
9.03000000000000e+00	5.06608172124549e+29
9.04000000000000e+00	5.39989125647005e+29
9.05000000000000e+00	5.71227330564975e+29
9.06000000000000e+00	6.00440668110341e+29
9.07000000000000e+00	6.27962303312197e+29
9.08000000000000e+00	6.54221722884013e+29
9.09000000000000e+00	6.79609330882849e+29
9.10000000000000e+00	7.04404687524320e+29
9.11000000000000e+00	7.28657863195655e+29
9.12000000000000e+00	7.52193246046125e+29
9.13000000000000e+00	7.74620187895272e+29
9.14000000000000e+00	7.95415977839901e+29
9.15000000000000e+00	8.13959108392260e+29
9.16000000000000e+00	8.29678866105320e+29
9.17000000000000e+00	8.42090349593307e+29
9.18000000000000e+00	8.50862126798462e+29
9.19000000000000e+00	8.55830481385906e+29
9.20000000000000e+00	8.56977246931184e+29
9.21000000000000e+00	8.54376636193102e+29
9.22000000000000e+00	8.48189265304445e+29
9.23000000000000e+00	8.38590048307416e+29
9.24000000000000e+00	8.25722415250902e+29
9.25000000000000e+00	8.09705957568767e+29
9.26000000000000e+00	7.90590448690722e+29
9.27000000000000e+00	7.68447230452176e+29
9.28000000000000e+00	7.43330864765256e+29
9.29000000000000e+00	7.15391552540184e+29
9.30000000000000e+00	6.84874249093110e+29
9.31000000000000e+00	6.52172254816250e+29
9.32000000000000e+00	6.17840188440997e+29
9.33000000000000e+00	5.82564875869469e+29
9.34000000000000e+00	5.47157409665495e+29
9.35000000000000e+00	5.12490358095558e+29
9.36000000000000e+00	4.79439444316166e+29
9.37000000000000e+00	4.48818455770105e+29
9.38000000000000e+00	4.21303292437190e+29
9.39000000000000e+00	3.97392048839535e+29
9.40000000000000e+00	3.77397844206608e+29
9.41000000000000e+00	3.61395593356782e+29
9.42000000000000e+00	3.49274286745569e+29
9.43000000000000e+00	3.40736420989500e+29
9.44000000000000e+00	3.35363811893127e+29
9.45000000000000e+00	3.32640381734609e+29
9.46000000000000e+00	3.32018583547350e+29
9.47000000000000e+00	3.32949842970753e+29
9.48000000000000e+00	3.34925917798468e+29
9.49000000000000e+00	3.37500473063276e+29
9.50000000000000e+00	3.40303799986735e+29
9.51000000000000e+00	3.43052381539636e+29
9.52000000000000e+00	3.45540654679778e+29
9.53000000000000e+00	3.47633111887062e+29
9.54000000000000e+00	3.49259314369731e+29
9.55000000000000e+00	3.50399520732440e+29
9.56000000000000e+00	3.51068941802292e+29
9.57000000000000e+00	3.51308733350483e+29
9.58000000000000e+00	3.51175712910434e+29
9.59000000000000e+00	3.50734135727849e+29
9.60000000000000e+00	3.50047559833605e+29
9.61000000000000e+00	3.49174719032921e+29
9.62000000000000e+00	3.48167920055526e+29
9.63000000000000e+00	3.47061422352829e+29
9.64000000000000e+00	3.45886978302784e+29
9.65000000000000e+00	3.44655701578243e+29
9.66000000000000e+00	3.43375873731174e+29
9.67000000000000e+00	3.42045451036383e+29
9.68000000000000e+00	3.40659735783848e+29
9.69000000000000e+00	3.39214284773592e+29
9.70000000000000e+00	3.37704653547225e+29
9.71000000000000e+00	3.36128415329272e+29
9.72000000000000e+00	3.34493056530731e+29
9.73000000000000e+00	3.32806748898308e+29
9.74000000000000e+00	3.31081325478746e+29
9.75000000000000e+00	3.29330681613400e+29
9.76000000000000e+00	3.27572193833261e+29
9.77000000000000e+00	3.25820511178242e+29
9.78000000000000e+00	3.24087237986105e+29
9.79000000000000e+00	3.22383226487919e+29
9.80000000000000e+00	3.20714163788298e+29
9.81000000000000e+00	3.19084981157651e+29
9.82000000000000e+00	3.17495488116178e+29
9.83000000000000e+00	3.15943568224382e+29
9.84000000000000e+00	3.14428639799880e+29
9.85000000000000e+00	3.12946269530748e+29
9.86000000000000e+00	3.11494551677777e+29
9.87000000000000e+00	3.10073804303717e+29
9.88000000000000e+00	3.08699989105601e+29
9.89000000000000e+00	3.07414180899415e+29
9.90000000000000e+00	3.06329648333880e+29
9.91000000000000e+00	3.05693480901128e+29
9.92000000000000e+00	3.05979908838480e+29
9.93000000000000e+00	3.07991036607635e+29
9.94000000000000e+00	3.12921813883594e+29
9.95000000000000e+00	3.22339296099908e+29
9.96000000000000e+00	3.38027868810539e+29
9.97000000000000e+00	3.61659753869570e+29
9.98000000000000e+00	3.94196684034014e+29
9.99000000000000e+00	4.34974216203674e+29
1.00000000000000e+01	4.80719714774829e+29
1.00100000000000e+01	5.24774422671242e+29
1.00200000000000e+01	5.56241063474727e+29
1.00300000000000e+01	5.61921662361872e+29
1.00400000000000e+01	5.32676454171581e+29
1.00500000000000e+01	4.70561138474340e+29
1.00600000000000e+01	3.88936183076158e+29
1.00700000000000e+01	3.04477133672385e+29
1.00800000000000e+01	2.29185290370543e+29
1.00900000000000e+01	1.68181767507885e+29
1.01000000000000e+01	1.21636774573693e+29
1.01100000000000e+01	8.74006017805966e+28
1.01200000000000e+01	6.27433526487773e+28
1.01300000000000e+01	4.51759996864434e+28
1.01400000000000e+01	3.27095282223477e+28
1.01500000000000e+01	2.38567924018822e+28
1.01600000000000e+01	1.75461811213034e+28
1.01700000000000e+01	1.30211151421119e+28
1.01800000000000e+01	9.75262027106686e+27
1.01900000000000e+01	7.37257651452736e+27
1.02000000000000e+01	5.62452186843268e+27
1.02100000000000e+01	4.32935101273976e+27
1.02200000000000e+01	3.36123280690145e+27
1.02300000000000e+01	2.63132853498687e+27
1.02400000000000e+01	2.07631409539931e+27
1.02500000000000e+01	1.65082475640681e+27
1.02600000000000e+01	1.32205290101830e+27
1.02700000000000e+01	1.06606829385881e+27
1.02800000000000e+01	8.65309141289352e+26
1.02900000000000e+01	7.06756302838886e+26
1.03000000000000e+01	5.80698136917959e+26
1.03100000000000e+01	4.79830574039867e+26
1.03200000000000e+01	3.98623542008756e+26
1.03300000000000e+01	3.32855656097847e+26
1.03400000000000e+01	2.79293177776858e+26
1.03500000000000e+01	2.35430070235929e+26
1.03600000000000e+01	1.99322804800379e+26
1.03700000000000e+01	1.69449267954319e+26
1.03800000000000e+01	1.44616192775355e+26
1.03900000000000e+01	1.23876084015848e+26
1.04000000000000e+01	1.06480489571878e+26
1.04100000000000e+01	9.18285215235163e+25
1.04200000000000e+01	7.94390015727580e+25
1.04300000000000e+01	6.89247580180437e+25
1.04400000000000e+01	5.99712824769112e+25
1.04500000000000e+01	5.23223850900091e+25
1.04600000000000e+01	4.57684931114047e+25
1.04700000000000e+01	4.01372425763235e+25
1.04800000000000e+01	3.52858663827537e+25
1.04900000000000e+01	3.10963722322667e+25
1.05000000000000e+01	2.74693718885029e+25
1.05100000000000e+01	2.43222277189716e+25
1.05200000000000e+01	2.15849141823325e+25
1.05300000000000e+01	1.91985918256334e+25
1.05400000000000e+01	1.71135090863401e+25
1.05500000000000e+01	1.52871572610889e+25
1.05600000000000e+01	1.36836321987442e+25
1.05700000000000e+01	1.22723703343618e+25
1.05800000000000e+01	1.10272263128332e+25
1.05900000000000e+01	9.92610010315787e+24
1.06000000000000e+01	8.94997840072069e+24
1.06100000000000e+01	8.08270329030099e+24
1.06200000000000e+01	7.31041742536296e+24
1.06300000000000e+01	6.62124708120836e+24
1.06400000000000e+01	6.00503004153023e+24
1.06500000000000e+01	5.45306123959980e+24
1.06600000000000e+01	4.95774394591593e+24
1.06700000000000e+01	4.51263159659601e+24
1.06800000000000e+01	4.11202510168932e+24
1.06900000000000e+01	3.75109819651292e+24
1.07000000000000e+01	3.42552630599294e+24
1.07100000000000e+01	3.13157147379841e+24
1.07200000000000e+01	2.86594043013794e+24
1.07300000000000e+01	2.62572073048412e+24
1.07400000000000e+01	2.40826709108851e+24
1.07500000000000e+01	2.21127479036351e+24
1.07600000000000e+01	2.03267854676178e+24
1.07700000000000e+01	1.87059748915642e+24
1.07800000000000e+01	1.72335328448490e+24
1.07900000000000e+01	1.58946034910173e+24
1.08000000000000e+01	1.46755815510687e+24
1.08100000000000e+01	1.35645782367020e+24
1.08200000000000e+01	1.25507777669682e+24
1.08300000000000e+01	1.16245022586094e+24
1.08400000000000e+01	1.07773166484959e+24
1.08500000000000e+01	1.00015309617047e+24
1.08600000000000e+01	9.29030590926708e+23
1.08700000000000e+01	8.63755828992866e+23
1.08800000000000e+01	8.03773504235915e+23
1.08900000000000e+01	7.48594375618926e+23
1.09000000000000e+01	6.97775888832208e+23
1.09100000000000e+01	6.50918786264593e+23
1.09200000000000e+01	6.07664745299889e+23
1.09300000000000e+01	5.67689806200727e+23
1.09400000000000e+01	5.30698045159261e+23
1.09500000000000e+01	4.96434735094312e+23
1.09600000000000e+01	4.64656206435844e+23
1.09700000000000e+01	4.35153274880480e+23
1.09800000000000e+01	4.07739283287958e+23
1.09900000000000e+01	3.82241603498196e+23
1.10000000000000e+01	3.58500788794708e+23
1.10100000000000e+01	3.36384923555525e+23
1.10200000000000e+01	3.15766796097107e+23
1.10300000000000e+01	2.96532316235582e+23
1.10400000000000e+01	2.78581528711861e+23
1.10500000000000e+01	2.61823792672179e+23
1.10600000000000e+01	2.46172730673665e+23
1.10700000000000e+01	2.31552236816070e+23
1.10800000000000e+01	2.17892858850276e+23
1.10900000000000e+01	2.05131651745926e+23
1.11000000000000e+01	1.93208480624876e+23
1.11100000000000e+01	1.82067881970928e+23
1.11200000000000e+01	1.71661140199857e+23
1.11300000000000e+01	1.61936770415820e+23
1.11400000000000e+01	1.52852311464439e+23
1.11500000000000e+01	1.44361833169852e+23
1.11600000000000e+01	1.36425685776768e+23
1.11700000000000e+01	1.29002334130504e+23
1.11800000000000e+01	1.22056986109103e+23
1.11900000000000e+01	1.15552138734761e+23
1.12000000000000e+01	1.09454446938481e+23
1.12100000000000e+01	1.03732282996989e+23
1.12200000000000e+01	9.83550444229948e+22
1.12300000000000e+01	9.32972834737987e+22
1.12400000000000e+01	8.85336080669912e+22
1.12500000000000e+01	8.40412165669046e+22
1.12600000000000e+01	7.98019126797541e+22
1.12700000000000e+01	7.57970219680458e+22
1.12800000000000e+01	7.20112090170304e+22
1.12900000000000e+01	6.84307759283094e+22
1.13000000000000e+01	6.50445158872360e+22
1.13100000000000e+01	6.18406540036673e+22
1.13200000000000e+01	5.88095107864566e+22
1.13300000000000e+01	5.59420370120813e+22
1.13400000000000e+01	5.32298562015792e+22
1.13500000000000e+01	5.06636500878260e+22
1.13600000000000e+01	4.82359983574456e+22
1.13700000000000e+01	4.59387543492014e+22
1.13800000000000e+01	4.37639457153434e+22
1.13900000000000e+01	4.17041198541455e+22
1.14000000000000e+01	3.97522404369609e+22
1.14100000000000e+01	3.79016846174738e+22
1.14200000000000e+01	3.61460191509720e+22
1.14300000000000e+01	3.44793336404933e+22
1.14400000000000e+01	3.28965484779599e+22
1.14500000000000e+01	3.13926478851130e+22
1.14600000000000e+01	2.99633069452711e+22
1.14700000000000e+01	2.86045200691256e+22
1.14800000000000e+01	2.73127820401406e+22
1.14900000000000e+01	2.60848322476107e+22
1.15000000000000e+01	2.49177909999946e+22
1.15100000000000e+01	2.38085432146081e+22
1.15200000000000e+01	2.27545538908714e+22
1.15300000000000e+01	2.17533226243645e+22
1.15400000000000e+01	2.08024021024282e+22
1.15500000000000e+01	1.98991507297392e+22
1.15600000000000e+01	1.90414275506043e+22
1.15700000000000e+01	1.82270010354422e+22
1.15800000000000e+01	1.74532120094300e+22
1.15900000000000e+01	1.67181941547738e+22
1.16000000000000e+01	1.60195451619219e+22
1.16100000000000e+01	1.53552614387069e+22
1.16200000000000e+01	1.47231402095266e+22
1.16300000000000e+01	1.41213996624326e+22
1.16400000000000e+01	1.35482428897873e+22
1.16500000000000e+01	1.30018012257743e+22
1.16600000000000e+01	1.24805118414499e+22
1.16700000000000e+01	1.19829289189539e+22
1.16800000000000e+01	1.15077157654070e+22
1.16900000000000e+01	1.10535515178412e+22
1.17000000000000e+01	1.06193894640998e+22
1.17100000000000e+01	1.02041181640117e+22
1.17200000000000e+01	9.80678534123487e+21
1.17300000000000e+01	9.42645855532006e+21
1.17400000000000e+01	9.06245526372884e+21
1.17500000000000e+01	8.71372848012961e+21
1.17600000000000e+01	8.37982698663178e+21
1.17700000000000e+01	8.05983346581602e+21
1.17800000000000e+01	7.75315155797143e+21
1.17900000000000e+01	7.45912859292728e+21
1.18000000000000e+01	7.17720851698861e+21
1.18100000000000e+01	6.90682330657862e+21
1.18200000000000e+01	6.64743644054040e+21
1.18300000000000e+01	6.39862151654573e+21
1.18400000000000e+01	6.15993177494043e+21
1.18500000000000e+01	5.93089220028689e+21
1.18600000000000e+01	5.71122642640798e+21
1.18700000000000e+01	5.50054408708117e+21
1.18800000000000e+01	5.29853276955336e+21
1.18900000000000e+01	5.10482728261360e+21
1.19000000000000e+01	4.91921403871148e+21
1.19100000000000e+01	4.74139729818805e+21
1.19200000000000e+01	4.57096265279716e+21
1.19300000000000e+01	4.40768634117037e+21
1.19400000000000e+01	4.25121911796733e+21
1.19500000000000e+01	4.10120975493077e+21
1.19600000000000e+01	3.95736285076362e+21
1.19700000000000e+01	3.81933646084087e+21
1.19800000000000e+01	3.68674377322159e+21
1.19900000000000e+01	3.55937597738718e+21
1.20000000000000e+01	3.43687669838306e+21
1.20100000000000e+01	3.31903997693144e+21
1.20200000000000e+01	3.20560808325303e+21
1.20300000000000e+01	3.09634595147000e+21
1.20400000000000e+01	2.99113350383814e+21
1.20500000000000e+01	2.88976852216024e+21
1.20600000000000e+01	2.79211906227220e+21
1.20700000000000e+01	2.69808050645125e+21
1.20800000000000e+01	2.60750867834593e+21
1.20900000000000e+01	2.52032317429764e+21
1.21000000000000e+01	2.43638591524226e+21
1.21100000000000e+01	2.35560146844178e+21
1.21200000000000e+01	2.27782039884914e+21
1.21300000000000e+01	2.20297649911617e+21
1.21400000000000e+01	2.13094089755911e+21
1.21500000000000e+01	2.06153791291093e+21
1.21600000000000e+01	1.99470650070473e+21
1.21700000000000e+01	1.93031185458095e+21
1.21800000000000e+01	1.86820486644638e+21
1.21900000000000e+01	1.80832996676781e+21
1.22000000000000e+01	1.75054918968900e+21
1.22100000000000e+01	1.69478404147804e+21
1.22200000000000e+01	1.64093925417424e+21
1.22300000000000e+01	1.58895731755427e+21
1.22400000000000e+01	1.53876132542315e+21
1.22500000000000e+01	1.49027895449051e+21
1.22600000000000e+01	1.44346848422174e+21
1.22700000000000e+01	1.39826962804345e+21
1.22800000000000e+01	1.35463282477472e+21
1.22900000000000e+01	1.31249553147779e+21
1.23000000000000e+01	1.27182314326554e+21
1.23100000000000e+01	1.23256781535534e+21
1.23200000000000e+01	1.19468212487311e+21
1.23300000000000e+01	1.15810760716250e+21
1.23400000000000e+01	1.12281063536776e+21
1.23500000000000e+01	1.08873528335404e+21
1.23600000000000e+01	1.05583488706256e+21
1.23700000000000e+01	1.02406387269524e+21
1.23800000000000e+01	9.93365485267229e+20
1.23900000000000e+01	9.63702632686827e+20
1.24000000000000e+01	9.34994126811410e+20
1.24100000000000e+01	9.07211516431710e+20
1.24200000000000e+01	8.80293424038029e+20
1.24300000000000e+01	8.54203132727988e+20
1.24400000000000e+01	8.28894747265202e+20
1.24500000000000e+01	8.04325056083286e+20
1.24600000000000e+01	7.80460130168868e+20
1.24700000000000e+01	7.57279947896994e+20
1.24800000000000e+01	7.34779214838467e+20
1.24900000000000e+01	7.12918172950406e+20
1.25000000000000e+01	6.91714626607071e+20
1.25100000000000e+01	6.71146147467236e+20
1.25200000000000e+01	6.51208017775981e+20
1.25300000000000e+01	6.31910685507110e+20
1.25400000000000e+01	6.13232345298477e+20
1.25500000000000e+01	5.95190693965003e+20
1.25600000000000e+01	5.77751336387228e+20
1.25700000000000e+01	5.60916229967777e+20
1.25800000000000e+01	5.44671015586441e+20
1.25900000000000e+01	5.28986640292474e+20
1.26000000000000e+01	5.13847838832988e+20
1.26100000000000e+01	4.99243292413301e+20
1.26200000000000e+01	4.85128009815487e+20
1.26300000000000e+01	4.71495099387624e+20
1.26400000000000e+01	4.58304471762299e+20
1.26500000000000e+01	4.45549109494706e+20
1.26600000000000e+01	4.33195757995777e+20
1.26700000000000e+01	4.21232696535038e+20
1.26800000000000e+01	4.09638671993001e+20
1.26900000000000e+01	3.98396267831458e+20
1.27000000000000e+01	3.87496933320219e+20
1.27100000000000e+01	3.76932866881187e+20
1.27200000000000e+01	3.66686308077875e+20
1.27300000000000e+01	3.56750185385491e+20
1.27400000000000e+01	3.47117088149703e+20
1.27500000000000e+01	3.37783853792863e+20
1.27600000000000e+01	3.28735756608776e+20
1.27700000000000e+01	3.19973947135630e+20
1.27800000000000e+01	3.11477143365865e+20
1.27900000000000e+01	3.03245785876938e+20
1.28000000000000e+01	2.95267973555541e+20
1.28100000000000e+01	2.87529775432178e+20
1.28200000000000e+01	2.80024330203717e+20
1.28300000000000e+01	2.72738949593689e+20
1.28400000000000e+01	2.65660891359610e+20
1.28500000000000e+01	2.58781132734278e+20
1.28600000000000e+01	2.52088917351432e+20
1.28700000000000e+01	2.45578981204191e+20
1.28800000000000e+01	2.39240354469467e+20
1.28900000000000e+01	2.33069121420869e+20
1.29000000000000e+01	2.27066698854694e+20
1.29100000000000e+01	2.21221415209956e+20
1.29200000000000e+01	2.15537738732453e+20
1.29300000000000e+01	2.10013077850504e+20
1.29400000000000e+01	2.04644337650446e+20
1.29500000000000e+01	1.99429867677473e+20
1.29600000000000e+01	1.94369938196094e+20
1.29700000000000e+01	1.89456331186379e+20
1.29800000000000e+01	1.84688942176947e+20
1.29900000000000e+01	1.80058207011061e+20
1.30000000000000e+01	1.75565497938141e+20
1.30100000000000e+01	1.71196687620950e+20
1.30200000000000e+01	1.66948803992777e+20
1.30300000000000e+01	1.62819079960292e+20
1.30400000000000e+01	1.58795466766644e+20
1.30500000000000e+01	1.54879825606626e+20
1.30600000000000e+01	1.51064656281225e+20
1.30700000000000e+01	1.47344052736919e+20
1.30800000000000e+01	1.43719178454981e+20
1.30900000000000e+01	1.40186648877086e+20
1.31000000000000e+01	1.36741033664135e+20
1.31100000000000e+01	1.33379307212711e+20
1.31200000000000e+01	1.30103627901431e+20
1.31300000000000e+01	1.26910824611406e+20
1.31400000000000e+01	1.23793984276790e+20
1.31500000000000e+01	1.20756232646363e+20
1.31600000000000e+01	1.17794810963938e+20
1.31700000000000e+01	1.14906033109773e+20
1.31800000000000e+01	1.12089167296680e+20
1.31900000000000e+01	1.09342607087857e+20
1.32000000000000e+01	1.06666430865982e+20
1.32100000000000e+01	1.04058799354964e+20
1.32200000000000e+01	1.01517186683266e+20
1.32300000000000e+01	9.90421379791001e+19
1.32400000000000e+01	9.66325931452019e+19
1.32500000000000e+01	9.42865082417878e+19
1.32600000000000e+01	9.20012006354302e+19
1.32700000000000e+01	8.97762164289108e+19
1.32800000000000e+01	8.76090142299768e+19
1.32900000000000e+01	8.54978530869281e+19
1.33000000000000e+01	8.34418989413734e+19
1.33100000000000e+01	8.14367263742936e+19
1.33200000000000e+01	7.94825790803222e+19
1.33300000000000e+01	7.75760725432506e+19
1.33400000000000e+01	7.57181627244887e+19
1.33500000000000e+01	7.39044936636057e+19
1.33600000000000e+01	7.21372568956092e+19
1.33700000000000e+01	7.04133848528961e+19
1.33800000000000e+01	6.87338129012705e+19
1.33900000000000e+01	6.70955381345372e+19
1.34000000000000e+01	6.55004253306965e+19
1.34100000000000e+01	6.39454443277974e+19
1.34200000000000e+01	6.24311410720896e+19
1.34300000000000e+01	6.09567751932809e+19
1.34400000000000e+01	5.95211123392667e+19
1.34500000000000e+01	5.81222965931294e+19
1.34600000000000e+01	5.67608392083646e+19
1.34700000000000e+01	5.54338830416157e+19
1.34800000000000e+01	5.41413871323254e+19
1.34900000000000e+01	5.28814317357152e+19
1.35000000000000e+01	5.16516328149630e+19
1.35100000000000e+01	5.04535840502999e+19
1.35200000000000e+01	4.92832966389923e+19
1.35300000000000e+01	4.81406951555010e+19
1.35400000000000e+01	4.70246571054213e+19
1.35500000000000e+01	4.59344218091426e+19
1.35600000000000e+01	4.48702425579467e+19
1.35700000000000e+01	4.38300248054476e+19
1.35800000000000e+01	4.28147175139499e+19
1.35900000000000e+01	4.18231456234320e+19
1.36000000000000e+01	4.08553133156825e+19
1.36100000000000e+01	3.99110384574424e+19
1.36200000000000e+01	3.89900605620835e+19
1.36300000000000e+01	3.80920079399154e+19
1.36400000000000e+01	3.72166304912738e+19
1.36500000000000e+01	3.63631953880578e+19
1.36600000000000e+01	3.55316317161801e+19
1.36700000000000e+01	3.47212575005253e+19
1.36800000000000e+01	3.39314068705640e+19
1.36900000000000e+01	3.31611466352193e+19
1.37000000000000e+01	3.24103625141788e+19
1.37100000000000e+01	3.16777307488350e+19
1.37200000000000e+01	3.09629321522977e+19
1.37300000000000e+01	3.02649633627096e+19
1.37400000000000e+01	2.95831641421150e+19
1.37500000000000e+01	2.89174039656583e+19
1.37600000000000e+01	2.82663720133503e+19
1.37700000000000e+01	2.76302083278396e+19
1.37800000000000e+01	2.70084473484395e+19
1.37900000000000e+01	2.64003296898881e+19
1.38000000000000e+01	2.58061241899084e+19
1.38100000000000e+01	2.52252372237398e+19
1.38200000000000e+01	2.46577515303864e+19
1.38300000000000e+01	2.41032826039973e+19
1.38400000000000e+01	2.35618139259673e+19
1.38500000000000e+01	2.30334301788472e+19
1.38600000000000e+01	2.25175598091499e+19
1.38700000000000e+01	2.20142651481990e+19
1.38800000000000e+01	2.15232595698473e+19
1.38900000000000e+01	2.10443243573304e+19
1.39000000000000e+01	2.05770791865886e+19
1.39100000000000e+01	2.01212910437354e+19
1.39200000000000e+01	1.96768815987505e+19
1.39300000000000e+01	1.92434063199450e+19
1.39400000000000e+01	1.88205606183069e+19
1.39500000000000e+01	1.84080038038137e+19
1.39600000000000e+01	1.80057597572312e+19
1.39700000000000e+01	1.76132312259633e+19
1.39800000000000e+01	1.72302972782614e+19
1.39900000000000e+01	1.68566857726312e+19
1.40000000000000e+01	1.64921324969900e+19
1.40100000000000e+01	1.61363796782851e+19
1.40200000000000e+01	1.57892732082175e+19
1.40300000000000e+01	1.54503388363840e+19
1.40400000000000e+01	1.51193131358584e+19
1.40500000000000e+01	1.47961513807353e+19
1.40600000000000e+01	1.44803138990902e+19
1.40700000000000e+01	1.41716923130487e+19
1.40800000000000e+01	1.38700354474287e+19
1.40900000000000e+01	1.35749769774029e+19
1.41000000000000e+01	1.32866036376338e+19
1.41100000000000e+01	1.30044217693541e+19
1.41200000000000e+01	1.27283819846188e+19
1.41300000000000e+01	1.24583574226767e+19
1.41400000000000e+01	1.21940440865021e+19
1.41500000000000e+01	1.19355099523004e+19
1.41600000000000e+01	1.16823986735749e+19
1.41700000000000e+01	1.14347718055083e+19
1.41800000000000e+01	1.11923890752283e+19
1.41900000000000e+01	1.09553404936427e+19
1.42000000000000e+01	1.07233875984907e+19
1.42100000000000e+01	1.04963613278866e+19
1.42200000000000e+01	1.02743125514174e+19
1.42300000000000e+01	1.00571599822513e+19
1.42400000000000e+01	9.84467655076452e+18
1.42500000000000e+01	9.63684483839186e+18
1.42600000000000e+01	9.43355872577135e+18
1.42700000000000e+01	9.23479551593631e+18
1.42800000000000e+01	9.04028766431269e+18
1.42900000000000e+01	8.85002019841078e+18
1.43000000000000e+01	8.66387196088961e+18
1.43100000000000e+01	8.48180260597801e+18
1.43200000000000e+01	8.30357327419164e+18
1.43300000000000e+01	8.12930039602467e+18
1.43400000000000e+01	7.95875355233118e+18
1.43500000000000e+01	7.79187946638655e+18
1.43600000000000e+01	7.62871660507815e+18
1.43700000000000e+01	7.46902498959066e+18
1.43800000000000e+01	7.31286453347912e+18
1.43900000000000e+01	7.16015466415133e+18
1.44000000000000e+01	7.01079237219508e+18
1.44100000000000e+01	6.86472010419671e+18
1.44200000000000e+01	6.72197969887123e+18
1.44300000000000e+01	6.58234341940858e+18
1.44400000000000e+01	6.44587230911562e+18
1.44500000000000e+01	6.31240529312961e+18
1.44600000000000e+01	6.18188643906346e+18
1.44700000000000e+01	6.05420244611453e+18
1.44800000000000e+01	5.92932278822274e+18
1.44900000000000e+01	5.80710785205039e+18
1.45000000000000e+01	5.68752985621953e+18
1.45100000000000e+01	5.57051464080071e+18
1.45200000000000e+01	5.45596892686163e+18
1.45300000000000e+01	5.34380797098809e+18
1.45400000000000e+01	5.23401256506370e+18
1.45500000000000e+01	5.12650177985529e+18
1.45600000000000e+01	5.02127436684886e+18
1.45700000000000e+01	4.91821739925557e+18
1.45800000000000e+01	4.81728557498375e+18
1.45900000000000e+01	4.71843363678317e+18
1.46000000000000e+01	4.62163401647361e+18
1.46100000000000e+01	4.52676900720658e+18
1.46200000000000e+01	4.43387294444533e+18
1.46300000000000e+01	4.34283314090811e+18
1.46400000000000e+01	4.25362926079978e+18
1.46500000000000e+01	4.16618721730051e+18
1.46600000000000e+01	4.08049904786423e+18
1.46700000000000e+01	3.99652490110374e+18
1.46800000000000e+01	3.91415500868518e+18
1.46900000000000e+01	3.83346510548877e+18
1.47000000000000e+01	3.75435495515432e+18
1.47100000000000e+01	3.67682040031635e+18
1.47200000000000e+01	3.60080135050680e+18
1.47300000000000e+01	3.52633983555835e+18
1.47400000000000e+01	3.45334241438264e+18
1.47500000000000e+01	3.38184799276304e+18
1.47600000000000e+01	3.31179646100440e+18
1.47700000000000e+01	3.24322176947408e+18
1.47800000000000e+01	3.17603248657847e+18
1.47900000000000e+01	3.11027717942628e+18
1.48000000000000e+01	3.04588987042676e+18
1.48100000000000e+01	2.98283346614678e+18
1.48200000000000e+01	2.92112979915607e+18
1.48300000000000e+01	2.86069264799564e+18
1.48400000000000e+01	2.80156302213782e+18
1.48500000000000e+01	2.74366817679805e+18
1.48600000000000e+01	2.68695814605246e+18
1.48700000000000e+01	2.63145353247757e+18
1.48800000000000e+01	2.57709106454387e+18
1.48900000000000e+01	2.52382204794958e+18
1.49000000000000e+01	2.47163764942690e+18
1.49100000000000e+01	2.42053664721889e+18
1.49200000000000e+01	2.37044233449294e+18
1.49300000000000e+01	2.32132831019704e+18
1.49400000000000e+01	2.27321117210338e+18
1.49500000000000e+01	2.22603241764956e+18
1.49600000000000e+01	2.17981182798932e+18
1.49700000000000e+01	2.13450275723030e+18
1.49800000000000e+01	2.09014346391674e+18
1.49900000000000e+01	2.04670602638496e+18
1.50000000000000e+01	2.00416411391145e+18
1.50100000000000e+01	1.96254620871115e+18
1.50200000000000e+01	1.92183171054895e+18
1.50300000000000e+01	1.88201462977555e+18
1.50400000000000e+01	1.84306259715613e+18
1.50500000000000e+01	1.80496139561446e+18
1.50600000000000e+01	1.76768685902892e+18
1.50700000000000e+01	1.73122586754911e+18
1.50800000000000e+01	1.69553294847328e+18
1.50900000000000e+01	1.66060569029557e+18
1.51000000000000e+01	1.62639572108740e+18
1.51100000000000e+01	1.59290428242671e+18
1.51200000000000e+01	1.56008675798502e+18
1.51300000000000e+01	1.52794684408806e+18
1.51400000000000e+01	1.49647243360729e+18
1.51500000000000e+01	1.46564401109021e+18
1.51600000000000e+01	1.43547064560659e+18
1.51700000000000e+01	1.40591783433684e+18
1.51800000000000e+01	1.37699274060306e+18
1.51900000000000e+01	1.34868075135312e+18
1.52000000000000e+01	1.32096706514976e+18
1.52100000000000e+01	1.29384971531206e+18
1.52200000000000e+01	1.26730749279068e+18
1.52300000000000e+01	1.24132579282103e+18
1.52400000000000e+01	1.21587958096781e+18
1.52500000000000e+01	1.19095626525973e+18
1.52600000000000e+01	1.16655053566384e+18
1.52700000000000e+01	1.14264003546271e+18
1.52800000000000e+01	1.11921512329139e+18
1.52900000000000e+01	1.09624975261766e+18
1.53000000000000e+01	1.07374164111459e+18
1.53100000000000e+01	1.05168746417847e+18
1.53200000000000e+01	1.03007410004785e+18
1.53300000000000e+01	1.00889358637451e+18
1.53400000000000e+01	9.88142313856114e+17
1.53500000000000e+01	9.67802225144591e+17
1.53600000000000e+01	9.47870782995683e+17
1.53700000000000e+01	9.28343963496594e+17
1.53800000000000e+01	9.09204228073856e+17
1.53900000000000e+01	8.90452734150476e+17
1.54000000000000e+01	8.72077429470767e+17
1.54100000000000e+01	8.54069324999258e+17
1.54200000000000e+01	8.36430514144188e+17
1.54300000000000e+01	8.19127234177722e+17
1.54400000000000e+01	8.02171004932616e+17
1.54500000000000e+01	7.85538205629841e+17
1.54600000000000e+01	7.69235890249643e+17
1.54700000000000e+01	7.53250939110879e+17
1.54800000000000e+01	7.37571060373815e+17
1.54900000000000e+01	7.22195045437188e+17
1.55000000000000e+01	7.07115663753260e+17
1.55100000000000e+01	6.92335815128015e+17
1.55200000000000e+01	6.77853531596615e+17
1.55300000000000e+01	6.63656985687274e+17
1.55400000000000e+01	6.49749525065204e+17
1.55500000000000e+01	6.36133123982984e+17
1.55600000000000e+01	6.22796831905470e+17
1.55700000000000e+01	6.09737111653243e+17
1.55800000000000e+01	5.96963878606528e+17
1.55900000000000e+01	5.84454365771267e+17
1.56000000000000e+01	5.72216337565708e+17
1.56100000000000e+01	5.60242478884233e+17
1.56200000000000e+01	5.48520960182094e+17
1.56300000000000e+01	5.37049072593543e+17
1.56400000000000e+01	5.25825940310088e+17
1.56500000000000e+01	5.14839816008463e+17
1.56600000000000e+01	5.04088228606183e+17
1.56700000000000e+01	4.93553576636133e+17
1.56800000000000e+01	4.83239214997319e+17
1.56900000000000e+01	4.73131904911980e+17
1.57000000000000e+01	4.63233787743925e+17
1.57100000000000e+01	4.53529468665600e+17
1.57200000000000e+01	4.44014009603754e+17
1.57300000000000e+01	4.34685647162943e+17
1.57400000000000e+01	4.25539861610264e+17
1.57500000000000e+01	4.16569405964513e+17
1.57600000000000e+01	4.07777096075228e+17
1.57700000000000e+01	3.99154472890260e+17
1.57800000000000e+01	3.90695888237015e+17
1.57900000000000e+01	3.82402663999266e+17
1.58000000000000e+01	3.74274654761986e+17
1.58100000000000e+01	3.66306033517579e+17
1.58200000000000e+01	3.58489221875478e+17
1.58300000000000e+01	3.50827398636818e+17
1.58400000000000e+01	3.43312393995240e+17
1.58500000000000e+01	3.35942917487589e+17
1.58600000000000e+01	3.28716774832753e+17
1.58700000000000e+01	3.21635195844237e+17
1.58800000000000e+01	3.14691756175343e+17
1.58900000000000e+01	3.07885919296386e+17
1.59000000000000e+01	3.01214612620083e+17
1.59100000000000e+01	2.94678616073712e+17
1.59200000000000e+01	2.88278385283567e+17
1.59300000000000e+01	2.82008128872547e+17
1.59400000000000e+01	2.75868122115395e+17
1.59500000000000e+01	2.69855555078165e+17
1.59600000000000e+01	2.63965497163607e+17
1.59700000000000e+01	2.58197585965992e+17
1.59800000000000e+01	2.52551959815654e+17
1.59900000000000e+01	2.47021241967730e+17
1.60000000000000e+01	2.41605255107642e+17
1.60100000000000e+01	2.36299579181036e+17
1.60200000000000e+01	2.31106490911062e+17
1.60300000000000e+01	2.26023543020816e+17
1.60400000000000e+01	2.21043981732272e+17
1.60500000000000e+01	2.16165638577947e+17
1.60600000000000e+01	2.11392803648496e+17
1.60700000000000e+01	2.06714536936369e+17
1.60800000000000e+01	2.02135168295329e+17
1.60900000000000e+01	1.97646795813534e+17
1.61000000000000e+01	1.93251327198475e+17
1.61100000000000e+01	1.88946984737355e+17
1.61200000000000e+01	1.84724582769504e+17
1.61300000000000e+01	1.80592168292308e+17
1.61400000000000e+01	1.76538892254843e+17
1.61500000000000e+01	1.72570625383606e+17
1.61600000000000e+01	1.68680459601568e+17
1.61700000000000e+01	1.64872375606020e+17
1.61800000000000e+01	1.61139473591750e+17
1.61900000000000e+01	1.57485466251661e+17
1.62000000000000e+01	1.53903673404350e+17
1.62100000000000e+01	1.50396066024672e+17
1.62200000000000e+01	1.46959364714784e+17
1.62300000000000e+01	1.43592362357333e+17
1.62400000000000e+01	1.40292194908292e+17
1.62500000000000e+01	1.37057764937711e+17
1.62600000000000e+01	1.33888044640989e+17
1.62700000000000e+01	1.30782055916363e+17
1.62800000000000e+01	1.27737484713090e+17
1.62900000000000e+01	1.24752114878357e+17
1.63000000000000e+01	1.21830493297569e+17
1.63100000000000e+01	1.18964992820284e+17
1.63200000000000e+01	1.16158624764571e+17
1.63300000000000e+01	1.13411596857957e+17
1.63400000000000e+01	1.10721521204417e+17
1.63500000000000e+01	1.08086039794118e+17
1.63600000000000e+01	1.05506366386058e+17
1.63700000000000e+01	1.02980237791695e+17
1.63800000000000e+01	1.00507662857184e+17
1.63900000000000e+01	9.80841165663868e+16
1.64000000000000e+01	9.57110376000823e+16
1.64100000000000e+01	9.33843683594951e+16
1.64200000000000e+01	9.11056090212569e+16
1.64300000000000e+01	8.88720216429481e+16
1.64400000000000e+01	8.66811070645629e+16
1.64500000000000e+01	8.45348267708339e+16
1.64600000000000e+01	8.24296781921969e+16
1.64700000000000e+01	8.03673713017218e+16
1.64800000000000e+01	7.83477265277459e+16
1.64900000000000e+01	7.63700738038778e+16
1.65000000000000e+01	7.44351208059805e+16
1.65100000000000e+01	7.25421722453889e+16
1.65200000000000e+01	7.06912124533458e+16
1.65300000000000e+01	6.88845521034896e+16
1.65400000000000e+01	6.71194964880024e+16
1.65500000000000e+01	6.53980791491096e+16
1.65600000000000e+01	6.37180274316027e+16
1.65700000000000e+01	6.20797137883979e+16
1.65800000000000e+01	6.04824645601854e+16
1.65900000000000e+01	5.89252546539202e+16
1.66000000000000e+01	5.74061850218701e+16
1.66100000000000e+01	5.59257218544989e+16
1.66200000000000e+01	5.44810182188671e+16
1.66300000000000e+01	5.30709369881084e+16
1.66400000000000e+01	5.16958068752360e+16
1.66500000000000e+01	5.03530509294541e+16
1.66600000000000e+01	4.90423041741260e+16
1.66700000000000e+01	4.77619570233378e+16
1.66800000000000e+01	4.65119479258382e+16
1.66900000000000e+01	4.52907138636008e+16
1.67000000000000e+01	4.40983311883253e+16
1.67100000000000e+01	4.29334443782086e+16
1.67200000000000e+01	4.17960674252220e+16
1.67300000000000e+01	4.06856022686602e+16
1.67400000000000e+01	3.95999955857332e+16
1.67500000000000e+01	3.85399478977289e+16
1.67600000000000e+01	3.75048110221018e+16
1.67700000000000e+01	3.64932113691802e+16
1.67800000000000e+01	3.55044781201048e+16
1.67900000000000e+01	3.45386240211344e+16
1.68000000000000e+01	3.35937544230981e+16
1.68100000000000e+01	3.26705629932516e+16
1.68200000000000e+01	3.17684270541907e+16
1.68300000000000e+01	3.08857328582292e+16
1.68400000000000e+01	3.00232000159300e+16
1.68500000000000e+01	2.91798372832061e+16
1.68600000000000e+01	2.83553436678285e+16
1.68700000000000e+01	2.75493529318229e+16
1.68800000000000e+01	2.67615931393095e+16
1.68900000000000e+01	2.59917302784091e+16
1.69000000000000e+01	2.52399613971418e+16
1.69100000000000e+01	2.45050210402907e+16
1.69200000000000e+01	2.37872303912478e+16
1.69300000000000e+01	2.30862056885923e+16
1.69400000000000e+01	2.24015212491092e+16
1.69500000000000e+01	2.17329280119538e+16
1.69600000000000e+01	2.10800894664411e+16
1.69700000000000e+01	2.04426520756359e+16
1.69800000000000e+01	1.98204303108556e+16
1.69900000000000e+01	1.92130648532594e+16
1.70000000000000e+01	1.86203322834286e+16
1.70100000000000e+01	1.80418666633894e+16
1.70200000000000e+01	1.74775356355762e+16
1.70300000000000e+01	1.69269990259006e+16
1.70400000000000e+01	1.63900609267436e+16
1.70500000000000e+01	1.58665030524680e+16
1.70600000000000e+01	1.53561046122177e+16
1.70700000000000e+01	1.48585643448000e+16
1.70800000000000e+01	1.43737524337986e+16
1.70900000000000e+01	1.39013832084679e+16
1.71000000000000e+01	1.34412443200679e+16
1.71100000000000e+01	1.29931663178000e+16
1.71200000000000e+01	1.25568450747825e+16
1.71300000000000e+01	1.21321056978283e+16
1.71400000000000e+01	1.17186751705899e+16
1.71500000000000e+01	1.13163731299777e+16
1.71600000000000e+01	1.09249142827263e+16
1.71700000000000e+01	1.05440198575960e+16
1.71800000000000e+01	1.01734943143809e+16
1.71900000000000e+01	9.81301346610855e+15
1.72000000000000e+01	9.46235140154987e+15
1.72100000000000e+01	9.12128044460463e+15
1.72200000000000e+01	8.78947621406475e+15
1.72300000000000e+01	8.46670750061339e+15
1.72400000000000e+01	8.15278774962254e+15
1.72500000000000e+01	7.84742341648239e+15
1.72600000000000e+01	7.55046225783070e+15
1.72700000000000e+01	7.26169415264076e+15
1.72800000000000e+01	6.98090990280187e+15
1.72900000000000e+01	6.70798032877152e+15
1.73000000000000e+01	6.44274706132092e+15
1.73100000000000e+01	6.18501785196080e+15
1.73200000000000e+01	5.93469933532140e+15
1.73300000000000e+01	5.69164509351575e+15
1.73400000000000e+01	5.45570153992611e+15
1.73500000000000e+01	5.22675718124813e+15
1.73600000000000e+01	5.00467017892534e+15
1.73700000000000e+01	4.78930652951579e+15
1.73800000000000e+01	4.58054296770136e+15
1.73900000000000e+01	4.37825477446366e+15
1.74000000000000e+01	4.18230645199285e+15
1.74100000000000e+01	3.99255104811876e+15
1.74200000000000e+01	3.80886081804835e+15
1.74300000000000e+01	3.63111684805785e+15
1.74400000000000e+01	3.45915347510036e+15
1.74500000000000e+01	3.29285806087249e+15
1.74600000000000e+01	3.13210807644416e+15
1.74700000000000e+01	2.97675085214355e+15
1.74800000000000e+01	2.82666918761867e+15
1.74900000000000e+01	2.68174224794630e+15
1.75000000000000e+01	2.54186368895929e+15
1.75100000000000e+01	2.40689939229438e+15
1.75200000000000e+01	2.27673226167991e+15
1.75300000000000e+01	2.15127781782152e+15
1.75400000000000e+01	2.03043203708825e+15
1.75500000000000e+01	1.91406796552652e+15
1.75600000000000e+01	1.80210892430847e+15
1.75700000000000e+01	1.69446005125935e+15
1.75800000000000e+01	1.59102789832997e+15
1.75900000000000e+01	1.49171586468380e+15
1.76000000000000e+01	1.39643691431785e+15
1.76100000000000e+01	1.30511546437390e+15
1.76200000000000e+01	1.21764476779153e+15
1.76300000000000e+01	1.13395356761896e+15
1.76400000000000e+01	1.05395424669909e+15
1.76500000000000e+01	9.77557540045448e+14
1.76600000000000e+01	9.04690320253731e+14
1.76700000000000e+01	8.35261131828935e+14
1.76800000000000e+01	7.69190793633347e+14
1.76900000000000e+01	7.06399624256985e+14
1.77000000000000e+01	6.46805789232374e+14
1.77100000000000e+01	5.90337713911614e+14
1.77200000000000e+01	5.36923264792083e+14
1.77300000000000e+01	4.86476483059984e+14
1.77400000000000e+01	4.38939319231556e+14
1.77500000000000e+01	3.94236703836934e+14
1.77600000000000e+01	3.52301848231368e+14
1.77700000000000e+01	3.13063848854278e+14
1.77800000000000e+01	2.76463625006626e+14
1.77900000000000e+01	2.42433147530085e+14
1.78000000000000e+01	2.10914740138040e+14
1.78100000000000e+01	1.81843525463953e+14
1.78200000000000e+01	1.55156818510956e+14
1.78300000000000e+01	1.30801240967303e+14
1.78400000000000e+01	1.08715043758939e+14
1.78500000000000e+01	8.88417935280825e+13
1.78600000000000e+01	7.11255892064990e+13
1.78700000000000e+01	5.55112551731448e+13
1.78800000000000e+01	4.19450265478181e+13
1.78900000000000e+01	3.03737636870070e+13
1.79000000000000e+01	2.07458129608793e+13
1.79100000000000e+01	1.30101862693305e+13
1.79200000000000e+01	7.11719654066560e+12
1.79300000000000e+01	3.01795891970619e+12
1.79400000000000e+01	6.64448755600353e+11
1.79500000000000e+01	9.70388716447775e+09
1.79600000000000e+01	1.00757537059648e+12
1.79700000000000e+01	3.61283066057475e+12
1.79800000000000e+01	7.78118971158515e+12
1.79900000000000e+01	1.34692937828942e+13
1.80000000000000e+01	2.06347385460530e+13
1.80100000000000e+01	2.92360738894406e+13
1.80200000000000e+01	3.92328678121265e+13
1.80300000000000e+01	5.05858149176164e+13
1.80400000000000e+01	6.32559885182008e+13
1.80500000000000e+01	7.72062314367762e+13
1.80600000000000e+01	9.23991484542650e+13
1.80700000000000e+01	1.08798902365544e+14
1.80800000000000e+01	1.26370683645742e+14
1.80900000000000e+01	1.45079383784295e+14
1.81000000000000e+01	1.64889886669293e+14
1.81100000000000e+01	1.85769876394108e+14
1.81200000000000e+01	2.07689460060615e+14
1.81300000000000e+01	2.30609210846624e+14
1.81400000000000e+01	2.54503946945681e+14
1.81500000000000e+01	2.79337940323841e+14
1.81600000000000e+01	3.05084487450328e+14
1.81700000000000e+01	3.31708716643036e+14
1.81800000000000e+01	3.59184441797603e+14
1.81900000000000e+01	3.87482543489753e+14
1.82000000000000e+01	4.16573378404151e+14
1.82100000000000e+01	4.46434506988825e+14
1.82200000000000e+01	4.77028395562553e+14
1.82300000000000e+01	5.08336840237154e+14
1.82400000000000e+01	5.40333456021474e+14
1.82500000000000e+01	5.72987006109789e+14
1.82600000000000e+01	6.06277135005244e+14
1.82700000000000e+01	6.40173332192266e+14
1.82800000000000e+01	6.74661427478675e+14
1.82900000000000e+01	7.09712815821402e+14
1.83000000000000e+01	7.45305965883540e+14
1.83100000000000e+01	7.81416197467186e+14
1.83200000000000e+01	8.18030337248152e+14
1.83300000000000e+01	8.55120607266527e+14
1.83400000000000e+01	8.92674347438042e+14
1.83500000000000e+01	9.30671055273270e+14
1.83600000000000e+01	9.69087435523024e+14
1.83700000000000e+01	1.00791858885589e+15
1.83800000000000e+01	1.04713040807206e+15
1.83900000000000e+01	1.08671908464426e+15
1.84000000000000e+01	1.12666060173762e+15
1.84100000000000e+01	1.16694269510930e+15
1.84200000000000e+01	1.20754040340070e+15
1.84300000000000e+01	1.24844380291965e+15
1.84400000000000e+01	1.28963452333805e+15
1.84500000000000e+01	1.33108665554102e+15
1.84600000000000e+01	1.37280112048362e+15
1.84700000000000e+01	1.41474299255849e+15
1.84800000000000e+01	1.45691425613212e+15
1.84900000000000e+01	1.49928989524619e+15
1.85000000000000e+01	1.54186301575215e+15
1.85100000000000e+01	1.58461269002298e+15
1.85200000000000e+01	1.62752022781982e+15
1.85300000000000e+01	1.67058386054983e+15
1.85400000000000e+01	1.71378542344221e+15
1.85500000000000e+01	1.75711112081778e+15
1.85600000000000e+01	1.80054745648673e+15
1.85700000000000e+01	1.84408778639083e+15
1.85800000000000e+01	1.88770146752983e+15
1.85900000000000e+01	1.93139127429884e+15
1.86000000000000e+01	1.97513339254216e+15
1.86100000000000e+01	2.01891828232002e+15
1.86200000000000e+01	2.06275284788305e+15
1.86300000000000e+01	2.10660207498931e+15
1.86400000000000e+01	2.15045732518791e+15
1.86500000000000e+01	2.19432946415383e+15
1.86600000000000e+01	2.23819869596413e+15
1.86700000000000e+01	2.28205174117022e+15
1.86800000000000e+01	2.32588726436410e+15
1.86900000000000e+01	2.36969240529270e+15
1.87000000000000e+01	2.41346707157641e+15
1.87100000000000e+01	2.45719810508794e+15
1.87200000000000e+01	2.50088280735117e+15
1.87300000000000e+01	2.54450516038397e+15
1.87400000000000e+01	2.58807624286047e+15
1.87500000000000e+01	2.63156367830405e+15
1.87600000000000e+01	2.67496881428303e+15
1.87700000000000e+01	2.71828675674914e+15
1.87800000000000e+01	2.76151987422287e+15
1.87900000000000e+01	2.80463244716588e+15
1.88000000000000e+01	2.84764119201455e+15
1.88100000000000e+01	2.89053511204745e+15
1.88200000000000e+01	2.93330029778853e+15
1.88300000000000e+01	2.97592975488118e+15
1.88400000000000e+01	3.01842731360680e+15
1.88500000000000e+01	3.06079308872024e+15
1.88600000000000e+01	3.10299223501046e+15
1.88700000000000e+01	3.14505050263136e+15
1.88800000000000e+01	3.18695493801514e+15
1.88900000000000e+01	3.22869511295107e+15
1.89000000000000e+01	3.27027574144715e+15
1.89100000000000e+01	3.31167311405843e+15
1.89200000000000e+01	3.35289894031919e+15
1.89300000000000e+01	3.39394745489274e+15
1.89400000000000e+01	3.43480190890087e+15
1.89500000000000e+01	3.47546795672622e+15
1.89600000000000e+01	3.51594038562832e+15
1.89700000000000e+01	3.55619819976392e+15
1.89800000000000e+01	3.59625239493878e+15
1.89900000000000e+01	3.63610008685794e+15
1.90000000000000e+01	3.67571875525039e+15
1.90100000000000e+01	3.71512675936340e+15
1.90200000000000e+01	3.75430852316310e+15
1.90300000000000e+01	3.79325492497961e+15
1.90400000000000e+01	3.83196184872397e+15
1.90500000000000e+01	3.87045870538810e+15
1.90600000000000e+01	3.90869689429712e+15
1.90700000000000e+01	3.94671260303490e+15
1.90800000000000e+01	3.98447376062574e+15
1.90900000000000e+01	4.02199905285944e+15
1.91000000000000e+01	4.05927978020607e+15
1.91100000000000e+01	4.09631801566775e+15
1.91200000000000e+01	4.13310502372053e+15
1.91300000000000e+01	4.16964305131311e+15
1.91400000000000e+01	4.20592895570918e+15
1.91500000000000e+01	4.24197147217102e+15
1.91600000000000e+01	4.27775000350059e+15
1.91700000000000e+01	4.31327294682523e+15
1.91800000000000e+01	4.34854942081922e+15
1.91900000000000e+01	4.38356499766323e+15
1.92000000000000e+01	4.41832868195595e+15
1.92100000000000e+01	4.45282004067045e+15
1.92200000000000e+01	4.48704850699034e+15
1.92300000000000e+01	4.52101169087897e+15
1.92400000000000e+01	4.55470731556422e+15
1.92500000000000e+01	4.58813321526149e+15
1.92600000000000e+01	4.62128109512615e+15
1.92700000000000e+01	4.65416140198718e+15
1.92800000000000e+01	4.68677817806102e+15
1.92900000000000e+01	4.71911116244728e+15
1.93000000000000e+01	4.75117703444933e+15
1.93100000000000e+01	4.78296200203827e+15
1.93200000000000e+01	4.81445792611335e+15
1.93300000000000e+01	4.84570059046334e+15
1.93400000000000e+01	4.87665108913654e+15
1.93500000000000e+01	4.90732668538922e+15
1.93600000000000e+01	4.93770708904195e+15
1.93700000000000e+01	4.96782876500947e+15
1.93800000000000e+01	4.99766479989690e+15
1.93900000000000e+01	5.02722068067999e+15
1.94000000000000e+01	5.05650212372933e+15
1.94100000000000e+01	5.08549431669620e+15
1.94200000000000e+01	5.11420835494022e+15
1.94300000000000e+01	5.14264484214019e+15
1.94400000000000e+01	5.17079589595331e+15
1.94500000000000e+01	5.19866581528576e+15
1.94600000000000e+01	5.22625556577883e+15
1.94700000000000e+01	5.25357473609012e+15
1.94800000000000e+01	5.28061221943978e+15
1.94900000000000e+01	5.30735288099365e+15
1.95000000000000e+01	5.33383514811070e+15
1.95100000000000e+01	5.36002648536894e+15
1.95200000000000e+01	5.38594358088533e+15
1.95300000000000e+01	5.41157587600812e+15
1.95400000000000e+01	5.43694019210121e+15
1.95500000000000e+01	5.46202368111973e+15
1.95600000000000e+01	5.48682587759403e+15
1.95700000000000e+01	5.51134635272718e+15
1.95800000000000e+01	5.53559707532200e+15
1.95900000000000e+01	5.55957769184958e+15
1.96000000000000e+01	5.58327083068983e+15
1.96100000000000e+01	5.60670568834341e+15
1.96200000000000e+01	5.62985727983968e+15
1.96300000000000e+01	5.65273774302030e+15
1.96400000000000e+01	5.67533451888093e+15
1.96500000000000e+01	5.69768002527178e+15
1.96600000000000e+01	5.71973372359040e+15
1.96700000000000e+01	5.74152361642902e+15
1.96800000000000e+01	5.76306208488612e+15
1.96900000000000e+01	5.78430847612211e+15
1.97000000000000e+01	5.80218248878082e+15
1.97100000000000e+01	5.81958122416331e+15
1.97200000000000e+01	5.83345914999438e+15
1.97300000000000e+01	5.84106557008082e+15
1.97400000000000e+01	5.83745355503836e+15
1.97500000000000e+01	5.81433098391576e+15
1.97600000000000e+01	5.75809300420138e+15
1.97700000000000e+01	5.64750127053362e+15
1.97800000000000e+01	5.45103115702943e+15
1.97900000000000e+01	5.12507396269695e+15
1.98000000000000e+01	4.61560612131543e+15
1.98100000000000e+01	3.86825520482469e+15
1.98200000000000e+01	2.85596144552961e+15
1.98300000000000e+01	1.63880544410766e+15
1.98400000000000e+01	4.76551514534265e+14
1.98500000000000e+01	1.84173840489479e+13
1.98600000000000e+01	1.59248567859416e+15
1.98700000000000e+01	7.60334031484713e+15
1.98800000000000e+01	2.20158980627027e+16
1.98900000000000e+01	5.08523293314995e+16
1.99000000000000e+01	1.02564286533185e+17
1.99100000000000e+01	1.88068735093344e+17
1.99200000000000e+01	3.20173608358916e+17
1.99300000000000e+01	5.12119825150300e+17
1.99400000000000e+01	7.74995806117278e+17
1.99500000000000e+01	1.11403898056662e+18
1.99600000000000e+01	1.52421841237742e+18
1.99700000000000e+01	1.98593396589890e+18
1.99800000000000e+01	2.46274548534004e+18
1.99900000000000e+01	2.90282601665425e+18
2.00000000000000e+01	3.24591309213124e+18
