1.00000000000000e-02	2.06922780336986e+25
2.00000000000000e-02	8.27760463192196e+25
3.00000000000000e-02	1.86265024317802e+26
4.00000000000000e-02	3.31195299160289e+26
5.00000000000000e-02	5.17598129159184e+26
6.00000000000000e-02	7.45532577211990e+26
7.00000000000000e-02	1.01505860239056e+27
8.00000000000000e-02	1.32626483348079e+27
9.00000000000000e-02	1.67922004700599e+27
1.00000000000000e-01	2.07400433270670e+27
1.10000000000000e-01	2.51081381672643e+27
1.20000000000000e-01	2.98963917538969e+27
1.30000000000000e-01	3.51079445621888e+27
1.40000000000000e-01	4.07423484844984e+27
1.50000000000000e-01	4.68018638907440e+27
1.60000000000000e-01	5.32893084411843e+27
1.70000000000000e-01	6.02050060648974e+27
1.80000000000000e-01	6.75515979691333e+27
1.90000000000000e-01	7.53320797723092e+27
2.00000000000000e-01	8.35457122096257e+27
2.10000000000000e-01	9.21987929160911e+27
2.20000000000000e-01	1.01291091003701e+28
2.30000000000000e-01	1.10826654161429e+28
2.40000000000000e-01	1.20806381374247e+28
2.50000000000000e-01	1.31236537877821e+28
2.60000000000000e-01	1.42117409216058e+28
2.70000000000000e-01	1.53450327781464e+28
2.80000000000000e-01	1.65242855502939e+28
2.90000000000000e-01	1.77499550543282e+28
3.00000000000000e-01	1.90215910827175e+28
3.10000000000000e-01	2.03403523758216e+28
3.20000000000000e-01	2.17065001422215e+28
3.30000000000000e-01	2.31200707684817e+28
3.40000000000000e-01	2.45820098109545e+28
3.50000000000000e-01	2.60920016863252e+28
3.60000000000000e-01	2.76515522548746e+28
3.70000000000000e-01	2.92604505608497e+28
3.80000000000000e-01	3.09191518225190e+28
3.90000000000000e-01	3.26282017129206e+28
4.00000000000000e-01	3.43883380058033e+28
4.10000000000000e-01	3.62005395020038e+28
4.20000000000000e-01	3.80645620523403e+28
4.30000000000000e-01	3.99811206620742e+28
4.40000000000000e-01	4.19513957462632e+28
4.50000000000000e-01	4.39746797580733e+28
4.60000000000000e-01	4.60537239219895e+28
4.70000000000000e-01	4.81865365304417e+28
4.80000000000000e-01	5.03768806466322e+28
4.90000000000000e-01	5.26233189442368e+28
5.00000000000000e-01	5.49265707785213e+28
5.10000000000000e-01	5.72879351315014e+28
5.20000000000000e-01	5.97092659746460e+28
5.30000000000000e-01	6.21898572293509e+28
5.40000000000000e-01	6.47310000619113e+28
5.50000000000000e-01	6.73324013753181e+28
5.60000000000000e-01	6.99982987429287e+28
5.70000000000000e-01	7.27259773448528e+28
5.80000000000000e-01	7.55172239790032e+28
5.90000000000000e-01	7.83746135592588e+28
6.00000000000000e-01	8.12987553812135e+28
6.10000000000000e-01	8.42903072147330e+28
6.20000000000000e-01	8.73477748091670e+28
6.30000000000000e-01	9.04756034431778e+28
6.40000000000000e-01	9.36750271822585e+28
6.50000000000000e-01	9.69457991124695e+28
6.60000000000000e-01	1.00288759094958e+29
6.70000000000000e-01	1.03704361216524e+29
6.80000000000000e-01	1.07198186221231e+29
6.90000000000000e-01	1.10767094190237e+29
7.00000000000000e-01	1.14413812320166e+29
7.10000000000000e-01	1.18140175298223e+29
7.20000000000000e-01	1.21949413798607e+29
7.30000000000000e-01	1.25839071477521e+29
7.40000000000000e-01	1.29813577327581e+29
7.50000000000000e-01	1.33870767788492e+29
7.60000000000000e-01	1.38017157411569e+29
7.70000000000000e-01	1.42252810454552e+29
7.80000000000000e-01	1.46580106673868e+29
7.90000000000000e-01	1.50997426198442e+29
8.00000000000000e-01	1.55508374244895e+29
8.10000000000000e-01	1.60116846449844e+29
8.20000000000000e-01	1.64823871564398e+29
8.30000000000000e-01	1.69631269137895e+29
8.40000000000000e-01	1.74539150929698e+29
8.50000000000000e-01	1.79549826700381e+29
8.60000000000000e-01	1.84670117396967e+29
8.70000000000000e-01	1.89899711180752e+29
8.80000000000000e-01	1.95237264709108e+29
8.90000000000000e-01	2.00692747740973e+29
9.00000000000000e-01	2.06261329272391e+29
9.10000000000000e-01	2.11949804560420e+29
9.20000000000000e-01	2.17758436100367e+29
9.30000000000000e-01	2.23691236107135e+29
9.40000000000000e-01	2.29749242035427e+29
9.50000000000000e-01	2.35940957226956e+29
9.60000000000000e-01	2.42267074367960e+29
9.70000000000000e-01	2.48726799921918e+29
9.80000000000000e-01	2.55325960972153e+29
9.90000000000000e-01	2.62070023026339e+29
1.00000000000000e+00	2.68957418245201e+29
1.01000000000000e+00	2.75997140810529e+29
1.02000000000000e+00	2.83192527657984e+29
1.03000000000000e+00	2.90543098807721e+29
1.04000000000000e+00	2.98054700976267e+29
1.05000000000000e+00	3.05733487411668e+29
1.06000000000000e+00	3.13581591056045e+29
1.07000000000000e+00	3.21608606688834e+29
1.08000000000000e+00	3.29807888341483e+29
1.09000000000000e+00	3.38195445986327e+29
1.10000000000000e+00	3.46771646419710e+29
1.11000000000000e+00	3.55547625390923e+29
1.12000000000000e+00	3.64516739158546e+29
1.13000000000000e+00	3.73690616325466e+29
1.14000000000000e+00	3.83077615171530e+29
1.15000000000000e+00	3.92678107323732e+29
1.16000000000000e+00	4.02501725776927e+29
1.17000000000000e+00	4.12558811599093e+29
1.18000000000000e+00	4.22848448392936e+29
1.19000000000000e+00	4.33385423822477e+29
1.20000000000000e+00	4.44168963293319e+29
1.21000000000000e+00	4.55207024964439e+29
1.22000000000000e+00	4.66513672083658e+29
1.23000000000000e+00	4.78095493637119e+29
1.24000000000000e+00	4.89953554407640e+29
1.25000000000000e+00	5.02102852412207e+29
1.26000000000000e+00	5.14559895766066e+29
1.27000000000000e+00	5.27311615197036e+29
1.28000000000000e+00	5.40396229572001e+29
1.29000000000000e+00	5.53799015197952e+29
1.30000000000000e+00	5.67546865172408e+29
1.31000000000000e+00	5.81638434942668e+29
1.32000000000000e+00	5.96099288139259e+29
1.33000000000000e+00	6.10924635906265e+29
1.34000000000000e+00	6.26143957552998e+29
1.35000000000000e+00	6.41763230625311e+29
1.36000000000000e+00	6.57797117875051e+29
1.37000000000000e+00	6.74250652460241e+29
1.38000000000000e+00	6.91151340926368e+29
1.39000000000000e+00	7.08520439904208e+29
1.40000000000000e+00	7.26348819987751e+29
1.41000000000000e+00	7.44675303457460e+29
1.42000000000000e+00	7.63503696986617e+29
1.43000000000000e+00	7.82874580506271e+29
1.44000000000000e+00	8.02776737942465e+29
1.45000000000000e+00	8.23257325560453e+29
1.46000000000000e+00	8.44319886023809e+29
1.47000000000000e+00	8.65998715734073e+29
1.48000000000000e+00	8.88315521158015e+29
1.49000000000000e+00	9.11289862859043e+29
1.50000000000000e+00	9.34946799165600e+29
1.51000000000000e+00	9.59329345889188e+29
1.52000000000000e+00	9.84446568657590e+29
1.53000000000000e+00	1.01033721401656e+30
1.54000000000000e+00	1.03703190360487e+30
1.55000000000000e+00	1.06456200181406e+30
1.56000000000000e+00	1.09297347775050e+30
1.57000000000000e+00	1.12231310657606e+30
1.58000000000000e+00	1.15259533837671e+30
1.59000000000000e+00	1.18388017974921e+30
1.60000000000000e+00	1.21620882832567e+30
1.61000000000000e+00	1.24963784968334e+30
1.62000000000000e+00	1.28422561230075e+30
1.63000000000000e+00	1.31999645512407e+30
1.64000000000000e+00	1.35701253450214e+30
1.65000000000000e+00	1.39531785731892e+30
1.66000000000000e+00	1.43495511421487e+30
1.67000000000000e+00	1.47596896203787e+30
1.68000000000000e+00	1.51837496738168e+30
1.69000000000000e+00	1.56222662076196e+30
1.70000000000000e+00	1.60754495800693e+30
1.71000000000000e+00	1.65435857185857e+30
1.72000000000000e+00	1.70272041453272e+30
1.73000000000000e+00	1.75273781574475e+30
1.74000000000000e+00	1.80451515084899e+30
1.75000000000000e+00	1.85827083208332e+30
1.76000000000000e+00	1.91425141642787e+30
1.77000000000000e+00	1.97275371643767e+30
1.78000000000000e+00	2.03418317435527e+30
1.79000000000000e+00	2.09894397605642e+30
1.80000000000000e+00	2.16744026416444e+30
1.81000000000000e+00	2.24004089582748e+30
1.82000000000000e+00	2.31698008023893e+30
1.83000000000000e+00	2.39831902937756e+30
1.84000000000000e+00	2.48390312597935e+30
1.85000000000000e+00	2.57330626377983e+30
1.86000000000000e+00	2.66584632559025e+30
1.87000000000000e+00	2.76053367086079e+30
1.88000000000000e+00	2.85617323427247e+30
1.89000000000000e+00	2.95149163220503e+30
1.90000000000000e+00	3.04516151627286e+30
1.91000000000000e+00	3.13602223729742e+30
1.92000000000000e+00	3.22315698407390e+30
1.93000000000000e+00	3.30626779029133e+30
1.94000000000000e+00	3.38563678454872e+30
1.95000000000000e+00	3.46241864111954e+30
1.96000000000000e+00	3.53893344060563e+30
1.97000000000000e+00	3.61865957495397e+30
1.98000000000000e+00	3.70643178862132e+30
1.99000000000000e+00	3.80852417691581e+30
2.00000000000000e+00	3.93278538056358e+30
2.01000000000000e+00	4.08836223526076e+30
2.02000000000000e+00	4.28603649317613e+30
2.03000000000000e+00	4.53780142337336e+30
2.04000000000000e+00	4.85685232510684e+30
2.05000000000000e+00	5.25756881319517e+30
2.06000000000000e+00	5.75515459651404e+30
2.07000000000000e+00	6.36569165144131e+30
2.08000000000000e+00	7.10552663232820e+30
2.09000000000000e+00	7.99087607693193e+30
2.10000000000000e+00	9.03723517645676e+30
2.11000000000000e+00	1.02584188515035e+31
2.12000000000000e+00	1.16654442093114e+31
2.13000000000000e+00	1.32647520407125e+31
2.14000000000000e+00	1.50570920580503e+31
2.15000000000000e+00	1.70357496717682e+31
2.16000000000000e+00	1.91849307459041e+31
2.17000000000000e+00	2.14817158770266e+31
2.18000000000000e+00	2.38932112307821e+31
2.19000000000000e+00	2.63798240813710e+31
2.20000000000000e+00	2.88979666568374e+31
2.21000000000000e+00	3.14028621864588e+31
2.22000000000000e+00	3.38497732892252e+31
2.23000000000000e+00	3.62001886599166e+31
2.24000000000000e+00	3.84210960672850e+31
2.25000000000000e+00	4.04844665207300e+31
2.26000000000000e+00	4.23678404247066e+31
2.27000000000000e+00	4.40482038916040e+31
2.28000000000000e+00	4.55087117319753e+31
2.29000000000000e+00	4.67371849760638e+31
2.30000000000000e+00	4.77337788826266e+31
2.31000000000000e+00	4.85087549659206e+31
2.32000000000000e+00	4.90843585280765e+31
2.33000000000000e+00	4.94864018800892e+31
2.34000000000000e+00	4.97451798148194e+31
2.35000000000000e+00	4.98979012533359e+31
2.36000000000000e+00	5.00137834805211e+31
2.37000000000000e+00	5.02226657416421e+31
2.38000000000000e+00	5.07500178949320e+31
2.39000000000000e+00	5.19189255759245e+31
2.40000000000000e+00	5.40925044988628e+31
2.41000000000000e+00	5.75515363255964e+31
2.42000000000000e+00	6.23638458383858e+31
2.43000000000000e+00	6.83356730597764e+31
2.44000000000000e+00	7.50610467930068e+31
2.45000000000000e+00	8.20258883784251e+31
2.46000000000000e+00	8.86989437302599e+31
2.47000000000000e+00	9.45843586457585e+31
2.48000000000000e+00	9.92486192549670e+31
2.49000000000000e+00	1.02346499741748e+32
2.50000000000000e+00	1.03644067043967e+32
2.51000000000000e+00	1.03041957848718e+32
2.52000000000000e+00	1.00585468601674e+32
2.53000000000000e+00	9.64494743323585e+31
2.54000000000000e+00	9.09160833184347e+31
2.55000000000000e+00	8.43423261894010e+31
2.56000000000000e+00	7.71127625734726e+31
2.57000000000000e+00	6.96014151332863e+31
2.58000000000000e+00	6.21301140178608e+31
2.59000000000000e+00	5.49412121224400e+31
2.60000000000000e+00	4.81917179725407e+31
2.61000000000000e+00	4.19737616822662e+31
2.62000000000000e+00	3.63502406008898e+31
2.63000000000000e+00	3.13848351228531e+31
2.64000000000000e+00	2.71605577389450e+31
2.65000000000000e+00	2.37715405289105e+31
2.66000000000000e+00	2.12975490218267e+31
2.67000000000000e+00	1.97770352526811e+31
2.68000000000000e+00	1.91953639887650e+31
2.69000000000000e+00	1.94956036912587e+31
2.70000000000000e+00	2.05996462519501e+31
2.71000000000000e+00	2.24325490873624e+31
2.72000000000000e+00	2.49365352948519e+31
2.73000000000000e+00	2.80773121261291e+31
2.74000000000000e+00	3.18378742937121e+31
2.75000000000000e+00	3.62078088902054e+31
2.76000000000000e+00	4.11722929978398e+31
2.77000000000000e+00	4.67086419444577e+31
2.78000000000000e+00	5.27975180963642e+31
2.79000000000000e+00	5.94430434981962e+31
2.80000000000000e+00	6.66889315783375e+31
2.81000000000000e+00	7.46120167501211e+31
2.82000000000000e+00	8.32892473309499e+31
2.83000000000000e+00	9.27432047919217e+31
2.84000000000000e+00	1.02883269856736e+32
2.85000000000000e+00	1.13466559684836e+32
2.86000000000000e+00	1.24091788114000e+32
2.87000000000000e+00	1.34243055331768e+32
2.88000000000000e+00	1.43370418073520e+32
2.89000000000000e+00	1.50952259964315e+32
2.90000000000000e+00	1.56529949535031e+32
2.91000000000000e+00	1.59691146673572e+32
2.92000000000000e+00	1.60051235471488e+32
2.93000000000000e+00	1.57277949141966e+32
2.94000000000000e+00	1.51176892768296e+32
2.95000000000000e+00	1.41801642425830e+32
2.96000000000000e+00	1.29520004034009e+32
2.97000000000000e+00	1.14988753245909e+32
2.98000000000000e+00	9.90675507424814e+31
2.99000000000000e+00	8.26890047628873e+31
3.00000000000000e+00	6.67564342813213e+31
3.01000000000000e+00	5.20744824617856e+31
3.02000000000000e+00	3.93207428439365e+31
3.03000000000000e+00	2.90429484540546e+31
3.04000000000000e+00	2.16614640538572e+31
3.05000000000000e+00	1.74738920679525e+31
3.06000000000000e+00	1.66585202169592e+31
3.07000000000000e+00	1.92812268822282e+31
3.08000000000000e+00	2.53057538178764e+31
3.09000000000000e+00	3.46031449080684e+31
3.10000000000000e+00	4.69547205014020e+31
3.11000000000000e+00	6.20616048775091e+31
3.12000000000000e+00	7.95666562641422e+31
3.13000000000000e+00	9.90800266136408e+31
3.14000000000000e+00	1.20195103974780e+32
3.15000000000000e+00	1.42469143311851e+32
3.16000000000000e+00	1.65353499112372e+32
3.17000000000000e+00	1.88140174923554e+32
3.18000000000000e+00	2.09950222515952e+32
3.19000000000000e+00	2.29834276951298e+32
3.20000000000000e+00	2.47004175666006e+32
3.21000000000000e+00	2.61048386291956e+32
3.22000000000000e+00	2.72002080131012e+32
3.23000000000000e+00	2.80225203121698e+32
3.24000000000000e+00	2.86121597594897e+32
3.25000000000000e+00	2.89903484224569e+32
3.26000000000000e+00	2.91482954500493e+32
3.27000000000000e+00	2.90517938771275e+32
3.28000000000000e+00	2.86575613646152e+32
3.29000000000000e+00	2.79337693817865e+32
3.30000000000000e+00	2.68740712018593e+32
3.31000000000000e+00	2.55022449114287e+32
3.32000000000000e+00	2.38606003434431e+32
3.33000000000000e+00	2.19962630549210e+32
3.34000000000000e+00	1.99517975591352e+32
3.35000000000000e+00	1.77649983441326e+32
3.36000000000000e+00	1.54759161861031e+32
3.37000000000000e+00	1.31342131463613e+32
3.38000000000000e+00	1.08033717298345e+32
3.39000000000000e+00	8.55908673374612e+31
3.40000000000000e+00	6.48049445353882e+31
3.41000000000000e+00	4.63941716651239e+31
3.42000000000000e+00	3.09062035870167e+31
3.43000000000000e+00	1.86663545968355e+31
3.44000000000000e+00	9.78241576731810e+30
3.45000000000000e+00	4.18823868072506e+30
3.46000000000000e+00	1.70044737032037e+30
3.47000000000000e+00	2.06667953503342e+30
3.48000000000000e+00	4.99606487032805e+30
3.49000000000000e+00	1.01776875090152e+31
3.50000000000000e+00	1.72937571162996e+31
3.51000000000000e+00	2.60280009289705e+31
3.52000000000000e+00	3.60665892722276e+31
3.53000000000000e+00	4.70859845530606e+31
3.54000000000000e+00	5.87344704313791e+31
3.55000000000000e+00	7.06209834786286e+31
3.56000000000000e+00	8.23239849912055e+31
3.57000000000000e+00	9.34232098459521e+31
3.58000000000000e+00	1.03547061873901e+32
3.59000000000000e+00	1.12414778684370e+32
3.60000000000000e+00	1.19860396888765e+32
3.61000000000000e+00	1.25830421994359e+32
3.62000000000000e+00	1.30359740377493e+32
3.63000000000000e+00	1.33537685838285e+32
3.64000000000000e+00	1.35475705749628e+32
3.65000000000000e+00	1.36280886431082e+32
3.66000000000000e+00	1.36036112839125e+32
3.67000000000000e+00	1.34795119369953e+32
3.68000000000000e+00	1.32562749288901e+32
3.69000000000000e+00	1.29312972910278e+32
3.70000000000000e+00	1.24988947453335e+32
3.71000000000000e+00	1.19533621233855e+32
3.72000000000000e+00	1.12918872620725e+32
3.73000000000000e+00	1.05190123064081e+32
3.74000000000000e+00	9.64880462588703e+31
3.75000000000000e+00	8.70620858286617e+31
3.76000000000000e+00	7.72317094481228e+31
3.77000000000000e+00	6.73420456740475e+31
3.78000000000000e+00	5.77081808085430e+31
3.79000000000000e+00	4.85847165771027e+31
3.80000000000000e+00	4.01509143163835e+31
3.81000000000000e+00	3.25232694357603e+31
3.82000000000000e+00	2.57685356109747e+31
3.83000000000000e+00	1.99160841213454e+31
3.84000000000000e+00	1.49674023377674e+31
3.85000000000000e+00	1.09009433760051e+31
3.86000000000000e+00	7.67358009608255e+30
3.87000000000000e+00	5.22362772585969e+30
3.88000000000000e+00	3.47460178557375e+30
3.89000000000000e+00	2.34008112784181e+30
3.90000000000000e+00	1.72950705662575e+30
3.91000000000000e+00	1.55406992866342e+30
3.92000000000000e+00	1.73206661968772e+30
3.93000000000000e+00	2.19245158704632e+30
3.94000000000000e+00	2.87587217088971e+30
3.95000000000000e+00	3.73349501450687e+30
3.96000000000000e+00	4.72433017086327e+30
3.97000000000000e+00	5.81251872683399e+30
3.98000000000000e+00	6.96548609059755e+30
3.99000000000000e+00	8.15275248712056e+30
4.00000000000000e+00	9.34634588893007e+30
4.01000000000000e+00	1.05225717166168e+31
4.02000000000000e+00	1.16633561334358e+31
4.03000000000000e+00	1.27596408651634e+31
4.04000000000000e+00	1.38131541338496e+31
4.05000000000000e+00	1.48354130294597e+31
4.06000000000000e+00	1.58454287508246e+31
4.07000000000000e+00	1.68631400774558e+31
4.08000000000000e+00	1.79034829159215e+31
4.09000000000000e+00	1.89711983084895e+31
4.10000000000000e+00	2.00578546838634e+31
4.11000000000000e+00	2.11428627096607e+31
4.12000000000000e+00	2.21969910981930e+31
4.13000000000000e+00	2.31867439756089e+31
4.14000000000000e+00	2.40807022924215e+31
4.15000000000000e+00	2.48527771419714e+31
4.16000000000000e+00	2.54825584848429e+31
4.17000000000000e+00	2.59578425129824e+31
4.18000000000000e+00	2.62729054460491e+31
4.19000000000000e+00	2.64274467786396e+31
4.20000000000000e+00	2.64275871597491e+31
4.21000000000000e+00	2.62838405320669e+31
4.22000000000000e+00	2.60116894343457e+31
4.23000000000000e+00	2.56318520725022e+31
4.24000000000000e+00	2.51689031250621e+31
4.25000000000000e+00	2.46487555256693e+31
4.26000000000000e+00	2.40937792014536e+31
4.27000000000000e+00	2.35198974950162e+31
4.28000000000000e+00	2.29345597644874e+31
4.29000000000000e+00	2.23386041395788e+31
4.30000000000000e+00	2.17291313396259e+31
4.31000000000000e+00	2.11028073891734e+31
4.32000000000000e+00	2.04594511349678e+31
4.33000000000000e+00	1.98010114847749e+31
4.34000000000000e+00	1.91327331960125e+31
4.35000000000000e+00	1.84614758759275e+31
4.36000000000000e+00	1.77960473936715e+31
4.37000000000000e+00	1.71475015947458e+31
4.38000000000000e+00	1.65280407063119e+31
4.39000000000000e+00	1.59522648381722e+31
4.40000000000000e+00	1.54363882439147e+31
4.41000000000000e+00	1.49971990810559e+31
4.42000000000000e+00	1.46523556400704e+31
4.43000000000000e+00	1.44184770626675e+31
4.44000000000000e+00	1.43109678565468e+31
4.45000000000000e+00	1.43447447174962e+31
4.46000000000000e+00	1.45353455495298e+31
4.47000000000000e+00	1.48996823415489e+31
4.48000000000000e+00	1.54582318405035e+31
4.49000000000000e+00	1.62350682820813e+31
4.50000000000000e+00	1.72583937751477e+31
4.51000000000000e+00	1.85613969645995e+31
4.52000000000000e+00	2.01824406344958e+31
4.53000000000000e+00	2.21665209414514e+31
4.54000000000000e+00	2.45661357802127e+31
4.55000000000000e+00	2.74427856236096e+31
4.56000000000000e+00	3.08685454469478e+31
4.57000000000000e+00	3.49281594204153e+31
4.58000000000000e+00	3.97177810082497e+31
4.59000000000000e+00	4.53429382680849e+31
4.60000000000000e+00	5.19105348421832e+31
4.61000000000000e+00	5.95151067625614e+31
4.62000000000000e+00	6.82194957531256e+31
4.63000000000000e+00	7.80455273641837e+31
4.64000000000000e+00	8.89594860588163e+31
4.65000000000000e+00	1.00880729559233e+32
4.66000000000000e+00	1.13687946141747e+32
4.67000000000000e+00	1.27237426853920e+32
4.68000000000000e+00	1.41347466312321e+32
4.69000000000000e+00	1.55784279970663e+32
4.70000000000000e+00	1.70203059658611e+32
4.71000000000000e+00	1.84113687459533e+32
4.72000000000000e+00	1.96838426749227e+32
4.73000000000000e+00	2.07555851009030e+32
4.74000000000000e+00	2.15383585764112e+32
4.75000000000000e+00	2.19506349982885e+32
4.76000000000000e+00	2.19324299207564e+32
4.77000000000000e+00	2.14574431465349e+32
4.78000000000000e+00	2.05402918915116e+32
4.79000000000000e+00	1.92365761571635e+32
4.80000000000000e+00	1.76371824322776e+32
4.81000000000000e+00	1.58548859097503e+32
4.82000000000000e+00	1.40075608951016e+32
4.83000000000000e+00	1.22039110517789e+32
4.84000000000000e+00	1.05307907143421e+32
4.85000000000000e+00	9.04815941990820e+31
4.86000000000000e+00	7.78794243626475e+31
4.87000000000000e+00	6.75831520428881e+31
4.88000000000000e+00	5.94902566604275e+31
4.89000000000000e+00	5.33740755531035e+31
4.90000000000000e+00	4.89364718040989e+31
4.91000000000000e+00	4.58464860069122e+31
4.92000000000000e+00	4.37738287396243e+31
4.93000000000000e+00	4.24109093457967e+31
4.94000000000000e+00	4.14949020204942e+31
4.95000000000000e+00	4.08222068063808e+31
4.96000000000000e+00	4.02547928986299e+31
4.97000000000000e+00	3.97192450366587e+31
4.98000000000000e+00	3.91950613591152e+31
4.99000000000000e+00	3.87009582916691e+31
5.00000000000000e+00	3.82766009573366e+31
5.01000000000000e+00	3.79683498481107e+31
5.02000000000000e+00	3.78162466088056e+31
5.03000000000000e+00	3.78447046609137e+31
5.04000000000000e+00	3.80556599966699e+31
5.05000000000000e+00	3.84254661733850e+31
5.06000000000000e+00	3.89022411559674e+31
5.07000000000000e+00	3.94081283753987e+31
5.08000000000000e+00	3.98446027722431e+31
5.09000000000000e+00	4.01030620037957e+31
5.10000000000000e+00	4.00778675644909e+31
5.11000000000000e+00	3.96836727472979e+31
5.12000000000000e+00	3.88738331603230e+31
5.13000000000000e+00	3.76494193732266e+31
5.14000000000000e+00	3.60659582000912e+31
5.15000000000000e+00	3.42279635754094e+31
5.16000000000000e+00	3.22803527740835e+31
5.17000000000000e+00	3.03942001960780e+31
5.18000000000000e+00	2.87574673517746e+31
5.19000000000000e+00	2.75664024762894e+31
5.20000000000000e+00	2.70186652232955e+31
5.21000000000000e+00	2.73049621209763e+31
5.22000000000000e+00	2.85959710813661e+31
5.23000000000000e+00	3.10229863782665e+31
5.24000000000000e+00	3.46516693924643e+31
5.25000000000000e+00	3.94616619600857e+31
5.26000000000000e+00	4.53266545519091e+31
5.27000000000000e+00	5.20155014839423e+31
5.28000000000000e+00	5.92049622202658e+31
5.29000000000000e+00	6.65127131700712e+31
5.30000000000000e+00	7.35472309153511e+31
5.31000000000000e+00	7.99568477219252e+31
5.32000000000000e+00	8.54764414160685e+31
5.33000000000000e+00	8.99572654443748e+31
5.34000000000000e+00	9.33781406546932e+31
5.35000000000000e+00	9.58376224618585e+31
5.36000000000000e+00	9.75252669489268e+31
5.37000000000000e+00	9.86957876693192e+31
5.38000000000000e+00	9.96337933531223e+31
5.39000000000000e+00	1.00622452317365e+32
5.40000000000000e+00	1.01926034871703e+32
5.41000000000000e+00	1.03777270514057e+32
5.42000000000000e+00	1.06373174108612e+32
5.43000000000000e+00	1.09861305995161e+32
5.44000000000000e+00	1.14343736222123e+32
5.45000000000000e+00	1.19864949708782e+32
5.46000000000000e+00	1.26410609318954e+32
5.47000000000000e+00	1.33909640950259e+32
5.48000000000000e+00	1.42221741080588e+32
5.49000000000000e+00	1.51154791545698e+32
5.50000000000000e+00	1.60457064844838e+32
5.51000000000000e+00	1.69827842557850e+32
5.52000000000000e+00	1.78922924427813e+32
5.53000000000000e+00	1.87382462757329e+32
5.54000000000000e+00	1.94842296766403e+32
5.55000000000000e+00	2.00981324603432e+32
5.56000000000000e+00	2.05525399077146e+32
5.57000000000000e+00	2.08283838038563e+32
5.58000000000000e+00	2.09151294500260e+32
5.59000000000000e+00	2.08102860121217e+32
5.60000000000000e+00	2.05190466968990e+32
5.61000000000000e+00	2.00543112420451e+32
5.62000000000000e+00	1.94343703084617e+32
5.63000000000000e+00	1.86838401281850e+32
5.64000000000000e+00	1.78308843006678e+32
5.65000000000000e+00	1.69052161539897e+32
5.66000000000000e+00	1.59358428544574e+32
5.67000000000000e+00	1.49482157933505e+32
5.68000000000000e+00	1.39633372225761e+32
5.69000000000000e+00	1.29969848135225e+32
5.70000000000000e+00	1.20609989965392e+32
5.71000000000000e+00	1.11642740104861e+32
5.72000000000000e+00	1.03136201078799e+32
5.73000000000000e+00	9.51379384346296e+31
5.74000000000000e+00	8.76735980592040e+31
5.75000000000000e+00	8.07414067341167e+31
5.76000000000000e+00	7.43077931741004e+31
5.77000000000000e+00	6.83052458185882e+31
5.78000000000000e+00	6.26414474567093e+31
5.79000000000000e+00	5.72067315381330e+31
5.80000000000000e+00	5.18920421821412e+31
5.81000000000000e+00	4.66010186041868e+31
5.82000000000000e+00	4.12679181102872e+31
5.83000000000000e+00	3.58686689611898e+31
5.84000000000000e+00	3.04286654620760e+31
5.85000000000000e+00	2.50259859750927e+31
5.86000000000000e+00	1.97880950786677e+31
5.87000000000000e+00	1.48873806203026e+31
5.88000000000000e+00	1.05334819167961e+31
5.89000000000000e+00	6.96283400362611e+30
5.90000000000000e+00	4.42818936889543e+30
5.91000000000000e+00	3.18620246281167e+30
5.92000000000000e+00	3.48431864394184e+30
5.93000000000000e+00	5.54844264600813e+30
5.94000000000000e+00	9.57174243464629e+30
5.95000000000000e+00	1.57056375309748e+31
5.96000000000000e+00	2.40510324955532e+31
5.97000000000000e+00	3.46493922688664e+31
5.98000000000000e+00	4.74767937636481e+31
5.99000000000000e+00	6.24372719484304e+31
6.00000000000000e+00	7.93652094306712e+31
6.01000000000000e+00	9.80327923521534e+31
6.02000000000000e+00	1.18154858286674e+32
6.03000000000000e+00	1.39404188344159e+32
6.04000000000000e+00	1.61407740541454e+32
6.05000000000000e+00	1.83738987211068e+32
6.06000000000000e+00	2.05910679050122e+32
6.07000000000000e+00	2.27361500910823e+32
6.08000000000000e+00	2.47456263719104e+32
6.09000000000000e+00	2.65508609326827e+32
6.10000000000000e+00	2.80834248200408e+32
6.11000000000000e+00	2.92799485354020e+32
6.12000000000000e+00	3.00909224649987e+32
6.13000000000000e+00	3.04846288917129e+32
6.14000000000000e+00	3.04522873405713e+32
6.15000000000000e+00	3.00085097833152e+32
6.16000000000000e+00	2.91881560804773e+32
6.17000000000000e+00	2.80417595605357e+32
6.18000000000000e+00	2.66300759009871e+32
6.19000000000000e+00	2.50163219525704e+32
6.20000000000000e+00	2.32636317098112e+32
6.21000000000000e+00	2.14288012286504e+32
6.22000000000000e+00	1.95634189168971e+32
6.23000000000000e+00	1.77129519149654e+32
6.24000000000000e+00	1.59163432131674e+32
6.25000000000000e+00	1.42063132214285e+32
6.26000000000000e+00	1.26087866120733e+32
6.27000000000000e+00	1.11430304947567e+32
6.28000000000000e+00	9.82174513342273e+31
6.29000000000000e+00	8.65141940846584e+31
6.30000000000000e+00	7.63413406634270e+31
6.31000000000000e+00	6.76937906554875e+31
6.32000000000000e+00	6.05518943603788e+31
6.33000000000000e+00	5.48963686751057e+31
6.34000000000000e+00	5.07131323881801e+31
6.35000000000000e+00	4.79916376766815e+31
6.36000000000000e+00	4.67198457484350e+31
6.37000000000000e+00	4.68704236954956e+31
6.38000000000000e+00	4.83894311756255e+31
6.39000000000000e+00	5.11802409269151e+31
6.40000000000000e+00	5.50991912442030e+31
6.41000000000000e+00	5.99531670499032e+31
6.42000000000000e+00	6.55093302133702e+31
6.43000000000000e+00	7.15155069411874e+31
6.44000000000000e+00	7.77209934379535e+31
6.45000000000000e+00	8.39004140816701e+31
6.46000000000000e+00	8.98704220881450e+31
6.47000000000000e+00	9.55044333613767e+31
6.48000000000000e+00	1.00724253220895e+32
6.49000000000000e+00	1.05496557259104e+32
6.50000000000000e+00	1.09825105044861e+32
6.51000000000000e+00	1.13731517185320e+32
6.52000000000000e+00	1.17259355966425e+32
6.53000000000000e+00	1.20454830442788e+32
6.54000000000000e+00	1.23366438010326e+32
6.55000000000000e+00	1.26030413665075e+32
6.56000000000000e+00	1.28457566361078e+32
6.57000000000000e+00	1.30637263073268e+32
6.58000000000000e+00	1.32523230739808e+32
6.59000000000000e+00	1.34036903902841e+32
6.60000000000000e+00	1.35080416702601e+32
6.61000000000000e+00	1.35538604931867e+32
6.62000000000000e+00	1.35283717017654e+32
6.63000000000000e+00	1.34197267650799e+32
6.64000000000000e+00	1.32165586021202e+32
6.65000000000000e+00	1.29104092667103e+32
6.66000000000000e+00	1.24965033104924e+32
6.67000000000000e+00	1.19744403610096e+32
6.68000000000000e+00	1.13493107783951e+32
6.69000000000000e+00	1.06309863351393e+32
6.70000000000000e+00	9.83435672389141e+31
6.71000000000000e+00	8.97758102076874e+31
6.72000000000000e+00	8.08192949045779e+31
6.73000000000000e+00	7.17013129025173e+31
6.74000000000000e+00	6.26533528298952e+31
6.75000000000000e+00	5.39012996215737e+31
6.76000000000000e+00	4.56485536438314e+31
6.77000000000000e+00	3.80654490986814e+31
6.78000000000000e+00	3.12743172941474e+31
6.79000000000000e+00	2.53471695244143e+31
6.80000000000000e+00	2.03012155540629e+31
6.81000000000000e+00	1.61057465682133e+31
6.82000000000000e+00	1.26931294443186e+31
6.83000000000000e+00	9.97104308936913e+30
6.84000000000000e+00	7.83624246940507e+30
6.85000000000000e+00	6.18506065942893e+30
6.86000000000000e+00	4.92140054466972e+30
6.87000000000000e+00	3.96144408437669e+30
6.88000000000000e+00	3.23565189389754e+30
6.89000000000000e+00	2.68852530434641e+30
6.90000000000000e+00	2.27726485535962e+30
6.91000000000000e+00	1.96965599866796e+30
6.92000000000000e+00	1.74157429024865e+30
6.93000000000000e+00	1.57485629650952e+30
6.94000000000000e+00	1.45558668880444e+30
6.95000000000000e+00	1.37324537576250e+30
6.96000000000000e+00	1.32051594147339e+30
6.97000000000000e+00	1.29387665305402e+30
6.98000000000000e+00	1.29447836170936e+30
6.99000000000000e+00	1.32936180651602e+30
7.00000000000000e+00	1.41255870402792e+30
7.01000000000000e+00	1.56615063907561e+30
7.02000000000000e+00	1.82114248541490e+30
7.03000000000000e+00	2.21826925748475e+30
7.04000000000000e+00	2.80822423737280e+30
7.05000000000000e+00	3.65166984839535e+30
7.06000000000000e+00	4.81825616107679e+30
7.07000000000000e+00	6.38425705963808e+30
7.08000000000000e+00	8.42752756045083e+30
7.09000000000000e+00	1.10191712598215e+31
7.10000000000000e+00	1.42108186368274e+31
7.11000000000000e+00	1.80182174711458e+31
7.12000000000000e+00	2.24037960905699e+31
7.13000000000000e+00	2.72626953480070e+31
7.14000000000000e+00	3.24190298751141e+31
7.15000000000000e+00	3.76356353817932e+31
7.16000000000000e+00	4.26413085025516e+31
7.17000000000000e+00	4.71690548055978e+31
7.18000000000000e+00	5.09951442967968e+31
7.19000000000000e+00	5.39722110342495e+31
7.20000000000000e+00	5.60437082155489e+31
7.21000000000000e+00	5.72398359564077e+31
7.22000000000000e+00	5.76535889800922e+31
7.23000000000000e+00	5.74176395635557e+31
7.24000000000000e+00	5.66731800880962e+31
7.25000000000000e+00	5.55513554088372e+31
7.26000000000000e+00	5.41658721444450e+31
7.27000000000000e+00	5.26026028355523e+31
7.28000000000000e+00	5.09303157831166e+31
7.29000000000000e+00	4.91979638712946e+31
7.30000000000000e+00	4.74413693989942e+31
7.31000000000000e+00	4.56836231600892e+31
7.32000000000000e+00	4.39381643620667e+31
7.33000000000000e+00	4.22099699848435e+31
7.34000000000000e+00	4.04983177516069e+31
7.35000000000000e+00	3.88002529310765e+31
7.36000000000000e+00	3.71132038931076e+31
7.37000000000000e+00	3.54403722549940e+31
7.38000000000000e+00	3.37917513120598e+31
7.39000000000000e+00	3.21861859200150e+31
7.40000000000000e+00	3.06492802488786e+31
7.41000000000000e+00	2.92103087916848e+31
7.42000000000000e+00	2.78970710997024e+31
7.43000000000000e+00	2.67314254185968e+31
7.44000000000000e+00	2.57248411461777e+31
7.45000000000000e+00	2.48756724718804e+31
7.46000000000000e+00	2.41700246432165e+31
7.47000000000000e+00	2.35819329735996e+31
7.48000000000000e+00	2.30773666124233e+31
7.49000000000000e+00	2.26178798476944e+31
7.50000000000000e+00	2.21648386701703e+31
7.51000000000000e+00	2.16854187503221e+31
7.52000000000000e+00	2.11588325668179e+31
7.53000000000000e+00	2.05845115192637e+31
7.54000000000000e+00	1.99893541554854e+31
7.55000000000000e+00	1.94354553314150e+31
7.56000000000000e+00	1.90224818261356e+31
7.57000000000000e+00	1.88859463559605e+31
7.58000000000000e+00	1.91888954119481e+31
7.59000000000000e+00	2.01081350639849e+31
7.60000000000000e+00	2.18185400748024e+31
7.61000000000000e+00	2.44757654514839e+31
7.62000000000000e+00	2.82030210995836e+31
7.63000000000000e+00	3.30807742429034e+31
7.64000000000000e+00	3.91417300478155e+31
7.65000000000000e+00	4.63665383354436e+31
7.66000000000000e+00	5.46854729191922e+31
7.67000000000000e+00	6.39786209081483e+31
7.68000000000000e+00	7.40841546104710e+31
7.69000000000000e+00	8.48121918994939e+31
7.70000000000000e+00	9.59652500196221e+31
7.71000000000000e+00	1.07364079473681e+32
7.72000000000000e+00	1.18871537046333e+32
7.73000000000000e+00	1.30412005880576e+32
7.74000000000000e+00	1.41974861664162e+32
7.75000000000000e+00	1.53599524992118e+32
7.76000000000000e+00	1.65351960612319e+32
7.77000000000000e+00	1.77279849631626e+32
7.78000000000000e+00	1.89372734886863e+32
7.79000000000000e+00	2.01516989593857e+32
7.80000000000000e+00	2.13475509379880e+32
7.81000000000000e+00	2.24879512179405e+32
7.82000000000000e+00	2.35247800559766e+32
7.83000000000000e+00	2.44042523564071e+32
7.84000000000000e+00	2.50722361896577e+32
7.85000000000000e+00	2.54840841130650e+32
7.86000000000000e+00	2.56098390081719e+32
7.87000000000000e+00	2.54416430436882e+32
7.88000000000000e+00	2.49955225973233e+32
7.89000000000000e+00	2.43101285405506e+32
7.90000000000000e+00	2.34431081943412e+32
7.91000000000000e+00	2.24641098046949e+32
7.92000000000000e+00	2.14482639343621e+32
7.93000000000000e+00	2.04686750759405e+32
7.94000000000000e+00	1.95910421584678e+32
7.95000000000000e+00	1.88673101882163e+32
7.96000000000000e+00	1.83316121299542e+32
7.97000000000000e+00	1.79962703143916e+32
7.98000000000000e+00	1.78506074866749e+32
7.99000000000000e+00	1.78616182289026e+32
8.00000000000000e+00	1.79771308202969e+32
8.01000000000000e+00	1.81324916835325e+32
8.02000000000000e+00	1.82594372584588e+32
8.03000000000000e+00	1.82932819499503e+32
8.04000000000000e+00	1.81818607402553e+32
8.05000000000000e+00	1.78904571999255e+32
8.06000000000000e+00	1.74042888833806e+32
8.07000000000000e+00	1.67278860763109e+32
8.08000000000000e+00	1.58823308192841e+32
8.09000000000000e+00	1.49029789835374e+32
8.10000000000000e+00	1.38333216757778e+32
8.11000000000000e+00	1.27221845060082e+32
8.12000000000000e+00	1.16188925585824e+32
8.13000000000000e+00	1.05693787394484e+32
8.14000000000000e+00	9.61293257114341e+31
8.15000000000000e+00	8.77921595463909e+31
8.16000000000000e+00	8.08680826889152e+31
8.17000000000000e+00	7.54321843740788e+31
8.18000000000000e+00	7.14570329654725e+31
8.19000000000000e+00	6.88384283755294e+31
8.20000000000000e+00	6.74209468456956e+31
8.21000000000000e+00	6.70269184176938e+31
8.22000000000000e+00	6.74846947529943e+31
8.23000000000000e+00	6.86436323675598e+31
8.24000000000000e+00	7.03909180414291e+31
8.25000000000000e+00	7.26522992780987e+31
8.26000000000000e+00	7.53859330279172e+31
8.27000000000000e+00	7.85785955858232e+31
8.28000000000000e+00	8.22291345812141e+31
8.29000000000000e+00	8.63382074582096e+31
8.30000000000000e+00	9.08990669450543e+31
8.31000000000000e+00	9.58862985351758e+31
8.32000000000000e+00	1.01253980920549e+32
8.33000000000000e+00	1.06930937156329e+32
8.34000000000000e+00	1.12822345552688e+32
8.35000000000000e+00	1.18806773834230e+32
8.36000000000000e+00	1.24740204583716e+32
8.37000000000000e+00	1.30456718480587e+32
8.38000000000000e+00	1.35774036556300e+32
8.39000000000000e+00	1.40488120806131e+32
8.40000000000000e+00	1.44386100379462e+32
8.41000000000000e+00	1.47237601540655e+32
8.42000000000000e+00	1.48806989228327e+32
8.43000000000000e+00	1.48859725540264e+32
8.44000000000000e+00	1.47176529626530e+32
8.45000000000000e+00	1.43594203501629e+32
8.46000000000000e+00	1.38027064715673e+32
8.47000000000000e+00	1.30507968757739e+32
8.48000000000000e+00	1.21217927153677e+32
8.49000000000000e+00	1.10477841568129e+32
8.50000000000000e+00	9.87301703693139e+31
8.51000000000000e+00	8.64904555119642e+31
8.52000000000000e+00	7.42901513267219e+31
8.53000000000000e+00	6.26091958023422e+31
8.54000000000000e+00	5.18366256064628e+31
8.55000000000000e+00	4.22329839652815e+31
8.56000000000000e+00	3.39301047339768e+31
8.57000000000000e+00	2.69439065172099e+31
8.58000000000000e+00	2.12030370264729e+31
8.59000000000000e+00	1.65801070916053e+31
8.60000000000000e+00	1.29226963276559e+31
8.61000000000000e+00	1.00751550131303e+31
8.62000000000000e+00	7.89342197897629e+30
8.63000000000000e+00	6.25259547657073e+30
8.64000000000000e+00	5.04739106660368e+30
8.65000000000000e+00	4.19110463441663e+30
8.66000000000000e+00	3.61285166056215e+30
8.67000000000000e+00	3.25486611365442e+30
8.68000000000000e+00	3.07012000657844e+30
8.69000000000000e+00	3.01970767117387e+30
8.70000000000000e+00	3.07056529803322e+30
8.71000000000000e+00	3.19336525113714e+30
8.72000000000000e+00	3.36052476087546e+30
8.73000000000000e+00	3.54541935409314e+30
8.74000000000000e+00	3.72258691657905e+30
8.75000000000000e+00	3.86895589861169e+30
8.76000000000000e+00	3.96512037592540e+30
8.77000000000000e+00	3.99631389107763e+30
8.78000000000000e+00	3.95303667587257e+30
8.79000000000000e+00	3.83068718496014e+30
8.80000000000000e+00	3.62907470612968e+30
8.81000000000000e+00	3.35231486737204e+30
8.82000000000000e+00	3.00899456624382e+30
8.83000000000000e+00	2.61246117584107e+30
8.84000000000000e+00	2.18081776526493e+30
8.85000000000000e+00	1.73631338738846e+30
8.86000000000000e+00	1.30342832902898e+30
8.87000000000000e+00	9.06732333084993e+29
8.88000000000000e+00	5.68034846470001e+29
8.89000000000000e+00	3.04438214698654e+29
8.90000000000000e+00	1.27081103758824e+29
8.91000000000000e+00	4.07952130336596e+28
8.92000000000000e+00	4.45297239315901e+28
8.93000000000000e+00	1.32348915093460e+29
8.94000000000000e+00	2.94566961419321e+29
8.95000000000000e+00	5.18844870406209e+29
8.96000000000000e+00	7.91190488341920e+29
8.97000000000000e+00	1.09692700102565e+30
8.98000000000000e+00	1.42153571051676e+30
8.99000000000000e+00	1.75161026955796e+30
9.00000000000000e+00	2.07574753366834e+30
9.01000000000000e+00	2.38527687481721e+30
9.02000000000000e+00	2.67499684602701e+30
9.03000000000000e+00	2.94346416610096e+30
9.04000000000000e+00	3.19287714848892e+30
9.05000000000000e+00	3.42884081802514e+30
9.06000000000000e+00	3.65928960670837e+30
9.07000000000000e+00	3.89352418538069e+30
9.08000000000000e+00	4.14077484341449e+30
9.09000000000000e+00	4.40866359510031e+30
9.10000000000000e+00	4.70210067443719e+30
9.11000000000000e+00	5.02195742921310e+30
9.12000000000000e+00	5.36482997909731e+30
9.13000000000000e+00	5.72307394154305e+30
9.14000000000000e+00	6.08589465179022e+30
9.15000000000000e+00	6.44010175097254e+30
9.16000000000000e+00	6.77206795023875e+30
9.17000000000000e+00	7.06882022969732e+30
9.18000000000000e+00	7.31926560308549e+30
9.19000000000000e+00	7.51480783239758e+30
9.20000000000000e+00	7.64955375185399e+30
9.21000000000000e+00	7.71986276823621e+30
9.22000000000000e+00	7.72436207042919e+30
9.23000000000000e+00	7.66324416399004e+30
9.24000000000000e+00	7.53775930268262e+30
9.25000000000000e+00	7.35013305292100e+30
9.26000000000000e+00	7.10308629257329e+30
9.27000000000000e+00	6.80046498835763e+30
9.28000000000000e+00	6.44676493964407e+30
9.29000000000000e+00	6.04805396748042e+30
9.30000000000000e+00	5.61172658953401e+30
9.31000000000000e+00	5.14694266066446e+30
9.32000000000000e+00	4.66445847933159e+30
9.33000000000000e+00	4.17630974770739e+30
9.34000000000000e+00	3.69549011390603e+30
9.35000000000000e+00	3.23511075161723e+30
9.36000000000000e+00	2.80757850798383e+30
9.37000000000000e+00	2.42378208870626e+30
9.38000000000000e+00	2.09216500328843e+30
9.39000000000000e+00	1.81815582245611e+30
9.40000000000000e+00	1.60405845988206e+30
9.41000000000000e+00	1.44879787066483e+30
9.42000000000000e+00	1.34849570688534e+30
9.43000000000000e+00	1.29687700671757e+30
9.44000000000000e+00	1.28621737428054e+30
9.45000000000000e+00	1.30796312424006e+30
9.46000000000000e+00	1.35357486411927e+30
9.47000000000000e+00	1.41507419347273e+30
9.48000000000000e+00	1.48551173780910e+30
9.49000000000000e+00	1.55918497511450e+30
9.50000000000000e+00	1.63173596473881e+30
9.51000000000000e+00	1.70008268258002e+30
9.52000000000000e+00	1.76227422728525e+30
9.53000000000000e+00	1.81727086697274e+30
9.54000000000000e+00	1.86474758429153e+30
9.55000000000000e+00	1.90487806300873e+30
9.56000000000000e+00	1.93813210831424e+30
9.57000000000000e+00	1.96514471075625e+30
9.58000000000000e+00	1.98660907828310e+30
9.59000000000000e+00	2.00321371051288e+30
9.60000000000000e+00	2.01559880615282e+30
9.61000000000000e+00	2.02431967318936e+30
9.62000000000000e+00	2.02990756190966e+30
9.63000000000000e+00	2.03280575368265e+30
9.64000000000000e+00	2.03342436122778e+30
9.65000000000000e+00	2.03211519579036e+30
9.66000000000000e+00	2.02921171081948e+30
9.67000000000000e+00	2.02501435996289e+30
9.68000000000000e+00	2.01979162551918e+30
9.69000000000000e+00	2.01377091150177e+30
9.70000000000000e+00	2.00714147308165e+30
9.71000000000000e+00	2.00005214435449e+30
9.72000000000000e+00	1.99263656766429e+30
9.73000000000000e+00	1.98498256196251e+30
9.74000000000000e+00	1.97714282807874e+30
9.75000000000000e+00	1.96913549745870e+30
9.76000000000000e+00	1.96099035129102e+30
9.77000000000000e+00	1.95270300264114e+30
9.78000000000000e+00	1.94425535300598e+30
9.79000000000000e+00	1.93564556545636e+30
9.80000000000000e+00	1.92683980946648e+30
9.81000000000000e+00	1.91784735930987e+30
9.82000000000000e+00	1.90865107870566e+30
9.83000000000000e+00	1.89924677988092e+30
9.84000000000000e+00	1.88963023606587e+30
9.85000000000000e+00	1.87981875013862e+30
9.86000000000000e+00	1.86981745584782e+30
9.87000000000000e+00	1.85962373815462e+30
9.88000000000000e+00	1.84928933079865e+30
9.89000000000000e+00	1.83880200559374e+30
9.90000000000000e+00	1.82823710851907e+30
9.91000000000000e+00	1.81766690991580e+30
9.92000000000000e+00	1.80718437054662e+30
9.93000000000000e+00	1.79684994703305e+30
9.94000000000000e+00	1.78654995059749e+30
9.95000000000000e+00	1.77576190441543e+30
9.96000000000000e+00	4.34632180222599e+30
9.97000000000000e+00	1.74676658932318e+30
9.98000000000000e+00	1.72362129355452e+30
9.99000000000000e+00	1.69161148410777e+30
1.00000000000000e+01	5.30377334849391e+30
1.00100000000000e+01	1.60554759141247e+30
1.00200000000000e+01	1.56373328261491e+30
1.00300000000000e+01	1.53640511601628e+30
1.00400000000000e+01	1.53250200051759e+30
1.00500000000000e+01	1.55324403362129e+30
1.00600000000000e+01	1.58914165382683e+30
1.00700000000000e+01	1.62296524536661e+30
1.00800000000000e+01	1.63773840008652e+30
1.00900000000000e+01	1.62330899912663e+30
1.01000000000000e+01	1.57804764950007e+30
1.01100000000000e+01	1.50660526909928e+30
1.01200000000000e+01	1.41655815487293e+30
1.01300000000000e+01	1.31581160059167e+30
1.01400000000000e+01	1.21108290394607e+30
1.01500000000000e+01	1.10740326171623e+30
1.01600000000000e+01	1.00813490442024e+30
1.01700000000000e+01	9.15280302033020e+29
1.01800000000000e+01	8.29823302459782e+29
1.01900000000000e+01	7.52064912521155e+29
1.02000000000000e+01	6.81850975648040e+29
1.02100000000000e+01	6.18778351306145e+29
1.02200000000000e+01	5.62298494956959e+29
1.02300000000000e+01	5.11818523747085e+29
1.02400000000000e+01	4.66730453237148e+29
1.02500000000000e+01	4.26462265492264e+29
1.02600000000000e+01	3.90481160934997e+29
1.02700000000000e+01	3.58297144247982e+29
1.02800000000000e+01	3.29474509507643e+29
1.02900000000000e+01	3.03620883075105e+29
1.03000000000000e+01	2.80391303791631e+29
1.03100000000000e+01	2.59478258231617e+29
1.03200000000000e+01	2.40612368574441e+29
1.03300000000000e+01	2.23553290753725e+29
1.03400000000000e+01	2.08094210105165e+29
1.03500000000000e+01	1.94048885085616e+29
1.03600000000000e+01	1.81258131362554e+29
1.03700000000000e+01	1.69578065273726e+29
1.03800000000000e+01	1.58887850578578e+29
1.03900000000000e+01	1.49078569727258e+29
1.04000000000000e+01	1.40058762373509e+29
1.04100000000000e+01	1.31746561536037e+29
1.04200000000000e+01	1.24072229289792e+29
1.04300000000000e+01	1.16976499825649e+29
1.04400000000000e+01	1.10407168415884e+29
1.04500000000000e+01	1.04319098832966e+29
1.04600000000000e+01	9.86727505666059e+28
1.04700000000000e+01	9.34336256808058e+28
1.04800000000000e+01	8.85698090510532e+28
1.04900000000000e+01	8.40540759261020e+28
1.05000000000000e+01	7.98586062563541e+28
1.05100000000000e+01	7.59597158537599e+28
1.05200000000000e+01	7.23332532287176e+28
1.05300000000000e+01	6.89570593426872e+28
1.05400000000000e+01	6.58104001515862e+28
1.05500000000000e+01	6.28726034940183e+28
1.05600000000000e+01	6.01256497667711e+28
1.05700000000000e+01	5.75515279027780e+28
1.05800000000000e+01	5.51343194554628e+28
1.05900000000000e+01	5.28594620603663e+28
1.06000000000000e+01	5.07140092829927e+28
1.06100000000000e+01	4.86858736427389e+28
1.06200000000000e+01	4.67653077808327e+28
1.06300000000000e+01	4.49430935739971e+28
1.06400000000000e+01	4.32113989094082e+28
1.06500000000000e+01	4.15640040304975e+28
1.06600000000000e+01	3.99954353216026e+28
1.06700000000000e+01	3.85012900822769e+28
1.06800000000000e+01	3.70775971357354e+28
1.06900000000000e+01	3.57218172941428e+28
1.07000000000000e+01	3.44306611897381e+28
1.07100000000000e+01	3.32022214107442e+28
1.07200000000000e+01	3.20343137774911e+28
1.07300000000000e+01	3.09247875959854e+28
1.07400000000000e+01	2.98713592566426e+28
1.07500000000000e+01	2.88716331608724e+28
1.07600000000000e+01	2.79231328874045e+28
1.07700000000000e+01	2.70233353450134e+28
1.07800000000000e+01	2.61691941970020e+28
1.07900000000000e+01	2.53582571431282e+28
1.08000000000000e+01	2.45876287280871e+28
1.08100000000000e+01	2.38546564453780e+28
1.08200000000000e+01	2.31569849360149e+28
1.08300000000000e+01	2.24920586998434e+28
1.08400000000000e+01	2.18578211651325e+28
1.08500000000000e+01	2.12520863730742e+28
1.08600000000000e+01	2.06730521641355e+28
1.08700000000000e+01	2.01188452377757e+28
1.08800000000000e+01	1.95877880376980e+28
1.08900000000000e+01	1.90783041604584e+28
1.09000000000000e+01	1.85887521635453e+28
1.09100000000000e+01	1.81177840886555e+28
1.09200000000000e+01	1.76638106687199e+28
1.09300000000000e+01	1.72257715002462e+28
1.09400000000000e+01	1.68021720369478e+28
1.09500000000000e+01	1.63921193077272e+28
1.09600000000000e+01	1.59945127690492e+28
1.09700000000000e+01	1.56085138375178e+28
1.09800000000000e+01	1.52334838706528e+28
1.09900000000000e+01	1.48687264752958e+28
1.10000000000000e+01	1.45137362654297e+28
1.10100000000000e+01	1.41682961709180e+28
1.10200000000000e+01	1.38320346246041e+28
1.10300000000000e+01	1.35047680281598e+28
1.10400000000000e+01	1.31863563239004e+28
1.10500000000000e+01	1.28769225134754e+28
1.10600000000000e+01	1.25763530522154e+28
1.10700000000000e+01	1.22847904709497e+28
1.10800000000000e+01	1.20023067966497e+28
1.10900000000000e+01	1.17290560319067e+28
1.11000000000000e+01	1.14650752422408e+28
1.11100000000000e+01	1.12104903157775e+28
1.11200000000000e+01	1.09652583542297e+28
1.11300000000000e+01	1.07294006409572e+28
1.11400000000000e+01	1.05026787124254e+28
1.11500000000000e+01	1.02849302198820e+28
1.11600000000000e+01	1.00757000287857e+28
1.11700000000000e+01	9.87454092757956e+27
1.11800000000000e+01	9.68099904495374e+27
1.11900000000000e+01	9.49441604089996e+27
1.12000000000000e+01	9.31402544663324e+27
1.12100000000000e+01	9.13927187657932e+27
1.12200000000000e+01	8.96939300499790e+27
1.12300000000000e+01	8.80382963918894e+27
1.12400000000000e+01	8.64201407222125e+27
1.12500000000000e+01	8.48357426685829e+27
1.12600000000000e+01	8.32818726881154e+27
1.12700000000000e+01	8.17562080799073e+27
1.12800000000000e+01	8.02578476400819e+27
1.12900000000000e+01	7.87871468612707e+27
1.13000000000000e+01	7.73451089062833e+27
1.13100000000000e+01	7.59321606380643e+27
1.13200000000000e+01	7.45495387809622e+27
1.13300000000000e+01	7.31991205672111e+27
1.13400000000000e+01	7.18813821870973e+27
1.13500000000000e+01	7.05956896244865e+27
1.13600000000000e+01	6.93425769863660e+27
1.13700000000000e+01	6.81206736418231e+27
1.13800000000000e+01	6.69284152647137e+27
1.13900000000000e+01	6.57644105646244e+27
1.14000000000000e+01	6.46261884937038e+27
1.14100000000000e+01	6.35130795928927e+27
1.14200000000000e+01	6.24228317428294e+27
1.14300000000000e+01	6.13537536326238e+27
1.14400000000000e+01	6.03056836388883e+27
1.14500000000000e+01	5.92775881966577e+27
1.14600000000000e+01	5.82697952652853e+27
1.14700000000000e+01	5.72818670768793e+27
1.14800000000000e+01	5.63151979078642e+27
1.14900000000000e+01	5.53699867035356e+27
1.15000000000000e+01	5.44473076327508e+27
1.15100000000000e+01	5.35480392886639e+27
1.15200000000000e+01	5.26725840663834e+27
1.15300000000000e+01	5.18217536257699e+27
1.15400000000000e+01	5.09958953302536e+27
1.15500000000000e+01	5.01946028868975e+27
1.15600000000000e+01	4.94179882062763e+27
1.15700000000000e+01	4.86656896870026e+27
1.15800000000000e+01	4.79362432467214e+27
1.15900000000000e+01	4.72290358685617e+27
1.16000000000000e+01	4.65427910901588e+27
1.16100000000000e+01	4.58757819178414e+27
1.16200000000000e+01	4.52268955130333e+27
1.16300000000000e+01	4.45941488494366e+27
1.16400000000000e+01	4.39766222707572e+27
1.16500000000000e+01	4.33724906485144e+27
1.16600000000000e+01	4.27806338730856e+27
1.16700000000000e+01	4.22000849599457e+27
1.16800000000000e+01	4.16300333838267e+27
1.16900000000000e+01	4.10698039546370e+27
1.17000000000000e+01	4.05186235669425e+27
1.17100000000000e+01	3.99764066785796e+27
1.17200000000000e+01	3.94428422892220e+27
1.17300000000000e+01	3.89172699515111e+27
1.17400000000000e+01	3.84001625094146e+27
1.17500000000000e+01	3.78905797771236e+27
1.17600000000000e+01	3.73889093601915e+27
1.17700000000000e+01	3.68947555428243e+27
1.17800000000000e+01	3.64076729760552e+27
1.17900000000000e+01	3.59276456698628e+27
1.18000000000000e+01	3.54547132018581e+27
1.18100000000000e+01	3.49888776629630e+27
1.18200000000000e+01	3.45298046941709e+27
1.18300000000000e+01	3.40780867707608e+27
1.18400000000000e+01	3.36338918115513e+27
1.18500000000000e+01	3.31971532597765e+27
1.18600000000000e+01	3.27684436289388e+27
1.18700000000000e+01	3.23482975882385e+27
1.18800000000000e+01	3.19369335005895e+27
1.18900000000000e+01	3.15347166595791e+27
1.19000000000000e+01	3.11420462885192e+27
1.19100000000000e+01	3.07590563416027e+27
1.19200000000000e+01	3.03853830301297e+27
1.19300000000000e+01	3.00211932320279e+27
1.19400000000000e+01	2.96656257874024e+27
1.19500000000000e+01	2.93182412635658e+27
1.19600000000000e+01	2.89784422351338e+27
1.19700000000000e+01	2.86452077840428e+27
1.19800000000000e+01	2.83176287148735e+27
1.19900000000000e+01	2.79951618896363e+27
1.20000000000000e+01	2.76772096010552e+27
1.20100000000000e+01	2.73631652116272e+27
1.20200000000000e+01	2.70528476781962e+27
1.20300000000000e+01	2.67460328374072e+27
1.20400000000000e+01	2.64428811103955e+27
1.20500000000000e+01	2.61435424674600e+27
1.20600000000000e+01	2.58482149740400e+27
1.20700000000000e+01	2.55572638840359e+27
1.20800000000000e+01	2.52710621667842e+27
1.20900000000000e+01	2.49898270562258e+27
1.21000000000000e+01	2.47134749504522e+27
1.21100000000000e+01	2.44426231081404e+27
1.21200000000000e+01	2.41766265308634e+27
1.21300000000000e+01	2.39158793363348e+27
1.21400000000000e+01	2.36599067501143e+27
1.21500000000000e+01	2.34082481796160e+27
1.21600000000000e+01	2.31608490905489e+27
1.21700000000000e+01	2.29171923197448e+27
1.21800000000000e+01	2.26768701180719e+27
1.21900000000000e+01	2.24398484712266e+27
1.22000000000000e+01	2.22056188346424e+27
1.22100000000000e+01	2.19742555167239e+27
1.22200000000000e+01	2.17455414153134e+27
1.22300000000000e+01	2.15196224907620e+27
1.22400000000000e+01	2.12965177262956e+27
1.22500000000000e+01	2.10761265461197e+27
1.22600000000000e+01	2.08589100799497e+27
1.22700000000000e+01	2.06446831910392e+27
1.22800000000000e+01	2.04338141826765e+27
1.22900000000000e+01	2.02262586083406e+27
1.23000000000000e+01	2.00221584563141e+27
1.23100000000000e+01	1.98214843324449e+27
1.23200000000000e+01	1.96243056305821e+27
1.23300000000000e+01	1.94305992511558e+27
1.23400000000000e+01	1.92402756820274e+27
1.23500000000000e+01	1.90531909080386e+27
1.23600000000000e+01	1.88690321865451e+27
1.23700000000000e+01	1.86877120596403e+27
1.23800000000000e+01	1.85087343357961e+27
1.23900000000000e+01	1.83318327322355e+27
1.24000000000000e+01	1.81564317858513e+27
1.24100000000000e+01	1.79822814551502e+27
1.24200000000000e+01	1.78088133424454e+27
1.24300000000000e+01	1.76357620342465e+27
1.24400000000000e+01	1.74629960554801e+27
1.24500000000000e+01	1.72902127627124e+27
1.24600000000000e+01	1.71174151187617e+27
1.24700000000000e+01	1.69448478692908e+27
1.24800000000000e+01	1.67729040742890e+27
1.24900000000000e+01	1.66017793213302e+27
1.25000000000000e+01	1.64321016905476e+27
1.25100000000000e+01	1.62642841113233e+27
1.25200000000000e+01	1.60989444492908e+27
1.25300000000000e+01	1.59366724038879e+27
1.25400000000000e+01	1.57777182100940e+27
1.25500000000000e+01	1.56227107397219e+27
1.25600000000000e+01	1.54715938600312e+27
1.25700000000000e+01	1.53246283038535e+27
1.25800000000000e+01	1.51818293220001e+27
1.25900000000000e+01	1.50428813784298e+27
1.26000000000000e+01	1.49075835081956e+27
1.26100000000000e+01	1.47757922965526e+27
1.26200000000000e+01	1.46470892012718e+27
1.26300000000000e+01	1.45210497521045e+27
1.26400000000000e+01	1.43974251612934e+27
1.26500000000000e+01	1.42758709235796e+27
1.26600000000000e+01	1.41561078735062e+27
1.26700000000000e+01	1.40380044653915e+27
1.26800000000000e+01	1.39214648664259e+27
1.26900000000000e+01	1.38062926509460e+27
1.27000000000000e+01	1.36925669704831e+27
1.27100000000000e+01	1.35803370940452e+27
1.27200000000000e+01	1.34696178561742e+27
1.27300000000000e+01	1.33604990097188e+27
1.27400000000000e+01	1.32531811748272e+27
1.27500000000000e+01	1.31476354115145e+27
1.27600000000000e+01	1.30439087309010e+27
1.27700000000000e+01	1.29420833013268e+27
1.27800000000000e+01	1.28419918963282e+27
1.27900000000000e+01	1.27435784517153e+27
1.28000000000000e+01	1.26467807326443e+27
1.28100000000000e+01	1.25512140018733e+27
1.28200000000000e+01	1.24569131317360e+27
1.28300000000000e+01	1.23633347167809e+27
1.28400000000000e+01	1.22705383394093e+27
1.28500000000000e+01	1.21780732295763e+27
1.28600000000000e+01	1.20860525214270e+27
1.28700000000000e+01	1.19942304897814e+27
1.28800000000000e+01	1.19026879629460e+27
1.28900000000000e+01	1.18114950170456e+27
1.29000000000000e+01	1.17208055394128e+27
1.29100000000000e+01	1.16307847581433e+27
1.29200000000000e+01	1.15417084028982e+27
1.29300000000000e+01	1.14537824265328e+27
1.29400000000000e+01	1.13670935619059e+27
1.29500000000000e+01	1.12818937107446e+27
1.29600000000000e+01	1.11981662337632e+27
1.29700000000000e+01	1.11159079614718e+27
1.29800000000000e+01	1.10350496586976e+27
1.29900000000000e+01	1.09554036798068e+27
1.30000000000000e+01	1.08769229554772e+27
1.30100000000000e+01	1.07991606610301e+27
1.30200000000000e+01	1.07221311228556e+27
1.30300000000000e+01	1.06455009486730e+27
1.30400000000000e+01	1.05692541800953e+27
1.30500000000000e+01	1.04932122338791e+27
1.30600000000000e+01	1.04173683245906e+27
1.30700000000000e+01	1.03416256401099e+27
1.30800000000000e+01	1.02660310670883e+27
1.30900000000000e+01	1.01906094446019e+27
1.31000000000000e+01	1.01153744961790e+27
1.31100000000000e+01	1.00402174755601e+27
1.31200000000000e+01	9.96536306502742e+26
1.31300000000000e+01	9.89072411589702e+26
1.31400000000000e+01	9.81634699824377e+26
1.31500000000000e+01	9.74229532786189e+26
1.31600000000000e+01	9.66851482633088e+26
1.31700000000000e+01	9.59511766377747e+26
1.31800000000000e+01	9.52214442590822e+26
1.31900000000000e+01	9.44968934181234e+26
1.32000000000000e+01	9.37782003064684e+26
1.32100000000000e+01	9.30662103149818e+26
1.32200000000000e+01	9.23608538771188e+26
1.32300000000000e+01	9.16639378307103e+26
1.32400000000000e+01	9.09741486781025e+26
1.32500000000000e+01	9.02931809046956e+26
1.32600000000000e+01	8.96194398482503e+26
1.32700000000000e+01	8.89532191729643e+26
1.32800000000000e+01	8.82941050824314e+26
1.32900000000000e+01	8.76408887520759e+26
1.33000000000000e+01	8.69930017107896e+26
1.33100000000000e+01	8.63502104800771e+26
1.33200000000000e+01	8.57113349014215e+26
1.33300000000000e+01	8.50772232075072e+26
1.33400000000000e+01	8.44474805698858e+26
1.33500000000000e+01	8.38219509506248e+26
1.33600000000000e+01	8.32015687125854e+26
1.33700000000000e+01	8.25870062015731e+26
1.33800000000000e+01	8.19786518592797e+26
1.33900000000000e+01	8.13766527839575e+26
1.34000000000000e+01	8.07822361556501e+26
1.34100000000000e+01	8.01952572143046e+26
1.34200000000000e+01	7.96164141790523e+26
1.34300000000000e+01	7.90458463827183e+26
1.34400000000000e+01	7.84830715385599e+26
1.34500000000000e+01	7.79280329601565e+26
1.34600000000000e+01	7.73794924077699e+26
1.34700000000000e+01	7.68370858985719e+26
1.34800000000000e+01	7.63008700932867e+26
1.34900000000000e+01	7.57689284376841e+26
1.35000000000000e+01	7.52399508104215e+26
1.35100000000000e+01	7.47147128300093e+26
1.35200000000000e+01	7.41918596323988e+26
1.35300000000000e+01	7.36703597237964e+26
1.35400000000000e+01	7.31514436038941e+26
1.35500000000000e+01	7.26338869911051e+26
1.35600000000000e+01	7.21192765817276e+26
1.35700000000000e+01	7.16071646254132e+26
1.35800000000000e+01	7.10982273842588e+26
1.35900000000000e+01	7.05935579356536e+26
1.36000000000000e+01	7.00933613912343e+26
1.36100000000000e+01	6.95990614013799e+26
1.36200000000000e+01	6.91105918302262e+26
1.36300000000000e+01	6.86286784600520e+26
1.36400000000000e+01	6.81538819160643e+26
1.36500000000000e+01	6.76852941898411e+26
1.36600000000000e+01	6.72237465488031e+26
1.36700000000000e+01	6.67687285493985e+26
1.36800000000000e+01	6.63194146508598e+26
1.36900000000000e+01	6.58752682051464e+26
1.37000000000000e+01	6.54365517716754e+26
1.37100000000000e+01	6.50010621292084e+26
1.37200000000000e+01	6.45692582333397e+26
1.37300000000000e+01	6.41401992414493e+26
1.37400000000000e+01	6.37128297014574e+26
1.37500000000000e+01	6.32879692078684e+26
1.37600000000000e+01	6.28638948770198e+26
1.37700000000000e+01	6.24419269088028e+26
1.37800000000000e+01	6.20218846784175e+26
1.37900000000000e+01	6.16030372504529e+26
1.38000000000000e+01	6.11872962121441e+26
1.38100000000000e+01	6.07740234058776e+26
1.38200000000000e+01	6.03645968845271e+26
1.38300000000000e+01	5.99587375508529e+26
1.38400000000000e+01	5.95573617104746e+26
1.38500000000000e+01	5.91613824625248e+26
1.38600000000000e+01	5.87703285393461e+26
1.38700000000000e+01	5.83850145278599e+26
1.38800000000000e+01	5.80052815337226e+26
1.38900000000000e+01	5.76312793773321e+26
1.39000000000000e+01	5.72625712437967e+26
1.39100000000000e+01	5.68991530459170e+26
1.39200000000000e+01	5.65419134699207e+26
1.39300000000000e+01	5.61896831347199e+26
1.39400000000000e+01	5.58425151424112e+26
1.39500000000000e+01	5.55002107434958e+26
1.39600000000000e+01	5.51634090330286e+26
1.39700000000000e+01	5.48310635902289e+26
1.39800000000000e+01	5.45031375087401e+26
1.39900000000000e+01	5.41798835681125e+26
1.40000000000000e+01	5.38605779390411e+26
1.40100000000000e+01	5.35452111502834e+26
1.40200000000000e+01	5.32341731789528e+26
1.40300000000000e+01	5.29259333414573e+26
1.40400000000000e+01	5.26205036168484e+26
1.40500000000000e+01	5.23178714351083e+26
1.40600000000000e+01	5.20175377723689e+26
1.40700000000000e+01	5.17191639510866e+26
1.40800000000000e+01	5.14224447828475e+26
1.40900000000000e+01	5.11267995289326e+26
1.41000000000000e+01	5.08332663732543e+26
1.41100000000000e+01	5.05402580826148e+26
1.41200000000000e+01	5.02484802333370e+26
1.41300000000000e+01	4.99578082254819e+26
1.41400000000000e+01	4.96680480858405e+26
1.41500000000000e+01	4.93798667182622e+26
1.41600000000000e+01	4.90923971520402e+26
1.41700000000000e+01	4.88063701646011e+26
1.41800000000000e+01	4.85215251778886e+26
1.41900000000000e+01	4.82386989989793e+26
1.42000000000000e+01	4.79575926830422e+26
1.42100000000000e+01	4.76778910531528e+26
1.42200000000000e+01	4.74003632715191e+26
1.42300000000000e+01	4.71248037537728e+26
1.42400000000000e+01	4.68510455805193e+26
1.42500000000000e+01	4.65796403568790e+26
1.42600000000000e+01	4.63101210134549e+26
1.42700000000000e+01	4.60427955122908e+26
1.42800000000000e+01	4.57773295199998e+26
1.42900000000000e+01	4.55138307145718e+26
1.43000000000000e+01	4.52520653110539e+26
1.43100000000000e+01	4.49924433796143e+26
1.43200000000000e+01	4.47342124035951e+26
1.43300000000000e+01	4.44783164359921e+26
1.43400000000000e+01	4.42240946312634e+26
1.43500000000000e+01	4.39717506038312e+26
1.43600000000000e+01	4.37220833866634e+26
1.43700000000000e+01	4.34740319583491e+26
1.43800000000000e+01	4.32287143644261e+26
1.43900000000000e+01	4.29857088833819e+26
1.44000000000000e+01	4.27451645306771e+26
1.44100000000000e+01	4.25070090792453e+26
1.44200000000000e+01	4.22716052271130e+26
1.44300000000000e+01	4.20385367491874e+26
1.44400000000000e+01	4.18079263947450e+26
1.44500000000000e+01	4.15794811993278e+26
1.44600000000000e+01	4.13530534986504e+26
1.44700000000000e+01	4.11285164367730e+26
1.44800000000000e+01	4.09057514654360e+26
1.44900000000000e+01	4.06841630387526e+26
1.45000000000000e+01	4.04644002555462e+26
1.45100000000000e+01	4.02457166615391e+26
1.45200000000000e+01	4.00282903592247e+26
1.45300000000000e+01	3.98117869818281e+26
1.45400000000000e+01	3.95963406780382e+26
1.45500000000000e+01	3.93820004533441e+26
1.45600000000000e+01	3.91687060402488e+26
1.45700000000000e+01	3.89563077299113e+26
1.45800000000000e+01	3.87447932941175e+26
1.45900000000000e+01	3.85341344280244e+26
1.46000000000000e+01	3.83243088876778e+26
1.46100000000000e+01	3.81148041482562e+26
1.46200000000000e+01	3.79061006370525e+26
1.46300000000000e+01	3.76978897870781e+26
1.46400000000000e+01	3.74901894786948e+26
1.46500000000000e+01	3.72827279324573e+26
1.46600000000000e+01	3.70758665064807e+26
1.46700000000000e+01	3.68691939340157e+26
1.46800000000000e+01	3.66626806859207e+26
1.46900000000000e+01	3.64570291432287e+26
1.47000000000000e+01	3.62517496058541e+26
1.47100000000000e+01	3.60470781198603e+26
1.47200000000000e+01	3.58431826549256e+26
1.47300000000000e+01	3.56403915809031e+26
1.47400000000000e+01	3.54383840133060e+26
1.47500000000000e+01	3.52378001123633e+26
1.47600000000000e+01	3.50382241758997e+26
1.47700000000000e+01	3.48405918429347e+26
1.47800000000000e+01	3.46439796588790e+26
1.47900000000000e+01	3.44493887217361e+26
1.48000000000000e+01	3.42562095078493e+26
1.48100000000000e+01	3.40646624660795e+26
1.48200000000000e+01	3.38747933380467e+26
1.48300000000000e+01	3.36861336967302e+26
1.48400000000000e+01	3.34994363665420e+26
1.48500000000000e+01	3.33140583054249e+26
1.48600000000000e+01	3.31299176054643e+26
1.48700000000000e+01	3.29470465501360e+26
1.48800000000000e+01	3.27652615861503e+26
1.48900000000000e+01	3.25842470778944e+26
1.49000000000000e+01	3.24042419968210e+26
1.49100000000000e+01	3.22250883411152e+26
1.49200000000000e+01	3.20466147843923e+26
1.49300000000000e+01	3.18685870029035e+26
1.49400000000000e+01	3.16913845242057e+26
1.49500000000000e+01	3.15149522946201e+26
1.49600000000000e+01	3.13398142086367e+26
1.49700000000000e+01	3.11654514506840e+26
1.49800000000000e+01	3.09929418955077e+26
1.49900000000000e+01	3.08221239335081e+26
1.50000000000000e+01	3.06528918661518e+26
1.50100000000000e+01	3.04858938768006e+26
1.50200000000000e+01	3.03213049865966e+26
1.50300000000000e+01	3.01589870371534e+26
1.50400000000000e+01	2.99987656607438e+26
1.50500000000000e+01	2.98405422085167e+26
1.50600000000000e+01	2.96840261234327e+26
1.50700000000000e+01	2.95292908127693e+26
1.50800000000000e+01	2.93759526537878e+26
1.50900000000000e+01	2.92237814098477e+26
1.51000000000000e+01	2.90728038776403e+26
1.51100000000000e+01	2.89229772151280e+26
1.51200000000000e+01	2.87736448978615e+26
1.51300000000000e+01	2.86256609998814e+26
1.51400000000000e+01	2.84788183894102e+26
1.51500000000000e+01	2.83330959119720e+26
1.51600000000000e+01	2.81890147420791e+26
1.51700000000000e+01	2.80459671096206e+26
1.51800000000000e+01	2.79046799723869e+26
1.51900000000000e+01	2.77647994869292e+26
1.52000000000000e+01	2.76262295385993e+26
1.52100000000000e+01	2.74893747945936e+26
1.52200000000000e+01	2.73535948482181e+26
1.52300000000000e+01	2.72191531696437e+26
1.52400000000000e+01	2.70854997732530e+26
1.52500000000000e+01	2.69526557179520e+26
1.52600000000000e+01	2.68207193691343e+26
1.52700000000000e+01	2.66894477688410e+26
1.52800000000000e+01	2.65588547630269e+26
1.52900000000000e+01	2.64287400012502e+26
1.53000000000000e+01	2.62990070057125e+26
1.53100000000000e+01	2.61700596377559e+26
1.53200000000000e+01	2.60415749930157e+26
1.53300000000000e+01	2.59138636271603e+26
1.53400000000000e+01	2.57868950322820e+26
1.53500000000000e+01	2.56605968954655e+26
1.53600000000000e+01	2.55348358423872e+26
1.53700000000000e+01	2.54100848579050e+26
1.53800000000000e+01	2.52858300208291e+26
1.53900000000000e+01	2.51622584762116e+26
1.54000000000000e+01	2.50393793891073e+26
1.54100000000000e+01	2.49171007966174e+26
1.54200000000000e+01	2.47955221740642e+26
1.54300000000000e+01	2.46741955031597e+26
1.54400000000000e+01	2.45531962206660e+26
1.54500000000000e+01	2.44324659989951e+26
1.54600000000000e+01	2.43122505277718e+26
1.54700000000000e+01	2.41922768002402e+26
1.54800000000000e+01	2.40726781254300e+26
1.54900000000000e+01	2.39535022246061e+26
1.55000000000000e+01	2.38346433334870e+26
1.55100000000000e+01	2.37166616689558e+26
1.55200000000000e+01	2.35995892121796e+26
1.55300000000000e+01	2.34834133355736e+26
1.55400000000000e+01	2.33680538965174e+26
1.55500000000000e+01	2.32542536380948e+26
1.55600000000000e+01	2.31416015498104e+26
1.55700000000000e+01	2.30302654911790e+26
1.55800000000000e+01	2.29204652424222e+26
1.55900000000000e+01	2.28118583949731e+26
1.56000000000000e+01	2.27049573788322e+26
1.56100000000000e+01	2.25991518680826e+26
1.56200000000000e+01	2.24946629869339e+26
1.56300000000000e+01	2.23913857662728e+26
1.56400000000000e+01	2.22894088267966e+26
1.56500000000000e+01	2.21883053774160e+26
1.56600000000000e+01	2.20880937768636e+26
1.56700000000000e+01	2.19883727033819e+26
1.56800000000000e+01	2.18894926091276e+26
1.56900000000000e+01	2.17909635599066e+26
1.57000000000000e+01	2.16927515590947e+26
1.57100000000000e+01	2.15948953234986e+26
1.57200000000000e+01	2.14969837616833e+26
1.57300000000000e+01	2.13993554603068e+26
1.57400000000000e+01	2.13017508963276e+26
1.57500000000000e+01	2.12041561758007e+26
1.57600000000000e+01	2.11069913141060e+26
1.57700000000000e+01	2.10098095383475e+26
1.57800000000000e+01	2.09127578615445e+26
1.57900000000000e+01	2.08160411507144e+26
1.58000000000000e+01	2.07196662009064e+26
1.58100000000000e+01	2.06235206449068e+26
1.58200000000000e+01	2.05273700448305e+26
1.58300000000000e+01	2.04316554734573e+26
1.58400000000000e+01	2.03359877638701e+26
1.58500000000000e+01	2.02405883701469e+26
1.58600000000000e+01	2.01455128910831e+26
1.58700000000000e+01	2.00508874669663e+26
1.58800000000000e+01	1.99565342797666e+26
1.58900000000000e+01	1.98627446062494e+26
1.59000000000000e+01	1.97694899074464e+26
1.59100000000000e+01	1.96769599898197e+26
1.59200000000000e+01	1.95853248178863e+26
1.59300000000000e+01	1.94942796443280e+26
1.59400000000000e+01	1.94040749381467e+26
1.59500000000000e+01	1.93145574858053e+26
1.59600000000000e+01	1.92258023189618e+26
1.59700000000000e+01	1.91377724835679e+26
1.59800000000000e+01	1.90505032313441e+26
1.59900000000000e+01	1.89639108979297e+26
1.60000000000000e+01	1.88779814814762e+26
1.60100000000000e+01	1.87926949344372e+26
1.60200000000000e+01	1.87080902754322e+26
1.60300000000000e+01	1.86241380118546e+26
1.60400000000000e+01	1.85408484595196e+26
1.60500000000000e+01	1.84579658563992e+26
1.60600000000000e+01	1.83757718023959e+26
1.60700000000000e+01	1.82939412113218e+26
1.60800000000000e+01	1.82125525448441e+26
1.60900000000000e+01	1.81314183760897e+26
1.61000000000000e+01	1.80506315290525e+26
1.61100000000000e+01	1.79701970423616e+26
1.61200000000000e+01	1.78898067588410e+26
1.61300000000000e+01	1.78098654096206e+26
1.61400000000000e+01	1.77299181018641e+26
1.61500000000000e+01	1.76505133028426e+26
1.61600000000000e+01	1.75711415863779e+26
1.61700000000000e+01	1.74923768470034e+26
1.61800000000000e+01	1.74136342854997e+26
1.61900000000000e+01	1.73354581604978e+26
1.62000000000000e+01	1.72572476240110e+26
1.62100000000000e+01	1.71795305371137e+26
1.62200000000000e+01	1.71018126561325e+26
1.62300000000000e+01	1.70243777436870e+26
1.62400000000000e+01	1.69468166463442e+26
1.62500000000000e+01	1.68691437321706e+26
1.62600000000000e+01	1.67915876787969e+26
1.62700000000000e+01	1.67139954667868e+26
1.62800000000000e+01	1.66364269011109e+26
1.62900000000000e+01	1.65588897433167e+26
1.63000000000000e+01	1.64817345942659e+26
1.63100000000000e+01	1.64044664249162e+26
1.63200000000000e+01	1.63276481681343e+26
1.63300000000000e+01	1.62512826925442e+26
1.63400000000000e+01	1.61751068587849e+26
1.63500000000000e+01	1.60991821123930e+26
1.63600000000000e+01	1.60237422184449e+26
1.63700000000000e+01	1.59483445111505e+26
1.63800000000000e+01	1.58730791202725e+26
1.63900000000000e+01	1.57979450671605e+26
1.64000000000000e+01	1.57227278658938e+26
1.64100000000000e+01	1.56471494037096e+26
1.64200000000000e+01	1.55714792937779e+26
1.64300000000000e+01	1.54956395048425e+26
1.64400000000000e+01	1.54194973509221e+26
1.64500000000000e+01	1.53431347701336e+26
1.64600000000000e+01	1.52666087303465e+26
1.64700000000000e+01	1.51904034899698e+26
1.64800000000000e+01	1.51142740492228e+26
1.64900000000000e+01	1.50389255230774e+26
1.65000000000000e+01	1.49640886976792e+26
1.65100000000000e+01	1.48902858449219e+26
1.65200000000000e+01	1.48176819816521e+26
1.65300000000000e+01	1.47466132076959e+26
1.65400000000000e+01	1.46770101165515e+26
1.65500000000000e+01	1.46091290828737e+26
1.65600000000000e+01	1.45429252729558e+26
1.65700000000000e+01	1.44784934929438e+26
1.65800000000000e+01	1.44158051587889e+26
1.65900000000000e+01	1.43546677189408e+26
1.66000000000000e+01	1.42950503079247e+26
1.66100000000000e+01	1.42367182488398e+26
1.66200000000000e+01	1.41796143758017e+26
1.66300000000000e+01	1.41236053041348e+26
1.66400000000000e+01	1.40684567392357e+26
1.66500000000000e+01	1.40140828559143e+26
1.66600000000000e+01	1.39605403184275e+26
1.66700000000000e+01	1.39076101028606e+26
1.66800000000000e+01	1.38552540598739e+26
1.66900000000000e+01	1.38035095076303e+26
1.67000000000000e+01	1.37523695804034e+26
1.67100000000000e+01	1.37017326389650e+26
1.67200000000000e+01	1.36515605446913e+26
1.67300000000000e+01	1.36020027447712e+26
1.67400000000000e+01	1.35527379772445e+26
1.67500000000000e+01	1.35039611456052e+26
1.67600000000000e+01	1.34554431435644e+26
1.67700000000000e+01	1.34070906125996e+26
1.67800000000000e+01	1.33589863701304e+26
1.67900000000000e+01	1.33108191531927e+26
1.68000000000000e+01	1.32626730895624e+26
1.68100000000000e+01	1.32145171383535e+26
1.68200000000000e+01	1.31662943651531e+26
1.68300000000000e+01	1.31179149230837e+26
1.68400000000000e+01	1.30693819083941e+26
1.68500000000000e+01	1.30207780900874e+26
1.68600000000000e+01	1.29721469972724e+26
1.68700000000000e+01	1.29234203536759e+26
1.68800000000000e+01	1.28746418640041e+26
1.68900000000000e+01	1.28259898102308e+26
1.69000000000000e+01	1.27773221459110e+26
1.69100000000000e+01	1.27286792614016e+26
1.69200000000000e+01	1.26801416041971e+26
1.69300000000000e+01	1.26316479371909e+26
1.69400000000000e+01	1.25832745387065e+26
1.69500000000000e+01	1.25350296284086e+26
1.69600000000000e+01	1.24868455749307e+26
1.69700000000000e+01	1.24387999960100e+26
1.69800000000000e+01	1.23908328745023e+26
1.69900000000000e+01	1.23430422084994e+26
1.70000000000000e+01	1.22953702834945e+26
1.70100000000000e+01	1.22479073278069e+26
1.70200000000000e+01	1.22006231918888e+26
1.70300000000000e+01	1.21536163969020e+26
1.70400000000000e+01	1.21068656917164e+26
1.70500000000000e+01	1.20604679243529e+26
1.70600000000000e+01	1.20144621385620e+26
1.70700000000000e+01	1.19688266953081e+26
1.70800000000000e+01	1.19235845662231e+26
1.70900000000000e+01	1.18789233961656e+26
1.71000000000000e+01	1.18346490252486e+26
1.71100000000000e+01	1.17909471367114e+26
1.71200000000000e+01	1.17478271800863e+26
1.71300000000000e+01	1.17052338430622e+26
1.71400000000000e+01	1.16632323961384e+26
1.71500000000000e+01	1.16217540374248e+26
1.71600000000000e+01	1.15808383861894e+26
1.71700000000000e+01	1.15404442420393e+26
1.71800000000000e+01	1.15003658281604e+26
1.71900000000000e+01	1.14607861166938e+26
1.72000000000000e+01	1.14214582430570e+26
1.72100000000000e+01	1.13823374918891e+26
1.72200000000000e+01	1.13434075370037e+26
1.72300000000000e+01	1.13046095213140e+26
1.72400000000000e+01	1.12658004481398e+26
1.72500000000000e+01	1.12269388453762e+26
1.72600000000000e+01	1.11880641929667e+26
1.72700000000000e+01	1.11491667771932e+26
1.72800000000000e+01	1.11101587047423e+26
1.72900000000000e+01	1.10710634246234e+26
1.73000000000000e+01	1.10319715101403e+26
1.73100000000000e+01	1.09929097522446e+26
1.73200000000000e+01	1.09538395415820e+26
1.73300000000000e+01	1.09148880328980e+26
1.73400000000000e+01	1.08760191100770e+26
1.73500000000000e+01	1.08373364545799e+26
1.73600000000000e+01	1.07988137978825e+26
1.73700000000000e+01	1.07604700390599e+26
1.73800000000000e+01	1.07224080025514e+26
1.73900000000000e+01	1.06846527777674e+26
1.74000000000000e+01	1.06471322489308e+26
1.74100000000000e+01	1.06099215270234e+26
1.74200000000000e+01	1.05729486618782e+26
1.74300000000000e+01	1.05362596891435e+26
1.74400000000000e+01	1.04997599912036e+26
1.74500000000000e+01	1.04634932731037e+26
1.74600000000000e+01	1.04273771375832e+26
1.74700000000000e+01	1.03913506613917e+26
1.74800000000000e+01	1.03555382477344e+26
1.74900000000000e+01	1.03197001667812e+26
1.75000000000000e+01	1.02839402326952e+26
1.75100000000000e+01	1.02482612125396e+26
1.75200000000000e+01	1.02125504801894e+26
1.75300000000000e+01	1.01768969046833e+26
1.75400000000000e+01	1.01412283733250e+26
1.75500000000000e+01	1.01055340386489e+26
1.75600000000000e+01	1.00699211481030e+26
1.75700000000000e+01	1.00344015981228e+26
1.75800000000000e+01	9.99891630251187e+25
1.75900000000000e+01	9.96357121187859e+25
1.76000000000000e+01	9.92832424263449e+25
1.76100000000000e+01	9.89320358656990e+25
1.76200000000000e+01	9.85828408616107e+25
1.76300000000000e+01	9.82360360967200e+25
1.76400000000000e+01	9.78908160712373e+25
1.76500000000000e+01	9.75473687770654e+25
1.76600000000000e+01	9.72064229179303e+25
1.76700000000000e+01	9.68670476143898e+25
1.76800000000000e+01	9.65298454956198e+25
1.76900000000000e+01	9.61945343598706e+25
1.77000000000000e+01	9.58598403786358e+25
1.77100000000000e+01	9.55272284731118e+25
1.77200000000000e+01	9.51948449207345e+25
1.77300000000000e+01	9.48642235024017e+25
1.77400000000000e+01	9.45333849443595e+25
1.77500000000000e+01	9.42041341301528e+25
1.77600000000000e+01	9.38745843094754e+25
1.77700000000000e+01	9.35459348306788e+25
1.77800000000000e+01	9.32183754236600e+25
1.77900000000000e+01	9.28911874078300e+25
1.78000000000000e+01	9.25652084316629e+25
1.78100000000000e+01	9.22398818523647e+25
1.78200000000000e+01	9.19153680730619e+25
1.78300000000000e+01	9.15923387509032e+25
1.78400000000000e+01	9.12702517987845e+25
1.78500000000000e+01	9.09497190098274e+25
1.78600000000000e+01	9.06307812449349e+25
1.78700000000000e+01	9.03121239285527e+25
1.78800000000000e+01	8.99954987483602e+25
1.78900000000000e+01	8.96789827954530e+25
1.79000000000000e+01	8.93637416049312e+25
1.79100000000000e+01	8.90498043917621e+25
1.79200000000000e+01	8.87365261558165e+25
1.79300000000000e+01	8.84245475709106e+25
1.79400000000000e+01	8.81134614209585e+25
1.79500000000000e+01	8.78032372604143e+25
1.79600000000000e+01	8.74948939384620e+25
1.79700000000000e+01	8.71879304131727e+25
1.79800000000000e+01	8.68832242276532e+25
1.79900000000000e+01	8.65802906741524e+25
1.80000000000000e+01	8.62799969240103e+25
1.80100000000000e+01	8.59818530079519e+25
1.80200000000000e+01	8.56863699019504e+25
1.80300000000000e+01	8.53930642369889e+25
1.80400000000000e+01	8.51018600823727e+25
1.80500000000000e+01	8.48132670792533e+25
1.80600000000000e+01	8.45264071975519e+25
1.80700000000000e+01	8.42417854121669e+25
1.80800000000000e+01	8.39586274361936e+25
1.80900000000000e+01	8.36772148454788e+25
1.81000000000000e+01	8.33968240617733e+25
1.81100000000000e+01	8.31177898567293e+25
1.81200000000000e+01	8.28393700069039e+25
1.81300000000000e+01	8.25613690572712e+25
1.81400000000000e+01	8.22843735331072e+25
1.81500000000000e+01	8.20075638865265e+25
1.81600000000000e+01	8.17316526508278e+25
1.81700000000000e+01	8.14559330312942e+25
1.81800000000000e+01	8.11809694798088e+25
1.81900000000000e+01	8.09062337338552e+25
1.82000000000000e+01	8.06322025527618e+25
1.82100000000000e+01	8.03585117276334e+25
1.82200000000000e+01	8.00851322803126e+25
1.82300000000000e+01	7.98126081865465e+25
1.82400000000000e+01	7.95404150427054e+25
1.82500000000000e+01	7.92691838072386e+25
1.82600000000000e+01	7.89983992160017e+25
1.82700000000000e+01	7.87281335796308e+25
1.82800000000000e+01	7.84589584930134e+25
1.82900000000000e+01	7.81910323639666e+25
1.83000000000000e+01	7.79234575287822e+25
1.83100000000000e+01	7.76578524187744e+25
1.83200000000000e+01	7.73928128362622e+25
1.83300000000000e+01	7.71295045142471e+25
1.83400000000000e+01	7.68680899877180e+25
1.83500000000000e+01	7.66079840005914e+25
1.83600000000000e+01	7.63493699388335e+25
1.83700000000000e+01	7.60928080704440e+25
1.83800000000000e+01	7.58375708658225e+25
1.83900000000000e+01	7.55836308761520e+25
1.84000000000000e+01	7.53315218937159e+25
1.84100000000000e+01	7.50810727078493e+25
1.84200000000000e+01	7.48316488547007e+25
1.84300000000000e+01	7.45831915858705e+25
1.84400000000000e+01	7.43361382596292e+25
1.84500000000000e+01	7.40898360684385e+25
1.84600000000000e+01	7.38443524623450e+25
1.84700000000000e+01	7.36000791256697e+25
1.84800000000000e+01	7.33565455779045e+25
1.84900000000000e+01	7.31142190718894e+25
1.85000000000000e+01	7.28725455461001e+25
1.85100000000000e+01	7.26321315441553e+25
1.85200000000000e+01	7.23922607891229e+25
1.85300000000000e+01	7.21530665956718e+25
1.85400000000000e+01	7.19149114408554e+25
1.85500000000000e+01	7.16772386736801e+25
1.85600000000000e+01	7.14405717514158e+25
1.85700000000000e+01	7.12037621961383e+25
1.85800000000000e+01	7.09684222160498e+25
1.85900000000000e+01	7.07334298297007e+25
1.86000000000000e+01	7.04987417036752e+25
1.86100000000000e+01	7.02644751708745e+25
1.86200000000000e+01	7.00312037140069e+25
1.86300000000000e+01	6.97988295226878e+25
1.86400000000000e+01	6.95669457696090e+25
1.86500000000000e+01	6.93356644402027e+25
1.86600000000000e+01	6.91050249374070e+25
1.86700000000000e+01	6.88754996337993e+25
1.86800000000000e+01	6.86473125771821e+25
1.86900000000000e+01	6.84193509948555e+25
1.87000000000000e+01	6.81931590364133e+25
1.87100000000000e+01	6.79673012139881e+25
1.87200000000000e+01	6.77427137900257e+25
1.87300000000000e+01	6.75189161575251e+25
1.87400000000000e+01	6.72963903833759e+25
1.87500000000000e+01	6.70745213859518e+25
1.87600000000000e+01	6.68537971110234e+25
1.87700000000000e+01	6.66337550833044e+25
1.87800000000000e+01	6.64143869459523e+25
1.87900000000000e+01	6.61960603176802e+25
1.88000000000000e+01	6.59783370285562e+25
1.88100000000000e+01	6.57611579630454e+25
1.88200000000000e+01	6.55451067810155e+25
1.88300000000000e+01	6.53296850552377e+25
1.88400000000000e+01	6.51154037464820e+25
1.88500000000000e+01	6.49016943986756e+25
1.88600000000000e+01	6.46886242575499e+25
1.88700000000000e+01	6.44766852029556e+25
1.88800000000000e+01	6.42654348445694e+25
1.88900000000000e+01	6.40552887782807e+25
1.89000000000000e+01	6.38457312849218e+25
1.89100000000000e+01	6.36368149320595e+25
1.89200000000000e+01	6.34289458332524e+25
1.89300000000000e+01	6.32216175980287e+25
1.89400000000000e+01	6.30148157771885e+25
1.89500000000000e+01	6.28090225498873e+25
1.89600000000000e+01	6.26037411129154e+25
1.89700000000000e+01	6.23993927436478e+25
1.89800000000000e+01	6.21950688579490e+25
1.89900000000000e+01	6.19921066643786e+25
1.90000000000000e+01	6.17891213134583e+25
1.90100000000000e+01	6.15875805711482e+25
1.90200000000000e+01	6.13860429327307e+25
1.90300000000000e+01	6.11854236088220e+25
1.90400000000000e+01	6.09852565791316e+25
1.90500000000000e+01	6.07856808061034e+25
1.90600000000000e+01	6.05870585635713e+25
1.90700000000000e+01	6.03894604609698e+25
1.90800000000000e+01	6.01918749111686e+25
1.90900000000000e+01	5.99953876423803e+25
1.91000000000000e+01	5.97999347956168e+25
1.91100000000000e+01	5.96046321310290e+25
1.91200000000000e+01	5.94103592396111e+25
1.91300000000000e+01	5.92171730075404e+25
1.91400000000000e+01	5.90245950085625e+25
1.91500000000000e+01	5.88326162095766e+25
1.91600000000000e+01	5.86411666688560e+25
1.91700000000000e+01	5.84508265580297e+25
1.91800000000000e+01	5.82615821103514e+25
1.91900000000000e+01	5.80723680033605e+25
1.92000000000000e+01	5.78842282231277e+25
1.92100000000000e+01	5.76970901373896e+25
1.92200000000000e+01	5.75100228270314e+25
1.92300000000000e+01	5.73239427825669e+25
1.92400000000000e+01	5.71388447103110e+25
1.92500000000000e+01	5.69542659443637e+25
1.92600000000000e+01	5.67701452989097e+25
1.92700000000000e+01	5.65866022739380e+25
1.92800000000000e+01	5.64040324157490e+25
1.92900000000000e+01	5.62219199683393e+25
1.93000000000000e+01	5.60407769712807e+25
1.93100000000000e+01	5.58601504115129e+25
1.93200000000000e+01	5.56799811975964e+25
1.93300000000000e+01	5.55008373668676e+25
1.93400000000000e+01	5.53221476511366e+25
1.93500000000000e+01	5.51439729554159e+25
1.93600000000000e+01	5.49666971703100e+25
1.93700000000000e+01	5.47899916679581e+25
1.93800000000000e+01	5.46137375200700e+25
1.93900000000000e+01	5.44384348378011e+25
1.94000000000000e+01	5.42636962872020e+25
1.94100000000000e+01	5.40894038819702e+25
1.94200000000000e+01	5.39159998039793e+25
1.94300000000000e+01	5.37431537647733e+25
1.94400000000000e+01	5.35712465192460e+25
1.94500000000000e+01	5.33993406165552e+25
1.94600000000000e+01	5.32284273540587e+25
1.94700000000000e+01	5.30583862577040e+25
1.94800000000000e+01	5.28888930373283e+25
1.94900000000000e+01	5.27198316921533e+25
1.95000000000000e+01	5.25513147187383e+25
1.95100000000000e+01	5.23837166529049e+25
1.95200000000000e+01	5.22165430301475e+25
1.95300000000000e+01	5.20503372443023e+25
1.95400000000000e+01	5.18846076201918e+25
1.95500000000000e+01	5.17193545078482e+25
1.95600000000000e+01	5.15550001853491e+25
1.95700000000000e+01	5.13906910072103e+25
1.95800000000000e+01	5.12277015203570e+25
1.95900000000000e+01	5.10647537954514e+25
1.96000000000000e+01	5.09027472302468e+25
1.96100000000000e+01	5.07412029705957e+25
1.96200000000000e+01	5.05805387636158e+25
1.96300000000000e+01	5.04203316578156e+25
1.96400000000000e+01	5.02605780091506e+25
1.96500000000000e+01	5.01013301263046e+25
1.96600000000000e+01	4.99428979776766e+25
1.96700000000000e+01	4.97849661621272e+25
1.96800000000000e+01	4.96279494661688e+25
1.96900000000000e+01	4.94713204089898e+25
1.97000000000000e+01	4.93140518206110e+25
1.97100000000000e+01	4.91577451562926e+25
1.97200000000000e+01	4.90003353306195e+25
1.97300000000000e+01	4.88417392298170e+25
1.97400000000000e+01	4.86800172140736e+25
1.97500000000000e+01	4.85120892447756e+25
1.97600000000000e+01	4.83334216935777e+25
1.97700000000000e+01	4.81355701020645e+25
1.97800000000000e+01	4.79073581558608e+25
1.97900000000000e+01	4.76301186669735e+25
1.98000000000000e+01	4.72778281533211e+25
1.98100000000000e+01	4.68131240728923e+25
1.98200000000000e+01	4.61866508032811e+25
1.98300000000000e+01	4.53352943750271e+25
1.98400000000000e+01	4.41821684974502e+25
1.98500000000000e+01	4.26397617845465e+25
1.98600000000000e+01	4.06168079326960e+25
1.98700000000000e+01	3.80297627321807e+25
1.98800000000000e+01	3.48189110175796e+25
1.98900000000000e+01	3.09685644033233e+25
1.99000000000000e+01	2.65281579822016e+25
1.99100000000000e+01	2.16323094897296e+25
1.99200000000000e+01	1.66200315763529e+25
1.99300000000000e+01	1.14885968529023e+25
1.99400000000000e+01	6.95333683101265e+24
1.99500000000000e+01	3.31464854631522e+24
1.99600000000000e+01	9.27330763610363e+23
1.99700000000000e+01	8.79316456419261e+21
1.99800000000000e+01	5.64224916553454e+23
1.99900000000000e+01	2.34059907616199e+24
2.00000000000000e+01	4.88780730556163e+24
