1.00000000000000e-02	2.11524917333504e+27
2.00000000000000e-02	8.46123064957888e+27
3.00000000000000e-02	1.90389309878196e+28
4.00000000000000e-02	3.38499074747561e+28
5.00000000000000e-02	5.28962823749758e+28
6.00000000000000e-02	7.61805229004270e+28
7.00000000000000e-02	1.03706209816869e+29
8.00000000000000e-02	1.35478727473244e+29
9.00000000000000e-02	1.71501232762531e+29
1.00000000000000e-01	2.11777179327211e+29
1.10000000000000e-01	2.56315654931504e+29
1.20000000000000e-01	3.05122140058539e+29
1.30000000000000e-01	3.58206771593446e+29
1.40000000000000e-01	4.15569138627807e+29
1.50000000000000e-01	4.77226958432016e+29
1.60000000000000e-01	5.43183951124059e+29
1.70000000000000e-01	6.13449170296315e+29
1.80000000000000e-01	6.88032199367765e+29
1.90000000000000e-01	7.66953388465122e+29
2.00000000000000e-01	8.50215391479100e+29
2.10000000000000e-01	9.37840420873234e+29
2.20000000000000e-01	1.02982151183457e+30
2.30000000000000e-01	1.12619251687208e+30
2.40000000000000e-01	1.22696986224534e+30
2.50000000000000e-01	1.33213545170659e+30
2.60000000000000e-01	1.44175610153401e+30
2.70000000000000e-01	1.55580106689159e+30
2.80000000000000e-01	1.67431227185044e+30
2.90000000000000e-01	1.79731785243219e+30
3.00000000000000e-01	1.92481050107924e+30
3.10000000000000e-01	2.05683039662034e+30
3.20000000000000e-01	2.19338527485710e+30
3.30000000000000e-01	2.33450152880520e+30
3.40000000000000e-01	2.48020918447025e+30
3.50000000000000e-01	2.63050646121652e+30
3.60000000000000e-01	2.78544523578320e+30
3.70000000000000e-01	2.94504120826170e+30
3.80000000000000e-01	3.10933012637393e+30
3.90000000000000e-01	3.27828512681678e+30
4.00000000000000e-01	3.45201622751544e+30
4.10000000000000e-01	3.63048742952708e+30
4.20000000000000e-01	3.81372694687282e+30
4.30000000000000e-01	4.00184004439227e+30
4.40000000000000e-01	4.19476194017573e+30
4.50000000000000e-01	4.39255883903646e+30
4.60000000000000e-01	4.59530511281505e+30
4.70000000000000e-01	4.80299181876266e+30
4.80000000000000e-01	5.01566767818086e+30
4.90000000000000e-01	5.23339034914032e+30
5.00000000000000e-01	5.45608466115242e+30
5.10000000000000e-01	5.68397689880220e+30
5.20000000000000e-01	5.91690742151480e+30
5.30000000000000e-01	6.15511954618387e+30
5.40000000000000e-01	6.39849984259255e+30
5.50000000000000e-01	6.64708231945812e+30
5.60000000000000e-01	6.90107855110695e+30
5.70000000000000e-01	7.16035920470756e+30
5.80000000000000e-01	7.42505547753640e+30
5.90000000000000e-01	7.69519996812518e+30
6.00000000000000e-01	7.97085245854873e+30
6.10000000000000e-01	8.25209491575681e+30
6.20000000000000e-01	8.53883608672053e+30
6.30000000000000e-01	8.83133781947840e+30
6.40000000000000e-01	9.12949955407012e+30
6.50000000000000e-01	9.43336787132766e+30
6.60000000000000e-01	9.74311211245888e+30
6.70000000000000e-01	1.00588091662807e+31
6.80000000000000e-01	1.03803554647647e+31
6.90000000000000e-01	1.07079322414855e+31
7.00000000000000e-01	1.10416192565517e+31
7.10000000000000e-01	1.13814587603169e+31
7.20000000000000e-01	1.17276004063487e+31
7.30000000000000e-01	1.20798940197547e+31
7.40000000000000e-01	1.24386608537315e+31
7.50000000000000e-01	1.28037957341667e+31
7.60000000000000e-01	1.31753603736952e+31
7.70000000000000e-01	1.35535611027908e+31
7.80000000000000e-01	1.39384497904299e+31
7.90000000000000e-01	1.43301716558612e+31
8.00000000000000e-01	1.47287330763885e+31
8.10000000000000e-01	1.51342093417617e+31
8.20000000000000e-01	1.55466518961331e+31
8.30000000000000e-01	1.59663027733035e+31
8.40000000000000e-01	1.63931049908887e+31
8.50000000000000e-01	1.68272896733128e+31
8.60000000000000e-01	1.72689115940637e+31
8.70000000000000e-01	1.77180959267228e+31
8.80000000000000e-01	1.81748403936545e+31
8.90000000000000e-01	1.86393577130624e+31
9.00000000000000e-01	1.91118156998197e+31
9.10000000000000e-01	1.95921465197034e+31
9.20000000000000e-01	2.00806462104063e+31
9.30000000000000e-01	2.05772872648355e+31
9.40000000000000e-01	2.10825880094839e+31
9.50000000000000e-01	2.15960669506581e+31
9.60000000000000e-01	2.21185133906010e+31
9.70000000000000e-01	2.26495305368818e+31
9.80000000000000e-01	2.31895720916715e+31
9.90000000000000e-01	2.37385667052373e+31
1.00000000000000e+00	2.42968276458113e+31
1.01000000000000e+00	2.48644847941914e+31
1.02000000000000e+00	2.54417888320660e+31
1.03000000000000e+00	2.60290523536204e+31
1.04000000000000e+00	2.66259426443342e+31
1.05000000000000e+00	2.72330698337053e+31
1.06000000000000e+00	2.78504486401079e+31
1.07000000000000e+00	2.84783168935319e+31
1.08000000000000e+00	2.91167812086555e+31
1.09000000000000e+00	2.97662749233132e+31
1.10000000000000e+00	3.04268613468154e+31
1.11000000000000e+00	3.10987716383771e+31
1.12000000000000e+00	3.17822473991011e+31
1.13000000000000e+00	3.24777354106203e+31
1.14000000000000e+00	3.31851061859901e+31
1.15000000000000e+00	3.39049596057701e+31
1.16000000000000e+00	3.46370534960176e+31
1.17000000000000e+00	3.53822822875113e+31
1.18000000000000e+00	3.61404215658314e+31
1.19000000000000e+00	3.69122691068607e+31
1.20000000000000e+00	3.76974300578139e+31
1.21000000000000e+00	3.84969649897117e+31
1.22000000000000e+00	3.93108293803540e+31
1.23000000000000e+00	4.01394204276960e+31
1.24000000000000e+00	4.09829143054794e+31
1.25000000000000e+00	4.18421920789927e+31
1.26000000000000e+00	4.27170390991535e+31
1.27000000000000e+00	4.36078643217160e+31
1.28000000000000e+00	4.45156166835058e+31
1.29000000000000e+00	4.54401490644524e+31
1.30000000000000e+00	4.63822304111059e+31
1.31000000000000e+00	4.73426172641653e+31
1.32000000000000e+00	4.83208915920547e+31
1.33000000000000e+00	4.93186319339327e+31
1.34000000000000e+00	5.03353890693415e+31
1.35000000000000e+00	5.13722705364909e+31
1.36000000000000e+00	5.24296219258681e+31
1.37000000000000e+00	5.35080253876879e+31
1.38000000000000e+00	5.46080900548784e+31
1.39000000000000e+00	5.57306361137961e+31
1.40000000000000e+00	5.68763363062852e+31
1.41000000000000e+00	5.80454250175793e+31
1.42000000000000e+00	5.92393984870064e+31
1.43000000000000e+00	6.04585509445233e+31
1.44000000000000e+00	6.17035405904907e+31
1.45000000000000e+00	6.29755680531122e+31
1.46000000000000e+00	6.42752610354092e+31
1.47000000000000e+00	6.56033342761295e+31
1.48000000000000e+00	6.69616815855127e+31
1.49000000000000e+00	6.83500924058890e+31
1.50000000000000e+00	6.97708418496468e+31
1.51000000000000e+00	7.12235931898156e+31
1.52000000000000e+00	7.27113139239818e+31
1.53000000000000e+00	7.42335560620514e+31
1.54000000000000e+00	7.57926970791521e+31
1.55000000000000e+00	7.73899616754668e+31
1.56000000000000e+00	7.90262291839969e+31
1.57000000000000e+00	8.07041966862413e+31
1.58000000000000e+00	8.24248139883465e+31
1.59000000000000e+00	8.41900753830851e+31
1.60000000000000e+00	8.60015970091686e+31
1.61000000000000e+00	8.78619025277321e+31
1.62000000000000e+00	8.97733458739509e+31
1.63000000000000e+00	9.17372687959791e+31
1.64000000000000e+00	9.37565079188605e+31
1.65000000000000e+00	9.58339375309326e+31
1.66000000000000e+00	9.79705212203339e+31
1.67000000000000e+00	1.00170533537754e+32
1.68000000000000e+00	1.02435184126123e+32
1.69000000000000e+00	1.04767722123256e+32
1.70000000000000e+00	1.07170192174057e+32
1.71000000000000e+00	1.09646929495121e+32
1.72000000000000e+00	1.12200533137363e+32
1.73000000000000e+00	1.14834829373719e+32
1.74000000000000e+00	1.17555229204569e+32
1.75000000000000e+00	1.20367211564326e+32
1.76000000000000e+00	1.23278559476162e+32
1.77000000000000e+00	1.26296860544101e+32
1.78000000000000e+00	1.29430864500699e+32
1.79000000000000e+00	1.32689910588815e+32
1.80000000000000e+00	1.36086212353509e+32
1.81000000000000e+00	1.39630092943371e+32
1.82000000000000e+00	1.43330599160795e+32
1.83000000000000e+00	1.47198951203221e+32
1.84000000000000e+00	1.51243185099222e+32
1.85000000000000e+00	1.55472350541402e+32
1.86000000000000e+00	1.59891005574035e+32
1.87000000000000e+00	1.64505342507581e+32
1.88000000000000e+00	1.69319407980937e+32
1.89000000000000e+00	1.74335564537701e+32
1.90000000000000e+00	1.79561434622613e+32
1.91000000000000e+00	1.85001824164557e+32
1.92000000000000e+00	1.90669987001226e+32
1.93000000000000e+00	1.96584056090124e+32
1.94000000000000e+00	2.02767719717663e+32
1.95000000000000e+00	2.09258667061511e+32
1.96000000000000e+00	2.16106384720231e+32
1.97000000000000e+00	2.23376525568487e+32
1.98000000000000e+00	2.31152330592383e+32
1.99000000000000e+00	2.39537547572185e+32
2.00000000000000e+00	2.48652590529630e+32
2.01000000000000e+00	2.58637347172345e+32
2.02000000000000e+00	2.69656618443098e+32
2.03000000000000e+00	2.81885148505057e+32
2.04000000000000e+00	2.95509107422658e+32
2.05000000000000e+00	3.10722062888780e+32
2.06000000000000e+00	3.27705271693856e+32
2.07000000000000e+00	3.46628587790300e+32
2.08000000000000e+00	3.67621011597592e+32
2.09000000000000e+00	3.90759696958750e+32
2.10000000000000e+00	4.16049427343712e+32
2.11000000000000e+00	4.43393870379852e+32
2.12000000000000e+00	4.72581228034565e+32
2.13000000000000e+00	5.03277735030494e+32
2.14000000000000e+00	5.34998997425263e+32
2.15000000000000e+00	5.67126940203918e+32
2.16000000000000e+00	5.98907131347028e+32
2.17000000000000e+00	6.29485025519430e+32
2.18000000000000e+00	6.57938288414406e+32
2.19000000000000e+00	6.83339221202829e+32
2.20000000000000e+00	7.04838093556011e+32
2.21000000000000e+00	7.21736686120127e+32
2.22000000000000e+00	7.33605465354884e+32
2.23000000000000e+00	7.40345916231605e+32
2.24000000000000e+00	7.42237198920559e+32
2.25000000000000e+00	7.39935589104292e+32
2.26000000000000e+00	7.34391413696411e+32
2.27000000000000e+00	7.26685274293373e+32
2.28000000000000e+00	7.17905082411066e+32
2.29000000000000e+00	7.09027987489970e+32
2.30000000000000e+00	7.00877440118407e+32
2.31000000000000e+00	6.94152873355451e+32
2.32000000000000e+00	6.89441924709388e+32
2.33000000000000e+00	6.87184669486885e+32
2.34000000000000e+00	6.87613992485064e+32
2.35000000000000e+00	6.90562886312032e+32
2.36000000000000e+00	6.95332711502740e+32
2.37000000000000e+00	7.00514041226484e+32
2.38000000000000e+00	7.04037954916599e+32
2.39000000000000e+00	7.03461709697091e+32
2.40000000000000e+00	6.96565017433746e+32
2.41000000000000e+00	6.82068122953541e+32
2.42000000000000e+00	6.60080444747476e+32
2.43000000000000e+00	6.32015240259832e+32
2.44000000000000e+00	6.00025371337605e+32
2.45000000000000e+00	5.66309507973128e+32
2.46000000000000e+00	5.32660175578343e+32
2.47000000000000e+00	5.00341667700579e+32
2.48000000000000e+00	4.70166254580471e+32
2.49000000000000e+00	4.42678019077040e+32
2.50000000000000e+00	4.18282656147117e+32
2.51000000000000e+00	3.97334253696943e+32
2.52000000000000e+00	3.80137220490717e+32
2.53000000000000e+00	3.66919327655200e+32
2.54000000000000e+00	3.57824366930799e+32
2.55000000000000e+00	3.52907074849203e+32
2.56000000000000e+00	3.52141479539206e+32
2.57000000000000e+00	3.55453389275815e+32
2.58000000000000e+00	3.62709337408181e+32
2.59000000000000e+00	3.73684508876784e+32
2.60000000000000e+00	3.87986058208573e+32
2.61000000000000e+00	4.04953069330676e+32
2.62000000000000e+00	4.23572562017992e+32
2.63000000000000e+00	4.42488918221242e+32
2.64000000000000e+00	4.60124902910501e+32
2.65000000000000e+00	4.74960850734758e+32
2.66000000000000e+00	4.85881184638249e+32
2.67000000000000e+00	4.92419310266969e+32
2.68000000000000e+00	4.94803688904567e+32
2.69000000000000e+00	4.93766396409256e+32
2.70000000000000e+00	4.90273017055367e+32
2.71000000000000e+00	4.85305661719252e+32
2.72000000000000e+00	4.79696743082218e+32
2.73000000000000e+00	4.74079865318545e+32
2.74000000000000e+00	4.68840358239559e+32
2.75000000000000e+00	4.64107639859040e+32
2.76000000000000e+00	4.59785317048181e+32
2.77000000000000e+00	4.55653671460324e+32
2.78000000000000e+00	4.51553464499000e+32
2.79000000000000e+00	4.47551039870381e+32
2.80000000000000e+00	4.44036009779487e+32
2.81000000000000e+00	4.41644848604648e+32
2.82000000000000e+00	4.41057925575297e+32
2.83000000000000e+00	4.42768569156167e+32
2.84000000000000e+00	4.46913306121608e+32
2.85000000000000e+00	4.53229961807530e+32
2.86000000000000e+00	4.61142716952436e+32
2.87000000000000e+00	4.69948269426099e+32
2.88000000000000e+00	4.79029894806914e+32
2.89000000000000e+00	4.88008188668187e+32
2.90000000000000e+00	4.96719910463307e+32
2.91000000000000e+00	5.05063065291719e+32
2.92000000000000e+00	5.12818727781127e+32
2.93000000000000e+00	5.19517274847078e+32
2.94000000000000e+00	5.24474754521347e+32
2.95000000000000e+00	5.26951700020695e+32
2.96000000000000e+00	5.26371663593651e+32
2.97000000000000e+00	5.22490069009554e+32
2.98000000000000e+00	5.15458315200988e+32
2.99000000000000e+00	5.05754694191785e+32
3.00000000000000e+00	4.94079769635369e+32
3.01000000000000e+00	4.81226939956336e+32
3.02000000000000e+00	4.67986060763085e+32
3.03000000000000e+00	4.55063108303020e+32
3.04000000000000e+00	4.43051527412979e+32
3.05000000000000e+00	4.32417003274962e+32
3.06000000000000e+00	4.23526736006178e+32
3.07000000000000e+00	4.16656697032961e+32
3.08000000000000e+00	4.11964080074407e+32
3.09000000000000e+00	4.09461710871279e+32
3.10000000000000e+00	4.09000775998469e+32
3.11000000000000e+00	4.10297644425936e+32
3.12000000000000e+00	4.13006734960994e+32
3.13000000000000e+00	4.16780989264996e+32
3.14000000000000e+00	4.21307676451154e+32
3.15000000000000e+00	4.26251599332668e+32
3.16000000000000e+00	4.31170164696419e+32
3.17000000000000e+00	4.35405604222625e+32
3.18000000000000e+00	4.38091780251468e+32
3.19000000000000e+00	4.38262383573468e+32
3.20000000000000e+00	4.35144481186816e+32
3.21000000000000e+00	4.28443642377054e+32
3.22000000000000e+00	4.18499590242986e+32
3.23000000000000e+00	4.06154567002467e+32
3.24000000000000e+00	3.92429244572604e+32
3.25000000000000e+00	3.78191806748926e+32
3.26000000000000e+00	3.63962127868659e+32
3.27000000000000e+00	3.49917729781190e+32
3.28000000000000e+00	3.36002075113733e+32
3.29000000000000e+00	3.22114015498257e+32
3.30000000000000e+00	3.08245241211169e+32
3.31000000000000e+00	2.94523885532501e+32
3.32000000000000e+00	2.81170295882490e+32
3.33000000000000e+00	2.68398742528147e+32
3.34000000000000e+00	2.56312333140318e+32
3.35000000000000e+00	2.44878420122246e+32
3.36000000000000e+00	2.33937164506464e+32
3.37000000000000e+00	2.23267076666923e+32
3.38000000000000e+00	2.12662285879989e+32
3.39000000000000e+00	2.01996661563930e+32
3.40000000000000e+00	1.91268921586155e+32
3.41000000000000e+00	1.80608345482984e+32
3.42000000000000e+00	1.70252181499920e+32
3.43000000000000e+00	1.60489591225923e+32
3.44000000000000e+00	1.51599520454748e+32
3.45000000000000e+00	1.43803240552709e+32
3.46000000000000e+00	1.37245162161753e+32
3.47000000000000e+00	1.31985545431240e+32
3.48000000000000e+00	1.28027821057340e+32
3.49000000000000e+00	1.25331154217664e+32
3.50000000000000e+00	1.23833468654648e+32
3.51000000000000e+00	1.23452418663719e+32
3.52000000000000e+00	1.24081262260672e+32
3.53000000000000e+00	1.25577587655768e+32
3.54000000000000e+00	1.27758699407952e+32
3.55000000000000e+00	1.30407355463199e+32
3.56000000000000e+00	1.33286508600107e+32
3.57000000000000e+00	1.36163768183580e+32
3.58000000000000e+00	1.38830696530032e+32
3.59000000000000e+00	1.41125936934602e+32
3.60000000000000e+00	1.42941845877595e+32
3.61000000000000e+00	1.44221243357524e+32
3.62000000000000e+00	1.44947100111167e+32
3.63000000000000e+00	1.45132128645969e+32
3.64000000000000e+00	1.44808205166214e+32
3.65000000000000e+00	1.44013075536586e+32
3.66000000000000e+00	1.42791577957044e+32
3.67000000000000e+00	1.41187043375374e+32
3.68000000000000e+00	1.39238936707433e+32
3.69000000000000e+00	1.36975793472627e+32
3.70000000000000e+00	1.34411458652702e+32
3.71000000000000e+00	1.31546217723568e+32
3.72000000000000e+00	1.28370967195989e+32
3.73000000000000e+00	1.24878271192612e+32
3.74000000000000e+00	1.21083051970241e+32
3.75000000000000e+00	1.17027863370311e+32
3.76000000000000e+00	1.12799571962172e+32
3.77000000000000e+00	1.08512417134565e+32
3.78000000000000e+00	1.04293922658574e+32
3.79000000000000e+00	1.00261983923774e+32
3.80000000000000e+00	9.64970642875217e+31
3.81000000000000e+00	9.30456276381400e+31
3.82000000000000e+00	8.99110224383876e+31
3.83000000000000e+00	8.70679037968833e+31
3.84000000000000e+00	8.44664492505409e+31
3.85000000000000e+00	8.20454248249551e+31
3.86000000000000e+00	7.97429963631094e+31
3.87000000000000e+00	7.74931145000872e+31
3.88000000000000e+00	7.52434635983743e+31
3.89000000000000e+00	7.29531097567480e+31
3.90000000000000e+00	7.06028308127400e+31
3.91000000000000e+00	6.81978783531521e+31
3.92000000000000e+00	6.57645588571605e+31
3.93000000000000e+00	6.33450202684005e+31
3.94000000000000e+00	6.09796047539744e+31
3.95000000000000e+00	5.87044410885586e+31
3.96000000000000e+00	5.65404189469381e+31
3.97000000000000e+00	5.44998740421193e+31
3.98000000000000e+00	5.25825192212282e+31
3.99000000000000e+00	5.07800021718174e+31
4.00000000000000e+00	4.90791132653555e+31
4.01000000000000e+00	4.74608292613718e+31
4.02000000000000e+00	4.59071128406867e+31
4.03000000000000e+00	4.43999895466094e+31
4.04000000000000e+00	4.29322466974723e+31
4.05000000000000e+00	4.15024155611244e+31
4.06000000000000e+00	4.01201452728869e+31
4.07000000000000e+00	3.88006133664255e+31
4.08000000000000e+00	3.75560063986941e+31
4.09000000000000e+00	3.63988299838212e+31
4.10000000000000e+00	3.53316051030643e+31
4.11000000000000e+00	3.43519034155928e+31
4.12000000000000e+00	3.34529375229983e+31
4.13000000000000e+00	3.26270185698911e+31
4.14000000000000e+00	3.18654821147611e+31
4.15000000000000e+00	3.11627758578447e+31
4.16000000000000e+00	3.05144861635420e+31
4.17000000000000e+00	2.99135826499424e+31
4.18000000000000e+00	2.93547813620991e+31
4.19000000000000e+00	2.88291312935563e+31
4.20000000000000e+00	2.83249509485852e+31
4.21000000000000e+00	2.78283569040175e+31
4.22000000000000e+00	2.73241400230269e+31
4.23000000000000e+00	2.67937660707166e+31
4.24000000000000e+00	2.62229945858068e+31
4.25000000000000e+00	2.55983713971778e+31
4.26000000000000e+00	2.49105485783742e+31
4.27000000000000e+00	2.41526057213662e+31
4.28000000000000e+00	2.33233285951657e+31
4.29000000000000e+00	2.24225173839111e+31
4.30000000000000e+00	2.14553425477548e+31
4.31000000000000e+00	2.04326501375968e+31
4.32000000000000e+00	1.93714215822894e+31
4.33000000000000e+00	1.82937635998619e+31
4.34000000000000e+00	1.72250296600912e+31
4.35000000000000e+00	1.61916044300892e+31
4.36000000000000e+00	1.52176769657883e+31
4.37000000000000e+00	1.43231268823898e+31
4.38000000000000e+00	1.35227006279440e+31
4.39000000000000e+00	1.28243711633523e+31
4.40000000000000e+00	1.22293238069295e+31
4.41000000000000e+00	1.17330741032253e+31
4.42000000000000e+00	1.13256758101541e+31
4.43000000000000e+00	1.09932735633798e+31
4.44000000000000e+00	1.07189274616736e+31
4.45000000000000e+00	1.04845115557888e+31
4.46000000000000e+00	1.02723045664001e+31
4.47000000000000e+00	1.00662944206266e+31
4.48000000000000e+00	9.85377387237625e+30
4.49000000000000e+00	9.62565827281434e+30
4.50000000000000e+00	9.37665226571333e+30
4.51000000000000e+00	9.10510817628271e+30
4.52000000000000e+00	8.81239757683733e+30
4.53000000000000e+00	8.50282147867889e+30
4.54000000000000e+00	8.18352122065282e+30
4.55000000000000e+00	7.86433252244336e+30
4.56000000000000e+00	7.55780098010121e+30
4.57000000000000e+00	7.27902609437116e+30
4.58000000000000e+00	7.04495214639005e+30
4.59000000000000e+00	6.87342643618096e+30
4.60000000000000e+00	6.78133435310172e+30
4.61000000000000e+00	6.78307456813354e+30
4.62000000000000e+00	6.88810799436258e+30
4.63000000000000e+00	7.09978678706959e+30
4.64000000000000e+00	7.41358099797617e+30
4.65000000000000e+00	7.81688928975347e+30
4.66000000000000e+00	8.28936588369860e+30
4.67000000000000e+00	8.80456647339764e+30
4.68000000000000e+00	9.33168426658602e+30
4.69000000000000e+00	9.83771284970833e+30
4.70000000000000e+00	1.02899232672216e+31
4.71000000000000e+00	1.06574594466190e+31
4.72000000000000e+00	1.09131206761790e+31
4.73000000000000e+00	1.10364028418959e+31
4.74000000000000e+00	1.10158846852893e+31
4.75000000000000e+00	1.08518945358146e+31
4.76000000000000e+00	1.05582393075536e+31
4.77000000000000e+00	1.01624400605883e+31
4.78000000000000e+00	9.70364182036547e+30
4.79000000000000e+00	9.22888514629208e+30
4.80000000000000e+00	8.78747359395747e+30
4.81000000000000e+00	8.42435175247889e+30
4.82000000000000e+00	8.17327333238121e+30
4.83000000000000e+00	8.05261059794860e+30
4.84000000000000e+00	8.06303080321333e+30
4.85000000000000e+00	8.18894793036621e+30
4.86000000000000e+00	8.40256306459720e+30
4.87000000000000e+00	8.66890583176638e+30
4.88000000000000e+00	8.95094701714296e+30
4.89000000000000e+00	9.21358936580502e+30
4.90000000000000e+00	9.42626895066456e+30
4.91000000000000e+00	9.56360840851086e+30
4.92000000000000e+00	9.60662756661634e+30
4.93000000000000e+00	9.54217900078385e+30
4.94000000000000e+00	9.36284188228344e+30
4.95000000000000e+00	9.06625548099033e+30
4.96000000000000e+00	8.65478267471236e+30
4.97000000000000e+00	8.13536817021649e+30
4.98000000000000e+00	7.51907424524978e+30
4.99000000000000e+00	6.82185583441720e+30
5.00000000000000e+00	6.06498142160746e+30
5.01000000000000e+00	5.27580477982694e+30
5.02000000000000e+00	4.48828786556157e+30
5.03000000000000e+00	3.74360950170485e+30
5.04000000000000e+00	3.09017350347995e+30
5.05000000000000e+00	2.58309097487990e+30
5.06000000000000e+00	2.28285179759761e+30
5.07000000000000e+00	2.25278138196079e+30
5.08000000000000e+00	2.55481300088839e+30
5.09000000000000e+00	3.24409035274450e+30
5.10000000000000e+00	4.36236068913271e+30
5.11000000000000e+00	5.93107995858966e+30
5.12000000000000e+00	7.94551864820380e+30
5.13000000000000e+00	1.03708723100415e+31
5.14000000000000e+00	1.31413247025814e+31
5.15000000000000e+00	1.61625490908855e+31
5.16000000000000e+00	1.93170728230630e+31
5.17000000000000e+00	2.24720880636816e+31
5.18000000000000e+00	2.54884185527294e+31
5.19000000000000e+00	2.82301524514126e+31
5.20000000000000e+00	3.05743925212367e+31
5.21000000000000e+00	3.24190820663916e+31
5.22000000000000e+00	3.36937427720808e+31
5.23000000000000e+00	3.43599509415923e+31
5.24000000000000e+00	3.44163466295586e+31
5.25000000000000e+00	3.38939418630675e+31
5.26000000000000e+00	3.28512521899641e+31
5.27000000000000e+00	3.13684401093331e+31
5.28000000000000e+00	2.95401466551525e+31
5.29000000000000e+00	2.74712632708797e+31
5.30000000000000e+00	2.52697687949409e+31
5.31000000000000e+00	2.30401139107022e+31
5.32000000000000e+00	2.08771684099972e+31
5.33000000000000e+00	1.88582803438648e+31
5.34000000000000e+00	1.70400745157273e+31
5.35000000000000e+00	1.54556540883273e+31
5.36000000000000e+00	1.41164661740275e+31
5.37000000000000e+00	1.30149223840162e+31
5.38000000000000e+00	1.21300343923588e+31
5.39000000000000e+00	1.14325247044028e+31
5.40000000000000e+00	1.08901090897915e+31
5.41000000000000e+00	1.04718830828923e+31
5.42000000000000e+00	1.01505383941052e+31
5.43000000000000e+00	9.90455794252270e+30
5.44000000000000e+00	9.71804680129760e+30
5.45000000000000e+00	9.58047584231905e+30
5.46000000000000e+00	9.48557724647033e+30
5.47000000000000e+00	9.43055147500927e+30
5.48000000000000e+00	9.41460082548668e+30
5.49000000000000e+00	9.43841930462108e+30
5.50000000000000e+00	9.50303840318353e+30
5.51000000000000e+00	9.60892854163144e+30
5.52000000000000e+00	9.75544184796189e+30
5.53000000000000e+00	9.94007439376303e+30
5.54000000000000e+00	1.01575503900847e+31
5.55000000000000e+00	1.04001700363797e+31
5.56000000000000e+00	1.06571417435930e+31
5.57000000000000e+00	1.09149658589049e+31
5.58000000000000e+00	1.11579616810262e+31
5.59000000000000e+00	1.13683654883016e+31
5.60000000000000e+00	1.15271489108269e+31
5.61000000000000e+00	1.16148330871314e+31
5.62000000000000e+00	1.16122938404347e+31
5.63000000000000e+00	1.15023465625188e+31
5.64000000000000e+00	1.12704584710483e+31
5.65000000000000e+00	1.09065321271788e+31
5.66000000000000e+00	1.04059708887817e+31
5.67000000000000e+00	9.77094827533897e+30
5.68000000000000e+00	9.01133288726828e+30
5.69000000000000e+00	8.14566360353767e+30
5.70000000000000e+00	7.20105448216138e+30
5.71000000000000e+00	6.21360647581024e+30
5.72000000000000e+00	5.22634563683978e+30
5.73000000000000e+00	4.28712975886345e+30
5.74000000000000e+00	3.44469005850002e+30
5.75000000000000e+00	2.74480379229639e+30
5.76000000000000e+00	2.22648181210088e+30
5.77000000000000e+00	1.91948543043882e+30
5.78000000000000e+00	1.84308240653579e+30
5.79000000000000e+00	2.00616249177244e+30
5.80000000000000e+00	2.40836803529430e+30
5.81000000000000e+00	3.04146571487584e+30
5.82000000000000e+00	3.89076210996869e+30
5.83000000000000e+00	4.93583725899915e+30
5.84000000000000e+00	6.15100778209613e+30
5.85000000000000e+00	7.50493055835963e+30
5.86000000000000e+00	8.96004472381753e+30
5.87000000000000e+00	1.04717887571939e+31
5.88000000000000e+00	1.19879504807958e+31
5.89000000000000e+00	1.34491091008956e+31
5.90000000000000e+00	1.47894299072102e+31
5.91000000000000e+00	1.59395357021864e+31
5.92000000000000e+00	1.68306939002880e+31
5.93000000000000e+00	1.74002106841028e+31
5.94000000000000e+00	1.75976522366171e+31
5.95000000000000e+00	1.73921317411459e+31
5.96000000000000e+00	1.67760488976548e+31
5.97000000000000e+00	1.57696304068646e+31
5.98000000000000e+00	1.44213230771945e+31
5.99000000000000e+00	1.28061687178531e+31
6.00000000000000e+00	1.10209102897472e+31
6.01000000000000e+00	9.17634303277402e+30
6.02000000000000e+00	7.38784339214376e+30
6.03000000000000e+00	5.76453347600223e+30
6.04000000000000e+00	4.39901991799810e+30
6.05000000000000e+00	3.35922347044107e+30
6.06000000000000e+00	2.68333644475862e+30
6.07000000000000e+00	2.37807212314616e+30
6.08000000000000e+00	2.42063126354420e+30
6.09000000000000e+00	2.76344137518190e+30
6.10000000000000e+00	3.34090356542751e+30
6.11000000000000e+00	4.07742371024105e+30
6.12000000000000e+00	4.89510841046522e+30
6.13000000000000e+00	5.72121080458831e+30
6.14000000000000e+00	6.49366507657576e+30
6.15000000000000e+00	7.16530144684458e+30
6.16000000000000e+00	7.70578532881983e+30
6.17000000000000e+00	8.10239073661221e+30
6.18000000000000e+00	8.35774339219710e+30
6.19000000000000e+00	8.48761510974768e+30
6.20000000000000e+00	8.51678101418876e+30
6.21000000000000e+00	8.47424255189515e+30
6.22000000000000e+00	8.38956061906384e+30
6.23000000000000e+00	8.28931325036035e+30
6.24000000000000e+00	8.19462901728048e+30
6.25000000000000e+00	8.12079407868024e+30
6.26000000000000e+00	8.07681903709454e+30
6.27000000000000e+00	8.06653795094861e+30
6.28000000000000e+00	8.09014895470222e+30
6.29000000000000e+00	8.14473209318498e+30
6.30000000000000e+00	8.22627511519820e+30
6.31000000000000e+00	8.32985489381554e+30
6.32000000000000e+00	8.44988337937661e+30
6.33000000000000e+00	8.58054090867275e+30
6.34000000000000e+00	8.71554856051762e+30
6.35000000000000e+00	8.84805297296607e+30
6.36000000000000e+00	8.97038240176163e+30
6.37000000000000e+00	9.07435928026994e+30
6.38000000000000e+00	9.15141572596350e+30
6.39000000000000e+00	9.19302423658062e+30
6.40000000000000e+00	9.19164885457467e+30
6.41000000000000e+00	9.14086447215210e+30
6.42000000000000e+00	9.03625155276793e+30
6.43000000000000e+00	8.87566621231936e+30
6.44000000000000e+00	8.65975206442136e+30
6.45000000000000e+00	8.39079313211872e+30
6.46000000000000e+00	8.07364580961268e+30
6.47000000000000e+00	7.71434813738319e+30
6.48000000000000e+00	7.32153738887283e+30
6.49000000000000e+00	6.90568038244743e+30
6.50000000000000e+00	6.48042049961491e+30
6.51000000000000e+00	6.06329622246911e+30
6.52000000000000e+00	5.67752768458595e+30
6.53000000000000e+00	5.35260555222961e+30
6.54000000000000e+00	5.12491248942757e+30
6.55000000000000e+00	5.03746854758619e+30
6.56000000000000e+00	5.13784234015274e+30
6.57000000000000e+00	5.47432508123031e+30
6.58000000000000e+00	6.09088143614344e+30
6.59000000000000e+00	7.02066835078442e+30
6.60000000000000e+00	8.27990743986089e+30
6.61000000000000e+00	9.86259419905407e+30
6.62000000000000e+00	1.17380194779920e+31
6.63000000000000e+00	1.38514959677545e+31
6.64000000000000e+00	1.61276380136602e+31
6.65000000000000e+00	1.84771213395828e+31
6.66000000000000e+00	2.08034569338997e+31
6.67000000000000e+00	2.30106247813414e+31
6.68000000000000e+00	2.50114325185199e+31
6.69000000000000e+00	2.67330018592370e+31
6.70000000000000e+00	2.81205577320794e+31
6.71000000000000e+00	2.91396125977293e+31
6.72000000000000e+00	2.97779383911933e+31
6.73000000000000e+00	3.00445075283754e+31
6.74000000000000e+00	2.99670117435885e+31
6.75000000000000e+00	2.95898613563509e+31
6.76000000000000e+00	2.89691821323666e+31
6.77000000000000e+00	2.81673842346843e+31
6.78000000000000e+00	2.72479499676283e+31
6.79000000000000e+00	2.62695910321295e+31
6.80000000000000e+00	2.52819249049293e+31
6.81000000000000e+00	2.43230816485389e+31
6.82000000000000e+00	2.34188995657274e+31
6.83000000000000e+00	2.25833288559256e+31
6.84000000000000e+00	2.18207940957060e+31
6.85000000000000e+00	2.11284661691046e+31
6.86000000000000e+00	2.04993493714811e+31
6.87000000000000e+00	1.99232235398052e+31
6.88000000000000e+00	1.93895440444905e+31
6.89000000000000e+00	1.88874104538226e+31
6.90000000000000e+00	1.84078567710854e+31
6.91000000000000e+00	1.79429487002061e+31
6.92000000000000e+00	1.74875510576249e+31
6.93000000000000e+00	1.70379687068724e+31
6.94000000000000e+00	1.65933367397773e+31
6.95000000000000e+00	1.61547778817660e+31
6.96000000000000e+00	1.57251291710468e+31
6.97000000000000e+00	1.53087282720376e+31
6.98000000000000e+00	1.49104865867555e+31
6.99000000000000e+00	1.45356367457719e+31
7.00000000000000e+00	1.41880994244017e+31
7.01000000000000e+00	1.38707326548218e+31
7.02000000000000e+00	1.35855444862664e+31
7.03000000000000e+00	1.33331720752139e+31
7.04000000000000e+00	1.31155689898985e+31
7.05000000000000e+00	1.29362177708369e+31
7.06000000000000e+00	1.28026031062152e+31
7.07000000000000e+00	1.27269916311293e+31
7.08000000000000e+00	1.27276373981457e+31
7.09000000000000e+00	1.28280642204458e+31
7.10000000000000e+00	1.30552326403640e+31
7.11000000000000e+00	1.34370003367854e+31
7.12000000000000e+00	1.39974850953265e+31
7.13000000000000e+00	1.47530039974513e+31
7.14000000000000e+00	1.57073959497328e+31
7.15000000000000e+00	1.68491856841539e+31
7.16000000000000e+00	1.81504787556298e+31
7.17000000000000e+00	1.95678643686509e+31
7.18000000000000e+00	2.10451387290443e+31
7.19000000000000e+00	2.25192704795560e+31
7.20000000000000e+00	2.39253352421700e+31
7.21000000000000e+00	2.52014181003396e+31
7.22000000000000e+00	2.62946515532837e+31
7.23000000000000e+00	2.71644285399804e+31
7.24000000000000e+00	2.77836000285606e+31
7.25000000000000e+00	2.81412061200453e+31
7.26000000000000e+00	2.82423550439006e+31
7.27000000000000e+00	2.81061236482214e+31
7.28000000000000e+00	2.77650000674752e+31
7.29000000000000e+00	2.72627670270250e+31
7.30000000000000e+00	2.66510216206206e+31
7.31000000000000e+00	2.59865145084791e+31
7.32000000000000e+00	2.53278271708569e+31
7.33000000000000e+00	2.47304534107928e+31
7.34000000000000e+00	2.42449659821543e+31
7.35000000000000e+00	2.39110717482000e+31
7.36000000000000e+00	2.37576226293031e+31
7.37000000000000e+00	2.37984400988451e+31
7.38000000000000e+00	2.40331692007001e+31
7.39000000000000e+00	2.44479071885377e+31
7.40000000000000e+00	2.50165266877369e+31
7.41000000000000e+00	2.57050451440052e+31
7.42000000000000e+00	2.64726620586692e+31
7.43000000000000e+00	2.72768643527701e+31
7.44000000000000e+00	2.80758051739864e+31
7.45000000000000e+00	2.88310692509417e+31
7.46000000000000e+00	2.95092618065589e+31
7.47000000000000e+00	3.00836390587913e+31
7.48000000000000e+00	3.05360947582706e+31
7.49000000000000e+00	3.08556093847214e+31
7.50000000000000e+00	3.10397783189976e+31
7.51000000000000e+00	3.10941712121457e+31
7.52000000000000e+00	3.10320919567706e+31
7.53000000000000e+00	3.08736035313812e+31
7.54000000000000e+00	3.06467069224372e+31
7.55000000000000e+00	3.03870146669852e+31
7.56000000000000e+00	3.01376192185522e+31
7.57000000000000e+00	2.99481976781574e+31
7.58000000000000e+00	2.98721391585613e+31
7.59000000000000e+00	2.99650985986837e+31
7.60000000000000e+00	3.02794546117332e+31
7.61000000000000e+00	3.08606842399175e+31
7.62000000000000e+00	3.17425971037303e+31
7.63000000000000e+00	3.29435189296484e+31
7.64000000000000e+00	3.44628956254433e+31
7.65000000000000e+00	3.62799772178548e+31
7.66000000000000e+00	3.83535708926093e+31
7.67000000000000e+00	4.06235812861658e+31
7.68000000000000e+00	4.30140095330577e+31
7.69000000000000e+00	4.54392306888624e+31
7.70000000000000e+00	4.78049656182255e+31
7.71000000000000e+00	5.00185204394927e+31
7.72000000000000e+00	5.19887495942511e+31
7.73000000000000e+00	5.36355677049990e+31
7.74000000000000e+00	5.48893042152471e+31
7.75000000000000e+00	5.56968762636403e+31
7.76000000000000e+00	5.60233867647151e+31
7.77000000000000e+00	5.58530363317360e+31
7.78000000000000e+00	5.51903897202760e+31
7.79000000000000e+00	5.40600689975422e+31
7.80000000000000e+00	5.25066452957796e+31
7.81000000000000e+00	5.05924542714292e+31
7.82000000000000e+00	4.83967866521683e+31
7.83000000000000e+00	4.60097617954108e+31
7.84000000000000e+00	4.35310806685859e+31
7.85000000000000e+00	4.10617032099556e+31
7.86000000000000e+00	3.87000854109212e+31
7.87000000000000e+00	3.65349808630878e+31
7.88000000000000e+00	3.46396392634586e+31
7.89000000000000e+00	3.30671425172935e+31
7.90000000000000e+00	3.18462801825443e+31
7.91000000000000e+00	3.09805057869154e+31
7.92000000000000e+00	3.04484383109142e+31
7.93000000000000e+00	3.02066043124386e+31
7.94000000000000e+00	3.01952214025244e+31
7.95000000000000e+00	3.03437094505747e+31
7.96000000000000e+00	3.05772048710404e+31
7.97000000000000e+00	3.08251853563783e+31
7.98000000000000e+00	3.10251823261557e+31
7.99000000000000e+00	3.11294177837664e+31
8.00000000000000e+00	3.11067853590210e+31
8.01000000000000e+00	3.09453595026100e+31
8.02000000000000e+00	3.06502964425520e+31
8.03000000000000e+00	3.02421356180105e+31
8.04000000000000e+00	2.97512212639384e+31
8.05000000000000e+00	2.92151849233512e+31
8.06000000000000e+00	2.86725813850191e+31
8.07000000000000e+00	2.81586240306430e+31
8.08000000000000e+00	2.77041360266374e+31
8.09000000000000e+00	2.73317435419561e+31
8.10000000000000e+00	2.70559778128839e+31
8.11000000000000e+00	2.68843076784588e+31
8.12000000000000e+00	2.68182176742995e+31
8.13000000000000e+00	2.68552471432344e+31
8.14000000000000e+00	2.69894766935648e+31
8.15000000000000e+00	2.72147108012559e+31
8.16000000000000e+00	2.75235231105281e+31
8.17000000000000e+00	2.79080804380025e+31
8.18000000000000e+00	2.83606638616560e+31
8.19000000000000e+00	2.88731023712478e+31
8.20000000000000e+00	2.94370308673241e+31
8.21000000000000e+00	3.00447271596337e+31
8.22000000000000e+00	3.06892388318779e+31
8.23000000000000e+00	3.13650962308049e+31
8.24000000000000e+00	3.20705235593536e+31
8.25000000000000e+00	3.28041971148335e+31
8.26000000000000e+00	3.35689787300885e+31
8.27000000000000e+00	3.43696610691221e+31
8.28000000000000e+00	3.52112477754225e+31
8.29000000000000e+00	3.60990075359619e+31
8.30000000000000e+00	3.70344279473505e+31
8.31000000000000e+00	3.80168412485065e+31
8.32000000000000e+00	3.90382406784573e+31
8.33000000000000e+00	4.00836587346662e+31
8.34000000000000e+00	4.11318418186503e+31
8.35000000000000e+00	4.21538866750960e+31
8.36000000000000e+00	4.31189452075101e+31
8.37000000000000e+00	4.39931274456460e+31
8.38000000000000e+00	4.47487491420285e+31
8.39000000000000e+00	4.53676271854763e+31
8.40000000000000e+00	4.58473992581223e+31
8.41000000000000e+00	4.62052471924448e+31
8.42000000000000e+00	4.64785915275174e+31
8.43000000000000e+00	4.67253657101814e+31
8.44000000000000e+00	4.70162394797213e+31
8.45000000000000e+00	4.74254397887684e+31
8.46000000000000e+00	4.80238661308934e+31
8.47000000000000e+00	4.88649967147001e+31
8.48000000000000e+00	4.99806598009233e+31
8.49000000000000e+00	5.13732944810958e+31
8.50000000000000e+00	5.30187633492230e+31
8.51000000000000e+00	5.48680804085699e+31
8.52000000000000e+00	5.68540604541498e+31
8.53000000000000e+00	5.89016715006835e+31
8.54000000000000e+00	6.09343427522788e+31
8.55000000000000e+00	6.28836065754330e+31
8.56000000000000e+00	6.46907212406222e+31
8.57000000000000e+00	6.63109435163589e+31
8.58000000000000e+00	6.77150163797750e+31
8.59000000000000e+00	6.88843415961510e+31
8.60000000000000e+00	6.98152927120470e+31
8.61000000000000e+00	7.05122916416873e+31
8.62000000000000e+00	7.09875976302548e+31
8.63000000000000e+00	7.12622665372431e+31
8.64000000000000e+00	7.13615627364132e+31
8.65000000000000e+00	7.13195553108725e+31
8.66000000000000e+00	7.11700724598342e+31
8.67000000000000e+00	7.09530796552456e+31
8.68000000000000e+00	7.07095804882171e+31
8.69000000000000e+00	7.04774642175061e+31
8.70000000000000e+00	7.02940985110406e+31
8.71000000000000e+00	7.01885012447324e+31
8.72000000000000e+00	7.01842973934028e+31
8.73000000000000e+00	7.02933031705976e+31
8.74000000000000e+00	7.05206680889437e+31
8.75000000000000e+00	7.08584571504123e+31
8.76000000000000e+00	7.12915086160180e+31
8.77000000000000e+00	7.18002520147913e+31
8.78000000000000e+00	7.23575984233982e+31
8.79000000000000e+00	7.29364251080443e+31
8.80000000000000e+00	7.35120087244747e+31
8.81000000000000e+00	7.40606781320213e+31
8.82000000000000e+00	7.45633201642224e+31
8.83000000000000e+00	7.50091113091451e+31
8.84000000000000e+00	7.53912128684062e+31
8.85000000000000e+00	7.57095168017965e+31
8.86000000000000e+00	7.59685959878214e+31
8.87000000000000e+00	7.61753272941429e+31
8.88000000000000e+00	7.63425372340244e+31
8.89000000000000e+00	7.64787741273966e+31
8.90000000000000e+00	7.65966363237768e+31
8.91000000000000e+00	7.67045047577989e+31
8.92000000000000e+00	7.68113321060322e+31
8.93000000000000e+00	7.69223950716206e+31
8.94000000000000e+00	7.70429800983094e+31
8.95000000000000e+00	7.71740400871672e+31
8.96000000000000e+00	7.73194083258015e+31
8.97000000000000e+00	7.74791104952363e+31
8.98000000000000e+00	7.76525337361139e+31
8.99000000000000e+00	7.78413754721674e+31
9.00000000000000e+00	7.80437777644333e+31
9.01000000000000e+00	7.82599410019081e+31
9.02000000000000e+00	7.84886086670267e+31
9.03000000000000e+00	7.87296260798971e+31
9.04000000000000e+00	7.89819706714179e+31
9.05000000000000e+00	7.92433717183257e+31
9.06000000000000e+00	7.95126515515503e+31
9.07000000000000e+00	7.97873310629944e+31
9.08000000000000e+00	8.00676750383966e+31
9.09000000000000e+00	8.03491687426279e+31
9.10000000000000e+00	8.06311652301512e+31
9.11000000000000e+00	8.09130716666650e+31
9.12000000000000e+00	8.11953337030341e+31
9.13000000000000e+00	8.14757587780903e+31
9.14000000000000e+00	8.17557640440581e+31
9.15000000000000e+00	8.20400116550826e+31
9.16000000000000e+00	8.23290116842825e+31
9.17000000000000e+00	8.26280809021970e+31
9.18000000000000e+00	8.29386469256423e+31
9.19000000000000e+00	8.32673306487826e+31
9.20000000000000e+00	8.36169438098769e+31
9.21000000000000e+00	8.39890565966598e+31
9.22000000000000e+00	8.43878056195680e+31
9.23000000000000e+00	8.48112342180919e+31
9.24000000000000e+00	8.52579092548481e+31
9.25000000000000e+00	8.57265865294420e+31
9.26000000000000e+00	8.62133881195029e+31
9.27000000000000e+00	8.67107274826329e+31
9.28000000000000e+00	8.72158338484625e+31
9.29000000000000e+00	8.77223159991054e+31
9.30000000000000e+00	8.82249100385204e+31
9.31000000000000e+00	8.87194803762814e+31
9.32000000000000e+00	8.92034426021980e+31
9.33000000000000e+00	8.96756793611860e+31
9.34000000000000e+00	9.01351881717204e+31
9.35000000000000e+00	9.05855911762959e+31
9.36000000000000e+00	9.10269548802954e+31
9.37000000000000e+00	9.14639121607379e+31
9.38000000000000e+00	9.18983479076750e+31
9.39000000000000e+00	9.23361510874732e+31
9.40000000000000e+00	9.27761687951121e+31
9.41000000000000e+00	9.32243950572123e+31
9.42000000000000e+00	9.36785982816977e+31
9.43000000000000e+00	9.41391268509978e+31
9.44000000000000e+00	9.46067984297632e+31
9.45000000000000e+00	9.50805761506407e+31
9.46000000000000e+00	9.55585490309502e+31
9.47000000000000e+00	9.60393876015495e+31
9.48000000000000e+00	9.65240319915800e+31
9.49000000000000e+00	9.70113888383724e+31
9.50000000000000e+00	9.75041003215348e+31
9.51000000000000e+00	9.80011427646700e+31
9.52000000000000e+00	9.85045516249972e+31
9.53000000000000e+00	9.90163971449257e+31
9.54000000000000e+00	9.95390828064102e+31
9.55000000000000e+00	1.00072341602431e+32
9.56000000000000e+00	1.00617471432912e+32
9.57000000000000e+00	1.01175403665988e+32
9.58000000000000e+00	1.01744212540929e+32
9.59000000000000e+00	1.02322408962446e+32
9.60000000000000e+00	1.02906755226926e+32
9.61000000000000e+00	1.03494247892017e+32
9.62000000000000e+00	1.04082542782656e+32
9.63000000000000e+00	1.04664801913170e+32
9.64000000000000e+00	1.05235891315874e+32
9.65000000000000e+00	1.05789960197020e+32
9.66000000000000e+00	1.06321603119064e+32
9.67000000000000e+00	1.06826585231466e+32
9.68000000000000e+00	1.07301502038876e+32
9.69000000000000e+00	1.07744893684475e+32
9.70000000000000e+00	1.08154024021606e+32
9.71000000000000e+00	1.08533455782044e+32
9.72000000000000e+00	1.08884028643338e+32
9.73000000000000e+00	1.09209460305640e+32
9.74000000000000e+00	1.09518592733535e+32
9.75000000000000e+00	1.09816294163705e+32
9.76000000000000e+00	1.10108570011719e+32
9.77000000000000e+00	1.10401909142099e+32
9.78000000000000e+00	1.10701265707672e+32
9.79000000000000e+00	1.11010585023485e+32
9.80000000000000e+00	1.11331673483890e+32
9.81000000000000e+00	1.11668700385488e+32
9.82000000000000e+00	1.12021665945627e+32
9.83000000000000e+00	1.12390403151770e+32
9.84000000000000e+00	1.12773633463144e+32
9.85000000000000e+00	1.13171181460363e+32
9.86000000000000e+00	1.13579696993414e+32
9.87000000000000e+00	1.14003413772099e+32
9.88000000000000e+00	1.14443797614367e+32
9.89000000000000e+00	1.14910233247339e+32
9.90000000000000e+00	1.15437693756086e+32
9.91000000000000e+00	1.16090182500868e+32
9.92000000000000e+00	1.17004722273887e+32
9.93000000000000e+00	1.18406121145331e+32
9.94000000000000e+00	1.20638716585380e+32
9.95000000000000e+00	1.24150173712972e+32
9.96000000000000e+00	1.29446211641402e+32
9.97000000000000e+00	1.36982879023700e+32
9.98000000000000e+00	1.46990945706969e+32
9.99000000000000e+00	1.59227766056203e+32
1.00000000000000e+01	1.72747734638183e+32
1.00100000000000e+01	1.85730289397236e+32
1.00200000000000e+01	1.95303578191918e+32
1.00300000000000e+01	1.98006018287297e+32
1.00400000000000e+01	1.91304227701298e+32
1.00500000000000e+01	1.75340737569187e+32
1.00600000000000e+01	1.53149012613555e+32
1.00700000000000e+01	1.28906238652191e+32
1.00800000000000e+01	1.05963101218782e+32
1.00900000000000e+01	8.60725453248460e+31
1.01000000000000e+01	6.96915438153410e+31
1.01100000000000e+01	5.65685067424497e+31
1.01200000000000e+01	4.61860484653797e+31
1.01300000000000e+01	3.79977374551150e+31
1.01400000000000e+01	3.15253074466351e+31
1.01500000000000e+01	2.63810350276745e+31
1.01600000000000e+01	2.22627629058378e+31
1.01700000000000e+01	1.89392231069351e+31
1.01800000000000e+01	1.62344693248409e+31
1.01900000000000e+01	1.40153591035710e+31
1.02000000000000e+01	1.21800992632875e+31
1.02100000000000e+01	1.06505512040186e+31
1.02200000000000e+01	9.36664488583497e+30
1.02300000000000e+01	8.28134667193609e+30
1.02400000000000e+01	7.35823299748569e+30
1.02500000000000e+01	6.56832291783550e+30
1.02600000000000e+01	5.88866749435540e+30
1.02700000000000e+01	5.30071185850359e+30
1.02800000000000e+01	4.78967488970927e+30
1.02900000000000e+01	4.34348537997668e+30
1.03000000000000e+01	3.95218145141149e+30
1.03100000000000e+01	3.60753985819995e+30
1.03200000000000e+01	3.30287426421485e+30
1.03300000000000e+01	3.03248749146360e+30
1.03400000000000e+01	2.79157454985642e+30
1.03500000000000e+01	2.57623729568492e+30
1.03600000000000e+01	2.38297151922522e+30
1.03700000000000e+01	2.20892087752039e+30
1.03800000000000e+01	2.05168882579376e+30
1.03900000000000e+01	1.90911987966233e+30
1.04000000000000e+01	1.77948047896379e+30
1.04100000000000e+01	1.66123928381287e+30
1.04200000000000e+01	1.55308684468374e+30
1.04300000000000e+01	1.45395475039617e+30
1.04400000000000e+01	1.36290138829080e+30
1.04500000000000e+01	1.27910077609907e+30
1.04600000000000e+01	1.20189955108755e+30
1.04700000000000e+01	1.13069838543226e+30
1.04800000000000e+01	1.06495691681860e+30
1.04900000000000e+01	1.00425165329346e+30
1.05000000000000e+01	9.48122687549537e+29
1.05100000000000e+01	8.96246596302548e+29
1.05200000000000e+01	8.48245261796074e+29
1.05300000000000e+01	8.03816068870368e+29
1.05400000000000e+01	7.62642796113083e+29
1.05500000000000e+01	7.24479272588604e+29
1.05600000000000e+01	6.89040282103470e+29
1.05700000000000e+01	6.56082331176743e+29
1.05800000000000e+01	6.25395437084275e+29
1.05900000000000e+01	5.96771773838018e+29
1.06000000000000e+01	5.70017644471872e+29
1.06100000000000e+01	5.44953785963037e+29
1.06200000000000e+01	5.21430093903003e+29
1.06300000000000e+01	4.99294695427201e+29
1.06400000000000e+01	4.78433499152780e+29
1.06500000000000e+01	4.58731478203571e+29
1.06600000000000e+01	4.40085436964386e+29
1.06700000000000e+01	4.22418955095744e+29
1.06800000000000e+01	4.05655727076129e+29
1.06900000000000e+01	3.89732135694550e+29
1.07000000000000e+01	3.74603849290639e+29
1.07100000000000e+01	3.60215821787393e+29
1.07200000000000e+01	3.46542953073714e+29
1.07300000000000e+01	3.33548109230966e+29
1.07400000000000e+01	3.21199161371831e+29
1.07500000000000e+01	3.09457934074535e+29
1.07600000000000e+01	2.98309953323614e+29
1.07700000000000e+01	2.87717092842039e+29
1.07800000000000e+01	2.77651984194513e+29
1.07900000000000e+01	2.68082803913642e+29
1.08000000000000e+01	2.58982776201436e+29
1.08100000000000e+01	2.50326372569848e+29
1.08200000000000e+01	2.42078664600096e+29
1.08300000000000e+01	2.34219415660103e+29
1.08400000000000e+01	2.26721145377869e+29
1.08500000000000e+01	2.19567108075221e+29
1.08600000000000e+01	2.12736290473521e+29
1.08700000000000e+01	2.06205198609546e+29
1.08800000000000e+01	1.99962040363359e+29
1.08900000000000e+01	1.93986866965565e+29
1.09000000000000e+01	1.88267469327315e+29
1.09100000000000e+01	1.82785060656535e+29
1.09200000000000e+01	1.77529172642399e+29
1.09300000000000e+01	1.72484700177993e+29
1.09400000000000e+01	1.67637149810018e+29
1.09500000000000e+01	1.62975071989225e+29
1.09600000000000e+01	1.58483479157213e+29
1.09700000000000e+01	1.54153859063006e+29
1.09800000000000e+01	1.49973383573499e+29
1.09900000000000e+01	1.45935304385637e+29
1.10000000000000e+01	1.42032233637297e+29
1.10100000000000e+01	1.38252274788696e+29
1.10200000000000e+01	1.34591840023639e+29
1.10300000000000e+01	1.31046513582269e+29
1.10400000000000e+01	1.27612457160773e+29
1.10500000000000e+01	1.24285027543415e+29
1.10600000000000e+01	1.21063270782893e+29
1.10700000000000e+01	1.17942775188862e+29
1.10800000000000e+01	1.14926318952433e+29
1.10900000000000e+01	1.12009850053667e+29
1.11000000000000e+01	1.09194334338387e+29
1.11100000000000e+01	1.06478408294500e+29
1.11200000000000e+01	1.03862986659297e+29
1.11300000000000e+01	1.01346153361361e+29
1.11400000000000e+01	9.89272889340270e+28
1.11500000000000e+01	9.66037509178414e+28
1.11600000000000e+01	9.43740591712803e+28
1.11700000000000e+01	9.22344263241672e+28
1.11800000000000e+01	9.01808018126678e+28
1.11900000000000e+01	8.82077982548718e+28
1.12000000000000e+01	8.63115440720742e+28
1.12100000000000e+01	8.44851874735333e+28
1.12200000000000e+01	8.27229051422039e+28
1.12300000000000e+01	8.10189896818334e+28
1.12400000000000e+01	7.93682679708855e+28
1.12500000000000e+01	7.77651780394199e+28
1.12600000000000e+01	7.62056332501434e+28
1.12700000000000e+01	7.46850810352033e+28
1.12800000000000e+01	7.32013306883670e+28
1.12900000000000e+01	7.17519747983944e+28
1.13000000000000e+01	7.03350886488454e+28
1.13100000000000e+01	6.89509666309491e+28
1.13200000000000e+01	6.75992453206802e+28
1.13300000000000e+01	6.62804354751458e+28
1.13400000000000e+01	6.49946990130549e+28
1.13500000000000e+01	6.37428387193310e+28
1.13600000000000e+01	6.25248812873057e+28
1.13700000000000e+01	6.13414801183523e+28
1.13800000000000e+01	6.01915952268619e+28
1.13900000000000e+01	5.90747871241819e+28
1.14000000000000e+01	5.79904279328971e+28
1.14100000000000e+01	5.69367364021336e+28
1.14200000000000e+01	5.59126194773598e+28
1.14300000000000e+01	5.49160409631975e+28
1.14400000000000e+01	5.39452415390693e+28
1.14500000000000e+01	5.29989336884865e+28
1.14600000000000e+01	5.20751046809314e+28
1.14700000000000e+01	5.11728506679830e+28
1.14800000000000e+01	5.02909375182699e+28
1.14900000000000e+01	4.94280914654488e+28
1.15000000000000e+01	4.85839808002213e+28
1.15100000000000e+01	4.77574388461069e+28
1.15200000000000e+01	4.69484707390047e+28
1.15300000000000e+01	4.61562686629076e+28
1.15400000000000e+01	4.53805125335922e+28
1.15500000000000e+01	4.46209988042205e+28
1.15600000000000e+01	4.38773812226408e+28
1.15700000000000e+01	4.31491566488144e+28
1.15800000000000e+01	4.24362884534064e+28
1.15900000000000e+01	4.17377127122903e+28
1.16000000000000e+01	4.10537042346539e+28
1.16100000000000e+01	4.03832661641582e+28
1.16200000000000e+01	3.97266122152403e+28
1.16300000000000e+01	3.90832332618445e+28
1.16400000000000e+01	3.84525040360113e+28
1.16500000000000e+01	3.78347419678463e+28
1.16600000000000e+01	3.72298145084202e+28
1.16700000000000e+01	3.66371997187390e+28
1.16800000000000e+01	3.60570870378516e+28
1.16900000000000e+01	3.54894858090727e+28
1.17000000000000e+01	3.49344473939003e+28
1.17100000000000e+01	3.43918489942283e+28
1.17200000000000e+01	3.38616250442507e+28
1.17300000000000e+01	3.33434446053586e+28
1.17400000000000e+01	3.28374981007559e+28
1.17500000000000e+01	3.23435053820794e+28
1.17600000000000e+01	3.18608391053015e+28
1.17700000000000e+01	3.13893635769215e+28
1.17800000000000e+01	3.09285530301874e+28
1.17900000000000e+01	3.04779696531611e+28
1.18000000000000e+01	3.00370031918604e+28
1.18100000000000e+01	2.96050907489923e+28
1.18200000000000e+01	2.91817273597959e+28
1.18300000000000e+01	2.87666379678977e+28
1.18400000000000e+01	2.83590734952341e+28
1.18500000000000e+01	2.79591076819919e+28
1.18600000000000e+01	2.75663150950377e+28
1.18700000000000e+01	2.71808548082097e+28
1.18800000000000e+01	2.68023147984081e+28
1.18900000000000e+01	2.64313201269420e+28
1.19000000000000e+01	2.60675397824436e+28
1.19100000000000e+01	2.57113417285446e+28
1.19200000000000e+01	2.53628600170414e+28
1.19300000000000e+01	2.50218395068556e+28
1.19400000000000e+01	2.46885299966848e+28
1.19500000000000e+01	2.43625875932361e+28
1.19600000000000e+01	2.40436603071897e+28
1.19700000000000e+01	2.37316004277403e+28
1.19800000000000e+01	2.34257633593198e+28
1.19900000000000e+01	2.31258412061976e+28
1.20000000000000e+01	2.28311706912903e+28
1.20100000000000e+01	2.25414711868799e+28
1.20200000000000e+01	2.22564934704313e+28
1.20300000000000e+01	2.19755039948789e+28
1.20400000000000e+01	2.16988458916544e+28
1.20500000000000e+01	2.14258773758951e+28
1.20600000000000e+01	2.11570575083629e+28
1.20700000000000e+01	2.08918711667143e+28
1.20800000000000e+01	2.06308493241638e+28
1.20900000000000e+01	2.03738076481041e+28
1.21000000000000e+01	2.01209869075679e+28
1.21100000000000e+01	1.98725055006542e+28
1.21200000000000e+01	1.96284591956388e+28
1.21300000000000e+01	1.93888784487768e+28
1.21400000000000e+01	1.91538688215905e+28
1.21500000000000e+01	1.89233391164925e+28
1.21600000000000e+01	1.86974183526390e+28
1.21700000000000e+01	1.84757791109601e+28
1.21800000000000e+01	1.82583253477976e+28
1.21900000000000e+01	1.80450082249031e+28
1.22000000000000e+01	1.78357408118945e+28
1.22100000000000e+01	1.76300988955734e+28
1.22200000000000e+01	1.74280212553581e+28
1.22300000000000e+01	1.72294118013465e+28
1.22400000000000e+01	1.70338933610981e+28
1.22500000000000e+01	1.68412757974748e+28
1.22600000000000e+01	1.66514643748446e+28
1.22700000000000e+01	1.64642932381320e+28
1.22800000000000e+01	1.62796905078313e+28
1.22900000000000e+01	1.60976299857125e+28
1.23000000000000e+01	1.59178137251841e+28
1.23100000000000e+01	1.57404644274238e+28
1.23200000000000e+01	1.55653682969714e+28
1.23300000000000e+01	1.53928147231580e+28
1.23400000000000e+01	1.52225816801775e+28
1.23500000000000e+01	1.50548228916052e+28
1.23600000000000e+01	1.48895285897363e+28
1.23700000000000e+01	1.47267887305637e+28
1.23800000000000e+01	1.45665343220937e+28
1.23900000000000e+01	1.44087987727846e+28
1.24000000000000e+01	1.42534667783393e+28
1.24100000000000e+01	1.41003174715402e+28
1.24200000000000e+01	1.39494218909356e+28
1.24300000000000e+01	1.38004709554570e+28
1.24400000000000e+01	1.36533133571496e+28
1.24500000000000e+01	1.35078165185048e+28
1.24600000000000e+01	1.33637970596244e+28
1.24700000000000e+01	1.32211251740174e+28
1.24800000000000e+01	1.30797216231684e+28
1.24900000000000e+01	1.29395514955324e+28
1.25000000000000e+01	1.28006847356092e+28
1.25100000000000e+01	1.26631270116846e+28
1.25200000000000e+01	1.25269758351788e+28
1.25300000000000e+01	1.23923829339317e+28
1.25400000000000e+01	1.22595789645284e+28
1.25500000000000e+01	1.21286174424845e+28
1.25600000000000e+01	1.19997216766428e+28
1.25700000000000e+01	1.18729396052921e+28
1.25800000000000e+01	1.17484860857457e+28
1.25900000000000e+01	1.16262860166598e+28
1.26000000000000e+01	1.15065257284054e+28
1.26100000000000e+01	1.13890545436743e+28
1.26200000000000e+01	1.12738991353858e+28
1.26300000000000e+01	1.11609411792029e+28
1.26400000000000e+01	1.10500688487481e+28
1.26500000000000e+01	1.09412086242043e+28
1.26600000000000e+01	1.08341267258249e+28
1.26700000000000e+01	1.07286043121265e+28
1.26800000000000e+01	1.06247733607458e+28
1.26900000000000e+01	1.05222705089025e+28
1.27000000000000e+01	1.04210799636250e+28
1.27100000000000e+01	1.03211903534511e+28
1.27200000000000e+01	1.02225131318393e+28
1.27300000000000e+01	1.01248838652316e+28
1.27400000000000e+01	1.00285413897124e+28
1.27500000000000e+01	9.93324202965721e+27
1.27600000000000e+01	9.83914018688726e+27
1.27700000000000e+01	9.74615071625264e+27
1.27800000000000e+01	9.65434312331110e+27
1.27900000000000e+01	9.56368063304308e+27
1.28000000000000e+01	9.47427824173776e+27
1.28100000000000e+01	9.38616835249447e+27
1.28200000000000e+01	9.29923044484251e+27
1.28300000000000e+01	9.21364219047231e+27
1.28400000000000e+01	9.12932524131199e+27
1.28500000000000e+01	9.04627463312923e+27
1.28600000000000e+01	8.96460199779881e+27
1.28700000000000e+01	8.88426942526660e+27
1.28800000000000e+01	8.80523729047819e+27
1.28900000000000e+01	8.72746593529127e+27
1.29000000000000e+01	8.65082228500679e+27
1.29100000000000e+01	8.57543444429094e+27
1.29200000000000e+01	8.50119579982304e+27
1.29300000000000e+01	8.42793519514937e+27
1.29400000000000e+01	8.35576206616373e+27
1.29500000000000e+01	8.28442074170443e+27
1.29600000000000e+01	8.21398017531139e+27
1.29700000000000e+01	8.14428521495872e+27
1.29800000000000e+01	8.07532046718579e+27
1.29900000000000e+01	8.00707253072843e+27
1.30000000000000e+01	7.93931229660776e+27
1.30100000000000e+01	7.87212531680399e+27
1.30200000000000e+01	7.80538181575639e+27
1.30300000000000e+01	7.73906550467555e+27
1.30400000000000e+01	7.67314301039588e+27
1.30500000000000e+01	7.60762638747140e+27
1.30600000000000e+01	7.54244366389148e+27
1.30700000000000e+01	7.47771238707122e+27
1.30800000000000e+01	7.41333795883904e+27
1.30900000000000e+01	7.34938935310398e+27
1.31000000000000e+01	7.28595158204890e+27
1.31100000000000e+01	7.22296149783291e+27
1.31200000000000e+01	7.16045499008469e+27
1.31300000000000e+01	7.09840678793634e+27
1.31400000000000e+01	7.03687040128966e+27
1.31500000000000e+01	6.97578392858935e+27
1.31600000000000e+01	6.91508923585412e+27
1.31700000000000e+01	6.85485206219562e+27
1.31800000000000e+01	6.79498585662077e+27
1.31900000000000e+01	6.73563939561405e+27
1.32000000000000e+01	6.67675018594366e+27
1.32100000000000e+01	6.61835167797125e+27
1.32200000000000e+01	6.56060204314115e+27
1.32300000000000e+01	6.50352071682488e+27
1.32400000000000e+01	6.44719134871779e+27
1.32500000000000e+01	6.39172430295311e+27
1.32600000000000e+01	6.33709180152614e+27
1.32700000000000e+01	6.28334966154921e+27
1.32800000000000e+01	6.23052962790745e+27
1.32900000000000e+01	6.17851873505719e+27
1.33000000000000e+01	6.12733036493717e+27
1.33100000000000e+01	6.07689335052444e+27
1.33200000000000e+01	6.02717748205327e+27
1.33300000000000e+01	5.97796936448988e+27
1.33400000000000e+01	5.92935937066570e+27
1.33500000000000e+01	5.88115217665933e+27
1.33600000000000e+01	5.83329839364916e+27
1.33700000000000e+01	5.78582193943420e+27
1.33800000000000e+01	5.73866499693752e+27
1.33900000000000e+01	5.69185653122773e+27
1.34000000000000e+01	5.64534167061152e+27
1.34100000000000e+01	5.59913119493906e+27
1.34200000000000e+01	5.55334604401590e+27
1.34300000000000e+01	5.50792422595504e+27
1.34400000000000e+01	5.46292919803138e+27
1.34500000000000e+01	5.41837076906070e+27
1.34600000000000e+01	5.37428901568630e+27
1.34700000000000e+01	5.33068713561873e+27
1.34800000000000e+01	5.28750644267877e+27
1.34900000000000e+01	5.24478133092781e+27
1.35000000000000e+01	5.20247135821660e+27
1.35100000000000e+01	5.16059787128163e+27
1.35200000000000e+01	5.11906509579700e+27
1.35300000000000e+01	5.07788724185748e+27
1.35400000000000e+01	5.03709414091952e+27
1.35500000000000e+01	4.99660065242095e+27
1.35600000000000e+01	4.95647104855389e+27
1.35700000000000e+01	4.91665189466902e+27
1.35800000000000e+01	4.87723471915225e+27
1.35900000000000e+01	4.83819393385563e+27
1.36000000000000e+01	4.79958604739506e+27
1.36100000000000e+01	4.76143725964300e+27
1.36200000000000e+01	4.72374155412413e+27
1.36300000000000e+01	4.68654446672040e+27
1.36400000000000e+01	4.64990312837596e+27
1.36500000000000e+01	4.61374636960027e+27
1.36600000000000e+01	4.57813877532354e+27
1.36700000000000e+01	4.54303448819783e+27
1.36800000000000e+01	4.50846696173083e+27
1.36900000000000e+01	4.47432450953073e+27
1.37000000000000e+01	4.44065608956106e+27
1.37100000000000e+01	4.40740639948677e+27
1.37200000000000e+01	4.37449827584074e+27
1.37300000000000e+01	4.34194908112017e+27
1.37400000000000e+01	4.30962424374003e+27
1.37500000000000e+01	4.27758947804892e+27
1.37600000000000e+01	4.24577076514337e+27
1.37700000000000e+01	4.21414822731651e+27
1.37800000000000e+01	4.18266867999004e+27
1.37900000000000e+01	4.15143132460669e+27
1.38000000000000e+01	4.12039560700299e+27
1.38100000000000e+01	4.08955869721317e+27
1.38200000000000e+01	4.05899168986950e+27
1.38300000000000e+01	4.02869993719070e+27
1.38400000000000e+01	3.99873297082642e+27
1.38500000000000e+01	3.96910249412979e+27
1.38600000000000e+01	3.93985265668058e+27
1.38700000000000e+01	3.91095108875524e+27
1.38800000000000e+01	3.88251949043225e+27
1.38900000000000e+01	3.85448556548880e+27
1.39000000000000e+01	3.82689676926945e+27
1.39100000000000e+01	3.79972744506094e+27
1.39200000000000e+01	3.77299974282505e+27
1.39300000000000e+01	3.74666698764428e+27
1.39400000000000e+01	3.72075254520840e+27
1.39500000000000e+01	3.69521203724826e+27
1.39600000000000e+01	3.67007016059808e+27
1.39700000000000e+01	3.64528429306140e+27
1.39800000000000e+01	3.62087945965265e+27
1.39900000000000e+01	3.59684712025352e+27
1.40000000000000e+01	3.57314567658884e+27
1.40100000000000e+01	3.54976678581212e+27
1.40200000000000e+01	3.52673477828161e+27
1.40300000000000e+01	3.50400832215027e+27
1.40400000000000e+01	3.48159088127005e+27
1.40500000000000e+01	3.45941946411404e+27
1.40600000000000e+01	3.43753081149657e+27
1.40700000000000e+01	3.41588672220463e+27
1.40800000000000e+01	3.39441888730773e+27
1.40900000000000e+01	3.37318686509854e+27
1.41000000000000e+01	3.35212520826642e+27
1.41100000000000e+01	3.33120155796088e+27
1.41200000000000e+01	3.31043616701733e+27
1.41300000000000e+01	3.28982081874854e+27
1.41400000000000e+01	3.26931547233420e+27
1.41500000000000e+01	3.24891205547918e+27
1.41600000000000e+01	3.22863506964919e+27
1.41700000000000e+01	3.20846613446304e+27
1.41800000000000e+01	3.18839943553802e+27
1.41900000000000e+01	3.16847671141710e+27
1.42000000000000e+01	3.14865081398404e+27
1.42100000000000e+01	3.12895348624574e+27
1.42200000000000e+01	3.10941528750967e+27
1.42300000000000e+01	3.09000670082298e+27
1.42400000000000e+01	3.07075652220534e+27
1.42500000000000e+01	3.05165266590462e+27
1.42600000000000e+01	3.03270348460723e+27
1.42700000000000e+01	3.01394510609160e+27
1.42800000000000e+01	2.99532497284885e+27
1.42900000000000e+01	2.97687889486105e+27
1.43000000000000e+01	2.95857496627697e+27
1.43100000000000e+01	2.94045698939723e+27
1.43200000000000e+01	2.92245779943876e+27
1.43300000000000e+01	2.90461195095371e+27
1.43400000000000e+01	2.88692788747843e+27
1.43500000000000e+01	2.86934928044033e+27
1.43600000000000e+01	2.85193103508361e+27
1.43700000000000e+01	2.83463540782075e+27
1.43800000000000e+01	2.81748161467197e+27
1.43900000000000e+01	2.80047678709851e+27
1.44000000000000e+01	2.78360254329054e+27
1.44100000000000e+01	2.76684791392759e+27
1.44200000000000e+01	2.75025705478620e+27
1.44300000000000e+01	2.73380841109375e+27
1.44400000000000e+01	2.71750873608068e+27
1.44500000000000e+01	2.70135527925397e+27
1.44600000000000e+01	2.68534533180998e+27
1.44700000000000e+01	2.66944114553638e+27
1.44800000000000e+01	2.65370196635393e+27
1.44900000000000e+01	2.63804850634303e+27
1.45000000000000e+01	2.62254761115229e+27
1.45100000000000e+01	2.60716515246708e+27
1.45200000000000e+01	2.59190749729909e+27
1.45300000000000e+01	2.57674835904410e+27
1.45400000000000e+01	2.56173029705045e+27
1.45500000000000e+01	2.54680873168358e+27
1.45600000000000e+01	2.53201623151869e+27
1.45700000000000e+01	2.51734178391639e+27
1.45800000000000e+01	2.50280079417202e+27
1.45900000000000e+01	2.48834811975389e+27
1.46000000000000e+01	2.47403030757198e+27
1.46100000000000e+01	2.45981290309016e+27
1.46200000000000e+01	2.44567589676199e+27
1.46300000000000e+01	2.43164135860542e+27
1.46400000000000e+01	2.41770043310965e+27
1.46500000000000e+01	2.40381056814702e+27
1.46600000000000e+01	2.38999546134150e+27
1.46700000000000e+01	2.37624838178176e+27
1.46800000000000e+01	2.36255324986228e+27
1.46900000000000e+01	2.34886487973410e+27
1.47000000000000e+01	2.33524947830981e+27
1.47100000000000e+01	2.32166949103465e+27
1.47200000000000e+01	2.30812797071059e+27
1.47300000000000e+01	2.29463635368064e+27
1.47400000000000e+01	2.28117468110937e+27
1.47500000000000e+01	2.26779143384780e+27
1.47600000000000e+01	2.25445757268809e+27
1.47700000000000e+01	2.24117488110883e+27
1.47800000000000e+01	2.22800532742805e+27
1.47900000000000e+01	2.21490213044761e+27
1.48000000000000e+01	2.20191083798176e+27
1.48100000000000e+01	2.18901381147127e+27
1.48200000000000e+01	2.17621668291128e+27
1.48300000000000e+01	2.16353074285325e+27
1.48400000000000e+01	2.15096054813460e+27
1.48500000000000e+01	2.13849453104354e+27
1.48600000000000e+01	2.12611532458327e+27
1.48700000000000e+01	2.11385469608458e+27
1.48800000000000e+01	2.10168208879711e+27
1.48900000000000e+01	2.08957188765130e+27
1.49000000000000e+01	2.07753797493605e+27
1.49100000000000e+01	2.06557982828717e+27
1.49200000000000e+01	2.05366951503235e+27
1.49300000000000e+01	2.04179557876925e+27
1.49400000000000e+01	2.02996136952455e+27
1.49500000000000e+01	2.01817623946434e+27
1.49600000000000e+01	2.00644613596113e+27
1.49700000000000e+01	1.99476014585248e+27
1.49800000000000e+01	1.98314196697073e+27
1.49900000000000e+01	1.97160116080072e+27
1.50000000000000e+01	1.96017857170417e+27
1.50100000000000e+01	1.94884549972093e+27
1.50200000000000e+01	1.93761948521286e+27
1.50300000000000e+01	1.92652351080603e+27
1.50400000000000e+01	1.91555256210475e+27
1.50500000000000e+01	1.90471364403397e+27
1.50600000000000e+01	1.89396231916542e+27
1.50700000000000e+01	1.88334031754441e+27
1.50800000000000e+01	1.87279822254242e+27
1.50900000000000e+01	1.86234106139831e+27
1.51000000000000e+01	1.85196832359590e+27
1.51100000000000e+01	1.84166634343642e+27
1.51200000000000e+01	1.83141975320150e+27
1.51300000000000e+01	1.82124767544211e+27
1.51400000000000e+01	1.81113556796957e+27
1.51500000000000e+01	1.80108351943299e+27
1.51600000000000e+01	1.79112532673696e+27
1.51700000000000e+01	1.78126122276192e+27
1.51800000000000e+01	1.77148351338472e+27
1.51900000000000e+01	1.76180893969291e+27
1.52000000000000e+01	1.75224147015279e+27
1.52100000000000e+01	1.74278912841791e+27
1.52200000000000e+01	1.73343653615478e+27
1.52300000000000e+01	1.72419115781109e+27
1.52400000000000e+01	1.71504922714341e+27
1.52500000000000e+01	1.70599589469373e+27
1.52600000000000e+01	1.69704614689111e+27
1.52700000000000e+01	1.68814899694712e+27
1.52800000000000e+01	1.67934018730509e+27
1.52900000000000e+01	1.67058147068837e+27
1.53000000000000e+01	1.66190278543949e+27
1.53100000000000e+01	1.65326245078399e+27
1.53200000000000e+01	1.64468459524520e+27
1.53300000000000e+01	1.63612838071166e+27
1.53400000000000e+01	1.62764611000031e+27
1.53500000000000e+01	1.61919289404793e+27
1.53600000000000e+01	1.61078007522555e+27
1.53700000000000e+01	1.60241427833748e+27
1.53800000000000e+01	1.59408934384349e+27
1.53900000000000e+01	1.58580552125566e+27
1.54000000000000e+01	1.57755232882000e+27
1.54100000000000e+01	1.56934051152438e+27
1.54200000000000e+01	1.56117014758801e+27
1.54300000000000e+01	1.55303121125914e+27
1.54400000000000e+01	1.54491825074294e+27
1.54500000000000e+01	1.53684866351496e+27
1.54600000000000e+01	1.52881321825062e+27
1.54700000000000e+01	1.52080742845459e+27
1.54800000000000e+01	1.51283292172005e+27
1.54900000000000e+01	1.50489742303248e+27
1.55000000000000e+01	1.49702842927866e+27
1.55100000000000e+01	1.48919479301478e+27
1.55200000000000e+01	1.48141330523065e+27
1.55300000000000e+01	1.47370572588602e+27
1.55400000000000e+01	1.46606538315345e+27
1.55500000000000e+01	1.45851264066480e+27
1.55600000000000e+01	1.45102408632648e+27
1.55700000000000e+01	1.44362889966620e+27
1.55800000000000e+01	1.43630894657919e+27
1.55900000000000e+01	1.42908295833956e+27
1.56000000000000e+01	1.42192708114189e+27
1.56100000000000e+01	1.41486924379924e+27
1.56200000000000e+01	1.40788196864370e+27
1.56300000000000e+01	1.40096647897962e+27
1.56400000000000e+01	1.39413161989728e+27
1.56500000000000e+01	1.38737491955652e+27
1.56600000000000e+01	1.38065273416702e+27
1.56700000000000e+01	1.37400452262143e+27
1.56800000000000e+01	1.36740815396843e+27
1.56900000000000e+01	1.36083280347324e+27
1.57000000000000e+01	1.35431334188016e+27
1.57100000000000e+01	1.34781461965804e+27
1.57200000000000e+01	1.34135196599302e+27
1.57300000000000e+01	1.33489711983563e+27
1.57400000000000e+01	1.32847154055488e+27
1.57500000000000e+01	1.32205654181721e+27
1.57600000000000e+01	1.31566784440261e+27
1.57700000000000e+01	1.30930643957824e+27
1.57800000000000e+01	1.30295874272184e+27
1.57900000000000e+01	1.29664487623826e+27
1.58000000000000e+01	1.29034537220689e+27
1.58100000000000e+01	1.28408871914275e+27
1.58200000000000e+01	1.27783791294260e+27
1.58300000000000e+01	1.27162350835094e+27
1.58400000000000e+01	1.26543270409632e+27
1.58500000000000e+01	1.25926655352110e+27
1.58600000000000e+01	1.25312733064250e+27
1.58700000000000e+01	1.24701607294977e+27
1.58800000000000e+01	1.24094287537473e+27
1.58900000000000e+01	1.23490576762603e+27
1.59000000000000e+01	1.22890886522019e+27
1.59100000000000e+01	1.22295573454505e+27
1.59200000000000e+01	1.21704935995093e+27
1.59300000000000e+01	1.21119367206414e+27
1.59400000000000e+01	1.20539069969098e+27
1.59500000000000e+01	1.19963474760122e+27
1.59600000000000e+01	1.19392416334804e+27
1.59700000000000e+01	1.18825757371350e+27
1.59800000000000e+01	1.18262861044652e+27
1.59900000000000e+01	1.17704038838525e+27
1.60000000000000e+01	1.17148129140349e+27
1.60100000000000e+01	1.16595995702613e+27
1.60200000000000e+01	1.16046755584472e+27
1.60300000000000e+01	1.15500675911224e+27
1.60400000000000e+01	1.14957625264239e+27
1.60500000000000e+01	1.14417945818878e+27
1.60600000000000e+01	1.13880639117037e+27
1.60700000000000e+01	1.13346791000915e+27
1.60800000000000e+01	1.12815142978797e+27
1.60900000000000e+01	1.12286681633482e+27
1.61000000000000e+01	1.11760794259372e+27
1.61100000000000e+01	1.11237524597335e+27
1.61200000000000e+01	1.10717388277501e+27
1.61300000000000e+01	1.10199592857863e+27
1.61400000000000e+01	1.09685369593796e+27
1.61500000000000e+01	1.09173882084770e+27
1.61600000000000e+01	1.08666292533553e+27
1.61700000000000e+01	1.08162395977671e+27
1.61800000000000e+01	1.07662201107707e+27
1.61900000000000e+01	1.07165665186951e+27
1.62000000000000e+01	1.06672500265290e+27
1.62100000000000e+01	1.06182426414765e+27
1.62200000000000e+01	1.05695067202821e+27
1.62300000000000e+01	1.05210318515947e+27
1.62400000000000e+01	1.04726736109424e+27
1.62500000000000e+01	1.04245034827792e+27
1.62600000000000e+01	1.03763781906684e+27
1.62700000000000e+01	1.03283780208752e+27
1.62800000000000e+01	1.02804607451281e+27
1.62900000000000e+01	1.02326519435799e+27
1.63000000000000e+01	1.01849640722607e+27
1.63100000000000e+01	1.01374403789883e+27
1.63200000000000e+01	1.00901181880471e+27
1.63300000000000e+01	1.00430160205459e+27
1.63400000000000e+01	9.99615905759339e+26
1.63500000000000e+01	9.94954371134822e+26
1.63600000000000e+01	9.90319680201769e+26
1.63700000000000e+01	9.85699953136403e+26
1.63800000000000e+01	9.81097924015013e+26
1.63900000000000e+01	9.76497892803512e+26
1.64000000000000e+01	9.71898085927765e+26
1.64100000000000e+01	9.67294199168231e+26
1.64200000000000e+01	9.62675129841231e+26
1.64300000000000e+01	9.58030824798470e+26
1.64400000000000e+01	9.53366220575596e+26
1.64500000000000e+01	9.48676162887060e+26
1.64600000000000e+01	9.43956203285525e+26
1.64700000000000e+01	9.39219486480644e+26
1.64800000000000e+01	9.34467414930174e+26
1.64900000000000e+01	9.29708775213719e+26
1.65000000000000e+01	9.24951834313446e+26
1.65100000000000e+01	9.20216855414694e+26
1.65200000000000e+01	9.15512449634531e+26
1.65300000000000e+01	9.10853459681832e+26
1.65400000000000e+01	9.06252392556837e+26
1.65500000000000e+01	9.01716321708942e+26
1.65600000000000e+01	8.97262598266161e+26
1.65700000000000e+01	8.92895144693367e+26
1.65800000000000e+01	8.88616118507215e+26
1.65900000000000e+01	8.84428384810685e+26
1.66000000000000e+01	8.80330572365078e+26
1.66100000000000e+01	8.76319526786128e+26
1.66200000000000e+01	8.72386345616571e+26
1.66300000000000e+01	8.68534891323099e+26
1.66400000000000e+01	8.64753425376146e+26
1.66500000000000e+01	8.61037972719159e+26
1.66600000000000e+01	8.57380035063470e+26
1.66700000000000e+01	8.53783592829387e+26
1.66800000000000e+01	8.50240846738680e+26
1.66900000000000e+01	8.46752002452968e+26
1.67000000000000e+01	8.43310439421381e+26
1.67100000000000e+01	8.39922060539296e+26
1.67200000000000e+01	8.36579839220419e+26
1.67300000000000e+01	8.33288317309032e+26
1.67400000000000e+01	8.30037153008872e+26
1.67500000000000e+01	8.26831715367296e+26
1.67600000000000e+01	8.23659838712658e+26
1.67700000000000e+01	8.20520359988645e+26
1.67800000000000e+01	8.17411417916433e+26
1.67900000000000e+01	8.14322897779402e+26
1.68000000000000e+01	8.11251803463410e+26
1.68100000000000e+01	8.08195535105162e+26
1.68200000000000e+01	8.05151791486229e+26
1.68300000000000e+01	8.02117495416947e+26
1.68400000000000e+01	7.99092411817207e+26
1.68500000000000e+01	7.96076396048757e+26
1.68600000000000e+01	7.93069063945561e+26
1.68700000000000e+01	7.90070824174086e+26
1.68800000000000e+01	7.87078177009578e+26
1.68900000000000e+01	7.84098713928580e+26
1.69000000000000e+01	7.81128565803199e+26
1.69100000000000e+01	7.78163033982113e+26
1.69200000000000e+01	7.75204871171421e+26
1.69300000000000e+01	7.72255996995649e+26
1.69400000000000e+01	7.69308202952515e+26
1.69500000000000e+01	7.66362912043318e+26
1.69600000000000e+01	7.63419746229320e+26
1.69700000000000e+01	7.60478505989460e+26
1.69800000000000e+01	7.57535481814496e+26
1.69900000000000e+01	7.54598881918870e+26
1.70000000000000e+01	7.51665970706275e+26
1.70100000000000e+01	7.48734856082212e+26
1.70200000000000e+01	7.45814404058332e+26
1.70300000000000e+01	7.42900655250147e+26
1.70400000000000e+01	7.39999477056133e+26
1.70500000000000e+01	7.37112883543570e+26
1.70600000000000e+01	7.34242806913754e+26
1.70700000000000e+01	7.31391898887648e+26
1.70800000000000e+01	7.28561784848067e+26
1.70900000000000e+01	7.25751342713413e+26
1.71000000000000e+01	7.22969093550199e+26
1.71100000000000e+01	7.20209257711589e+26
1.71200000000000e+01	7.17478257992309e+26
1.71300000000000e+01	7.14778891447254e+26
1.71400000000000e+01	7.12105038604559e+26
1.71500000000000e+01	7.09458360565860e+26
1.71600000000000e+01	7.06844755698087e+26
1.71700000000000e+01	7.04260489315426e+26
1.71800000000000e+01	7.01700061844771e+26
1.71900000000000e+01	6.99165848048351e+26
1.72000000000000e+01	6.96657692796851e+26
1.72100000000000e+01	6.94167764085054e+26
1.72200000000000e+01	6.91691917648156e+26
1.72300000000000e+01	6.89233921412428e+26
1.72400000000000e+01	6.86787427986116e+26
1.72500000000000e+01	6.84346332110957e+26
1.72600000000000e+01	6.81911588539896e+26
1.72700000000000e+01	6.79479248336702e+26
1.72800000000000e+01	6.77048902493493e+26
1.72900000000000e+01	6.74617801215241e+26
1.73000000000000e+01	6.72185833278803e+26
1.73100000000000e+01	6.69747980045079e+26
1.73200000000000e+01	6.67311894101619e+26
1.73300000000000e+01	6.64870998156309e+26
1.73400000000000e+01	6.62430445663870e+26
1.73500000000000e+01	6.59987846179653e+26
1.73600000000000e+01	6.57553170237956e+26
1.73700000000000e+01	6.55120487324226e+26
1.73800000000000e+01	6.52701834699295e+26
1.73900000000000e+01	6.50290888810096e+26
1.74000000000000e+01	6.47896660942680e+26
1.74100000000000e+01	6.45516427357410e+26
1.74200000000000e+01	6.43159462239041e+26
1.74300000000000e+01	6.40820870293545e+26
1.74400000000000e+01	6.38505391735081e+26
1.74500000000000e+01	6.36212762258845e+26
1.74600000000000e+01	6.33941088931139e+26
1.74700000000000e+01	6.31686873326894e+26
1.74800000000000e+01	6.29454035940181e+26
1.74900000000000e+01	6.27234534591040e+26
1.75000000000000e+01	6.25028634074431e+26
1.75100000000000e+01	6.22833595704716e+26
1.75200000000000e+01	6.20644489395185e+26
1.75300000000000e+01	6.18465393397834e+26
1.75400000000000e+01	6.16287009092250e+26
1.75500000000000e+01	6.14113631806957e+26
1.75600000000000e+01	6.11939407206722e+26
1.75700000000000e+01	6.09770357968836e+26
1.75800000000000e+01	6.07601402536973e+26
1.75900000000000e+01	6.05434628284763e+26
1.76000000000000e+01	6.03270456229116e+26
1.76100000000000e+01	6.01110788633635e+26
1.76200000000000e+01	5.98951312345173e+26
1.76300000000000e+01	5.96796952096342e+26
1.76400000000000e+01	5.94648689644541e+26
1.76500000000000e+01	5.92506698783921e+26
1.76600000000000e+01	5.90368787530586e+26
1.76700000000000e+01	5.88238906385478e+26
1.76800000000000e+01	5.86117862565979e+26
1.76900000000000e+01	5.84006425676885e+26
1.77000000000000e+01	5.81905309341800e+26
1.77100000000000e+01	5.79811401632149e+26
1.77200000000000e+01	5.77729123655143e+26
1.77300000000000e+01	5.75659045925986e+26
1.77400000000000e+01	5.73598657891610e+26
1.77500000000000e+01	5.71553772346591e+26
1.77600000000000e+01	5.69518068179227e+26
1.77700000000000e+01	5.67495013070730e+26
1.77800000000000e+01	5.65481327742144e+26
1.77900000000000e+01	5.63482743146538e+26
1.78000000000000e+01	5.61492300911158e+26
1.78100000000000e+01	5.59510535645621e+26
1.78200000000000e+01	5.57542503290064e+26
1.78300000000000e+01	5.55581401819104e+26
1.78400000000000e+01	5.53630095056822e+26
1.78500000000000e+01	5.51687787258617e+26
1.78600000000000e+01	5.49752186021105e+26
1.78700000000000e+01	5.47827015011909e+26
1.78800000000000e+01	5.45907791415684e+26
1.78900000000000e+01	5.43993819726995e+26
1.79000000000000e+01	5.42089552689051e+26
1.79100000000000e+01	5.40190580278027e+26
1.79200000000000e+01	5.38299154188936e+26
1.79300000000000e+01	5.36411726617262e+26
1.79400000000000e+01	5.34534837813586e+26
1.79500000000000e+01	5.32662066004787e+26
1.79600000000000e+01	5.30794173632743e+26
1.79700000000000e+01	5.28936267914623e+26
1.79800000000000e+01	5.27083331040614e+26
1.79900000000000e+01	5.25238252098556e+26
1.80000000000000e+01	5.23401711979160e+26
1.80100000000000e+01	5.21570166462099e+26
1.80200000000000e+01	5.19747107582258e+26
1.80300000000000e+01	5.17932473198141e+26
1.80400000000000e+01	5.16124041596524e+26
1.80500000000000e+01	5.14324551001128e+26
1.80600000000000e+01	5.12533230329555e+26
1.80700000000000e+01	5.10747850876634e+26
1.80800000000000e+01	5.08973915408482e+26
1.80900000000000e+01	5.07205736629120e+26
1.81000000000000e+01	5.05443246456681e+26
1.81100000000000e+01	5.03691272699289e+26
1.81200000000000e+01	5.01944203168886e+26
1.81300000000000e+01	5.00202665726737e+26
1.81400000000000e+01	4.98471487481312e+26
1.81500000000000e+01	4.96744472661768e+26
1.81600000000000e+01	4.95022927402613e+26
1.81700000000000e+01	4.93311017725102e+26
1.81800000000000e+01	4.91603262020082e+26
1.81900000000000e+01	4.89903041829069e+26
1.82000000000000e+01	4.88206988335278e+26
1.82100000000000e+01	4.86518467013931e+26
1.82200000000000e+01	4.84836825865579e+26
1.82300000000000e+01	4.83162057118844e+26
1.82400000000000e+01	4.81492098257722e+26
1.82500000000000e+01	4.79829633263165e+26
1.82600000000000e+01	4.78170697265310e+26
1.82700000000000e+01	4.76522532802794e+26
1.82800000000000e+01	4.74875836465217e+26
1.82900000000000e+01	4.73239225292532e+26
1.83000000000000e+01	4.71607346229972e+26
1.83100000000000e+01	4.69982206705773e+26
1.83200000000000e+01	4.68365024241774e+26
1.83300000000000e+01	4.66751883003832e+26
1.83400000000000e+01	4.65146637278648e+26
1.83500000000000e+01	4.63545389039444e+26
1.83600000000000e+01	4.61951972265041e+26
1.83700000000000e+01	4.60365730638189e+26
1.83800000000000e+01	4.58784024378126e+26
1.83900000000000e+01	4.57212639153675e+26
1.84000000000000e+01	4.55642524368689e+26
1.84100000000000e+01	4.54082653588442e+26
1.84200000000000e+01	4.52527809661136e+26
1.84300000000000e+01	4.50977365080316e+26
1.84400000000000e+01	4.49436435078122e+26
1.84500000000000e+01	4.47900444829869e+26
1.84600000000000e+01	4.46368772390128e+26
1.84700000000000e+01	4.44847095163030e+26
1.84800000000000e+01	4.43329673336078e+26
1.84900000000000e+01	4.41817083429917e+26
1.85000000000000e+01	4.40311834471662e+26
1.85100000000000e+01	4.38813296142371e+26
1.85200000000000e+01	4.37321433970823e+26
1.85300000000000e+01	4.35834874572242e+26
1.85400000000000e+01	4.34352420026548e+26
1.85500000000000e+01	4.32879058391612e+26
1.85600000000000e+01	4.31410910595034e+26
1.85700000000000e+01	4.29946789049319e+26
1.85800000000000e+01	4.28489162789729e+26
1.85900000000000e+01	4.27039153982841e+26
1.86000000000000e+01	4.25595568168006e+26
1.86100000000000e+01	4.24156479135769e+26
1.86200000000000e+01	4.22721866670074e+26
1.86300000000000e+01	4.21296624161548e+26
1.86400000000000e+01	4.19875226101670e+26
1.86500000000000e+01	4.18458225561278e+26
1.86600000000000e+01	4.17048609350721e+26
1.86700000000000e+01	4.15645206804196e+26
1.86800000000000e+01	4.14245557867956e+26
1.86900000000000e+01	4.12853194952502e+26
1.87000000000000e+01	4.11467517636161e+26
1.87100000000000e+01	4.10085519655664e+26
1.87200000000000e+01	4.08710708063194e+26
1.87300000000000e+01	4.07339530801319e+26
1.87400000000000e+01	4.05975478126725e+26
1.87500000000000e+01	4.04617405891973e+26
1.87600000000000e+01	4.03263450289868e+26
1.87700000000000e+01	4.01915973089070e+26
1.87800000000000e+01	4.00575488316684e+26
1.87900000000000e+01	3.99238495891588e+26
1.88000000000000e+01	3.97905527815480e+26
1.88100000000000e+01	3.96579468440461e+26
1.88200000000000e+01	3.95259196210164e+26
1.88300000000000e+01	3.93942875428775e+26
1.88400000000000e+01	3.92633370513824e+26
1.88500000000000e+01	3.91329569440566e+26
1.88600000000000e+01	3.90030184392851e+26
1.88700000000000e+01	3.88736452006462e+26
1.88800000000000e+01	3.87447089362738e+26
1.88900000000000e+01	3.86163860436478e+26
1.89000000000000e+01	3.84886733540973e+26
1.89100000000000e+01	3.83613371304334e+26
1.89200000000000e+01	3.82343757885410e+26
1.89300000000000e+01	3.81080698948225e+26
1.89400000000000e+01	3.79823110423465e+26
1.89500000000000e+01	3.78572011701332e+26
1.89600000000000e+01	3.77324566078929e+26
1.89700000000000e+01	3.76080758354753e+26
1.89800000000000e+01	3.74842843578376e+26
1.89900000000000e+01	3.73610791612335e+26
1.90000000000000e+01	3.72382828271686e+26
1.90100000000000e+01	3.71160675236109e+26
1.90200000000000e+01	3.69942052810510e+26
1.90300000000000e+01	3.68729191600154e+26
1.90400000000000e+01	3.67522062305213e+26
1.90500000000000e+01	3.66318909493763e+26
1.90600000000000e+01	3.65119207392005e+26
1.90700000000000e+01	3.63925167291638e+26
1.90800000000000e+01	3.62737265262603e+26
1.90900000000000e+01	3.61552749806102e+26
1.91000000000000e+01	3.60373817899559e+26
1.91100000000000e+01	3.59200441366409e+26
1.91200000000000e+01	3.58030391244962e+26
1.91300000000000e+01	3.56864152133612e+26
1.91400000000000e+01	3.55703401440902e+26
1.91500000000000e+01	3.54548606844112e+26
1.91600000000000e+01	3.53397061289501e+26
1.91700000000000e+01	3.52250928810476e+26
1.91800000000000e+01	3.51108010108720e+26
1.91900000000000e+01	3.49970949844361e+26
1.92000000000000e+01	3.48837065905310e+26
1.92100000000000e+01	3.47708991077498e+26
1.92200000000000e+01	3.46586208911030e+26
1.92300000000000e+01	3.45466544425260e+26
1.92400000000000e+01	3.44350468805086e+26
1.92500000000000e+01	3.43239623248994e+26
1.92600000000000e+01	3.42133981792122e+26
1.92700000000000e+01	3.41031868103875e+26
1.92800000000000e+01	3.39934913710180e+26
1.92900000000000e+01	3.38840972285402e+26
1.93000000000000e+01	3.37752624064380e+26
1.93100000000000e+01	3.36667728326503e+26
1.93200000000000e+01	3.35587430701907e+26
1.93300000000000e+01	3.34511022988127e+26
1.93400000000000e+01	3.33439172626231e+26
1.93500000000000e+01	3.32370703837040e+26
1.93600000000000e+01	3.31307690750628e+26
1.93700000000000e+01	3.30249638334307e+26
1.93800000000000e+01	3.29194442284858e+26
1.93900000000000e+01	3.28142556161799e+26
1.94000000000000e+01	3.27096036610355e+26
1.94100000000000e+01	3.26053932252165e+26
1.94200000000000e+01	3.25015542669230e+26
1.94300000000000e+01	3.23979931258164e+26
1.94400000000000e+01	3.22951194442305e+26
1.94500000000000e+01	3.21923605572719e+26
1.94600000000000e+01	3.20900797473105e+26
1.94700000000000e+01	3.19883201482377e+26
1.94800000000000e+01	3.18868301649324e+26
1.94900000000000e+01	3.17858571777381e+26
1.95000000000000e+01	3.16851507234061e+26
1.95100000000000e+01	3.15849570962977e+26
1.95200000000000e+01	3.14850269581108e+26
1.95300000000000e+01	3.13856055235298e+26
1.95400000000000e+01	3.12864891919954e+26
1.95500000000000e+01	3.11878327477125e+26
1.95600000000000e+01	3.10894338192976e+26
1.95700000000000e+01	3.09915354811750e+26
1.95800000000000e+01	3.08939358792373e+26
1.95900000000000e+01	3.07967886091724e+26
1.96000000000000e+01	3.06999369496295e+26
1.96100000000000e+01	3.06035777099437e+26
1.96200000000000e+01	3.05074233866455e+26
1.96300000000000e+01	3.04118013819727e+26
1.96400000000000e+01	3.03164251614823e+26
1.96500000000000e+01	3.02215335944679e+26
1.96600000000000e+01	3.01268850269453e+26
1.96700000000000e+01	3.00327172919724e+26
1.96800000000000e+01	2.99388328110116e+26
1.96900000000000e+01	2.98453822651864e+26
1.97000000000000e+01	2.97517145618922e+26
1.97100000000000e+01	2.96585219390555e+26
1.97200000000000e+01	2.95653490913685e+26
1.97300000000000e+01	2.94715511295395e+26
1.97400000000000e+01	2.93766810411584e+26
1.97500000000000e+01	2.92797794345415e+26
1.97600000000000e+01	2.91786118564315e+26
1.97700000000000e+01	2.90702567034005e+26
1.97800000000000e+01	2.89501946126183e+26
1.97900000000000e+01	2.88111842643148e+26
1.98000000000000e+01	2.86429316032066e+26
1.98100000000000e+01	2.84308317791157e+26
1.98200000000000e+01	2.81548788081936e+26
1.98300000000000e+01	2.77893409025702e+26
1.98400000000000e+01	2.73023609387696e+26
1.98500000000000e+01	2.66560025693273e+26
1.98600000000000e+01	2.58084587098419e+26
1.98700000000000e+01	2.47170517040023e+26
1.98800000000000e+01	2.33429668861694e+26
1.98900000000000e+01	2.16578463442907e+26
1.99000000000000e+01	1.96516989119532e+26
1.99100000000000e+01	1.73404346276901e+26
1.99200000000000e+01	1.47738437821930e+26
1.99300000000000e+01	1.20393965054025e+26
1.99400000000000e+01	9.26277610680788e+25
1.99500000000000e+01	6.60056199120132e+25
1.99600000000000e+01	4.22381116703142e+25
1.99700000000000e+01	2.29381204544953e+25
1.99800000000000e+01	9.30597048902815e+24
1.99900000000000e+01	1.82356540017815e+24
2.00000000000000e+01	5.55522491557178e+22
