1.00000000000000e-02	7.65349554778895e+27
2.00000000000000e-02	3.06151247695764e+28
3.00000000000000e-02	6.88895246131333e+28
4.00000000000000e-02	1.22481902447984e+29
5.00000000000000e-02	1.91403904311702e+29
6.00000000000000e-02	2.75666929541488e+29
7.00000000000000e-02	3.75282010331694e+29
8.00000000000000e-02	4.90272992489694e+29
9.00000000000000e-02	6.20658401576005e+29
1.00000000000000e-01	7.66457487027413e+29
1.10000000000000e-01	9.27700821588563e+29
1.20000000000000e-01	1.10441220967162e+30
1.30000000000000e-01	1.29662368015496e+30
1.40000000000000e-01	1.50436851688772e+30
1.50000000000000e-01	1.72770304222745e+30
1.60000000000000e-01	1.96662426089040e+30
1.70000000000000e-01	2.22122394124101e+30
1.80000000000000e-01	2.49148904458546e+30
1.90000000000000e-01	2.77752539483735e+30
2.00000000000000e-01	3.07938701838431e+30
2.10000000000000e-01	3.39706115679984e+30
2.20000000000000e-01	3.73067987219682e+30
2.30000000000000e-01	4.08020849776220e+30
2.40000000000000e-01	4.44585778238354e+30
2.50000000000000e-01	4.82753745820146e+30
2.60000000000000e-01	5.22542065645848e+30
2.70000000000000e-01	5.63953157978747e+30
2.80000000000000e-01	6.06992969080385e+30
2.90000000000000e-01	6.51677479330254e+30
3.00000000000000e-01	6.98013323350577e+30
3.10000000000000e-01	7.45993464613820e+30
3.20000000000000e-01	7.95651986504461e+30
3.30000000000000e-01	8.46972531201220e+30
3.40000000000000e-01	8.99988459741869e+30
3.50000000000000e-01	9.54694705050766e+30
3.60000000000000e-01	1.01109865556144e+31
3.70000000000000e-01	1.06923234936939e+31
3.80000000000000e-01	1.12908292758805e+31
3.90000000000000e-01	1.19066199973507e+31
4.00000000000000e-01	1.25400861304904e+31
4.10000000000000e-01	1.31910210248925e+31
4.20000000000000e-01	1.38597082487235e+31
4.30000000000000e-01	1.45463027087918e+31
4.40000000000000e-01	1.52509103851559e+31
4.50000000000000e-01	1.59738203529829e+31
4.60000000000000e-01	1.67148682189277e+31
4.70000000000000e-01	1.74743086243466e+31
4.80000000000000e-01	1.82522483369071e+31
4.90000000000000e-01	1.90491484354542e+31
5.00000000000000e-01	1.98648537284284e+31
5.10000000000000e-01	2.06996213819130e+31
5.20000000000000e-01	2.15534567661469e+31
5.30000000000000e-01	2.24268805843464e+31
5.40000000000000e-01	2.33200011498921e+31
5.50000000000000e-01	2.42327737088093e+31
5.60000000000000e-01	2.51656023931862e+31
5.70000000000000e-01	2.61183844790840e+31
5.80000000000000e-01	2.70916407672938e+31
5.90000000000000e-01	2.80855268008423e+31
6.00000000000000e-01	2.91001919342906e+31
6.10000000000000e-01	3.01358955480436e+31
6.20000000000000e-01	3.11927908258866e+31
6.30000000000000e-01	3.22710890685962e+31
6.40000000000000e-01	3.33714344583111e+31
6.50000000000000e-01	3.44932560560427e+31
6.60000000000000e-01	3.56375304318137e+31
6.70000000000000e-01	3.68043842453674e+31
6.80000000000000e-01	3.79937872720628e+31
6.90000000000000e-01	3.92064031508601e+31
7.00000000000000e-01	4.04419160435145e+31
7.10000000000000e-01	4.17010836813557e+31
7.20000000000000e-01	4.29846519143593e+31
7.30000000000000e-01	4.42918143741732e+31
7.40000000000000e-01	4.56239574072198e+31
7.50000000000000e-01	4.69803056655236e+31
7.60000000000000e-01	4.83620654919486e+31
7.70000000000000e-01	4.97696485908210e+31
7.80000000000000e-01	5.12026577727847e+31
7.90000000000000e-01	5.26620360050099e+31
8.00000000000000e-01	5.41482171436785e+31
8.10000000000000e-01	5.56612570700368e+31
8.20000000000000e-01	5.72015889336187e+31
8.30000000000000e-01	5.87696616105301e+31
8.40000000000000e-01	6.03660476190923e+31
8.50000000000000e-01	6.19910133952286e+31
8.60000000000000e-01	6.36450461487178e+31
8.70000000000000e-01	6.53280767203620e+31
8.80000000000000e-01	6.70417523424790e+31
8.90000000000000e-01	6.87858104311721e+31
9.00000000000000e-01	7.05605339494966e+31
9.10000000000000e-01	7.23664606955189e+31
9.20000000000000e-01	7.42047801013152e+31
9.30000000000000e-01	7.60754408416018e+31
9.40000000000000e-01	7.79794300727965e+31
9.50000000000000e-01	7.99166834834106e+31
9.60000000000000e-01	8.18887837733117e+31
9.70000000000000e-01	8.38954127420762e+31
9.80000000000000e-01	8.59376283508514e+31
9.90000000000000e-01	8.80150835087007e+31
1.00000000000000e+00	9.01299094257467e+31
1.01000000000000e+00	9.22828623304909e+31
1.02000000000000e+00	9.44734358888862e+31
1.03000000000000e+00	9.67018545404968e+31
1.04000000000000e+00	9.89709410232715e+31
1.05000000000000e+00	1.01281032962444e+32
1.06000000000000e+00	1.03631768410414e+32
1.07000000000000e+00	1.06024622734020e+32
1.08000000000000e+00	1.08459022627175e+32
1.09000000000000e+00	1.10938989125328e+32
1.10000000000000e+00	1.13462936265288e+32
1.11000000000000e+00	1.16032472724758e+32
1.12000000000000e+00	1.18649281917365e+32
1.13000000000000e+00	1.21313188315779e+32
1.14000000000000e+00	1.24025313119268e+32
1.15000000000000e+00	1.26787275890730e+32
1.16000000000000e+00	1.29600064315794e+32
1.17000000000000e+00	1.32464960920935e+32
1.18000000000000e+00	1.35384134833318e+32
1.19000000000000e+00	1.38356309533514e+32
1.20000000000000e+00	1.41384159580826e+32
1.21000000000000e+00	1.44469718688674e+32
1.22000000000000e+00	1.47613286152752e+32
1.23000000000000e+00	1.50817720150342e+32
1.24000000000000e+00	1.54081731475269e+32
1.25000000000000e+00	1.57409664874737e+32
1.26000000000000e+00	1.60800984085710e+32
1.27000000000000e+00	1.64259223722425e+32
1.28000000000000e+00	1.67785305722319e+32
1.29000000000000e+00	1.71380479156828e+32
1.30000000000000e+00	1.75046687304590e+32
1.31000000000000e+00	1.78787075481915e+32
1.32000000000000e+00	1.82601150181396e+32
1.33000000000000e+00	1.86494142767097e+32
1.34000000000000e+00	1.90466322830861e+32
1.35000000000000e+00	1.94519854820246e+32
1.36000000000000e+00	1.98657922407359e+32
1.37000000000000e+00	2.02883591776204e+32
1.38000000000000e+00	2.07197575375441e+32
1.39000000000000e+00	2.11603278696675e+32
1.40000000000000e+00	2.16102187016026e+32
1.41000000000000e+00	2.20700823943611e+32
1.42000000000000e+00	2.25398341219520e+32
1.43000000000000e+00	2.30201070811510e+32
1.44000000000000e+00	2.35111277990078e+32
1.45000000000000e+00	2.40131051456015e+32
1.46000000000000e+00	2.45263788649585e+32
1.47000000000000e+00	2.50516964510414e+32
1.48000000000000e+00	2.55891075084685e+32
1.49000000000000e+00	2.61391085843167e+32
1.50000000000000e+00	2.67022474774483e+32
1.51000000000000e+00	2.72790556493164e+32
1.52000000000000e+00	2.78696528791036e+32
1.53000000000000e+00	2.84748394935755e+32
1.54000000000000e+00	2.90953755640778e+32
1.55000000000000e+00	2.97314023266291e+32
1.56000000000000e+00	3.03836718372820e+32
1.57000000000000e+00	3.10529826765462e+32
1.58000000000000e+00	3.17401291998404e+32
1.59000000000000e+00	3.24456433001974e+32
1.60000000000000e+00	3.31701816936912e+32
1.61000000000000e+00	3.39149729543378e+32
1.62000000000000e+00	3.46806736498775e+32
1.63000000000000e+00	3.54684688831167e+32
1.64000000000000e+00	3.62787382274850e+32
1.65000000000000e+00	3.71131277638718e+32
1.66000000000000e+00	3.79722042433412e+32
1.67000000000000e+00	3.88573095682586e+32
1.68000000000000e+00	3.97691462541279e+32
1.69000000000000e+00	4.07091628601908e+32
1.70000000000000e+00	4.16783895394883e+32
1.71000000000000e+00	4.26776615707061e+32
1.72000000000000e+00	4.37091257927556e+32
1.73000000000000e+00	4.47742891774687e+32
1.74000000000000e+00	4.58748869668405e+32
1.75000000000000e+00	4.70133293889824e+32
1.76000000000000e+00	4.81929525878781e+32
1.77000000000000e+00	4.94166586266795e+32
1.78000000000000e+00	5.06879341261308e+32
1.79000000000000e+00	5.20116202183288e+32
1.80000000000000e+00	5.33908804764018e+32
1.81000000000000e+00	5.48314390725557e+32
1.82000000000000e+00	5.63367354453628e+32
1.83000000000000e+00	5.79110993981160e+32
1.84000000000000e+00	5.95579184943490e+32
1.85000000000000e+00	6.12811194733626e+32
1.86000000000000e+00	6.30829457681680e+32
1.87000000000000e+00	6.49657200529804e+32
1.88000000000000e+00	6.69308191470402e+32
1.89000000000000e+00	6.89809295340521e+32
1.90000000000000e+00	7.11173910669602e+32
1.91000000000000e+00	7.33434924935792e+32
1.92000000000000e+00	7.56644162755576e+32
1.93000000000000e+00	7.80872399562498e+32
1.94000000000000e+00	8.06222789664975e+32
1.95000000000000e+00	8.32853304496429e+32
1.96000000000000e+00	8.60954900948781e+32
1.97000000000000e+00	8.90813801584679e+32
1.98000000000000e+00	9.22752971802402e+32
1.99000000000000e+00	9.57201581735624e+32
2.00000000000000e+00	9.94663825810137e+32
2.01000000000000e+00	1.03572402464598e+33
2.02000000000000e+00	1.08103099266984e+33
2.03000000000000e+00	1.13131925706704e+33
2.04000000000000e+00	1.18736142575959e+33
2.05000000000000e+00	1.24995221543284e+33
2.06000000000000e+00	1.31985745831000e+33
2.07000000000000e+00	1.39778379121790e+33
2.08000000000000e+00	1.48428139701098e+33
2.09000000000000e+00	1.57968243443811e+33
2.10000000000000e+00	1.68402314363560e+33
2.11000000000000e+00	1.79693281085126e+33
2.12000000000000e+00	1.91757785458381e+33
2.13000000000000e+00	2.04456647552560e+33
2.14000000000000e+00	2.17593929050995e+33
2.15000000000000e+00	2.30915054640948e+33
2.16000000000000e+00	2.44111215979370e+33
2.17000000000000e+00	2.56826375073572e+33
2.18000000000000e+00	2.68675708505498e+33
2.19000000000000e+00	2.79276057087122e+33
2.20000000000000e+00	2.88271251041336e+33
2.21000000000000e+00	2.95371529507107e+33
2.22000000000000e+00	3.00397670818540e+33
2.23000000000000e+00	3.03306361893182e+33
2.24000000000000e+00	3.04217476716791e+33
2.25000000000000e+00	3.03408862853931e+33
2.26000000000000e+00	3.01273044294251e+33
2.27000000000000e+00	2.98261224309760e+33
2.28000000000000e+00	2.94829262296092e+33
2.29000000000000e+00	2.91378667190018e+33
2.30000000000000e+00	2.88253472262374e+33
2.31000000000000e+00	2.85744856387359e+33
2.32000000000000e+00	2.84100138529151e+33
2.33000000000000e+00	2.83514552724859e+33
2.34000000000000e+00	2.84093613060757e+33
2.35000000000000e+00	2.85790301215815e+33
2.36000000000000e+00	2.88327637413752e+33
2.37000000000000e+00	2.91134341368964e+33
2.38000000000000e+00	2.93347145214762e+33
2.39000000000000e+00	2.93920494186980e+33
2.40000000000000e+00	2.91875009676723e+33
2.41000000000000e+00	2.86601404644271e+33
2.42000000000000e+00	2.78080313213217e+33
2.43000000000000e+00	2.66860976638584e+33
2.44000000000000e+00	2.53832206462369e+33
2.45000000000000e+00	2.39924535962368e+33
2.46000000000000e+00	2.25905142589972e+33
2.47000000000000e+00	2.12315921877955e+33
2.48000000000000e+00	1.99501751310403e+33
2.49000000000000e+00	1.87688698998700e+33
2.50000000000000e+00	1.77047727278472e+33
2.51000000000000e+00	1.67725240890422e+33
2.52000000000000e+00	1.59850073086731e+33
2.53000000000000e+00	1.53524429675455e+33
2.54000000000000e+00	1.48818063856057e+33
2.55000000000000e+00	1.45768389883092e+33
2.56000000000000e+00	1.44385743404667e+33
2.57000000000000e+00	1.44666691864450e+33
2.58000000000000e+00	1.46589095829160e+33
2.59000000000000e+00	1.50099721278119e+33
2.60000000000000e+00	1.55079059056249e+33
2.61000000000000e+00	1.61297752320393e+33
2.62000000000000e+00	1.68376984191831e+33
2.63000000000000e+00	1.75784255844699e+33
2.64000000000000e+00	1.82873543624567e+33
2.65000000000000e+00	1.88999512584848e+33
2.66000000000000e+00	1.93655802473126e+33
2.67000000000000e+00	1.96591201989871e+33
2.68000000000000e+00	1.97840562786964e+33
2.69000000000000e+00	1.97653808305422e+33
2.70000000000000e+00	1.96401769661525e+33
2.71000000000000e+00	1.94472373693619e+33
2.72000000000000e+00	1.92216143908501e+33
2.73000000000000e+00	1.89907088219234e+33
2.74000000000000e+00	1.87727263293136e+33
2.75000000000000e+00	1.85752891548425e+33
2.76000000000000e+00	1.83969688123862e+33
2.77000000000000e+00	1.82308852234228e+33
2.78000000000000e+00	1.80717069702670e+33
2.79000000000000e+00	1.79232761263694e+33
2.80000000000000e+00	1.78023793233218e+33
2.81000000000000e+00	1.77359539483771e+33
2.82000000000000e+00	1.77534076899783e+33
2.83000000000000e+00	1.78764519176777e+33
2.84000000000000e+00	1.81125586877967e+33
2.85000000000000e+00	1.84525134215144e+33
2.86000000000000e+00	1.88732252018077e+33
2.87000000000000e+00	1.93450621709882e+33
2.88000000000000e+00	1.98406710320667e+33
2.89000000000000e+00	2.03409747289338e+33
2.90000000000000e+00	2.08357872558985e+33
2.91000000000000e+00	2.13182859179656e+33
2.92000000000000e+00	2.17773847915544e+33
2.93000000000000e+00	2.21925301314950e+33
2.94000000000000e+00	2.25346224629482e+33
2.95000000000000e+00	2.27719896439072e+33
2.96000000000000e+00	2.28792223261974e+33
2.97000000000000e+00	2.28445289414794e+33
2.98000000000000e+00	2.26722861925425e+33
2.99000000000000e+00	2.23804848540201e+33
3.00000000000000e+00	2.19963211346317e+33
3.01000000000000e+00	2.15510561841556e+33
3.02000000000000e+00	2.10756968093109e+33
3.03000000000000e+00	2.05980313612145e+33
3.04000000000000e+00	2.01417066651456e+33
3.05000000000000e+00	1.97252844052147e+33
3.06000000000000e+00	1.93644101086106e+33
3.07000000000000e+00	1.90709203984232e+33
3.08000000000000e+00	1.88531198040720e+33
3.09000000000000e+00	1.87136037887748e+33
3.10000000000000e+00	1.86486737154360e+33
3.11000000000000e+00	1.86497827067777e+33
3.12000000000000e+00	1.87063325778454e+33
3.13000000000000e+00	1.88087545576887e+33
3.14000000000000e+00	1.89495345309581e+33
3.15000000000000e+00	1.91227210350296e+33
3.16000000000000e+00	1.93190552389142e+33
3.17000000000000e+00	1.95223129405425e+33
3.18000000000000e+00	1.97070501511036e+33
3.19000000000000e+00	1.98396812863697e+33
3.20000000000000e+00	1.98851226922041e+33
3.21000000000000e+00	1.98149839438168e+33
3.22000000000000e+00	1.96159450497485e+33
3.23000000000000e+00	1.92921634326141e+33
3.24000000000000e+00	1.88623745053637e+33
3.25000000000000e+00	1.83518199494027e+33
3.26000000000000e+00	1.77855144973900e+33
3.27000000000000e+00	1.71833544774441e+33
3.28000000000000e+00	1.65594963875443e+33
3.29000000000000e+00	1.59243679355071e+33
3.30000000000000e+00	1.52865023136778e+33
3.31000000000000e+00	1.46537138459877e+33
3.32000000000000e+00	1.40339428765857e+33
3.33000000000000e+00	1.34336057819309e+33
3.34000000000000e+00	1.28572232936166e+33
3.35000000000000e+00	1.23063679502838e+33
3.36000000000000e+00	1.17803157761458e+33
3.37000000000000e+00	1.12763114688027e+33
3.38000000000000e+00	1.07913043835629e+33
3.39000000000000e+00	1.03228787170473e+33
3.40000000000000e+00	9.87059067152893e+32
3.41000000000000e+00	9.43656646838260e+32
3.42000000000000e+00	9.02596428144593e+32
3.43000000000000e+00	8.64605513771322e+32
3.44000000000000e+00	8.30481200233880e+32
3.45000000000000e+00	8.00890270552280e+32
3.46000000000000e+00	7.76247535661745e+32
3.47000000000000e+00	7.56613039264971e+32
3.48000000000000e+00	7.41758786853787e+32
3.49000000000000e+00	7.31275178446689e+32
3.50000000000000e+00	7.24710080651660e+32
3.51000000000000e+00	7.21607398237508e+32
3.52000000000000e+00	7.21506461984113e+32
3.53000000000000e+00	7.23897747831299e+32
3.54000000000000e+00	7.28152481077555e+32
3.55000000000000e+00	7.33536023297746e+32
3.56000000000000e+00	7.39261053505261e+32
3.57000000000000e+00	7.44538492748859e+32
3.58000000000000e+00	7.48673504154998e+32
3.59000000000000e+00	7.51080304935772e+32
3.60000000000000e+00	7.51311459215753e+32
3.61000000000000e+00	7.49086994699102e+32
3.62000000000000e+00	7.44250016203459e+32
3.63000000000000e+00	7.36842910884905e+32
3.64000000000000e+00	7.27077693824677e+32
3.65000000000000e+00	7.15353062917693e+32
3.66000000000000e+00	7.02187481028323e+32
3.67000000000000e+00	6.88187924351580e+32
3.68000000000000e+00	6.73885805734984e+32
3.69000000000000e+00	6.59695020627028e+32
3.70000000000000e+00	6.45875648898434e+32
3.71000000000000e+00	6.32514416427024e+32
3.72000000000000e+00	6.19614562711911e+32
3.73000000000000e+00	6.07120224917463e+32
3.74000000000000e+00	5.95018052715915e+32
3.75000000000000e+00	5.83325994178170e+32
3.76000000000000e+00	5.72115456543025e+32
3.77000000000000e+00	5.61469962486771e+32
3.78000000000000e+00	5.51446946329102e+32
3.79000000000000e+00	5.42044191717049e+32
3.80000000000000e+00	5.33184425180155e+32
3.81000000000000e+00	5.24714840621669e+32
3.82000000000000e+00	5.16424529354278e+32
3.83000000000000e+00	5.08080341164972e+32
3.84000000000000e+00	4.99435300444861e+32
3.85000000000000e+00	4.90298230151015e+32
3.86000000000000e+00	4.80531768918041e+32
3.87000000000000e+00	4.70042897774484e+32
3.88000000000000e+00	4.58842906700105e+32
3.89000000000000e+00	4.47000312944608e+32
3.90000000000000e+00	4.34648550002780e+32
3.91000000000000e+00	4.22005444663995e+32
3.92000000000000e+00	4.09332619629397e+32
3.93000000000000e+00	3.96919500905304e+32
3.94000000000000e+00	3.85019136113155e+32
3.95000000000000e+00	3.73839949254929e+32
3.96000000000000e+00	3.63505758905102e+32
3.97000000000000e+00	3.54056585725215e+32
3.98000000000000e+00	3.45436381093018e+32
3.99000000000000e+00	3.37535049329145e+32
4.00000000000000e+00	3.30173280598987e+32
4.01000000000000e+00	3.23176218150854e+32
4.02000000000000e+00	3.16353550316458e+32
4.03000000000000e+00	3.09571316783091e+32
4.04000000000000e+00	3.02753921475700e+32
4.05000000000000e+00	2.95907270474858e+32
4.06000000000000e+00	2.89104968264639e+32
4.07000000000000e+00	2.82469827929451e+32
4.08000000000000e+00	2.76133032225930e+32
4.09000000000000e+00	2.70220893412184e+32
4.10000000000000e+00	2.64819836682023e+32
4.11000000000000e+00	2.59987706326365e+32
4.12000000000000e+00	2.55736133194938e+32
4.13000000000000e+00	2.52061030112404e+32
4.14000000000000e+00	2.48939924427593e+32
4.15000000000000e+00	2.46331928633084e+32
4.16000000000000e+00	2.44181735589206e+32
4.17000000000000e+00	2.42417292561420e+32
4.18000000000000e+00	2.40951354859181e+32
4.19000000000000e+00	2.39676851810941e+32
4.20000000000000e+00	2.38478779145422e+32
4.21000000000000e+00	2.37224838358038e+32
4.22000000000000e+00	2.35785793986797e+32
4.23000000000000e+00	2.34023111674439e+32
4.24000000000000e+00	2.31808639208903e+32
4.25000000000000e+00	2.29027246492042e+32
4.26000000000000e+00	2.25581712389879e+32
4.27000000000000e+00	2.21410109202541e+32
4.28000000000000e+00	2.16472876789815e+32
4.29000000000000e+00	2.10758164382177e+32
4.30000000000000e+00	2.04277192249074e+32
4.31000000000000e+00	1.97097367457005e+32
4.32000000000000e+00	1.89318496501117e+32
4.33000000000000e+00	1.81102423111558e+32
4.34000000000000e+00	1.72650133103662e+32
4.35000000000000e+00	1.64193872753307e+32
4.36000000000000e+00	1.55975238595923e+32
4.37000000000000e+00	1.48219192787882e+32
4.38000000000000e+00	1.41111634457526e+32
4.39000000000000e+00	1.34787716392871e+32
4.40000000000000e+00	1.29323639789932e+32
4.41000000000000e+00	1.24734622295691e+32
4.42000000000000e+00	1.20981693086349e+32
4.43000000000000e+00	1.17974110067118e+32
4.44000000000000e+00	1.15580619879716e+32
4.45000000000000e+00	1.13640747376062e+32
4.46000000000000e+00	1.11981582407557e+32
4.47000000000000e+00	1.10433795860245e+32
4.48000000000000e+00	1.08846439713743e+32
4.49000000000000e+00	1.07097614652864e+32
4.50000000000000e+00	1.05099139743214e+32
4.51000000000000e+00	1.02802306225358e+32
4.52000000000000e+00	1.00195288657328e+32
4.53000000000000e+00	9.73033184504530e+31
4.54000000000000e+00	9.41918770331624e+31
4.55000000000000e+00	9.09664822717296e+31
4.56000000000000e+00	8.77735478328687e+31
4.57000000000000e+00	8.47982251531848e+31
4.58000000000000e+00	8.22576287493773e+31
4.59000000000000e+00	8.03860068665375e+31
4.60000000000000e+00	7.94144698964899e+31
4.61000000000000e+00	7.95436765338548e+31
4.62000000000000e+00	8.09187178882136e+31
4.63000000000000e+00	8.36055905757607e+31
4.64000000000000e+00	8.75715358109471e+31
4.65000000000000e+00	9.26782741974612e+31
4.66000000000000e+00	9.86824808214176e+31
4.67000000000000e+00	1.05248897199288e+32
4.68000000000000e+00	1.11976260032214e+32
4.69000000000000e+00	1.18421232744458e+32
4.70000000000000e+00	1.24134155932528e+32
4.71000000000000e+00	1.28696629718530e+32
4.72000000000000e+00	1.31753819356430e+32
4.73000000000000e+00	1.33056927885375e+32
4.74000000000000e+00	1.32495761619243e+32
4.75000000000000e+00	1.30122272669949e+32
4.76000000000000e+00	1.26161105544629e+32
4.77000000000000e+00	1.20994248668742e+32
4.78000000000000e+00	1.15133711915915e+32
4.79000000000000e+00	1.09166012875657e+32
4.80000000000000e+00	1.03686651418905e+32
4.81000000000000e+00	9.92227286391496e+31
4.82000000000000e+00	9.61654017462267e+31
4.83000000000000e+00	9.47217378788322e+31
4.84000000000000e+00	9.48932498951288e+31
4.85000000000000e+00	9.64970696674932e+31
4.86000000000000e+00	9.92026064738950e+31
4.87000000000000e+00	1.02590992452474e+32
4.88000000000000e+00	1.06209890607775e+32
4.89000000000000e+00	1.09622650801341e+32
4.90000000000000e+00	1.12441371845816e+32
4.91000000000000e+00	1.14342033231792e+32
4.92000000000000e+00	1.15077940637284e+32
4.93000000000000e+00	1.14477857593406e+32
4.94000000000000e+00	1.12438433305438e+32
4.95000000000000e+00	1.08926254293124e+32
4.96000000000000e+00	1.03967648590664e+32
4.97000000000000e+00	9.76453510339571e+31
4.98000000000000e+00	9.00994856659392e+31
4.99000000000000e+00	8.15256516547266e+31
5.00000000000000e+00	7.21840615870242e+31
5.01000000000000e+00	6.24083483157045e+31
5.02000000000000e+00	5.26134913468975e+31
5.03000000000000e+00	4.33050855208518e+31
5.04000000000000e+00	3.50833251502495e+31
5.05000000000000e+00	2.86374781558923e+31
5.06000000000000e+00	2.47280843562686e+31
5.07000000000000e+00	2.41524866247635e+31
5.08000000000000e+00	2.76910789011740e+31
5.09000000000000e+00	3.60385801455431e+31
5.10000000000000e+00	4.97223488574352e+31
5.11000000000000e+00	6.90178151787397e+31
5.12000000000000e+00	9.38750666944445e+31
5.13000000000000e+00	1.23867342720852e+32
5.14000000000000e+00	1.58172504761787e+32
5.15000000000000e+00	1.95603551078079e+32
5.16000000000000e+00	2.34676383514868e+32
5.17000000000000e+00	2.73720698116829e+32
5.18000000000000e+00	3.11006963861259e+32
5.19000000000000e+00	3.44881560862741e+32
5.20000000000000e+00	3.73877801365714e+32
5.21000000000000e+00	3.96817992339604e+32
5.22000000000000e+00	4.12880899329387e+32
5.23000000000000e+00	4.21616524919741e+32
5.24000000000000e+00	4.22994450517530e+32
5.25000000000000e+00	4.17355223438143e+32
5.26000000000000e+00	4.05382332395275e+32
5.27000000000000e+00	3.88035935951269e+32
5.28000000000000e+00	3.66479140018386e+32
5.29000000000000e+00	3.41995326183812e+32
5.30000000000000e+00	3.15921178433987e+32
5.31000000000000e+00	2.89563348168668e+32
5.32000000000000e+00	2.64079300840214e+32
5.33000000000000e+00	2.40432403237145e+32
5.34000000000000e+00	2.19311161758433e+32
5.35000000000000e+00	2.01118594423891e+32
5.36000000000000e+00	1.85977936313159e+32
5.37000000000000e+00	1.73781237963018e+32
5.38000000000000e+00	1.64252592192897e+32
5.39000000000000e+00	1.57013642460605e+32
5.40000000000000e+00	1.51655845317012e+32
5.41000000000000e+00	1.47786422407004e+32
5.42000000000000e+00	1.45069471072566e+32
5.43000000000000e+00	1.43241357011211e+32
5.44000000000000e+00	1.42112086788881e+32
5.45000000000000e+00	1.41562223699788e+32
5.46000000000000e+00	1.41533815969667e+32
5.47000000000000e+00	1.42013839630185e+32
5.48000000000000e+00	1.43022319514556e+32
5.49000000000000e+00	1.44599054953005e+32
5.50000000000000e+00	1.46789883550989e+32
5.51000000000000e+00	1.49634182142270e+32
5.52000000000000e+00	1.53149795753481e+32
5.53000000000000e+00	1.57321964481811e+32
5.54000000000000e+00	1.62087630143092e+32
5.55000000000000e+00	1.67331233840880e+32
5.56000000000000e+00	1.72874317062616e+32
5.57000000000000e+00	1.78481961790109e+32
5.58000000000000e+00	1.83859739443691e+32
5.59000000000000e+00	1.88677502274164e+32
5.60000000000000e+00	1.92576854979087e+32
5.61000000000000e+00	1.95189911399500e+32
5.62000000000000e+00	1.96160401205099e+32
5.63000000000000e+00	1.95163713638526e+32
5.64000000000000e+00	1.91925385209685e+32
5.65000000000000e+00	1.86245696917751e+32
5.66000000000000e+00	1.78028478299527e+32
5.67000000000000e+00	1.67297789060287e+32
5.68000000000000e+00	1.54223380878554e+32
5.69000000000000e+00	1.39132827057861e+32
5.70000000000000e+00	1.22523588460280e+32
5.71000000000000e+00	1.05059850723250e+32
5.72000000000000e+00	8.75450315319505e+31
5.73000000000000e+00	7.08747520191439e+31
5.74000000000000e+00	5.59684725420756e+31
5.75000000000000e+00	4.36878773812373e+31
5.76000000000000e+00	3.47677356307915e+31
5.77000000000000e+00	2.97644719833556e+31
5.78000000000000e+00	2.90308906184969e+31
5.79000000000000e+00	3.27177414167966e+31
5.80000000000000e+00	4.07903759121571e+31
5.81000000000000e+00	5.30541792693363e+31
5.82000000000000e+00	6.91764290725693e+31
5.83000000000000e+00	8.87060644609215e+31
5.84000000000000e+00	1.11077483150125e+32
5.85000000000000e+00	1.35615259247745e+32
5.86000000000000e+00	1.61531836162175e+32
5.87000000000000e+00	1.87928954832973e+32
5.88000000000000e+00	2.13795666429921e+32
5.89000000000000e+00	2.38034543470221e+32
5.90000000000000e+00	2.59487899367037e+32
5.91000000000000e+00	2.76998508695472e+32
5.92000000000000e+00	2.89484025201251e+32
5.93000000000000e+00	2.96035182838112e+32
5.94000000000000e+00	2.96008419043556e+32
5.95000000000000e+00	2.89120371042285e+32
5.96000000000000e+00	2.75509931136734e+32
5.97000000000000e+00	2.55765881963097e+32
5.98000000000000e+00	2.30914549906095e+32
5.99000000000000e+00	2.02359754580866e+32
6.00000000000000e+00	1.71800146839200e+32
6.01000000000000e+00	1.41083252875031e+32
6.02000000000000e+00	1.12052242179889e+32
6.03000000000000e+00	8.63756662973783e+31
6.04000000000000e+00	6.53978537370741e+31
6.05000000000000e+00	5.00251446686972e+31
6.06000000000000e+00	4.06678458115284e+31
6.07000000000000e+00	3.72394070988531e+31
6.08000000000000e+00	3.92070447031975e+31
6.09000000000000e+00	4.56849048468485e+31
6.10000000000000e+00	5.55531882573959e+31
6.11000000000000e+00	6.75835881407636e+31
6.12000000000000e+00	8.05595314191187e+31
6.13000000000000e+00	9.33824094604846e+31
6.14000000000000e+00	1.05148916398175e+32
6.15000000000000e+00	1.15202279079993e+32
6.16000000000000e+00	1.23150213483125e+32
6.17000000000000e+00	1.28865351565567e+32
6.18000000000000e+00	1.32451685231556e+32
6.19000000000000e+00	1.34198694689755e+32
6.20000000000000e+00	1.34509680963110e+32
6.21000000000000e+00	1.33840589560756e+32
6.22000000000000e+00	1.32641105220278e+32
6.23000000000000e+00	1.31301483627801e+32
6.24000000000000e+00	1.30124063308909e+32
6.25000000000000e+00	1.29319567136515e+32
6.26000000000000e+00	1.29005968168507e+32
6.27000000000000e+00	1.29225251536378e+32
6.28000000000000e+00	1.29965596754966e+32
6.29000000000000e+00	1.31179036605166e+32
6.30000000000000e+00	1.32797863943227e+32
6.31000000000000e+00	1.34745379668592e+32
6.32000000000000e+00	1.36941976146332e+32
6.33000000000000e+00	1.39304340498488e+32
6.34000000000000e+00	1.41748298950032e+32
6.35000000000000e+00	1.44181829466490e+32
6.36000000000000e+00	1.46505373517751e+32
6.37000000000000e+00	1.48608843091547e+32
6.38000000000000e+00	1.50373460041684e+32
6.39000000000000e+00	1.51677375567751e+32
6.40000000000000e+00	1.52395086386518e+32
6.41000000000000e+00	1.52409373183851e+32
6.42000000000000e+00	1.51624169878988e+32
6.43000000000000e+00	1.49964885110585e+32
6.44000000000000e+00	1.47385511412978e+32
6.45000000000000e+00	1.43883859634930e+32
6.46000000000000e+00	1.39491919811941e+32
6.47000000000000e+00	1.34295027918265e+32
6.48000000000000e+00	1.28426057346220e+32
6.49000000000000e+00	1.22079172330455e+32
6.50000000000000e+00	1.15525735205826e+32
6.51000000000000e+00	1.09121569325120e+32
6.52000000000000e+00	1.03331441092533e+32
6.53000000000000e+00	9.87394935856796e+31
6.54000000000000e+00	9.60538761141124e+31
6.55000000000000e+00	9.60918221663107e+31
6.56000000000000e+00	9.97490881417706e+31
6.57000000000000e+00	1.07924953678301e+32
6.58000000000000e+00	1.21437301033308e+32
6.59000000000000e+00	1.40912881693966e+32
6.60000000000000e+00	1.66660311868513e+32
6.61000000000000e+00	1.98582751218026e+32
6.62000000000000e+00	2.36105632808767e+32
6.63000000000000e+00	2.78175256008008e+32
6.64000000000000e+00	3.23308771777935e+32
6.65000000000000e+00	3.69705364192611e+32
6.66000000000000e+00	4.15395538621069e+32
6.67000000000000e+00	4.58423369731594e+32
6.68000000000000e+00	4.96991592284154e+32
6.69000000000000e+00	5.29609567111174e+32
6.70000000000000e+00	5.55190787529875e+32
6.71000000000000e+00	5.73104811482322e+32
6.72000000000000e+00	5.83192791087522e+32
6.73000000000000e+00	5.85760810027186e+32
6.74000000000000e+00	5.81510370903532e+32
6.75000000000000e+00	5.71471328780536e+32
6.76000000000000e+00	5.56891959660707e+32
6.77000000000000e+00	5.39111910790936e+32
6.78000000000000e+00	5.19441785870622e+32
6.79000000000000e+00	4.99064350551894e+32
6.80000000000000e+00	4.78939630257894e+32
6.81000000000000e+00	4.59777451601080e+32
6.82000000000000e+00	4.42032643252304e+32
6.83000000000000e+00	4.25930879869005e+32
6.84000000000000e+00	4.11510438164287e+32
6.85000000000000e+00	3.98687995379892e+32
6.86000000000000e+00	3.87299834656379e+32
6.87000000000000e+00	3.77135345996535e+32
6.88000000000000e+00	3.67976270640150e+32
6.89000000000000e+00	3.59607221352344e+32
6.90000000000000e+00	3.51819577214678e+32
6.91000000000000e+00	3.44432936352894e+32
6.92000000000000e+00	3.37282727829563e+32
6.93000000000000e+00	3.30242986456330e+32
6.94000000000000e+00	3.23210680660281e+32
6.95000000000000e+00	3.16129173218842e+32
6.96000000000000e+00	3.08987980278261e+32
6.97000000000000e+00	3.01798929094666e+32
6.98000000000000e+00	2.94616703981290e+32
6.99000000000000e+00	2.87504422522870e+32
7.00000000000000e+00	2.80540065762907e+32
7.01000000000000e+00	2.73797793586254e+32
7.02000000000000e+00	2.67362780700712e+32
7.03000000000000e+00	2.61320531678120e+32
7.04000000000000e+00	2.55787407876092e+32
7.05000000000000e+00	2.50924017848127e+32
7.06000000000000e+00	2.46950379197913e+32
7.07000000000000e+00	2.44181448025410e+32
7.08000000000000e+00	2.43018262035801e+32
7.09000000000000e+00	2.43939127867427e+32
7.10000000000000e+00	2.47471266444354e+32
7.11000000000000e+00	2.54127378252849e+32
7.12000000000000e+00	2.64348231783108e+32
7.13000000000000e+00	2.78399976645470e+32
7.14000000000000e+00	2.96335242075473e+32
7.15000000000000e+00	3.17916737426159e+32
7.16000000000000e+00	3.42616409462296e+32
7.17000000000000e+00	3.69633755683694e+32
7.18000000000000e+00	3.97948515832311e+32
7.19000000000000e+00	4.26405347333603e+32
7.20000000000000e+00	4.53815786700387e+32
7.21000000000000e+00	4.79038166712601e+32
7.22000000000000e+00	5.01084999928348e+32
7.23000000000000e+00	5.19171915266955e+32
7.24000000000000e+00	5.32769224523653e+32
7.25000000000000e+00	5.41633031759432e+32
7.26000000000000e+00	5.45796082926431e+32
7.27000000000000e+00	5.45570650670294e+32
7.28000000000000e+00	5.41492573620878e+32
7.29000000000000e+00	5.34321963182760e+32
7.30000000000000e+00	5.24961049044194e+32
7.31000000000000e+00	5.14402756455607e+32
7.32000000000000e+00	5.03677277799953e+32
7.33000000000000e+00	4.93782431001721e+32
7.34000000000000e+00	4.85609976335987e+32
7.35000000000000e+00	4.79896443686343e+32
7.36000000000000e+00	4.77164677261380e+32
7.37000000000000e+00	4.77697216229095e+32
7.38000000000000e+00	4.81521976631541e+32
7.39000000000000e+00	4.88429339181491e+32
7.40000000000000e+00	4.98017908943265e+32
7.41000000000000e+00	5.09711549273122e+32
7.42000000000000e+00	5.22867645535506e+32
7.43000000000000e+00	5.36798698715762e+32
7.44000000000000e+00	5.50861413795257e+32
7.45000000000000e+00	5.64491713853955e+32
7.46000000000000e+00	5.77223638758865e+32
7.47000000000000e+00	5.88713523051757e+32
7.48000000000000e+00	5.98726356841071e+32
7.49000000000000e+00	6.07146693689974e+32
7.50000000000000e+00	6.13927208693245e+32
7.51000000000000e+00	6.19098969985231e+32
7.52000000000000e+00	6.22745902510715e+32
7.53000000000000e+00	6.25012238131944e+32
7.54000000000000e+00	6.26091230691964e+32
7.55000000000000e+00	6.26245983263916e+32
7.56000000000000e+00	6.25793897217246e+32
7.57000000000000e+00	6.25146709370957e+32
7.58000000000000e+00	6.24748217105651e+32
7.59000000000000e+00	6.25112163931702e+32
7.60000000000000e+00	6.26743900348865e+32
7.61000000000000e+00	6.30134207524850e+32
7.62000000000000e+00	6.35705962388056e+32
7.63000000000000e+00	6.43785832447281e+32
7.64000000000000e+00	6.54535669633225e+32
7.65000000000000e+00	6.67959390539403e+32
7.66000000000000e+00	6.83851317424938e+32
7.67000000000000e+00	7.01797379062689e+32
7.68000000000000e+00	7.21198483145000e+32
7.69000000000000e+00	7.41271071632050e+32
7.70000000000000e+00	7.61130120286220e+32
7.71000000000000e+00	7.79824035706993e+32
7.72000000000000e+00	7.96393518426278e+32
7.73000000000000e+00	8.09954580166076e+32
7.74000000000000e+00	8.19771616601173e+32
7.75000000000000e+00	8.25300101535567e+32
7.76000000000000e+00	8.26209603191089e+32
7.77000000000000e+00	8.22452894196734e+32
7.78000000000000e+00	8.14250314736726e+32
7.79000000000000e+00	8.02080495278254e+32
7.80000000000000e+00	7.86651998047421e+32
7.81000000000000e+00	7.68877343667711e+32
7.82000000000000e+00	7.49760585159107e+32
7.83000000000000e+00	7.30352328736555e+32
7.84000000000000e+00	7.11643299485472e+32
7.85000000000000e+00	6.94481163832147e+32
7.86000000000000e+00	6.79541619865174e+32
7.87000000000000e+00	6.67258790877279e+32
7.88000000000000e+00	6.57839477307140e+32
7.89000000000000e+00	6.51253788269279e+32
7.90000000000000e+00	6.47276400797658e+32
7.91000000000000e+00	6.45529790801093e+32
7.92000000000000e+00	6.45518866446001e+32
7.93000000000000e+00	6.46703889373647e+32
7.94000000000000e+00	6.48540393941551e+32
7.95000000000000e+00	6.50549678770620e+32
7.96000000000000e+00	6.52308126791892e+32
7.97000000000000e+00	6.53515025764029e+32
7.98000000000000e+00	6.53994862506343e+32
7.99000000000000e+00	6.53677911569823e+32
8.00000000000000e+00	6.52631579201776e+32
8.01000000000000e+00	6.51021240799397e+32
8.02000000000000e+00	6.49075333031402e+32
8.03000000000000e+00	6.47070735462059e+32
8.04000000000000e+00	6.45283893610451e+32
8.05000000000000e+00	6.43961282504563e+32
8.06000000000000e+00	6.43298830877478e+32
8.07000000000000e+00	6.43437703205838e+32
8.08000000000000e+00	6.44448325568615e+32
8.09000000000000e+00	6.46342920566988e+32
8.10000000000000e+00	6.49097055915756e+32
8.11000000000000e+00	6.52654031296399e+32
8.12000000000000e+00	6.56971263246496e+32
8.13000000000000e+00	6.61991192050358e+32
8.14000000000000e+00	6.67697936714549e+32
8.15000000000000e+00	6.74081952417868e+32
8.16000000000000e+00	6.81156445054293e+32
8.17000000000000e+00	6.88927533311925e+32
8.18000000000000e+00	6.97383927840620e+32
8.19000000000000e+00	7.06511310074293e+32
8.20000000000000e+00	7.16274224486763e+32
8.21000000000000e+00	7.26589324518347e+32
8.22000000000000e+00	7.37406815925415e+32
8.23000000000000e+00	7.48645165168186e+32
8.24000000000000e+00	7.60247859124435e+32
8.25000000000000e+00	7.72185610584207e+32
8.26000000000000e+00	7.84444082835308e+32
8.27000000000000e+00	7.97066076927165e+32
8.28000000000000e+00	8.10154552487356e+32
8.29000000000000e+00	8.23822067698975e+32
8.30000000000000e+00	8.38271308675047e+32
8.31000000000000e+00	8.53694995019070e+32
8.32000000000000e+00	8.70320542934560e+32
8.33000000000000e+00	8.88369880994785e+32
8.34000000000000e+00	9.07997575700648e+32
8.35000000000000e+00	9.29249126733242e+32
8.36000000000000e+00	9.52028341329199e+32
8.37000000000000e+00	9.76057030050651e+32
8.38000000000000e+00	1.00084534277896e+33
8.39000000000000e+00	1.02576107815216e+33
8.40000000000000e+00	1.05001135538201e+33
8.41000000000000e+00	1.07277685580730e+33
8.42000000000000e+00	1.09325612026656e+33
8.43000000000000e+00	1.11079067323563e+33
8.44000000000000e+00	1.12486181983664e+33
8.45000000000000e+00	1.13521862127649e+33
8.46000000000000e+00	1.14182925446679e+33
8.47000000000000e+00	1.14496356443039e+33
8.48000000000000e+00	1.14503351590563e+33
8.49000000000000e+00	1.14268754923504e+33
8.50000000000000e+00	1.13860992986626e+33
8.51000000000000e+00	1.13355200688960e+33
8.52000000000000e+00	1.12820234513840e+33
8.53000000000000e+00	1.12316844897549e+33
8.54000000000000e+00	1.11892021346828e+33
8.55000000000000e+00	1.11577674122056e+33
8.56000000000000e+00	1.11395778641938e+33
8.57000000000000e+00	1.11351247333327e+33
8.58000000000000e+00	1.11438839333586e+33
8.59000000000000e+00	1.11644934900087e+33
8.60000000000000e+00	1.11954059293724e+33
8.61000000000000e+00	1.12342813037685e+33
8.62000000000000e+00	1.12789239000782e+33
8.63000000000000e+00	1.13272851464702e+33
8.64000000000000e+00	1.13777687447752e+33
8.65000000000000e+00	1.14286341136000e+33
8.66000000000000e+00	1.14787863165721e+33
8.67000000000000e+00	1.15275467341391e+33
8.68000000000000e+00	1.15741178433873e+33
8.69000000000000e+00	1.16183586285029e+33
8.70000000000000e+00	1.16601265825255e+33
8.71000000000000e+00	1.16992352120930e+33
8.72000000000000e+00	1.17359540373666e+33
8.73000000000000e+00	1.17704346728181e+33
8.74000000000000e+00	1.18028133645307e+33
8.75000000000000e+00	1.18334564937654e+33
8.76000000000000e+00	1.18622376911246e+33
8.77000000000000e+00	1.18897065636249e+33
8.78000000000000e+00	1.19161218307438e+33
8.79000000000000e+00	1.19416075386572e+33
8.80000000000000e+00	1.19666386785237e+33
8.81000000000000e+00	1.19915205626649e+33
8.82000000000000e+00	1.20163007277263e+33
8.83000000000000e+00	1.20417366569029e+33
8.84000000000000e+00	1.20677860218078e+33
8.85000000000000e+00	1.20945767045446e+33
8.86000000000000e+00	1.21222691184854e+33
8.87000000000000e+00	1.21510191889671e+33
8.88000000000000e+00	1.21805834884226e+33
8.89000000000000e+00	1.22109154703641e+33
8.90000000000000e+00	1.22418149586470e+33
8.91000000000000e+00	1.22733051002958e+33
8.92000000000000e+00	1.23049943518467e+33
8.93000000000000e+00	1.23369027136731e+33
8.94000000000000e+00	1.23691025058586e+33
8.95000000000000e+00	1.24016318862859e+33
8.96000000000000e+00	1.24345762660803e+33
8.97000000000000e+00	1.24680020911301e+33
8.98000000000000e+00	1.25023538331330e+33
8.99000000000000e+00	1.25375010271895e+33
9.00000000000000e+00	1.25737392706715e+33
9.01000000000000e+00	1.26109796664092e+33
9.02000000000000e+00	1.26494049534936e+33
9.03000000000000e+00	1.26889145529933e+33
9.04000000000000e+00	1.27292295424005e+33
9.05000000000000e+00	1.27702337793250e+33
9.06000000000000e+00	1.28115507568368e+33
9.07000000000000e+00	1.28529517369052e+33
9.08000000000000e+00	1.28941693406447e+33
9.09000000000000e+00	1.29346642447555e+33
9.10000000000000e+00	1.29742069759052e+33
9.11000000000000e+00	1.30127878042520e+33
9.12000000000000e+00	1.30501608158398e+33
9.13000000000000e+00	1.30865647020378e+33
9.14000000000000e+00	1.31220027411559e+33
9.15000000000000e+00	1.31569442233079e+33
9.16000000000000e+00	1.31914888706779e+33
9.17000000000000e+00	1.32265937626460e+33
9.18000000000000e+00	1.32622197068663e+33
9.19000000000000e+00	1.32991087608909e+33
9.20000000000000e+00	1.33375228970450e+33
9.21000000000000e+00	1.33778005334047e+33
9.22000000000000e+00	1.34198834406286e+33
9.23000000000000e+00	1.34637221331298e+33
9.24000000000000e+00	1.35091928669695e+33
9.25000000000000e+00	1.35561591411238e+33
9.26000000000000e+00	1.36039512593370e+33
9.27000000000000e+00	1.36527668150856e+33
9.28000000000000e+00	1.37016940344228e+33
9.29000000000000e+00	1.37506942623558e+33
9.30000000000000e+00	1.37997192795526e+33
9.31000000000000e+00	1.38484003936461e+33
9.32000000000000e+00	1.38967410538083e+33
9.33000000000000e+00	1.39449079729744e+33
9.34000000000000e+00	1.39925003952063e+33
9.35000000000000e+00	1.40399394258386e+33
9.36000000000000e+00	1.40870364200704e+33
9.37000000000000e+00	1.41336978579528e+33
9.38000000000000e+00	1.41798316129111e+33
9.39000000000000e+00	1.42253145877219e+33
9.40000000000000e+00	1.42699162666755e+33
9.41000000000000e+00	1.43137360782763e+33
9.42000000000000e+00	1.43563591211584e+33
9.43000000000000e+00	1.43975053869687e+33
9.44000000000000e+00	1.44375362113927e+33
9.45000000000000e+00	1.44763752509390e+33
9.46000000000000e+00	1.45141630564849e+33
9.47000000000000e+00	1.45512006544550e+33
9.48000000000000e+00	1.45880183594320e+33
9.49000000000000e+00	1.46245614196639e+33
9.50000000000000e+00	1.46614632678163e+33
9.51000000000000e+00	1.46992132898871e+33
9.52000000000000e+00	1.47377212351154e+33
9.53000000000000e+00	1.47774992663729e+33
9.54000000000000e+00	1.48182648064912e+33
9.55000000000000e+00	1.48603560398878e+33
9.56000000000000e+00	1.49034094308949e+33
9.57000000000000e+00	1.49469343353699e+33
9.58000000000000e+00	1.49911083693930e+33
9.59000000000000e+00	1.50353408115028e+33
9.60000000000000e+00	1.50790192597628e+33
9.61000000000000e+00	1.51222113490409e+33
9.62000000000000e+00	1.51643845989857e+33
9.63000000000000e+00	1.52049474946229e+33
9.64000000000000e+00	1.52441634107903e+33
9.65000000000000e+00	1.52816113807805e+33
9.66000000000000e+00	1.53169221419689e+33
9.67000000000000e+00	1.53505200891446e+33
9.68000000000000e+00	1.53822297576417e+33
9.69000000000000e+00	1.54119294388796e+33
9.70000000000000e+00	1.54403664965079e+33
9.71000000000000e+00	1.54672363216323e+33
9.72000000000000e+00	1.54933825935082e+33
9.73000000000000e+00	1.55185802651730e+33
9.74000000000000e+00	1.55437417845174e+33
9.75000000000000e+00	1.55686202992405e+33
9.76000000000000e+00	1.55937758036396e+33
9.77000000000000e+00	1.56194365406517e+33
9.78000000000000e+00	1.56457667883802e+33
9.79000000000000e+00	1.56728941547998e+33
9.80000000000000e+00	1.57008233508294e+33
9.81000000000000e+00	1.57295797202490e+33
9.82000000000000e+00	1.57591621242449e+33
9.83000000000000e+00	1.57892427708693e+33
9.84000000000000e+00	1.58202182414051e+33
9.85000000000000e+00	1.58515391070921e+33
9.86000000000000e+00	1.58837855309259e+33
9.87000000000000e+00	1.59164629410434e+33
9.88000000000000e+00	1.59505436966207e+33
9.89000000000000e+00	1.59875263808766e+33
9.90000000000000e+00	1.60315549869699e+33
9.91000000000000e+00	1.60914312422018e+33
9.92000000000000e+00	1.61839870072013e+33
9.93000000000000e+00	1.63385370613397e+33
9.94000000000000e+00	1.65972281892351e+33
9.95000000000000e+00	1.70149951773595e+33
9.96000000000000e+00	1.76511287647743e+33
9.97000000000000e+00	1.85549143942942e+33
9.98000000000000e+00	1.97432018375400e+33
9.99000000000000e+00	2.11712962115096e+33
1.00000000000000e+01	2.27134333627259e+33
1.00100000000000e+01	2.41532488454480e+33
1.00200000000000e+01	2.51747295689040e+33
1.00300000000000e+01	2.54145378159373e+33
1.00400000000000e+01	2.46085054361135e+33
1.00500000000000e+01	2.27554269580527e+33
1.00600000000000e+01	2.01498987907641e+33
1.00700000000000e+01	1.72301746650157e+33
1.00800000000000e+01	1.43833449824302e+33
1.00900000000000e+01	1.18428710539331e+33
1.01000000000000e+01	9.69647369638635e+32
1.01100000000000e+01	7.94011620332386e+32
1.01200000000000e+01	6.52625677291157e+32
1.01300000000000e+01	5.39586002260940e+32
1.01400000000000e+01	4.49260446854248e+32
1.01500000000000e+01	3.76850429550475e+32
1.01600000000000e+01	3.18504236102026e+32
1.01700000000000e+01	2.71171522461679e+32
1.01800000000000e+01	2.32505491697258e+32
1.01900000000000e+01	2.00685022720707e+32
1.02000000000000e+01	1.74314688624087e+32
1.02100000000000e+01	1.52301809546710e+32
1.02200000000000e+01	1.33804080036636e+32
1.02300000000000e+01	1.18160416103790e+32
1.02400000000000e+01	1.04846784496293e+32
1.02500000000000e+01	9.34535506110247e+31
1.02600000000000e+01	8.36477630779441e+31
1.02700000000000e+01	7.51653543439912e+31
1.02800000000000e+01	6.77905258665781e+31
1.02900000000000e+01	6.13503437166368e+31
1.03000000000000e+01	5.57014444610232e+31
1.03100000000000e+01	5.07263934820404e+31
1.03200000000000e+01	4.63274464041037e+31
1.03300000000000e+01	4.24228745125042e+31
1.03400000000000e+01	3.89455955260722e+31
1.03500000000000e+01	3.58378165872634e+31
1.03600000000000e+01	3.30525022348048e+31
1.03700000000000e+01	3.05476910285669e+31
1.03800000000000e+01	2.82890176224639e+31
1.03900000000000e+01	2.62463303835731e+31
1.04000000000000e+01	2.43945609314131e+31
1.04100000000000e+01	2.27117912781967e+31
1.04200000000000e+01	2.11790263357241e+31
1.04300000000000e+01	1.97796494222008e+31
1.04400000000000e+01	1.84998847464883e+31
1.04500000000000e+01	1.73273901075528e+31
1.04600000000000e+01	1.62511561411709e+31
1.04700000000000e+01	1.52623945481232e+31
1.04800000000000e+01	1.43519154413811e+31
1.04900000000000e+01	1.35131900675813e+31
1.05000000000000e+01	1.27391131386996e+31
1.05100000000000e+01	1.20240320850474e+31
1.05200000000000e+01	1.13623839471837e+31
1.05300000000000e+01	1.07497151248818e+31
1.05400000000000e+01	1.01812663037685e+31
1.05500000000000e+01	9.65297763606839e+30
1.05600000000000e+01	9.16148460924450e+30
1.05700000000000e+01	8.70345504679044e+30
1.05800000000000e+01	8.27592368556728e+30
1.05900000000000e+01	7.87608866039533e+30
1.06000000000000e+01	7.50169340007717e+30
1.06100000000000e+01	7.15052829024146e+30
1.06200000000000e+01	6.82076962847934e+30
1.06300000000000e+01	6.51076727633516e+30
1.06400000000000e+01	6.21901042681304e+30
1.06500000000000e+01	5.94402201376409e+30
1.06600000000000e+01	5.68464824438894e+30
1.06700000000000e+01	5.44001078571059e+30
1.06800000000000e+01	5.20890251282007e+30
1.06900000000000e+01	4.99047482176629e+30
1.07000000000000e+01	4.78406299376169e+30
1.07100000000000e+01	4.58864289448547e+30
1.07200000000000e+01	4.40374887594890e+30
1.07300000000000e+01	4.22856585819855e+30
1.07400000000000e+01	4.06251508143789e+30
1.07500000000000e+01	3.90495514645697e+30
1.07600000000000e+01	3.75541320436846e+30
1.07700000000000e+01	3.61338487932603e+30
1.07800000000000e+01	3.47832785003188e+30
1.07900000000000e+01	3.34990242315905e+30
1.08000000000000e+01	3.22763783320492e+30
1.08100000000000e+01	3.11126183131534e+30
1.08200000000000e+01	3.00043239838147e+30
1.08300000000000e+01	2.89479956472925e+30
1.08400000000000e+01	2.79413357894476e+30
1.08500000000000e+01	2.69811657055841e+30
1.08600000000000e+01	2.60652848940800e+30
1.08700000000000e+01	2.51912852388206e+30
1.08800000000000e+01	2.43563245733881e+30
1.08900000000000e+01	2.35578740330773e+30
1.09000000000000e+01	2.27948134539933e+30
1.09100000000000e+01	2.20640195397308e+30
1.09200000000000e+01	2.13634492598215e+30
1.09300000000000e+01	2.06918037849188e+30
1.09400000000000e+01	2.00471626897617e+30
1.09500000000000e+01	1.94277602794835e+30
1.09600000000000e+01	1.88324359835862e+30
1.09700000000000e+01	1.82596582991874e+30
1.09800000000000e+01	1.77086618805930e+30
1.09900000000000e+01	1.71784844471740e+30
1.10000000000000e+01	1.66679862423475e+30
1.10100000000000e+01	1.61764596764419e+30
1.10200000000000e+01	1.57035158763493e+30
1.10300000000000e+01	1.52486940998849e+30
1.10400000000000e+01	1.48110617290902e+30
1.10500000000000e+01	1.43905013648937e+30
1.10600000000000e+01	1.39861497881089e+30
1.10700000000000e+01	1.35977676395501e+30
1.10800000000000e+01	1.32248178605280e+30
1.10900000000000e+01	1.28664227465606e+30
1.11000000000000e+01	1.25221538992767e+30
1.11100000000000e+01	1.21913721991157e+30
1.11200000000000e+01	1.18733414814740e+30
1.11300000000000e+01	1.15673870408854e+30
1.11400000000000e+01	1.12727325495764e+30
1.11500000000000e+01	1.09886902329493e+30
1.11600000000000e+01	1.07145650713887e+30
1.11700000000000e+01	1.04496730322087e+30
1.11800000000000e+01	1.01933791786032e+30
1.11900000000000e+01	9.94507302062566e+29
1.12000000000000e+01	9.70415777732012e+29
1.12100000000000e+01	9.47022838761024e+29
1.12200000000000e+01	9.24282563692325e+29
1.12300000000000e+01	9.02158505122633e+29
1.12400000000000e+01	8.80618728184947e+29
1.12500000000000e+01	8.59651070296464e+29
1.12600000000000e+01	8.39232300100348e+29
1.12700000000000e+01	8.19356585081352e+29
1.12800000000000e+01	8.00023511229142e+29
1.12900000000000e+01	7.81228950224829e+29
1.13000000000000e+01	7.62977894750042e+29
1.13100000000000e+01	7.45273112237413e+29
1.13200000000000e+01	7.28117915015895e+29
1.13300000000000e+01	7.11508525497015e+29
1.13400000000000e+01	6.95440396076435e+29
1.13500000000000e+01	6.79901840284427e+29
1.13600000000000e+01	6.64882071145213e+29
1.13700000000000e+01	6.50354810102821e+29
1.13800000000000e+01	6.36299622743643e+29
1.13900000000000e+01	6.22687922758358e+29
1.14000000000000e+01	6.09490650927844e+29
1.14100000000000e+01	5.96684538848702e+29
1.14200000000000e+01	5.84238668080328e+29
1.14300000000000e+01	5.72131511139708e+29
1.14400000000000e+01	5.60342411165104e+29
1.14500000000000e+01	5.48851652647175e+29
1.14600000000000e+01	5.37648207481992e+29
1.14700000000000e+01	5.26720618224688e+29
1.14800000000000e+01	5.16060140388345e+29
1.14900000000000e+01	5.05660455711185e+29
1.15000000000000e+01	4.95517549767805e+29
1.15100000000000e+01	4.85627339480453e+29
1.15200000000000e+01	4.75982688882078e+29
1.15300000000000e+01	4.66583502953133e+29
1.15400000000000e+01	4.57419626349439e+29
1.15500000000000e+01	4.48486458522800e+29
1.15600000000000e+01	4.39778065809098e+29
1.15700000000000e+01	4.31286057369698e+29
1.15800000000000e+01	4.23003672876158e+29
1.15900000000000e+01	4.14920050285948e+29
1.16000000000000e+01	4.07031925437179e+29
1.16100000000000e+01	3.99328431138805e+29
1.16200000000000e+01	3.91803992835929e+29
1.16300000000000e+01	3.84453440754150e+29
1.16400000000000e+01	3.77270873075499e+29
1.16500000000000e+01	3.70254198150339e+29
1.16600000000000e+01	3.63399245732249e+29
1.16700000000000e+01	3.56703644116937e+29
1.16800000000000e+01	3.50165578466449e+29
1.16900000000000e+01	3.43782086743905e+29
1.17000000000000e+01	3.37550664754872e+29
1.17100000000000e+01	3.31470887485664e+29
1.17200000000000e+01	3.25539208758865e+29
1.17300000000000e+01	3.19751360507417e+29
1.17400000000000e+01	3.14103510864352e+29
1.17500000000000e+01	3.08592128410954e+29
1.17600000000000e+01	3.03211979607657e+29
1.17700000000000e+01	2.97957505334708e+29
1.17800000000000e+01	2.92823294946557e+29
1.17900000000000e+01	2.87804933190117e+29
1.18000000000000e+01	2.82894872233190e+29
1.18100000000000e+01	2.78091487008306e+29
1.18200000000000e+01	2.73389542884926e+29
1.18300000000000e+01	2.68786215884809e+29
1.18400000000000e+01	2.64279573641529e+29
1.18500000000000e+01	2.59869134056054e+29
1.18600000000000e+01	2.55554868730919e+29
1.18700000000000e+01	2.51337417586147e+29
1.18800000000000e+01	2.47215472620831e+29
1.18900000000000e+01	2.43190401199849e+29
1.19000000000000e+01	2.39262690347705e+29
1.19100000000000e+01	2.35430160603087e+29
1.19200000000000e+01	2.31691100043709e+29
1.19300000000000e+01	2.28042129215781e+29
1.19400000000000e+01	2.24479361844350e+29
1.19500000000000e+01	2.20997892615895e+29
1.19600000000000e+01	2.17591858026583e+29
1.19700000000000e+01	2.14256006091785e+29
1.19800000000000e+01	2.10985820985958e+29
1.19900000000000e+01	2.07776374640759e+29
1.20000000000000e+01	2.04623081561839e+29
1.20100000000000e+01	2.01524296825483e+29
1.20200000000000e+01	1.98476952803152e+29
1.20300000000000e+01	1.95481377184097e+29
1.20400000000000e+01	1.92536010899747e+29
1.20500000000000e+01	1.89641585090341e+29
1.20600000000000e+01	1.86800189253185e+29
1.20700000000000e+01	1.84010462192911e+29
1.20800000000000e+01	1.81274936669048e+29
1.20900000000000e+01	1.78593937121357e+29
1.21000000000000e+01	1.75966953974692e+29
1.21100000000000e+01	1.73394238108255e+29
1.21200000000000e+01	1.70874609606187e+29
1.21300000000000e+01	1.68407857049544e+29
1.21400000000000e+01	1.65992509755107e+29
1.21500000000000e+01	1.63625953104461e+29
1.21600000000000e+01	1.61306804143734e+29
1.21700000000000e+01	1.59032690153900e+29
1.21800000000000e+01	1.56801408820843e+29
1.21900000000000e+01	1.54610647964548e+29
1.22000000000000e+01	1.52458344374171e+29
1.22100000000000e+01	1.50341816026256e+29
1.22200000000000e+01	1.48259369823802e+29
1.22300000000000e+01	1.46209683886744e+29
1.22400000000000e+01	1.44190485975340e+29
1.22500000000000e+01	1.42201084343431e+29
1.22600000000000e+01	1.40240174050926e+29
1.22700000000000e+01	1.38307719146561e+29
1.22800000000000e+01	1.36402766139755e+29
1.22900000000000e+01	1.34526561666283e+29
1.23000000000000e+01	1.32678586826729e+29
1.23100000000000e+01	1.30859883863487e+29
1.23200000000000e+01	1.29071210346232e+29
1.23300000000000e+01	1.27312722294664e+29
1.23400000000000e+01	1.25585845189239e+29
1.23500000000000e+01	1.23890551111127e+29
1.23600000000000e+01	1.22227288100708e+29
1.23700000000000e+01	1.20595276041368e+29
1.23800000000000e+01	1.18994045221954e+29
1.23900000000000e+01	1.17422599759016e+29
1.24000000000000e+01	1.15878928926029e+29
1.24100000000000e+01	1.14361991217019e+29
1.24200000000000e+01	1.12870229381764e+29
1.24300000000000e+01	1.11401111712087e+29
1.24400000000000e+01	1.09953977161917e+29
1.24500000000000e+01	1.08527459687015e+29
1.24600000000000e+01	1.07120339725566e+29
1.24700000000000e+01	1.05733075575696e+29
1.24800000000000e+01	1.04365628713213e+29
1.24900000000000e+01	1.03018436177738e+29
1.25000000000000e+01	1.01692555652195e+29
1.25100000000000e+01	1.00388817689187e+29
1.25200000000000e+01	9.91080891657868e+28
1.25300000000000e+01	9.78518507140746e+28
1.25400000000000e+01	9.66202707669717e+28
1.25500000000000e+01	9.54141293171810e+28
1.25600000000000e+01	9.42331841999740e+28
1.25700000000000e+01	9.30770969268977e+28
1.25800000000000e+01	9.19449524969890e+28
1.25900000000000e+01	9.08361239947042e+28
1.26000000000000e+01	8.97487985062896e+28
1.26100000000000e+01	8.86816934509812e+28
1.26200000000000e+01	8.76334537482763e+28
1.26300000000000e+01	8.66026409270669e+28
1.26400000000000e+01	8.55870455110473e+28
1.26500000000000e+01	8.45861606175472e+28
1.26600000000000e+01	8.35991948183281e+28
1.26700000000000e+01	8.26244283926649e+28
1.26800000000000e+01	8.16617934546054e+28
1.26900000000000e+01	8.07108113259927e+28
1.27000000000000e+01	7.97715249903418e+28
1.27100000000000e+01	7.88441867331416e+28
1.27200000000000e+01	7.79281592178097e+28
1.27300000000000e+01	7.70244293183915e+28
1.27400000000000e+01	7.61330890989979e+28
1.27500000000000e+01	7.52541547577343e+28
1.27600000000000e+01	7.43882663392395e+28
1.27700000000000e+01	7.35352779728424e+28
1.27800000000000e+01	7.26954266574517e+28
1.27900000000000e+01	7.18687618015743e+28
1.28000000000000e+01	7.10553098650847e+28
1.28100000000000e+01	7.02543688388640e+28
1.28200000000000e+01	6.94663806812770e+28
1.28300000000000e+01	6.86905351622456e+28
1.28400000000000e+01	6.79267527076532e+28
1.28500000000000e+01	6.71743891905353e+28
1.28600000000000e+01	6.64329444392150e+28
1.28700000000000e+01	6.57021568649389e+28
1.28800000000000e+01	6.49814529825994e+28
1.28900000000000e+01	6.42704781604021e+28
1.29000000000000e+01	6.35688780213245e+28
1.29100000000000e+01	6.28762315102627e+28
1.29200000000000e+01	6.21923639379702e+28
1.29300000000000e+01	6.15170908052164e+28
1.29400000000000e+01	6.08504344155015e+28
1.29500000000000e+01	6.01917522931759e+28
1.29600000000000e+01	5.95412206948222e+28
1.29700000000000e+01	5.88985229432339e+28
1.29800000000000e+01	5.82634963705785e+28
1.29900000000000e+01	5.76361199624692e+28
1.30000000000000e+01	5.70158354345650e+28
1.30100000000000e+01	5.64024733133377e+28
1.30200000000000e+01	5.57960089127740e+28
1.30300000000000e+01	5.51959901632245e+28
1.30400000000000e+01	5.46023130654504e+28
1.30500000000000e+01	5.40149672303602e+28
1.30600000000000e+01	5.34336246471915e+28
1.30700000000000e+01	5.28587029058553e+28
1.30800000000000e+01	5.22900140685386e+28
1.30900000000000e+01	5.17275807629391e+28
1.31000000000000e+01	5.11715993226553e+28
1.31100000000000e+01	5.06225954295337e+28
1.31200000000000e+01	5.00804571581923e+28
1.31300000000000e+01	4.95455094091900e+28
1.31400000000000e+01	4.90178818121753e+28
1.31500000000000e+01	4.84978211420324e+28
1.31600000000000e+01	4.79853436135865e+28
1.31700000000000e+01	4.74808560067154e+28
1.31800000000000e+01	4.69838317651808e+28
1.31900000000000e+01	4.64945398645105e+28
1.32000000000000e+01	4.60127735154176e+28
1.32100000000000e+01	4.55383940703805e+28
1.32200000000000e+01	4.50712347199138e+28
1.32300000000000e+01	4.46106791720782e+28
1.32400000000000e+01	4.41569048203079e+28
1.32500000000000e+01	4.37091361615860e+28
1.32600000000000e+01	4.32671463090296e+28
1.32700000000000e+01	4.28306059830239e+28
1.32800000000000e+01	4.23990852161917e+28
1.32900000000000e+01	4.19723597775295e+28
1.33000000000000e+01	4.15502373552514e+28
1.33100000000000e+01	4.11322341755014e+28
1.33200000000000e+01	4.07185447812723e+28
1.33300000000000e+01	4.03090462151933e+28
1.33400000000000e+01	3.99035495264300e+28
1.33500000000000e+01	3.95021394954614e+28
1.33600000000000e+01	3.91050402584518e+28
1.33700000000000e+01	3.87120194828728e+28
1.33800000000000e+01	3.83235348984739e+28
1.33900000000000e+01	3.79394476276165e+28
1.34000000000000e+01	3.75599496288309e+28
1.34100000000000e+01	3.71851824692865e+28
1.34200000000000e+01	3.68149242081919e+28
1.34300000000000e+01	3.64493629215680e+28
1.34400000000000e+01	3.60884270660087e+28
1.34500000000000e+01	3.57320270714058e+28
1.34600000000000e+01	3.53800487302402e+28
1.34700000000000e+01	3.50323795721972e+28
1.34800000000000e+01	3.46889155142443e+28
1.34900000000000e+01	3.43495718185186e+28
1.35000000000000e+01	3.40143011716684e+28
1.35100000000000e+01	3.36829768953275e+28
1.35200000000000e+01	3.33556218777019e+28
1.35300000000000e+01	3.30322954352142e+28
1.35400000000000e+01	3.27130677755299e+28
1.35500000000000e+01	3.23979379610746e+28
1.35600000000000e+01	3.20871915361140e+28
1.35700000000000e+01	3.17808037150082e+28
1.35800000000000e+01	3.14789164514624e+28
1.35900000000000e+01	3.11814460316601e+28
1.36000000000000e+01	3.08887347138025e+28
1.36100000000000e+01	3.06004191791265e+28
1.36200000000000e+01	3.03167500849400e+28
1.36300000000000e+01	3.00373752514992e+28
1.36400000000000e+01	2.97622063675536e+28
1.36500000000000e+01	2.94911254670976e+28
1.36600000000000e+01	2.92240131625942e+28
1.36700000000000e+01	2.89603955426039e+28
1.36800000000000e+01	2.87003545179280e+28
1.36900000000000e+01	2.84435523146689e+28
1.37000000000000e+01	2.81900374269873e+28
1.37100000000000e+01	2.79392834301588e+28
1.37200000000000e+01	2.76916660414518e+28
1.37300000000000e+01	2.74468203602132e+28
1.37400000000000e+01	2.72048350599101e+28
1.37500000000000e+01	2.69656424626448e+28
1.37600000000000e+01	2.67294404260524e+28
1.37700000000000e+01	2.64961675962444e+28
1.37800000000000e+01	2.62657611122724e+28
1.37900000000000e+01	2.60383051714144e+28
1.38000000000000e+01	2.58137022923518e+28
1.38100000000000e+01	2.55920754251792e+28
1.38200000000000e+01	2.53734477526300e+28
1.38300000000000e+01	2.51575161779289e+28
1.38400000000000e+01	2.49444444740338e+28
1.38500000000000e+01	2.47340686359255e+28
1.38600000000000e+01	2.45263889058427e+28
1.38700000000000e+01	2.43211851962823e+28
1.38800000000000e+01	2.41185423710081e+28
1.38900000000000e+01	2.39182596486487e+28
1.39000000000000e+01	2.37205080351796e+28
1.39100000000000e+01	2.35250234657358e+28
1.39200000000000e+01	2.33319191697976e+28
1.39300000000000e+01	2.31410052977773e+28
1.39400000000000e+01	2.29523887262511e+28
1.39500000000000e+01	2.27660217077633e+28
1.39600000000000e+01	2.25817110408306e+28
1.39700000000000e+01	2.23996180350682e+28
1.39800000000000e+01	2.22195447912487e+28
1.39900000000000e+01	2.20414982925298e+28
1.40000000000000e+01	2.18654203523301e+28
1.40100000000000e+01	2.16911186397953e+28
1.40200000000000e+01	2.15187348782366e+28
1.40300000000000e+01	2.13480798239289e+28
1.40400000000000e+01	2.11791053905647e+28
1.40500000000000e+01	2.10118231829103e+28
1.40600000000000e+01	2.08461205902228e+28
1.40700000000000e+01	2.06819527135051e+28
1.40800000000000e+01	2.05192147794371e+28
1.40900000000000e+01	2.03579945624318e+28
1.41000000000000e+01	2.01980688262513e+28
1.41100000000000e+01	2.00395430543736e+28
1.41200000000000e+01	1.98823968353635e+28
1.41300000000000e+01	1.97264926514034e+28
1.41400000000000e+01	1.95718880385974e+28
1.41500000000000e+01	1.94184636412171e+28
1.41600000000000e+01	1.92664150961467e+28
1.41700000000000e+01	1.91155105204860e+28
1.41800000000000e+01	1.89660161543333e+28
1.41900000000000e+01	1.88177055109179e+28
1.42000000000000e+01	1.86707219898603e+28
1.42100000000000e+01	1.85250844573029e+28
1.42200000000000e+01	1.83808712044557e+28
1.42300000000000e+01	1.82379083581130e+28
1.42400000000000e+01	1.80963855143980e+28
1.42500000000000e+01	1.79562435860381e+28
1.42600000000000e+01	1.78174741294839e+28
1.42700000000000e+01	1.76800616071131e+28
1.42800000000000e+01	1.75441057193750e+28
1.42900000000000e+01	1.74093575622027e+28
1.43000000000000e+01	1.72760142386583e+28
1.43100000000000e+01	1.71439938636648e+28
1.43200000000000e+01	1.70131572562134e+28
1.43300000000000e+01	1.68836495872355e+28
1.43400000000000e+01	1.67553787511236e+28
1.43500000000000e+01	1.66283332098678e+28
1.43600000000000e+01	1.65024251054652e+28
1.43700000000000e+01	1.63776894514620e+28
1.43800000000000e+01	1.62539972524626e+28
1.43900000000000e+01	1.61315351183097e+28
1.44000000000000e+01	1.60100727208769e+28
1.44100000000000e+01	1.58897384937677e+28
1.44200000000000e+01	1.57703686503541e+28
1.44300000000000e+01	1.56520898983687e+28
1.44400000000000e+01	1.55347439903041e+28
1.44500000000000e+01	1.54183660734775e+28
1.44600000000000e+01	1.53030034375062e+28
1.44700000000000e+01	1.51885612542558e+28
1.44800000000000e+01	1.50750392082441e+28
1.44900000000000e+01	1.49625472532779e+28
1.45000000000000e+01	1.48510345728826e+28
1.45100000000000e+01	1.47404660627218e+28
1.45200000000000e+01	1.46308441149242e+28
1.45300000000000e+01	1.45222202056744e+28
1.45400000000000e+01	1.44145912190542e+28
1.45500000000000e+01	1.43079514295690e+28
1.45600000000000e+01	1.42022862446689e+28
1.45700000000000e+01	1.40975748804926e+28
1.45800000000000e+01	1.39937995775390e+28
1.45900000000000e+01	1.38909289616822e+28
1.46000000000000e+01	1.37889951771525e+28
1.46100000000000e+01	1.36878713555762e+28
1.46200000000000e+01	1.35875780034797e+28
1.46300000000000e+01	1.34881101563151e+28
1.46400000000000e+01	1.33894406426915e+28
1.46500000000000e+01	1.32915297465276e+28
1.46600000000000e+01	1.31943365327495e+28
1.46700000000000e+01	1.30979596567134e+28
1.46800000000000e+01	1.30023404495200e+28
1.46900000000000e+01	1.29075162224630e+28
1.47000000000000e+01	1.28135382238591e+28
1.47100000000000e+01	1.27204470002379e+28
1.47200000000000e+01	1.26282748662733e+28
1.47300000000000e+01	1.25370142362288e+28
1.47400000000000e+01	1.24466963531469e+28
1.47500000000000e+01	1.23573937132051e+28
1.47600000000000e+01	1.22691148422400e+28
1.47700000000000e+01	1.21818620565012e+28
1.47800000000000e+01	1.20955868546184e+28
1.47900000000000e+01	1.20103118702192e+28
1.48000000000000e+01	1.19259693194316e+28
1.48100000000000e+01	1.18425651352234e+28
1.48200000000000e+01	1.17600725552203e+28
1.48300000000000e+01	1.16784118242186e+28
1.48400000000000e+01	1.15976030804581e+28
1.48500000000000e+01	1.15175814149179e+28
1.48600000000000e+01	1.14383789244757e+28
1.48700000000000e+01	1.13599373563232e+28
1.48800000000000e+01	1.12822949831787e+28
1.48900000000000e+01	1.12054557398316e+28
1.49000000000000e+01	1.11293729662167e+28
1.49100000000000e+01	1.10540889052034e+28
1.49200000000000e+01	1.09795566365241e+28
1.49300000000000e+01	1.09058138175284e+28
1.49400000000000e+01	1.08328146964771e+28
1.49500000000000e+01	1.07605818773079e+28
1.49600000000000e+01	1.06891078500931e+28
1.49700000000000e+01	1.06183261861237e+28
1.49800000000000e+01	1.05482151568901e+28
1.49900000000000e+01	1.04787874641043e+28
1.50000000000000e+01	1.04100107007743e+28
1.50100000000000e+01	1.03418056542851e+28
1.50200000000000e+01	1.02741767333384e+28
1.50300000000000e+01	1.02070447915975e+28
1.50400000000000e+01	1.01404103257844e+28
1.50500000000000e+01	1.00742078471859e+28
1.50600000000000e+01	1.00084039143088e+28
1.50700000000000e+01	9.94302696884782e+27
1.50800000000000e+01	9.87807055867062e+27
1.50900000000000e+01	9.81350736891734e+27
1.51000000000000e+01	9.74939081048993e+27
1.51100000000000e+01	9.68570521721843e+27
1.51200000000000e+01	9.62248444215049e+27
1.51300000000000e+01	9.55979232638386e+27
1.51400000000000e+01	9.49765377915064e+27
1.51500000000000e+01	9.43601850552987e+27
1.51600000000000e+01	9.37500017924320e+27
1.51700000000000e+01	9.31452873708176e+27
1.51800000000000e+01	9.25459926290923e+27
1.51900000000000e+01	9.19518782384154e+27
1.52000000000000e+01	9.13634614202317e+27
1.52100000000000e+01	9.07794246503385e+27
1.52200000000000e+01	9.02002351810509e+27
1.52300000000000e+01	8.96256359383161e+27
1.52400000000000e+01	8.90548004490266e+27
1.52500000000000e+01	8.84886206404584e+27
1.52600000000000e+01	8.79260088582993e+27
1.52700000000000e+01	8.73675946908116e+27
1.52800000000000e+01	8.68133795489080e+27
1.52900000000000e+01	8.62630799983216e+27
1.53000000000000e+01	8.57167277020612e+27
1.53100000000000e+01	8.51746758513755e+27
1.53200000000000e+01	8.46366304189042e+27
1.53300000000000e+01	8.41025795580371e+27
1.53400000000000e+01	8.35728151111728e+27
1.53500000000000e+01	8.30469222850818e+27
1.53600000000000e+01	8.25251773273408e+27
1.53700000000000e+01	8.20071630444766e+27
1.53800000000000e+01	8.14927583298238e+27
1.53900000000000e+01	8.09822209010392e+27
1.54000000000000e+01	8.04751083912335e+27
1.54100000000000e+01	7.99717326021035e+27
1.54200000000000e+01	7.94714285078326e+27
1.54300000000000e+01	7.89751733407455e+27
1.54400000000000e+01	7.84820600517121e+27
1.54500000000000e+01	7.79927913690211e+27
1.54600000000000e+01	7.75071848672862e+27
1.54700000000000e+01	7.70255811233904e+27
1.54800000000000e+01	7.65474303708278e+27
1.54900000000000e+01	7.60736545621668e+27
1.55000000000000e+01	7.56033111238168e+27
1.55100000000000e+01	7.51369154671585e+27
1.55200000000000e+01	7.46740125310475e+27
1.55300000000000e+01	7.42147633951193e+27
1.55400000000000e+01	7.37583546980916e+27
1.55500000000000e+01	7.33052266301145e+27
1.55600000000000e+01	7.28552637374402e+27
1.55700000000000e+01	7.24077713374148e+27
1.55800000000000e+01	7.19633135156703e+27
1.55900000000000e+01	7.15219196424022e+27
1.56000000000000e+01	7.10831275877280e+27
1.56100000000000e+01	7.06476316989446e+27
1.56200000000000e+01	7.02152838089616e+27
1.56300000000000e+01	6.97865302377658e+27
1.56400000000000e+01	6.93608520902591e+27
1.56500000000000e+01	6.89389413036158e+27
1.56600000000000e+01	6.85208028711544e+27
1.56700000000000e+01	6.81058288966396e+27
1.56800000000000e+01	6.76945418007302e+27
1.56900000000000e+01	6.72865629625186e+27
1.57000000000000e+01	6.68818224986103e+27
1.57100000000000e+01	6.64804573554147e+27
1.57200000000000e+01	6.60821168572173e+27
1.57300000000000e+01	6.56867346393279e+27
1.57400000000000e+01	6.52942984862203e+27
1.57500000000000e+01	6.49047285590946e+27
1.57600000000000e+01	6.45182812480562e+27
1.57700000000000e+01	6.41346752028049e+27
1.57800000000000e+01	6.37538399255679e+27
1.57900000000000e+01	6.33759899080215e+27
1.58000000000000e+01	6.30008046756168e+27
1.58100000000000e+01	6.26281915849454e+27
1.58200000000000e+01	6.22581042633550e+27
1.58300000000000e+01	6.18904582236354e+27
1.58400000000000e+01	6.15255242213662e+27
1.58500000000000e+01	6.11627388182238e+27
1.58600000000000e+01	6.08026280720626e+27
1.58700000000000e+01	6.04449954494538e+27
1.58800000000000e+01	6.00900656572827e+27
1.58900000000000e+01	5.97373922752967e+27
1.59000000000000e+01	5.93874219249649e+27
1.59100000000000e+01	5.90399007766261e+27
1.59200000000000e+01	5.86947243094193e+27
1.59300000000000e+01	5.83517904466469e+27
1.59400000000000e+01	5.80112510939155e+27
1.59500000000000e+01	5.76727528559637e+27
1.59600000000000e+01	5.73359780141829e+27
1.59700000000000e+01	5.70013604104743e+27
1.59800000000000e+01	5.66688771940869e+27
1.59900000000000e+01	5.63381001438618e+27
1.60000000000000e+01	5.60095548283008e+27
1.60100000000000e+01	5.56828437524649e+27
1.60200000000000e+01	5.53585493979035e+27
1.60300000000000e+01	5.50364655395943e+27
1.60400000000000e+01	5.47166593441750e+27
1.60500000000000e+01	5.43991231661053e+27
1.60600000000000e+01	5.40841165722319e+27
1.60700000000000e+01	5.37711027517856e+27
1.60800000000000e+01	5.34605289188946e+27
1.60900000000000e+01	5.31521052049882e+27
1.61000000000000e+01	5.28457923460713e+27
1.61100000000000e+01	5.25415241683462e+27
1.61200000000000e+01	5.22392629535596e+27
1.61300000000000e+01	5.19391920189465e+27
1.61400000000000e+01	5.16407735881692e+27
1.61500000000000e+01	5.13443912068067e+27
1.61600000000000e+01	5.10494874527771e+27
1.61700000000000e+01	5.07564078171818e+27
1.61800000000000e+01	5.04648027276758e+27
1.61900000000000e+01	5.01745750810308e+27
1.62000000000000e+01	4.98856556211115e+27
1.62100000000000e+01	4.95979662351280e+27
1.62200000000000e+01	4.93117399193619e+27
1.62300000000000e+01	4.90265475387417e+27
1.62400000000000e+01	4.87429141520428e+27
1.62500000000000e+01	4.84605042850597e+27
1.62600000000000e+01	4.81798855935937e+27
1.62700000000000e+01	4.79009338940515e+27
1.62800000000000e+01	4.76237378912644e+27
1.62900000000000e+01	4.73483541479421e+27
1.63000000000000e+01	4.70747883272738e+27
1.63100000000000e+01	4.68029332366085e+27
1.63200000000000e+01	4.65326829309725e+27
1.63300000000000e+01	4.62638223502388e+27
1.63400000000000e+01	4.59961498077651e+27
1.63500000000000e+01	4.57295678243211e+27
1.63600000000000e+01	4.54634751252243e+27
1.63700000000000e+01	4.51980137514541e+27
1.63800000000000e+01	4.49326586474987e+27
1.63900000000000e+01	4.46677002160753e+27
1.64000000000000e+01	4.44027699579283e+27
1.64100000000000e+01	4.41383823897131e+27
1.64200000000000e+01	4.38745329181936e+27
1.64300000000000e+01	4.36113185963043e+27
1.64400000000000e+01	4.33495493767628e+27
1.64500000000000e+01	4.30894390145832e+27
1.64600000000000e+01	4.28315188666448e+27
1.64700000000000e+01	4.25762683364895e+27
1.64800000000000e+01	4.23242332448100e+27
1.64900000000000e+01	4.20759016262761e+27
1.65000000000000e+01	4.18317048156570e+27
1.65100000000000e+01	4.15920478566263e+27
1.65200000000000e+01	4.13571873477037e+27
1.65300000000000e+01	4.11273156578490e+27
1.65400000000000e+01	4.09025032171934e+27
1.65500000000000e+01	4.06826950598025e+27
1.65600000000000e+01	4.04677137372838e+27
1.65700000000000e+01	4.02572881839133e+27
1.65800000000000e+01	4.00510692485128e+27
1.65900000000000e+01	3.98486568017732e+27
1.66000000000000e+01	3.96496095354827e+27
1.66100000000000e+01	3.94535198070918e+27
1.66200000000000e+01	3.92599809560875e+27
1.66300000000000e+01	3.90686393030276e+27
1.66400000000000e+01	3.88792219278906e+27
1.66500000000000e+01	3.86914740844629e+27
1.66600000000000e+01	3.85052224534018e+27
1.66700000000000e+01	3.83203451962377e+27
1.66800000000000e+01	3.81367349538954e+27
1.66900000000000e+01	3.79543217456407e+27
1.67000000000000e+01	3.77729890958804e+27
1.67100000000000e+01	3.75926808298328e+27
1.67200000000000e+01	3.74131112507520e+27
1.67300000000000e+01	3.72345146856254e+27
1.67400000000000e+01	3.70566116935902e+27
1.67500000000000e+01	3.68792889431116e+27
1.67600000000000e+01	3.67022704122243e+27
1.67700000000000e+01	3.65258622261669e+27
1.67800000000000e+01	3.63496595462168e+27
1.67900000000000e+01	3.61740151788921e+27
1.68000000000000e+01	3.59987705534423e+27
1.68100000000000e+01	3.58238226488933e+27
1.68200000000000e+01	3.56493930495773e+27
1.68300000000000e+01	3.54757455776005e+27
1.68400000000000e+01	3.53025935903285e+27
1.68500000000000e+01	3.51301730369723e+27
1.68600000000000e+01	3.49585315565730e+27
1.68700000000000e+01	3.47876777172661e+27
1.68800000000000e+01	3.46176285875208e+27
1.68900000000000e+01	3.44483723711702e+27
1.69000000000000e+01	3.42799295761245e+27
1.69100000000000e+01	3.41122808873751e+27
1.69200000000000e+01	3.39452745031070e+27
1.69300000000000e+01	3.37792541387536e+27
1.69400000000000e+01	3.36140808938999e+27
1.69500000000000e+01	3.34496295280832e+27
1.69600000000000e+01	3.32860733925029e+27
1.69700000000000e+01	3.31235962373554e+27
1.69800000000000e+01	3.29618896382451e+27
1.69900000000000e+01	3.28011204770165e+27
1.70000000000000e+01	3.26412495506476e+27
1.70100000000000e+01	3.24822559016389e+27
1.70200000000000e+01	3.23240904365539e+27
1.70300000000000e+01	3.21665416859367e+27
1.70400000000000e+01	3.20098616531917e+27
1.70500000000000e+01	3.18536933089060e+27
1.70600000000000e+01	3.16983024656271e+27
1.70700000000000e+01	3.15433270709816e+27
1.70800000000000e+01	3.13889241217091e+27
1.70900000000000e+01	3.12350759956361e+27
1.71000000000000e+01	3.10817768194915e+27
1.71100000000000e+01	3.09290368987123e+27
1.71200000000000e+01	3.07767391969845e+27
1.71300000000000e+01	3.06251841216627e+27
1.71400000000000e+01	3.04741147264459e+27
1.71500000000000e+01	3.03238273697605e+27
1.71600000000000e+01	3.01740637350390e+27
1.71700000000000e+01	3.00249935860439e+27
1.71800000000000e+01	2.98766153538627e+27
1.71900000000000e+01	2.97288164217541e+27
1.72000000000000e+01	2.95818963033749e+27
1.72100000000000e+01	2.94355824780261e+27
1.72200000000000e+01	2.92901686160810e+27
1.72300000000000e+01	2.91453802590279e+27
1.72400000000000e+01	2.90013690354846e+27
1.72500000000000e+01	2.88581469689357e+27
1.72600000000000e+01	2.87157050829602e+27
1.72700000000000e+01	2.85739162665979e+27
1.72800000000000e+01	2.84330444627169e+27
1.72900000000000e+01	2.82928165191567e+27
1.73000000000000e+01	2.81533596085670e+27
1.73100000000000e+01	2.80146669489521e+27
1.73200000000000e+01	2.78767409000382e+27
1.73300000000000e+01	2.77394361152521e+27
1.73400000000000e+01	2.76030106896805e+27
1.73500000000000e+01	2.74672002929299e+27
1.73600000000000e+01	2.73321343394350e+27
1.73700000000000e+01	2.71978125409509e+27
1.73800000000000e+01	2.70642356280904e+27
1.73900000000000e+01	2.69312684318855e+27
1.74000000000000e+01	2.67991865468980e+27
1.74100000000000e+01	2.66677107710614e+27
1.74200000000000e+01	2.65369963403121e+27
1.74300000000000e+01	2.64070278067825e+27
1.74400000000000e+01	2.62778226140739e+27
1.74500000000000e+01	2.61492388626956e+27
1.74600000000000e+01	2.60214104512603e+27
1.74700000000000e+01	2.58943441147715e+27
1.74800000000000e+01	2.57680295050629e+27
1.74900000000000e+01	2.56424719741370e+27
1.75000000000000e+01	2.55175370296850e+27
1.75100000000000e+01	2.53934836089274e+27
1.75200000000000e+01	2.52700458198621e+27
1.75300000000000e+01	2.51473583119178e+27
1.75400000000000e+01	2.50252714829179e+27
1.75500000000000e+01	2.49040552936533e+27
1.75600000000000e+01	2.47834469609745e+27
1.75700000000000e+01	2.46635630282073e+27
1.75800000000000e+01	2.45444064014031e+27
1.75900000000000e+01	2.44259645075705e+27
1.76000000000000e+01	2.43081214498164e+27
1.76100000000000e+01	2.41909843740946e+27
1.76200000000000e+01	2.40745561027054e+27
1.76300000000000e+01	2.39588243209848e+27
1.76400000000000e+01	2.38436747766040e+27
1.76500000000000e+01	2.37293447068543e+27
1.76600000000000e+01	2.36155807998209e+27
1.76700000000000e+01	2.35025029178584e+27
1.76800000000000e+01	2.33899836996996e+27
1.76900000000000e+01	2.32782717278921e+27
1.77000000000000e+01	2.31671028329481e+27
1.77100000000000e+01	2.30566097299633e+27
1.77200000000000e+01	2.29466596857422e+27
1.77300000000000e+01	2.28374977234868e+27
1.77400000000000e+01	2.27288707285120e+27
1.77500000000000e+01	2.26208952607352e+27
1.77600000000000e+01	2.25135669554546e+27
1.77700000000000e+01	2.24067696750386e+27
1.77800000000000e+01	2.23006186628515e+27
1.77900000000000e+01	2.21951026267007e+27
1.78000000000000e+01	2.20902173298731e+27
1.78100000000000e+01	2.19858483167221e+27
1.78200000000000e+01	2.18821092473037e+27
1.78300000000000e+01	2.17789890953457e+27
1.78400000000000e+01	2.16764904912821e+27
1.78500000000000e+01	2.15744871075797e+27
1.78600000000000e+01	2.14732128497769e+27
1.78700000000000e+01	2.13723185222572e+27
1.78800000000000e+01	2.12721384922441e+27
1.78900000000000e+01	2.11724465476748e+27
1.79000000000000e+01	2.10733532653341e+27
1.79100000000000e+01	2.09748546388638e+27
1.79200000000000e+01	2.08769402153159e+27
1.79300000000000e+01	2.07795003922980e+27
1.79400000000000e+01	2.06826442455908e+27
1.79500000000000e+01	2.05863615033289e+27
1.79600000000000e+01	2.04905500803518e+27
1.79700000000000e+01	2.03953052127147e+27
1.79800000000000e+01	2.03006294725072e+27
1.79900000000000e+01	2.02065190801020e+27
1.80000000000000e+01	2.01128608181608e+27
1.80100000000000e+01	2.00197611971267e+27
1.80200000000000e+01	1.99272165175157e+27
1.80300000000000e+01	1.98351086544955e+27
1.80400000000000e+01	1.97435553353732e+27
1.80500000000000e+01	1.96525407061931e+27
1.80600000000000e+01	1.95619661511519e+27
1.80700000000000e+01	1.94720307510469e+27
1.80800000000000e+01	1.93825289999729e+27
1.80900000000000e+01	1.92934465001426e+27
1.81000000000000e+01	1.92050042206502e+27
1.81100000000000e+01	1.91169750249903e+27
1.81200000000000e+01	1.90293683817344e+27
1.81300000000000e+01	1.89423794417816e+27
1.81400000000000e+01	1.88558069056522e+27
1.81500000000000e+01	1.87697407405480e+27
1.81600000000000e+01	1.86840856416549e+27
1.81700000000000e+01	1.85989367336686e+27
1.81800000000000e+01	1.85142907138297e+27
1.81900000000000e+01	1.84300418254142e+27
1.82000000000000e+01	1.83463921230916e+27
1.82100000000000e+01	1.82631393788025e+27
1.82200000000000e+01	1.81802701822938e+27
1.82300000000000e+01	1.80978946641065e+27
1.82400000000000e+01	1.80160040463844e+27
1.82500000000000e+01	1.79345951854554e+27
1.82600000000000e+01	1.78535649075084e+27
1.82700000000000e+01	1.77730108489589e+27
1.82800000000000e+01	1.76929353529721e+27
1.82900000000000e+01	1.76132308508993e+27
1.83000000000000e+01	1.75339940178367e+27
1.83100000000000e+01	1.74552218380600e+27
1.83200000000000e+01	1.73768132831580e+27
1.83300000000000e+01	1.72988693710018e+27
1.83400000000000e+01	1.72212844299750e+27
1.83500000000000e+01	1.71442506038338e+27
1.83600000000000e+01	1.70674790565047e+27
1.83700000000000e+01	1.69912475738114e+27
1.83800000000000e+01	1.69153757408805e+27
1.83900000000000e+01	1.68399418480764e+27
1.84000000000000e+01	1.67649533678438e+27
1.84100000000000e+01	1.66903021216731e+27
1.84200000000000e+01	1.66160963347786e+27
1.84300000000000e+01	1.65422234823007e+27
1.84400000000000e+01	1.64687860204554e+27
1.84500000000000e+01	1.63957811357267e+27
1.84600000000000e+01	1.63231025630699e+27
1.84700000000000e+01	1.62508517196753e+27
1.84800000000000e+01	1.61790258485688e+27
1.84900000000000e+01	1.61075198118866e+27
1.85000000000000e+01	1.60364340014924e+27
1.85100000000000e+01	1.59657657156338e+27
1.85200000000000e+01	1.58954157581453e+27
1.85300000000000e+01	1.58254738251246e+27
1.85400000000000e+01	1.57559421223277e+27
1.85500000000000e+01	1.56867224805830e+27
1.85600000000000e+01	1.56178132554442e+27
1.85700000000000e+01	1.55493978929143e+27
1.85800000000000e+01	1.54812931529564e+27
1.85900000000000e+01	1.54134880186096e+27
1.86000000000000e+01	1.53461735039940e+27
1.86100000000000e+01	1.52791542442260e+27
1.86200000000000e+01	1.52124379504986e+27
1.86300000000000e+01	1.51461114218845e+27
1.86400000000000e+01	1.50801676161535e+27
1.86500000000000e+01	1.50145208325907e+27
1.86600000000000e+01	1.49492525253368e+27
1.86700000000000e+01	1.48843603281432e+27
1.86800000000000e+01	1.48197593790582e+27
1.86900000000000e+01	1.47555348377579e+27
1.87000000000000e+01	1.46915890235801e+27
1.87100000000000e+01	1.46280199281133e+27
1.87200000000000e+01	1.45648163475571e+27
1.87300000000000e+01	1.45018947927005e+27
1.87400000000000e+01	1.44393347332395e+27
1.87500000000000e+01	1.43770488867213e+27
1.87600000000000e+01	1.43151249222140e+27
1.87700000000000e+01	1.42535605619477e+27
1.87800000000000e+01	1.41922650536963e+27
1.87900000000000e+01	1.41313252239471e+27
1.88000000000000e+01	1.40707346062820e+27
1.88100000000000e+01	1.40104118465111e+27
1.88200000000000e+01	1.39503555444435e+27
1.88300000000000e+01	1.38906430099244e+27
1.88400000000000e+01	1.38312721231227e+27
1.88500000000000e+01	1.37722449148265e+27
1.88600000000000e+01	1.37134771533139e+27
1.88700000000000e+01	1.36549674909281e+27
1.88800000000000e+01	1.35967920714011e+27
1.88900000000000e+01	1.35389488418347e+27
1.89000000000000e+01	1.34813587609662e+27
1.89100000000000e+01	1.34241013065666e+27
1.89200000000000e+01	1.33671744095485e+27
1.89300000000000e+01	1.33104917548363e+27
1.89400000000000e+01	1.32541321404221e+27
1.89500000000000e+01	1.31980217211935e+27
1.89600000000000e+01	1.31422308377084e+27
1.89700000000000e+01	1.30866782745140e+27
1.89800000000000e+01	1.30314496490386e+27
1.89900000000000e+01	1.29764525304823e+27
1.90000000000000e+01	1.29218544172081e+27
1.90100000000000e+01	1.28674100609368e+27
1.90200000000000e+01	1.28132789259651e+27
1.90300000000000e+01	1.27594590800772e+27
1.90400000000000e+01	1.27059448156343e+27
1.90500000000000e+01	1.26525834598629e+27
1.90600000000000e+01	1.25996019768718e+27
1.90700000000000e+01	1.25468516591349e+27
1.90800000000000e+01	1.24944004376014e+27
1.90900000000000e+01	1.24421701686295e+27
1.91000000000000e+01	1.23902432392155e+27
1.91100000000000e+01	1.23385345613803e+27
1.91200000000000e+01	1.22871223457894e+27
1.91300000000000e+01	1.22359257505163e+27
1.91400000000000e+01	1.21850225001502e+27
1.91500000000000e+01	1.21344108012645e+27
1.91600000000000e+01	1.20840141809711e+27
1.91700000000000e+01	1.20338279918272e+27
1.91800000000000e+01	1.19839289984067e+27
1.91900000000000e+01	1.19343154499591e+27
1.92000000000000e+01	1.18849118340056e+27
1.92100000000000e+01	1.18357871445503e+27
1.92200000000000e+01	1.17869432025535e+27
1.92300000000000e+01	1.17382321111767e+27
1.92400000000000e+01	1.16898721343288e+27
1.92500000000000e+01	1.16417121737361e+27
1.92600000000000e+01	1.15937546979073e+27
1.92700000000000e+01	1.15460709088286e+27
1.92800000000000e+01	1.14986591489863e+27
1.92900000000000e+01	1.14514426264793e+27
1.93000000000000e+01	1.14044986879808e+27
1.93100000000000e+01	1.13577476300333e+27
1.93200000000000e+01	1.13112629797565e+27
1.93300000000000e+01	1.12649689144033e+27
1.93400000000000e+01	1.12189418209019e+27
1.93500000000000e+01	1.11731030172637e+27
1.93600000000000e+01	1.11275251377884e+27
1.93700000000000e+01	1.10821365767858e+27
1.93800000000000e+01	1.10370029846702e+27
1.93900000000000e+01	1.09921293233243e+27
1.94000000000000e+01	1.09474381646052e+27
1.94100000000000e+01	1.09029318552543e+27
1.94200000000000e+01	1.08586784818452e+27
1.94300000000000e+01	1.08146765287052e+27
1.94400000000000e+01	1.07708559208906e+27
1.94500000000000e+01	1.07272126313859e+27
1.94600000000000e+01	1.06838171238922e+27
1.94700000000000e+01	1.06406710397821e+27
1.94800000000000e+01	1.05976989004431e+27
1.94900000000000e+01	1.05549674417698e+27
1.95000000000000e+01	1.05124140678999e+27
1.95100000000000e+01	1.04700348302490e+27
1.95200000000000e+01	1.04279597258947e+27
1.95300000000000e+01	1.03859895761880e+27
1.95400000000000e+01	1.03442572456954e+27
1.95500000000000e+01	1.03027613209710e+27
1.95600000000000e+01	1.02614342487423e+27
1.95700000000000e+01	1.02203411765713e+27
1.95800000000000e+01	1.01794149596005e+27
1.95900000000000e+01	1.01387174049809e+27
1.96000000000000e+01	1.00981877082266e+27
1.96100000000000e+01	1.00578843517963e+27
1.96200000000000e+01	1.00177439587476e+27
1.96300000000000e+01	9.97783054726316e+26
1.96400000000000e+01	9.93807817788519e+26
1.96500000000000e+01	9.89855049810640e+26
1.96600000000000e+01	9.85918196388675e+26
1.96700000000000e+01	9.81997182530372e+26
1.96800000000000e+01	9.78104417243870e+26
1.96900000000000e+01	9.74221188321383e+26
1.97000000000000e+01	9.70347474817994e+26
1.97100000000000e+01	9.66489583918551e+26
1.97200000000000e+01	9.62629070410751e+26
1.97300000000000e+01	9.58760005900127e+26
1.97400000000000e+01	9.54846280744014e+26
1.97500000000000e+01	9.50852764528264e+26
1.97600000000000e+01	9.46690026010293e+26
1.97700000000000e+01	9.42253045229987e+26
1.97800000000000e+01	9.37342446822517e+26
1.97900000000000e+01	9.31673969869959e+26
1.98000000000000e+01	9.24832582659605e+26
1.98100000000000e+01	9.16232090506920e+26
1.98200000000000e+01	9.05076499216345e+26
1.98300000000000e+01	8.90346857642157e+26
1.98400000000000e+01	8.70794184556107e+26
1.98500000000000e+01	8.44982584706659e+26
1.98600000000000e+01	8.11399351088837e+26
1.98700000000000e+01	7.68623215751010e+26
1.98800000000000e+01	7.15560950778444e+26
1.98900000000000e+01	6.51801005167165e+26
1.99000000000000e+01	5.77878807231161e+26
1.99100000000000e+01	4.95551147226643e+26
1.99200000000000e+01	4.07909031067160e+26
1.99300000000000e+01	3.19200797398185e+26
1.99400000000000e+01	2.34426149539321e+26
1.99500000000000e+01	1.58635572390407e+26
1.99600000000000e+01	9.60769842704853e+25
1.99700000000000e+01	4.94122514889923e+25
1.99800000000000e+01	1.92013584479174e+25
1.99900000000000e+01	3.84372376358469e+24
2.00000000000000e+01	2.17447749560091e+22
