1.00000000000000e-02	2.07451556437399e+25
2.00000000000000e-02	8.29868610143108e+25
3.00000000000000e-02	1.86748109036153e+26
4.00000000000000e-02	3.32059200617570e+26
5.00000000000000e-02	5.18967543033487e+26
6.00000000000000e-02	7.47527087209810e+26
7.00000000000000e-02	1.01781986961346e+27
8.00000000000000e-02	1.32996766960699e+27
9.00000000000000e-02	1.68398976570429e+27
1.00000000000000e-01	2.08008934166522e+27
1.10000000000000e-01	2.51831507856876e+27
1.20000000000000e-01	2.99888841331724e+27
1.30000000000000e-01	3.52193465296358e+27
1.40000000000000e-01	4.08758171577801e+27
1.50000000000000e-01	4.69602841810340e+27
1.60000000000000e-01	5.34758111738927e+27
1.70000000000000e-01	6.04226673330956e+27
1.80000000000000e-01	6.78044341929871e+27
1.90000000000000e-01	7.56229790756757e+27
2.00000000000000e-01	8.38835912695477e+27
2.10000000000000e-01	9.25847219960014e+27
2.20000000000000e-01	1.01730856819741e+28
2.30000000000000e-01	1.11324894656379e+28
2.40000000000000e-01	1.21371191572152e+28
2.50000000000000e-01	1.31873531094382e+28
2.60000000000000e-01	1.42832541446589e+28
2.70000000000000e-01	1.54255591829518e+28
2.80000000000000e-01	1.66143239017405e+28
2.90000000000000e-01	1.78498042041109e+28
3.00000000000000e-01	1.91331561382400e+28
3.10000000000000e-01	2.04641432140086e+28
3.20000000000000e-01	2.18436352259244e+28
3.30000000000000e-01	2.32719521396982e+28
3.40000000000000e-01	2.47494390187872e+28
3.50000000000000e-01	2.62763098049055e+28
3.60000000000000e-01	2.78541023067962e+28
3.70000000000000e-01	2.94826691986428e+28
3.80000000000000e-01	3.11628153807097e+28
3.90000000000000e-01	3.28945658766105e+28
4.00000000000000e-01	3.46790060583516e+28
4.10000000000000e-01	3.65167972505877e+28
4.20000000000000e-01	3.84083928428080e+28
4.30000000000000e-01	4.03550342321819e+28
4.40000000000000e-01	4.23570352976534e+28
4.50000000000000e-01	4.44143665969943e+28
4.60000000000000e-01	4.65285880278350e+28
4.70000000000000e-01	4.87008604093272e+28
4.80000000000000e-01	5.09314436926436e+28
4.90000000000000e-01	5.32214007742688e+28
5.00000000000000e-01	5.55714493166821e+28
5.10000000000000e-01	5.79825050585667e+28
5.20000000000000e-01	6.04547248799365e+28
5.30000000000000e-01	6.29901769607642e+28
5.40000000000000e-01	6.55894599725108e+28
5.50000000000000e-01	6.82527068120724e+28
5.60000000000000e-01	7.09821701348765e+28
5.70000000000000e-01	7.37775780261917e+28
5.80000000000000e-01	7.66426590974470e+28
5.90000000000000e-01	7.95758723843553e+28
6.00000000000000e-01	8.25790051482401e+28
6.10000000000000e-01	8.56540934675969e+28
6.20000000000000e-01	8.88022672963578e+28
6.30000000000000e-01	9.20236556062075e+28
6.40000000000000e-01	9.53206574150140e+28
6.50000000000000e-01	9.86929827905380e+28
6.60000000000000e-01	1.02143352627177e+29
6.70000000000000e-01	1.05674082292430e+29
6.80000000000000e-01	1.09285101413793e+29
6.90000000000000e-01	1.12979594475469e+29
7.00000000000000e-01	1.16758055804849e+29
7.10000000000000e-01	1.20621010896122e+29
7.20000000000000e-01	1.24571402266425e+29
7.30000000000000e-01	1.28610309222452e+29
7.40000000000000e-01	1.32741942323699e+29
7.50000000000000e-01	1.36963599149993e+29
7.60000000000000e-01	1.41282964225207e+29
7.70000000000000e-01	1.45695713640504e+29
7.80000000000000e-01	1.50209108339283e+29
7.90000000000000e-01	1.54823171280353e+29
8.00000000000000e-01	1.59536215192822e+29
8.10000000000000e-01	1.64358572564568e+29
8.20000000000000e-01	1.69284082636010e+29
8.30000000000000e-01	1.74322358455592e+29
8.40000000000000e-01	1.79468854452049e+29
8.50000000000000e-01	1.84734638655605e+29
8.60000000000000e-01	1.90113585078060e+29
8.70000000000000e-01	1.95611584385040e+29
8.80000000000000e-01	2.01234716687208e+29
8.90000000000000e-01	2.06983565853271e+29
9.00000000000000e-01	2.12859600644301e+29
9.10000000000000e-01	2.18863679459387e+29
9.20000000000000e-01	2.25005639029793e+29
9.30000000000000e-01	2.31283907683171e+29
9.40000000000000e-01	2.37702063255422e+29
9.50000000000000e-01	2.44266220781546e+29
9.60000000000000e-01	2.50977656303691e+29
9.70000000000000e-01	2.57837456297564e+29
9.80000000000000e-01	2.64855054040598e+29
9.90000000000000e-01	2.72035178597300e+29
1.00000000000000e+00	2.79373904789855e+29
1.01000000000000e+00	2.86880287474535e+29
1.02000000000000e+00	2.94560090436779e+29
1.03000000000000e+00	3.02418247121408e+29
1.04000000000000e+00	3.10453343921689e+29
1.05000000000000e+00	3.18672695974259e+29
1.06000000000000e+00	3.27085683278219e+29
1.07000000000000e+00	3.35694753968855e+29
1.08000000000000e+00	3.44507172800006e+29
1.09000000000000e+00	3.53525412514610e+29
1.10000000000000e+00	3.62749133013471e+29
1.11000000000000e+00	3.72200690331782e+29
1.12000000000000e+00	3.81869012173588e+29
1.13000000000000e+00	3.91772594011045e+29
1.14000000000000e+00	4.01913774504558e+29
1.15000000000000e+00	4.12300609613392e+29
1.16000000000000e+00	4.22930580723551e+29
1.17000000000000e+00	4.33828706997796e+29
1.18000000000000e+00	4.44993529981540e+29
1.19000000000000e+00	4.56428279770417e+29
1.20000000000000e+00	4.68149417089625e+29
1.21000000000000e+00	4.80155753469318e+29
1.22000000000000e+00	4.92465137792530e+29
1.23000000000000e+00	5.05090214764562e+29
1.24000000000000e+00	5.18024748996526e+29
1.25000000000000e+00	5.31299181560009e+29
1.26000000000000e+00	5.44900690577536e+29
1.27000000000000e+00	5.58862664035402e+29
1.28000000000000e+00	5.73181859919192e+29
1.29000000000000e+00	5.87878397625151e+29
1.30000000000000e+00	6.02958740918862e+29
1.31000000000000e+00	6.18440806966735e+29
1.32000000000000e+00	6.34323333717411e+29
1.33000000000000e+00	6.50644245809420e+29
1.34000000000000e+00	6.67401834554412e+29
1.35000000000000e+00	6.84612815077901e+29
1.36000000000000e+00	7.02300253264252e+29
1.37000000000000e+00	7.20470346517925e+29
1.38000000000000e+00	7.39145369615121e+29
1.39000000000000e+00	7.58348255964798e+29
1.40000000000000e+00	7.78080735160100e+29
1.41000000000000e+00	7.98392471300523e+29
1.42000000000000e+00	8.19279151514328e+29
1.43000000000000e+00	8.40768295840967e+29
1.44000000000000e+00	8.62875246354297e+29
1.45000000000000e+00	8.85636150881359e+29
1.46000000000000e+00	9.09083914401976e+29
1.47000000000000e+00	9.33213088877176e+29
1.48000000000000e+00	9.58078996175119e+29
1.49000000000000e+00	9.83698932090804e+29
1.50000000000000e+00	1.01011445660905e+30
1.51000000000000e+00	1.03732392370806e+30
1.52000000000000e+00	1.06541057004140e+30
1.53000000000000e+00	1.09436714143544e+30
1.54000000000000e+00	1.12425556179016e+30
1.55000000000000e+00	1.15510477968636e+30
1.56000000000000e+00	1.18694995882198e+30
1.57000000000000e+00	1.21985520242022e+30
1.58000000000000e+00	1.25384564825042e+30
1.59000000000000e+00	1.28899756471793e+30
1.60000000000000e+00	1.32533879606067e+30
1.61000000000000e+00	1.36293510452194e+30
1.62000000000000e+00	1.40185396323653e+30
1.63000000000000e+00	1.44213304528738e+30
1.64000000000000e+00	1.48384342966665e+30
1.65000000000000e+00	1.52704390960413e+30
1.66000000000000e+00	1.57174896247830e+30
1.67000000000000e+00	1.61806015909600e+30
1.68000000000000e+00	1.66597324477766e+30
1.69000000000000e+00	1.71553890988508e+30
1.70000000000000e+00	1.76678622515625e+30
1.71000000000000e+00	1.81976616044253e+30
1.72000000000000e+00	1.87455760674393e+30
1.73000000000000e+00	1.93121861613873e+30
1.74000000000000e+00	1.98994048560697e+30
1.75000000000000e+00	2.05091347598395e+30
1.76000000000000e+00	2.11444264271827e+30
1.77000000000000e+00	2.18086294836096e+30
1.78000000000000e+00	2.25061777259099e+30
1.79000000000000e+00	2.32415863731204e+30
1.80000000000000e+00	2.40192154512116e+30
1.81000000000000e+00	2.48436248223300e+30
1.82000000000000e+00	2.57170132709789e+30
1.83000000000000e+00	2.66404701737371e+30
1.84000000000000e+00	2.76124138956489e+30
1.85000000000000e+00	2.86280359803456e+30
1.86000000000000e+00	2.96798865687643e+30
1.87000000000000e+00	3.07570785178226e+30
1.88000000000000e+00	3.18466113983461e+30
1.89000000000000e+00	3.29344947765132e+30
1.90000000000000e+00	3.40058537975896e+30
1.91000000000000e+00	3.50479371134719e+30
1.92000000000000e+00	3.60504759964008e+30
1.93000000000000e+00	3.70100283551034e+30
1.94000000000000e+00	3.79294649273230e+30
1.95000000000000e+00	3.88221772293686e+30
1.96000000000000e+00	3.97135664782231e+30
1.97000000000000e+00	4.06414019953014e+30
1.98000000000000e+00	4.16595720797977e+30
1.99000000000000e+00	4.28377735398815e+30
2.00000000000000e+00	4.42627893430011e+30
2.01000000000000e+00	4.60367698818764e+30
2.02000000000000e+00	4.82786617016115e+30
2.03000000000000e+00	5.11228057104591e+30
2.04000000000000e+00	5.47163962625848e+30
2.05000000000000e+00	5.92190456068447e+30
2.06000000000000e+00	6.48029410939817e+30
2.07000000000000e+00	7.16451765070617e+30
2.08000000000000e+00	7.99305062214183e+30
2.09000000000000e+00	8.98419644237886e+30
2.10000000000000e+00	1.01553175509456e+31
2.11000000000000e+00	1.15221669150361e+31
2.12000000000000e+00	1.30970836718453e+31
2.13000000000000e+00	1.48873847274503e+31
2.14000000000000e+00	1.68947229957237e+31
2.15000000000000e+00	1.91120138703307e+31
2.16000000000000e+00	2.15220193538162e+31
2.17000000000000e+00	2.40990992627072e+31
2.18000000000000e+00	2.68068210561770e+31
2.19000000000000e+00	2.96020688589124e+31
2.20000000000000e+00	3.24361251527079e+31
2.21000000000000e+00	3.52577735018531e+31
2.22000000000000e+00	3.80207339705523e+31
2.23000000000000e+00	4.06796458461828e+31
2.24000000000000e+00	4.31987470806990e+31
2.25000000000000e+00	4.55468861456259e+31
2.26000000000000e+00	4.76986232658321e+31
2.27000000000000e+00	4.96295250154575e+31
2.28000000000000e+00	5.13196368007605e+31
2.29000000000000e+00	5.27579899921447e+31
2.30000000000000e+00	5.39427130447923e+31
2.31000000000000e+00	5.48877303716352e+31
2.32000000000000e+00	5.56169903160844e+31
2.33000000000000e+00	5.61586746637467e+31
2.34000000000000e+00	5.65468959262807e+31
2.35000000000000e+00	5.68206133199824e+31
2.36000000000000e+00	5.70533905207467e+31
2.37000000000000e+00	5.73808816437629e+31
2.38000000000000e+00	5.80433005680297e+31
2.39000000000000e+00	5.93876087745264e+31
2.40000000000000e+00	6.18054204921493e+31
2.41000000000000e+00	6.56030525002926e+31
2.42000000000000e+00	7.08536254624292e+31
2.43000000000000e+00	7.73451664492178e+31
2.44000000000000e+00	8.46316088329315e+31
2.45000000000000e+00	9.21455780895409e+31
2.46000000000000e+00	9.93038639954038e+31
2.47000000000000e+00	1.05559954916805e+32
2.48000000000000e+00	1.10440910554451e+32
2.49000000000000e+00	1.13570594621578e+32
2.50000000000000e+00	1.14694914843791e+32
2.51000000000000e+00	1.13710221720974e+32
2.52000000000000e+00	1.10673932787974e+32
2.53000000000000e+00	1.05784547399173e+32
2.54000000000000e+00	9.93591979657373e+31
2.55000000000000e+00	9.17998456210952e+31
2.56000000000000e+00	8.35364960831129e+31
2.57000000000000e+00	7.49943956997050e+31
2.58000000000000e+00	6.65380050118710e+31
2.59000000000000e+00	5.84493361662030e+31
2.60000000000000e+00	5.09130777919442e+31
2.61000000000000e+00	4.40414255460963e+31
2.62000000000000e+00	3.79089125127012e+31
2.63000000000000e+00	3.25854181063092e+31
2.64000000000000e+00	2.81577445378989e+31
2.65000000000000e+00	2.47142982362446e+31
2.66000000000000e+00	2.23244363253740e+31
2.67000000000000e+00	2.10097624856006e+31
2.68000000000000e+00	2.07364849534978e+31
2.69000000000000e+00	2.14297187541332e+31
2.70000000000000e+00	2.29975791888549e+31
2.71000000000000e+00	2.53566890595421e+31
2.72000000000000e+00	2.84460326030225e+31
2.73000000000000e+00	3.22318235435008e+31
2.74000000000000e+00	3.67003911585086e+31
2.75000000000000e+00	4.18440305556682e+31
2.76000000000000e+00	4.76483531464780e+31
2.77000000000000e+00	5.40884668110150e+31
2.78000000000000e+00	6.11416796298628e+31
2.79000000000000e+00	6.88114690664913e+31
2.80000000000000e+00	7.71463247187491e+31
2.81000000000000e+00	8.62339966772613e+31
2.82000000000000e+00	9.61631180130189e+31
2.83000000000000e+00	1.06960775415739e+32
2.84000000000000e+00	1.18529163443489e+32
2.85000000000000e+00	1.30592306411907e+32
2.86000000000000e+00	1.42699763986773e+32
2.87000000000000e+00	1.54271453187363e+32
2.88000000000000e+00	1.64684645887580e+32
2.89000000000000e+00	1.73352037223190e+32
2.90000000000000e+00	1.79759708953729e+32
2.91000000000000e+00	1.83440758677949e+32
2.92000000000000e+00	1.83963147932138e+32
2.93000000000000e+00	1.80947566748789e+32
2.94000000000000e+00	1.74165746509896e+32
2.95000000000000e+00	1.63661206693442e+32
2.96000000000000e+00	1.49832233568780e+32
2.97000000000000e+00	1.33406234035127e+32
2.98000000000000e+00	1.15348376403514e+32
2.99000000000000e+00	9.67135416697272e+31
3.00000000000000e+00	7.85317646527912e+31
3.01000000000000e+00	6.17267428509016e+31
3.02000000000000e+00	4.70874604906789e+31
3.03000000000000e+00	3.52485758367493e+31
3.04000000000000e+00	2.66979786834231e+31
3.05000000000000e+00	2.17751307721026e+31
3.06000000000000e+00	2.06775051756158e+31
3.07000000000000e+00	2.34698098918616e+31
3.08000000000000e+00	3.01010917204291e+31
3.09000000000000e+00	4.04161712192484e+31
3.10000000000000e+00	5.41646959980355e+31
3.11000000000000e+00	7.10096558643077e+31
3.12000000000000e+00	9.05518422778806e+31
3.13000000000000e+00	1.12360877642233e+32
3.14000000000000e+00	1.35994737653686e+32
3.15000000000000e+00	1.60974198910549e+32
3.16000000000000e+00	1.86716668983366e+32
3.17000000000000e+00	2.12451210745105e+32
3.18000000000000e+00	2.37207209260852e+32
3.19000000000000e+00	2.59891712958697e+32
3.20000000000000e+00	2.79547794290212e+32
3.21000000000000e+00	2.95614295302524e+32
3.22000000000000e+00	3.08043883752449e+32
3.23000000000000e+00	3.17190527027280e+32
3.24000000000000e+00	3.23520010645415e+32
3.25000000000000e+00	3.27316133062877e+32
3.26000000000000e+00	3.28528746378826e+32
3.27000000000000e+00	3.26820205900907e+32
3.28000000000000e+00	3.21717990301792e+32
3.29000000000000e+00	3.12880543466901e+32
3.30000000000000e+00	3.00251412864397e+32
3.31000000000000e+00	2.84119413221427e+32
3.32000000000000e+00	2.64985370764222e+32
3.33000000000000e+00	2.43417573666826e+32
3.34000000000000e+00	2.19925499027920e+32
3.35000000000000e+00	1.94966002994647e+32
3.36000000000000e+00	1.69000513264079e+32
3.37000000000000e+00	1.42598228002141e+32
3.38000000000000e+00	1.16477947003457e+32
3.39000000000000e+00	9.14885259281044e+31
3.40000000000000e+00	6.85170344002374e+31
3.41000000000000e+00	4.83624744184432e+31
3.42000000000000e+00	3.16266394303666e+31
3.43000000000000e+00	1.86552394646703e+31
3.44000000000000e+00	9.54479562098195e+30
3.45000000000000e+00	4.19189128001304e+30
3.46000000000000e+00	2.35998151457895e+30
3.47000000000000e+00	3.73297422628753e+30
3.48000000000000e+00	7.95147397630470e+30
3.49000000000000e+00	1.46347521832569e+31
3.50000000000000e+00	2.33978005013374e+31
3.51000000000000e+00	3.38623225220259e+31
3.52000000000000e+00	4.56583915400504e+31
3.53000000000000e+00	5.84103587894384e+31
3.54000000000000e+00	7.17166524023329e+31
3.55000000000000e+00	8.51363977375926e+31
3.56000000000000e+00	9.82011153702618e+31
3.57000000000000e+00	1.10449170228987e+32
3.58000000000000e+00	1.21477427455058e+32
3.59000000000000e+00	1.30989673726207e+32
3.60000000000000e+00	1.38820718618861e+32
3.61000000000000e+00	1.44933176566663e+32
3.62000000000000e+00	1.49389909629830e+32
3.63000000000000e+00	1.52315093997666e+32
3.64000000000000e+00	1.53855194870229e+32
3.65000000000000e+00	1.54149332380307e+32
3.66000000000000e+00	1.53306847254457e+32
3.67000000000000e+00	1.51396093212853e+32
3.68000000000000e+00	1.48435051454954e+32
3.69000000000000e+00	1.44398668415238e+32
3.70000000000000e+00	1.39229246877676e+32
3.71000000000000e+00	1.32867391036710e+32
3.72000000000000e+00	1.25284846016446e+32
3.73000000000000e+00	1.16528624941413e+32
3.74000000000000e+00	1.06755930528081e+32
3.75000000000000e+00	9.62305562929238e+31
3.76000000000000e+00	8.53025242276534e+31
3.77000000000000e+00	7.43517565454623e+31
3.78000000000000e+00	6.37297375127643e+31
3.79000000000000e+00	5.37214060210492e+31
3.80000000000000e+00	4.45272133170327e+31
3.81000000000000e+00	3.62742246834390e+31
3.82000000000000e+00	2.90287648248615e+31
3.83000000000000e+00	2.28139481058175e+31
3.84000000000000e+00	1.76189565467304e+31
3.85000000000000e+00	1.34066733109240e+31
3.86000000000000e+00	1.01155049883647e+31
3.87000000000000e+00	7.66326235928933e+30
3.88000000000000e+00	5.95311937448022e+30
3.89000000000000e+00	4.87970516673131e+30
3.90000000000000e+00	4.33691718069435e+30
3.91000000000000e+00	4.22483932739760e+30
3.92000000000000e+00	4.45499967108472e+30
3.93000000000000e+00	4.95310907996334e+30
3.94000000000000e+00	5.65862069601448e+30
3.95000000000000e+00	6.52309349544248e+30
3.96000000000000e+00	7.50687822330655e+30
3.97000000000000e+00	8.57729597756346e+30
3.98000000000000e+00	9.70653122367830e+30
3.99000000000000e+00	1.08708550361382e+31
4.00000000000000e+00	1.20504002692182e+31
4.01000000000000e+00	1.32293223831420e+31
4.02000000000000e+00	1.43967760099477e+31
4.03000000000000e+00	1.55482946222653e+31
4.04000000000000e+00	1.66873140727091e+31
4.05000000000000e+00	1.78239748597647e+31
4.06000000000000e+00	1.89724034627956e+31
4.07000000000000e+00	2.01455882657204e+31
4.08000000000000e+00	2.13478520557955e+31
4.09000000000000e+00	2.25723431618455e+31
4.10000000000000e+00	2.37964486614013e+31
4.11000000000000e+00	2.49851906813557e+31
4.12000000000000e+00	2.60972842943460e+31
4.13000000000000e+00	2.70908119164617e+31
4.14000000000000e+00	2.79303126165283e+31
4.15000000000000e+00	2.85918498727316e+31
4.16000000000000e+00	2.90641597552714e+31
4.17000000000000e+00	2.93478697746750e+31
4.18000000000000e+00	2.94554376315080e+31
4.19000000000000e+00	2.94097020564619e+31
4.20000000000000e+00	2.92384719810720e+31
4.21000000000000e+00	2.89744908235688e+31
4.22000000000000e+00	2.86529009995717e+31
4.23000000000000e+00	2.83069680517876e+31
4.24000000000000e+00	2.79693200180043e+31
4.25000000000000e+00	2.76654583083344e+31
4.26000000000000e+00	2.74125766682606e+31
4.27000000000000e+00	2.72142981973725e+31
4.28000000000000e+00	2.70623254325769e+31
4.29000000000000e+00	2.69367516782820e+31
4.30000000000000e+00	2.68111615739456e+31
4.31000000000000e+00	2.66581461301929e+31
4.32000000000000e+00	2.64531584866601e+31
4.33000000000000e+00	2.61763551485957e+31
4.34000000000000e+00	2.58143502193270e+31
4.35000000000000e+00	2.53619510391007e+31
4.36000000000000e+00	2.48205938939456e+31
4.37000000000000e+00	2.41995894426691e+31
4.38000000000000e+00	2.35168770515534e+31
4.39000000000000e+00	2.27972432457574e+31
4.40000000000000e+00	2.20718569996641e+31
4.41000000000000e+00	2.13768110625986e+31
4.42000000000000e+00	2.07507671709668e+31
4.43000000000000e+00	2.02319096432669e+31
4.44000000000000e+00	1.98557917650782e+31
4.45000000000000e+00	1.96553172037508e+31
4.46000000000000e+00	1.96609856306481e+31
4.47000000000000e+00	1.99022008448014e+31
4.48000000000000e+00	2.04083568089369e+31
4.49000000000000e+00	2.12097785868182e+31
4.50000000000000e+00	2.23378372133631e+31
4.51000000000000e+00	2.38267555576549e+31
4.52000000000000e+00	2.57142651513871e+31
4.53000000000000e+00	2.80445705209008e+31
4.54000000000000e+00	3.08709292434524e+31
4.55000000000000e+00	3.42588967831877e+31
4.56000000000000e+00	3.82886865355098e+31
4.57000000000000e+00	4.30589180524153e+31
4.58000000000000e+00	4.86851821491021e+31
4.59000000000000e+00	5.52987946706344e+31
4.60000000000000e+00	6.30344477492597e+31
4.61000000000000e+00	7.20147699854016e+31
4.62000000000000e+00	8.23280921502563e+31
4.63000000000000e+00	9.40116079964729e+31
4.64000000000000e+00	1.07032144359757e+32
4.65000000000000e+00	1.21301179679140e+32
4.66000000000000e+00	1.36676439758828e+32
4.67000000000000e+00	1.52986480016676e+32
4.68000000000000e+00	1.70029454689179e+32
4.69000000000000e+00	1.87532676211298e+32
4.70000000000000e+00	2.05109070018138e+32
4.71000000000000e+00	2.22193311616938e+32
4.72000000000000e+00	2.37991510779209e+32
4.73000000000000e+00	2.51529284592646e+32
4.74000000000000e+00	2.61735046397161e+32
4.75000000000000e+00	2.67597599561669e+32
4.76000000000000e+00	2.68347875413562e+32
4.77000000000000e+00	2.63615221885948e+32
4.78000000000000e+00	2.53506430792151e+32
4.79000000000000e+00	2.38638374822147e+32
4.80000000000000e+00	2.20056933611032e+32
4.81000000000000e+00	1.99081627214206e+32
4.82000000000000e+00	1.77115575541362e+32
4.83000000000000e+00	1.55472000781512e+32
4.84000000000000e+00	1.35223669234184e+32
4.85000000000000e+00	1.17136027820756e+32
4.86000000000000e+00	1.01652449522450e+32
4.87000000000000e+00	8.89197391745476e+31
4.88000000000000e+00	7.88520730202127e+31
4.89000000000000e+00	7.12000815380853e+31
4.90000000000000e+00	6.56138814480928e+31
4.91000000000000e+00	6.16915190920561e+31
4.92000000000000e+00	5.90272628190653e+31
4.93000000000000e+00	5.72385312547893e+31
4.94000000000000e+00	5.59956490109563e+31
4.95000000000000e+00	5.50391417904704e+31
4.96000000000000e+00	5.41903225632768e+31
4.97000000000000e+00	5.33491457421887e+31
4.98000000000000e+00	5.24806168484431e+31
4.99000000000000e+00	5.15993870166779e+31
5.00000000000000e+00	5.07486821921786e+31
5.01000000000000e+00	4.99810603394182e+31
5.02000000000000e+00	4.93437306300864e+31
5.03000000000000e+00	4.88664670687715e+31
5.04000000000000e+00	4.85548542055086e+31
5.05000000000000e+00	4.83841660176711e+31
5.06000000000000e+00	4.83001934929885e+31
5.07000000000000e+00	4.82203826014914e+31
5.08000000000000e+00	4.80414356147954e+31
5.09000000000000e+00	4.76497113394248e+31
5.10000000000000e+00	4.69380596996339e+31
5.11000000000000e+00	4.58233969807498e+31
5.12000000000000e+00	4.42666504590437e+31
5.13000000000000e+00	4.22842542785945e+31
5.14000000000000e+00	3.99519453286357e+31
5.15000000000000e+00	3.73985164088066e+31
5.16000000000000e+00	3.47917975693999e+31
5.17000000000000e+00	3.23236161958795e+31
5.18000000000000e+00	3.01955141587274e+31
5.19000000000000e+00	2.86097955573736e+31
5.20000000000000e+00	2.77617529080062e+31
5.21000000000000e+00	2.78315343060813e+31
5.22000000000000e+00	2.89736135043497e+31
5.23000000000000e+00	3.12968907696859e+31
5.24000000000000e+00	3.48441472926186e+31
5.25000000000000e+00	3.95710985644683e+31
5.26000000000000e+00	4.53340257388611e+31
5.27000000000000e+00	5.18903800723062e+31
5.28000000000000e+00	5.89146146468815e+31
5.29000000000000e+00	6.60336078114180e+31
5.30000000000000e+00	7.28699261213310e+31
5.31000000000000e+00	7.90935805791701e+31
5.32000000000000e+00	8.44587874845690e+31
5.33000000000000e+00	8.88372171425299e+31
5.34000000000000e+00	9.22240890256202e+31
5.35000000000000e+00	9.47324397399951e+31
5.36000000000000e+00	9.65685803779933e+31
5.37000000000000e+00	9.79982161541428e+31
5.38000000000000e+00	9.93121524007353e+31
5.39000000000000e+00	1.00793856385412e+32
5.40000000000000e+00	1.02703321610186e+32
5.41000000000000e+00	1.05259246784767e+32
5.42000000000000e+00	1.08633272441473e+32
5.43000000000000e+00	1.12960642148963e+32
5.44000000000000e+00	1.18321517951759e+32
5.45000000000000e+00	1.24747210992653e+32
5.46000000000000e+00	1.32217313284899e+32
5.47000000000000e+00	1.40654518613676e+32
5.48000000000000e+00	1.49923139985023e+32
5.49000000000000e+00	1.59834885241468e+32
5.50000000000000e+00	1.70141307945327e+32
5.51000000000000e+00	1.80546506467701e+32
5.52000000000000e+00	1.90715316802076e+32
5.53000000000000e+00	2.00293152961335e+32
5.54000000000000e+00	2.08922070373110e+32
5.55000000000000e+00	2.16277150799754e+32
5.56000000000000e+00	2.22082080129863e+32
5.57000000000000e+00	2.26130631844852e+32
5.58000000000000e+00	2.28302021324240e+32
5.59000000000000e+00	2.28542424997330e+32
5.60000000000000e+00	2.26873530660635e+32
5.61000000000000e+00	2.23385559525898e+32
5.62000000000000e+00	2.18227837649730e+32
5.63000000000000e+00	2.11597509654586e+32
5.64000000000000e+00	2.03739816655102e+32
5.65000000000000e+00	1.94923469063755e+32
5.66000000000000e+00	1.85407683284809e+32
5.67000000000000e+00	1.75445502933476e+32
5.68000000000000e+00	1.65239510076038e+32
5.69000000000000e+00	1.54953267428966e+32
5.70000000000000e+00	1.44696690459300e+32
5.71000000000000e+00	1.34553677726888e+32
5.72000000000000e+00	1.24580450129107e+32
5.73000000000000e+00	1.14823776398571e+32
5.74000000000000e+00	1.05318208613684e+32
5.75000000000000e+00	9.60911476435745e+31
5.76000000000000e+00	8.71569665061405e+31
5.77000000000000e+00	7.85176364426297e+31
5.78000000000000e+00	7.01640461326110e+31
5.79000000000000e+00	6.20813844170608e+31
5.80000000000000e+00	5.42555902768330e+31
5.81000000000000e+00	4.66833015992340e+31
5.82000000000000e+00	3.93780929792706e+31
5.83000000000000e+00	3.23767236567738e+31
5.84000000000000e+00	2.57421688498473e+31
5.85000000000000e+00	1.95653151246749e+31
5.86000000000000e+00	1.39639943266455e+31
5.87000000000000e+00	9.08062900165702e+30
5.88000000000000e+00	5.07766340584612e+30
5.89000000000000e+00	2.13090306018186e+30
5.90000000000000e+00	4.21640919226705e+29
5.91000000000000e+00	1.27953034436470e+29
5.92000000000000e+00	1.41647430273248e+30
5.93000000000000e+00	4.43560332505024e+30
5.94000000000000e+00	9.31061147644803e+30
5.95000000000000e+00	1.61403409157164e+31
5.96000000000000e+00	2.49933523596497e+31
5.97000000000000e+00	3.59033149112332e+31
5.98000000000000e+00	4.88613802381334e+31
5.99000000000000e+00	6.38117988793732e+31
6.00000000000000e+00	8.06455525806584e+31
6.01000000000000e+00	9.91998981810242e+31
6.02000000000000e+00	1.19262095528354e+32
6.03000000000000e+00	1.40567444800390e+32
6.04000000000000e+00	1.62796580228480e+32
6.05000000000000e+00	1.85564334582959e+32
6.06000000000000e+00	2.08404342447158e+32
6.07000000000000e+00	2.30761733075543e+32
6.08000000000000e+00	2.51988961051079e+32
6.09000000000000e+00	2.71365389520676e+32
6.10000000000000e+00	2.88145050652610e+32
6.11000000000000e+00	3.01622788122162e+32
6.12000000000000e+00	3.11204910112582e+32
6.13000000000000e+00	3.16485475662198e+32
6.14000000000000e+00	3.17297892458979e+32
6.15000000000000e+00	3.13735248618342e+32
6.16000000000000e+00	3.06120400053736e+32
6.17000000000000e+00	2.94979546671665e+32
6.18000000000000e+00	2.80937020836190e+32
6.19000000000000e+00	2.64670302738353e+32
6.20000000000000e+00	2.46841946346787e+32
6.21000000000000e+00	2.28049314871494e+32
6.22000000000000e+00	2.08823821135338e+32
6.23000000000000e+00	1.89621747532731e+32
6.24000000000000e+00	1.70825042658945e+32
6.25000000000000e+00	1.52759003572612e+32
6.26000000000000e+00	1.35686438604525e+32
6.27000000000000e+00	1.19809234235041e+32
6.28000000000000e+00	1.05275163040595e+32
6.29000000000000e+00	9.21761020252137e+31
6.30000000000000e+00	8.05662799430727e+31
6.31000000000000e+00	7.04726330532715e+31
6.32000000000000e+00	6.19082688318803e+31
6.33000000000000e+00	5.48853370595508e+31
6.34000000000000e+00	4.94210509120378e+31
6.35000000000000e+00	4.55373949349338e+31
6.36000000000000e+00	4.32539181424140e+31
6.37000000000000e+00	4.25727238676947e+31
6.38000000000000e+00	4.34628692924772e+31
6.39000000000000e+00	4.58465949607581e+31
6.40000000000000e+00	4.95873809093132e+31
6.41000000000000e+00	5.44917807074000e+31
6.42000000000000e+00	6.03170427240880e+31
6.43000000000000e+00	6.67920514366529e+31
6.44000000000000e+00	7.36416374937018e+31
6.45000000000000e+00	8.06061209004896e+31
6.46000000000000e+00	8.74688237180363e+31
6.47000000000000e+00	9.40607458290148e+31
6.48000000000000e+00	1.00273015050131e+32
6.49000000000000e+00	1.06049775179078e+32
6.50000000000000e+00	1.11382044621494e+32
6.51000000000000e+00	1.16296344563096e+32
6.52000000000000e+00	1.20846830827554e+32
6.53000000000000e+00	1.25098807504518e+32
6.54000000000000e+00	1.29120591031816e+32
6.55000000000000e+00	1.32971129216275e+32
6.56000000000000e+00	1.36686336464909e+32
6.57000000000000e+00	1.40266888263438e+32
6.58000000000000e+00	1.43675022125497e+32
6.59000000000000e+00	1.46835334950177e+32
6.60000000000000e+00	1.49637208939293e+32
6.61000000000000e+00	1.51942948382905e+32
6.62000000000000e+00	1.53599861033652e+32
6.63000000000000e+00	1.54444219136193e+32
6.64000000000000e+00	1.54312328673828e+32
6.65000000000000e+00	1.53058215102683e+32
6.66000000000000e+00	1.50562470408600e+32
6.67000000000000e+00	1.46750022792284e+32
6.68000000000000e+00	1.41608312346672e+32
6.69000000000000e+00	1.35187858680331e+32
6.70000000000000e+00	1.27604908173857e+32
6.71000000000000e+00	1.19027750601028e+32
6.72000000000000e+00	1.09671868165098e+32
6.73000000000000e+00	9.97850566343084e+31
6.74000000000000e+00	8.96319159628131e+31
6.75000000000000e+00	7.94816905770034e+31
6.76000000000000e+00	6.95929641835932e+31
6.77000000000000e+00	6.01988051246307e+31
6.78000000000000e+00	5.14904359625234e+31
6.79000000000000e+00	4.36080951429840e+31
6.80000000000000e+00	3.66342468325507e+31
6.81000000000000e+00	3.05952909060858e+31
6.82000000000000e+00	2.54678239167378e+31
6.83000000000000e+00	2.11894691501515e+31
6.84000000000000e+00	1.76721300659198e+31
6.85000000000000e+00	1.48134720220462e+31
6.86000000000000e+00	1.25076432413247e+31
6.87000000000000e+00	1.06528052455175e+31
6.88000000000000e+00	9.15719712402073e+30
6.89000000000000e+00	7.94212912655281e+30
6.90000000000000e+00	6.94391276583989e+30
6.91000000000000e+00	6.11343449681289e+30
6.92000000000000e+00	5.41508013627820e+30
6.93000000000000e+00	4.82460030741365e+30
6.94000000000000e+00	4.32682061439869e+30
6.95000000000000e+00	3.91355503394082e+30
6.96000000000000e+00	3.58186773893746e+30
6.97000000000000e+00	3.33306704592585e+30
6.98000000000000e+00	3.17199217013793e+30
6.99000000000000e+00	3.10681961653335e+30
7.00000000000000e+00	3.14904347808423e+30
7.01000000000000e+00	3.31351636526710e+30
7.02000000000000e+00	3.61869914446898e+30
7.03000000000000e+00	4.08685019950878e+30
7.04000000000000e+00	4.74436326272193e+30
7.05000000000000e+00	5.62217940632740e+30
7.06000000000000e+00	6.75603250756093e+30
7.07000000000000e+00	8.18647744224036e+30
7.08000000000000e+00	9.95706224765476e+30
7.09000000000000e+00	1.21098303923550e+31
7.10000000000000e+00	1.46773683622488e+31
7.11000000000000e+00	1.76696530119012e+31
7.12000000000000e+00	2.10597734953680e+31
7.13000000000000e+00	2.47709173662831e+31
7.14000000000000e+00	2.86714830818973e+31
7.15000000000000e+00	3.25831476375827e+31
7.16000000000000e+00	3.63033324545720e+31
7.17000000000000e+00	3.96379762302364e+31
7.18000000000000e+00	4.24360507821084e+31
7.19000000000000e+00	4.46161228237864e+31
7.20000000000000e+00	4.61753142881119e+31
7.21000000000000e+00	4.71783787069041e+31
7.22000000000000e+00	4.77365366715503e+31
7.23000000000000e+00	4.79767079796286e+31
7.24000000000000e+00	4.80172747759887e+31
7.25000000000000e+00	4.79540778668457e+31
7.26000000000000e+00	4.78550688158632e+31
7.27000000000000e+00	4.77627807989652e+31
7.28000000000000e+00	4.77023627738543e+31
7.29000000000000e+00	4.76865675782178e+31
7.30000000000000e+00	4.77196768558755e+31
7.31000000000000e+00	4.77981037229387e+31
7.32000000000000e+00	4.79108195996549e+31
7.33000000000000e+00	4.80367452986024e+31
7.34000000000000e+00	4.81477060034716e+31
7.35000000000000e+00	4.82089790812119e+31
7.36000000000000e+00	4.81857382665111e+31
7.37000000000000e+00	4.80471060180717e+31
7.38000000000000e+00	4.77718181992634e+31
7.39000000000000e+00	4.73508980636273e+31
7.40000000000000e+00	4.67887604469911e+31
7.41000000000000e+00	4.61009112865325e+31
7.42000000000000e+00	4.53085252096813e+31
7.43000000000000e+00	4.44339214833811e+31
7.44000000000000e+00	4.34960301337587e+31
7.45000000000000e+00	4.25059170400614e+31
7.46000000000000e+00	4.14677133687619e+31
7.47000000000000e+00	4.03777454859638e+31
7.48000000000000e+00	3.92295480830267e+31
7.49000000000000e+00	3.80156820706066e+31
7.50000000000000e+00	3.67342860551035e+31
7.51000000000000e+00	3.53940003972609e+31
7.52000000000000e+00	3.40210271367856e+31
7.53000000000000e+00	3.26660318738195e+31
7.54000000000000e+00	3.14102459695877e+31
7.55000000000000e+00	3.03701125757126e+31
7.56000000000000e+00	2.96964623181173e+31
7.57000000000000e+00	2.95669570630787e+31
7.58000000000000e+00	3.01733039064932e+31
7.59000000000000e+00	3.17028107340165e+31
7.60000000000000e+00	3.43193295262948e+31
7.61000000000000e+00	3.81456097088541e+31
7.62000000000000e+00	4.32511188010147e+31
7.63000000000000e+00	4.96478633484955e+31
7.64000000000000e+00	5.72898048877152e+31
7.65000000000000e+00	6.60794656197548e+31
7.66000000000000e+00	7.58738988364615e+31
7.67000000000000e+00	8.64946706630608e+31
7.68000000000000e+00	9.77388483027148e+31
7.69000000000000e+00	1.09396087061996e+32
7.70000000000000e+00	1.21268448207004e+32
7.71000000000000e+00	1.33194964705051e+32
7.72000000000000e+00	1.45069552472023e+32
7.73000000000000e+00	1.56857538443463e+32
7.74000000000000e+00	1.68585631653158e+32
7.75000000000000e+00	1.80330784571911e+32
7.76000000000000e+00	1.92175842900315e+32
7.77000000000000e+00	2.04173188770790e+32
7.78000000000000e+00	2.16289613313891e+32
7.79000000000000e+00	2.28369926265594e+32
7.80000000000000e+00	2.40120429803045e+32
7.81000000000000e+00	2.51098270352988e+32
7.82000000000000e+00	2.60757924031010e+32
7.83000000000000e+00	2.68492961254985e+32
7.84000000000000e+00	2.73740768257733e+32
7.85000000000000e+00	2.76047019306890e+32
7.86000000000000e+00	2.75178181777192e+32
7.87000000000000e+00	2.71153458854106e+32
7.88000000000000e+00	2.64282754764050e+32
7.89000000000000e+00	2.55131847566940e+32
7.90000000000000e+00	2.44467141181029e+32
7.91000000000000e+00	2.33169888307540e+32
7.92000000000000e+00	2.22148248880396e+32
7.93000000000000e+00	2.12251378943359e+32
7.94000000000000e+00	2.04196943932945e+32
7.95000000000000e+00	1.98505250341185e+32
7.96000000000000e+00	1.95448516850810e+32
7.97000000000000e+00	1.95018959817818e+32
7.98000000000000e+00	1.96921593963604e+32
7.99000000000000e+00	2.00587604990971e+32
8.00000000000000e+00	2.05241658944933e+32
8.01000000000000e+00	2.09993362417949e+32
8.02000000000000e+00	2.13946752594497e+32
8.03000000000000e+00	2.16312393683238e+32
8.04000000000000e+00	2.16491409978515e+32
8.05000000000000e+00	2.14123415049996e+32
8.06000000000000e+00	2.09103093167328e+32
8.07000000000000e+00	2.01554536190996e+32
8.08000000000000e+00	1.91784200647155e+32
8.09000000000000e+00	1.80243498302894e+32
8.10000000000000e+00	1.67457727929290e+32
8.11000000000000e+00	1.53998725217381e+32
8.12000000000000e+00	1.40437742868032e+32
8.13000000000000e+00	1.27303243572403e+32
8.14000000000000e+00	1.15051373020568e+32
8.15000000000000e+00	1.04034158873972e+32
8.16000000000000e+00	9.44864617243247e+31
8.17000000000000e+00	8.65208047009482e+31
8.18000000000000e+00	8.01387135829748e+31
8.19000000000000e+00	7.52547505753562e+31
8.20000000000000e+00	7.17247366070050e+31
8.21000000000000e+00	6.93777390754141e+31
8.22000000000000e+00	6.80433973455154e+31
8.23000000000000e+00	6.75747640649340e+31
8.24000000000000e+00	6.78624503287060e+31
8.25000000000000e+00	6.88374486378530e+31
8.26000000000000e+00	7.04688572053744e+31
8.27000000000000e+00	7.27563117252863e+31
8.28000000000000e+00	7.57150113072867e+31
8.29000000000000e+00	7.93650474106772e+31
8.30000000000000e+00	8.37177032223874e+31
8.31000000000000e+00	8.87659647912725e+31
8.32000000000000e+00	9.44760841230403e+31
8.33000000000000e+00	1.00783301304815e+32
8.34000000000000e+00	1.07590162322393e+32
8.35000000000000e+00	1.14760367157547e+32
8.36000000000000e+00	1.22126765346382e+32
8.37000000000000e+00	1.29490456489751e+32
8.38000000000000e+00	1.36615987868114e+32
8.39000000000000e+00	1.43246259252809e+32
8.40000000000000e+00	1.49101792015892e+32
8.41000000000000e+00	1.53884641229211e+32
8.42000000000000e+00	1.57280566219469e+32
8.43000000000000e+00	1.58977297999687e+32
8.44000000000000e+00	1.58687874539415e+32
8.45000000000000e+00	1.56189663636169e+32
8.46000000000000e+00	1.51358934286313e+32
8.47000000000000e+00	1.44216310687688e+32
8.48000000000000e+00	1.34956048904598e+32
8.49000000000000e+00	1.23931745852275e+32
8.50000000000000e+00	1.11635006574103e+32
8.51000000000000e+00	9.86438009552160e+31
8.52000000000000e+00	8.55390823921326e+31
8.53000000000000e+00	7.28522427955645e+31
8.54000000000000e+00	6.10105392093419e+31
8.55000000000000e+00	5.03084350278918e+31
8.56000000000000e+00	4.09072584618040e+31
8.57000000000000e+00	3.28485624281146e+31
8.58000000000000e+00	2.60828838483530e+31
8.59000000000000e+00	2.05004396528288e+31
8.60000000000000e+00	1.59588171635293e+31
8.61000000000000e+00	1.23051307785060e+31
8.62000000000000e+00	9.39083894000849e+30
8.63000000000000e+00	7.08166478847028e+30
8.64000000000000e+00	5.26152766387355e+30
8.65000000000000e+00	3.83416983032916e+30
8.66000000000000e+00	2.72229859379013e+30
8.67000000000000e+00	1.86509836389929e+30
8.68000000000000e+00	1.21544325356358e+30
8.69000000000000e+00	7.36753420300329e+29
8.70000000000000e+00	3.99803258213536e+29
8.71000000000000e+00	1.80490777407422e+29
8.72000000000000e+00	5.77509484321634e+28
8.73000000000000e+00	1.22127840910562e+28
8.74000000000000e+00	2.53558265427231e+28
8.75000000000000e+00	7.91583463928285e+28
8.76000000000000e+00	1.56216594569601e+29
8.77000000000000e+00	2.40258895975625e+29
8.78000000000000e+00	3.17036279537904e+29
8.79000000000000e+00	3.75313771188864e+29
8.80000000000000e+00	4.07799439915506e+29
8.81000000000000e+00	4.11663672242941e+29
8.82000000000000e+00	3.88477391386064e+29
8.83000000000000e+00	3.43500522240613e+29
8.84000000000000e+00	2.84395290149650e+29
8.85000000000000e+00	2.19732283398946e+29
8.86000000000000e+00	1.57545443178060e+29
8.87000000000000e+00	1.04234668957351e+29
8.88000000000000e+00	6.39925771053247e+28
8.89000000000000e+00	3.87227310799218e+28
8.90000000000000e+00	2.83443972217477e+28
8.91000000000000e+00	3.13265372552336e+28
8.92000000000000e+00	4.52789140089885e+28
8.93000000000000e+00	6.74748811910827e+28
8.94000000000000e+00	9.52721988276305e+28
8.95000000000000e+00	1.26374695363585e+29
8.96000000000000e+00	1.58977272218244e+29
8.97000000000000e+00	1.91794009957169e+29
8.98000000000000e+00	2.24016777287675e+29
8.99000000000000e+00	2.55221512726969e+29
9.00000000000000e+00	2.85258048858118e+29
9.01000000000000e+00	3.14140407766324e+29
9.02000000000000e+00	3.41954084143883e+29
9.03000000000000e+00	3.68789963899961e+29
9.04000000000000e+00	3.94725133164618e+29
9.05000000000000e+00	4.19725248233184e+29
9.06000000000000e+00	4.43824646493211e+29
9.07000000000000e+00	4.66925043500085e+29
9.08000000000000e+00	4.88931568505458e+29
9.09000000000000e+00	5.09804452808108e+29
9.10000000000000e+00	5.29472332954094e+29
9.11000000000000e+00	5.47921675476788e+29
9.12000000000000e+00	5.65177920271519e+29
9.13000000000000e+00	5.81211504591414e+29
9.14000000000000e+00	5.96142493227908e+29
9.15000000000000e+00	6.10008270997859e+29
9.16000000000000e+00	6.22925775316587e+29
9.17000000000000e+00	6.34970247274117e+29
9.18000000000000e+00	6.46269935384351e+29
9.19000000000000e+00	6.56866065211461e+29
9.20000000000000e+00	6.66848302814565e+29
9.21000000000000e+00	6.76276319230712e+29
9.22000000000000e+00	6.85193922006752e+29
9.23000000000000e+00	6.93636951216326e+29
9.24000000000000e+00	7.01613491690081e+29
9.25000000000000e+00	7.09106481727723e+29
9.26000000000000e+00	7.16116698595205e+29
9.27000000000000e+00	1.39793501682694e+31
9.28000000000000e+00	1.42693594331862e+31
9.29000000000000e+00	7.34207271943472e+29
9.30000000000000e+00	7.39216014804535e+29
9.31000000000000e+00	1.51306137530426e+31
9.32000000000000e+00	1.54119323446032e+31
9.33000000000000e+00	1.56898980927197e+31
9.34000000000000e+00	1.59650315892037e+31
9.35000000000000e+00	1.62377372882014e+31
9.36000000000000e+00	1.65086832831167e+31
9.37000000000000e+00	7.61698099462722e+29
9.38000000000000e+00	1.70493787167993e+31
9.39000000000000e+00	7.64947769429291e+29
9.40000000000000e+00	1.75937480029552e+31
9.41000000000000e+00	1.78686959266175e+31
9.42000000000000e+00	1.81456630847739e+31
9.43000000000000e+00	1.84246625882395e+31
9.44000000000000e+00	1.87052700036486e+31
9.45000000000000e+00	1.89871580088485e+31
9.46000000000000e+00	1.92701346375414e+31
9.47000000000000e+00	7.68487858767926e+29
9.48000000000000e+00	7.67958655950872e+29
9.49000000000000e+00	2.01247718202181e+31
9.50000000000000e+00	2.04117990418341e+31
9.51000000000000e+00	2.07006007741164e+31
9.52000000000000e+00	2.09916968291197e+31
9.53000000000000e+00	2.12853451982638e+31
9.54000000000000e+00	2.15821176163324e+31
9.55000000000000e+00	2.18821559172860e+31
9.56000000000000e+00	7.57786942673544e+29
9.57000000000000e+00	7.55887840853133e+29
9.58000000000000e+00	2.28000636059054e+31
9.59000000000000e+00	2.31103177049772e+31
9.60000000000000e+00	2.34211134153150e+31
9.61000000000000e+00	2.37309178898679e+31
9.62000000000000e+00	2.40386667741089e+31
9.63000000000000e+00	2.43425740704505e+31
9.64000000000000e+00	7.37983222447170e+29
9.65000000000000e+00	2.49311476731535e+31
9.66000000000000e+00	2.52128832897865e+31
9.67000000000000e+00	2.54846172457408e+31
9.68000000000000e+00	2.57456682740374e+31
9.69000000000000e+00	2.59956526906731e+31
9.70000000000000e+00	2.62355563586622e+31
9.71000000000000e+00	2.64663719475189e+31
9.72000000000000e+00	7.04701061492300e+29
9.73000000000000e+00	6.99826388453614e+29
9.74000000000000e+00	6.94948189937830e+29
9.75000000000000e+00	2.73354171607066e+31
9.76000000000000e+00	2.75504214329255e+31
9.77000000000000e+00	2.77684347883546e+31
9.78000000000000e+00	2.79911236110100e+31
9.79000000000000e+00	6.70691834628399e+29
9.80000000000000e+00	6.65946052870341e+29
9.81000000000000e+00	6.61281946561104e+29
9.82000000000000e+00	2.89416973193985e+31
9.83000000000000e+00	2.91950109946508e+31
9.84000000000000e+00	2.94533325017850e+31
9.85000000000000e+00	2.97167852599888e+31
9.86000000000000e+00	2.99846769186829e+31
9.87000000000000e+00	3.02566158103081e+31
9.88000000000000e+00	3.05328377145303e+31
9.89000000000000e+00	3.08156479233304e+31
9.90000000000000e+00	3.11099388784033e+31
9.91000000000000e+00	3.14291231052358e+31
9.92000000000000e+00	3.17978884172163e+31
9.93000000000000e+00	3.22595486629462e+31
9.94000000000000e+00	3.28781355507267e+31
9.95000000000000e+00	3.37363767872105e+31
9.96000000000000e+00	3.49216864010409e+31
9.97000000000000e+00	3.18045566459306e+29
9.98000000000000e+00	2.08611674356992e+29
9.99000000000000e+00	1.07085612361657e+29
1.00000000000000e+01	4.33055015818607e+31
1.00100000000000e+01	9.44371251987647e+27
1.00200000000000e+01	1.45413674610903e+28
1.00300000000000e+01	1.97054438201584e+28
1.00400000000000e+01	9.43797293498876e+27
1.00500000000000e+01	2.77220413688355e+28
1.00600000000000e+01	1.57695903652221e+29
1.00700000000000e+01	4.45523146046772e+29
1.00800000000000e+01	8.59936868345014e+29
1.00900000000000e+01	1.32064548463081e+30
1.01000000000000e+01	1.74781936690720e+30
1.01100000000000e+01	2.08982238289689e+30
1.01200000000000e+01	2.32677223609926e+30
1.01300000000000e+01	2.46184919557405e+30
1.01400000000000e+01	2.51047985822982e+30
1.01500000000000e+01	2.49203947838733e+30
1.01600000000000e+01	2.42558485336109e+30
1.01700000000000e+01	2.32708334051234e+30
1.01800000000000e+01	2.20934020544031e+30
1.01900000000000e+01	2.08171731934314e+30
1.02000000000000e+01	1.95092539565550e+30
1.02100000000000e+01	1.82150540555201e+30
1.02200000000000e+01	1.69648030662787e+30
1.02300000000000e+01	1.57759521517396e+30
1.02400000000000e+01	1.46585089617741e+30
1.02500000000000e+01	1.36166681054007e+30
1.02600000000000e+01	1.26513578286858e+30
1.02700000000000e+01	1.17603326424572e+30
1.02800000000000e+01	1.09404187694724e+30
1.02900000000000e+01	1.01871869519998e+30
1.03000000000000e+01	9.49582198936917e+29
1.03100000000000e+01	8.86167959759386e+29
1.03200000000000e+01	8.27995458698485e+29
1.03300000000000e+01	7.74574755950371e+29
1.03400000000000e+01	7.25464958457290e+29
1.03500000000000e+01	6.80285409222162e+29
1.03600000000000e+01	6.38613669777635e+29
1.03700000000000e+01	6.00136817282177e+29
1.03800000000000e+01	5.64539308225097e+29
1.03900000000000e+01	5.31547555510250e+29
1.04000000000000e+01	5.00912357538306e+29
1.04100000000000e+01	4.72429113179031e+29
1.04200000000000e+01	4.45908511358107e+29
1.04300000000000e+01	4.21210705720956e+29
1.04400000000000e+01	3.98181249577474e+29
1.04500000000000e+01	3.76702386088984e+29
1.04600000000000e+01	3.56687008840649e+29
1.04700000000000e+01	3.38026729051336e+29
1.04800000000000e+01	3.20642596555070e+29
1.04900000000000e+01	3.04453361297714e+29
1.05000000000000e+01	2.89378803500065e+29
1.05100000000000e+01	2.75354479076072e+29
1.05200000000000e+01	2.62296531383145e+29
1.05300000000000e+01	2.50138571230551e+29
1.05400000000000e+01	2.38809130535486e+29
1.05500000000000e+01	2.28237049240494e+29
1.05600000000000e+01	2.18366339390959e+29
1.05700000000000e+01	2.09125682168934e+29
1.05800000000000e+01	2.00465381863614e+29
1.05900000000000e+01	1.92323562559643e+29
1.06000000000000e+01	1.84653625065761e+29
1.06100000000000e+01	1.77412035616200e+29
1.06200000000000e+01	1.70560680389508e+29
1.06300000000000e+01	1.64057277488022e+29
1.06400000000000e+01	1.57875138469400e+29
1.06500000000000e+01	1.51984040125976e+29
1.06600000000000e+01	1.46368741945410e+29
1.06700000000000e+01	1.41007996598137e+29
1.06800000000000e+01	1.35885911100420e+29
1.06900000000000e+01	1.30992716706083e+29
1.07000000000000e+01	1.26319018264842e+29
1.07100000000000e+01	1.21855703560329e+29
1.07200000000000e+01	1.17598088372834e+29
1.07300000000000e+01	1.13538594159341e+29
1.07400000000000e+01	1.09670358727363e+29
1.07500000000000e+01	1.05987368155346e+29
1.07600000000000e+01	1.02480786182182e+29
1.07700000000000e+01	9.91431297908536e+28
1.07800000000000e+01	9.59642848872181e+28
1.07900000000000e+01	9.29360833448418e+28
1.08000000000000e+01	9.00483589961103e+28
1.08100000000000e+01	8.72949776814456e+28
1.08200000000000e+01	8.46630586402632e+28
1.08300000000000e+01	8.21482741476509e+28
1.08400000000000e+01	7.97421257675582e+28
1.08500000000000e+01	7.74368897293661e+28
1.08600000000000e+01	7.52294066501554e+28
1.08700000000000e+01	7.31123749546231e+28
1.08800000000000e+01	7.10811655066419e+28
1.08900000000000e+01	6.91309105776581e+28
1.09000000000000e+01	6.72579745162662e+28
1.09100000000000e+01	6.54549616993391e+28
1.09200000000000e+01	6.37199712542195e+28
1.09300000000000e+01	6.20469635700133e+28
1.09400000000000e+01	6.04325034599517e+28
1.09500000000000e+01	5.88719666414571e+28
1.09600000000000e+01	5.73618328185455e+28
1.09700000000000e+01	5.58986965773119e+28
1.09800000000000e+01	5.44809786536087e+28
1.09900000000000e+01	5.31039874571136e+28
1.10000000000000e+01	5.17681962361380e+28
1.10100000000000e+01	5.04703064699211e+28
1.10200000000000e+01	4.92100082954856e+28
1.10300000000000e+01	4.79867586690634e+28
1.10400000000000e+01	4.67982776613064e+28
1.10500000000000e+01	4.56466234880740e+28
1.10600000000000e+01	4.45304870855321e+28
1.10700000000000e+01	4.34499627393697e+28
1.10800000000000e+01	4.24056991181560e+28
1.10900000000000e+01	4.13984251324074e+28
1.11000000000000e+01	4.04269003316855e+28
1.11100000000000e+01	3.94926601689195e+28
1.11200000000000e+01	3.85950906101134e+28
1.11300000000000e+01	3.77342253441764e+28
1.11400000000000e+01	3.69079765142245e+28
1.11500000000000e+01	3.61166164575407e+28
1.11600000000000e+01	3.53581824919744e+28
1.11700000000000e+01	3.46307737581303e+28
1.11800000000000e+01	3.39322733807908e+28
1.11900000000000e+01	3.32607663118759e+28
1.12000000000000e+01	3.26135006486711e+28
1.12100000000000e+01	3.19875746514263e+28
1.12200000000000e+01	3.13805536593318e+28
1.12300000000000e+01	3.07900340875402e+28
1.12400000000000e+01	3.02147591188859e+28
1.12500000000000e+01	2.96522623724772e+28
1.12600000000000e+01	2.91012157836068e+28
1.12700000000000e+01	2.85610197409199e+28
1.12800000000000e+01	2.80302526703837e+28
1.12900000000000e+01	2.75097713691661e+28
1.13000000000000e+01	2.69989575303764e+28
1.13100000000000e+01	2.64989454783167e+28
1.13200000000000e+01	2.60092519896429e+28
1.13300000000000e+01	2.55311982432274e+28
1.13400000000000e+01	2.50649759039078e+28
1.13500000000000e+01	2.46110245202885e+28
1.13600000000000e+01	2.41694541051291e+28
1.13700000000000e+01	2.37404298150163e+28
1.13800000000000e+01	2.33234834543660e+28
1.13900000000000e+01	2.29183387356856e+28
1.14000000000000e+01	2.25244591859300e+28
1.14100000000000e+01	2.21409929662078e+28
1.14200000000000e+01	2.17675102021864e+28
1.14300000000000e+01	2.14028980619088e+28
1.14400000000000e+01	2.10466576058453e+28
1.14500000000000e+01	2.06981446907179e+28
1.14600000000000e+01	2.03567389164597e+28
1.14700000000000e+01	2.00220907131975e+28
1.14800000000000e+01	1.96938498612052e+28
1.14900000000000e+01	1.93717754481331e+28
1.15000000000000e+01	1.90557329190883e+28
1.15100000000000e+01	1.87455627272418e+28
1.15200000000000e+01	1.84412748613248e+28
1.15300000000000e+01	1.81427539023389e+28
1.15400000000000e+01	1.78498778358550e+28
1.15500000000000e+01	1.75627691735618e+28
1.15600000000000e+01	1.72811850942447e+28
1.15700000000000e+01	1.70051394261207e+28
1.15800000000000e+01	1.67345477894126e+28
1.15900000000000e+01	1.64691017356299e+28
1.16000000000000e+01	1.62088823828856e+28
1.16100000000000e+01	1.59536514674382e+28
1.16200000000000e+01	1.57034810077597e+28
1.16300000000000e+01	1.54581859418899e+28
1.16400000000000e+01	1.52176940293110e+28
1.16500000000000e+01	1.49820893782070e+28
1.16600000000000e+01	1.47514351378456e+28
1.16700000000000e+01	1.45255572006120e+28
1.16800000000000e+01	1.43045925514878e+28
1.16900000000000e+01	1.40885383174151e+28
1.17000000000000e+01	1.38774514736537e+28
1.17100000000000e+01	1.36712790054590e+28
1.17200000000000e+01	1.34699185765016e+28
1.17300000000000e+01	1.32732861509913e+28
1.17400000000000e+01	1.30813192064383e+28
1.17500000000000e+01	1.28939374710127e+28
1.17600000000000e+01	1.27107878902649e+28
1.17700000000000e+01	1.25317426319134e+28
1.17800000000000e+01	1.23566047652516e+28
1.17900000000000e+01	1.21850734114803e+28
1.18000000000000e+01	1.20169330435828e+28
1.18100000000000e+01	1.18519740880400e+28
1.18200000000000e+01	1.16899602213126e+28
1.18300000000000e+01	1.15308066026462e+28
1.18400000000000e+01	1.13743216744978e+28
1.18500000000000e+01	1.12205448416050e+28
1.18600000000000e+01	1.10693572776333e+28
1.18700000000000e+01	1.09209920253216e+28
1.18800000000000e+01	1.07752779734847e+28
1.18900000000000e+01	1.06325306689664e+28
1.19000000000000e+01	1.04926523716261e+28
1.19100000000000e+01	1.03557697718526e+28
1.19200000000000e+01	1.02219596979032e+28
1.19300000000000e+01	1.00910312587848e+28
1.19400000000000e+01	9.96304380967039e+27
1.19500000000000e+01	9.83779746140831e+27
1.19600000000000e+01	9.71507476182638e+27
1.19700000000000e+01	9.59473874728996e+27
1.19800000000000e+01	9.47652245534044e+27
1.19900000000000e+01	9.36023587197180e+27
1.20000000000000e+01	9.24564598096747e+27
1.20100000000000e+01	9.13261419630640e+27
1.20200000000000e+01	9.02109406119627e+27
1.20300000000000e+01	8.91085103575276e+27
1.20400000000000e+01	8.80209895704543e+27
1.20500000000000e+01	8.69460694788344e+27
1.20600000000000e+01	8.58864129569892e+27
1.20700000000000e+01	8.48406403245158e+27
1.20800000000000e+01	8.38112952688772e+27
1.20900000000000e+01	8.27982745750870e+27
1.21000000000000e+01	8.18022008693859e+27
1.21100000000000e+01	8.08244160914888e+27
1.21200000000000e+01	7.98647314280288e+27
1.21300000000000e+01	7.89233393041888e+27
1.21400000000000e+01	7.80006114067418e+27
1.21500000000000e+01	7.70957302821740e+27
1.21600000000000e+01	7.62086870354702e+27
1.21700000000000e+01	7.53382381565544e+27
1.21800000000000e+01	7.44833238534433e+27
1.21900000000000e+01	7.36439430011340e+27
1.22000000000000e+01	7.28189772354476e+27
1.22100000000000e+01	7.20067345948013e+27
1.22200000000000e+01	7.12069800896452e+27
1.22300000000000e+01	7.04189044943652e+27
1.22400000000000e+01	6.96413506453720e+27
1.22500000000000e+01	6.88736170815712e+27
1.22600000000000e+01	6.81149451456722e+27
1.22700000000000e+01	6.73654847977354e+27
1.22800000000000e+01	6.66246830115855e+27
1.22900000000000e+01	6.58929850314656e+27
1.23000000000000e+01	6.51693393725832e+27
1.23100000000000e+01	6.44548611297824e+27
1.23200000000000e+01	6.37491142700933e+27
1.23300000000000e+01	6.30532582657597e+27
1.23400000000000e+01	6.23664403329641e+27
1.23500000000000e+01	6.16897634457143e+27
1.23600000000000e+01	6.10227516415578e+27
1.23700000000000e+01	6.03661023239922e+27
1.23800000000000e+01	5.97188301251647e+27
1.23900000000000e+01	5.90814196494553e+27
1.24000000000000e+01	5.84527810719094e+27
1.24100000000000e+01	5.78322549783009e+27
1.24200000000000e+01	5.72193459361372e+27
1.24300000000000e+01	5.66132854362645e+27
1.24400000000000e+01	5.60131588321283e+27
1.24500000000000e+01	5.54186431390252e+27
1.24600000000000e+01	5.48289226831574e+27
1.24700000000000e+01	5.42440199992141e+27
1.24800000000000e+01	5.36639737325287e+27
1.24900000000000e+01	5.30887936086616e+27
1.25000000000000e+01	5.25195474381539e+27
1.25100000000000e+01	5.19563089654264e+27
1.25200000000000e+01	5.14000789503622e+27
1.25300000000000e+01	5.08516246161010e+27
1.25400000000000e+01	5.03121687092718e+27
1.25500000000000e+01	4.97819176559115e+27
1.25600000000000e+01	4.92617237840289e+27
1.25700000000000e+01	4.87518003189079e+27
1.25800000000000e+01	4.82526443037456e+27
1.25900000000000e+01	4.77638211264428e+27
1.26000000000000e+01	4.72856985503189e+27
1.26100000000000e+01	4.68171182349429e+27
1.26200000000000e+01	4.63581529064803e+27
1.26300000000000e+01	4.59076643946826e+27
1.26400000000000e+01	4.54651406977128e+27
1.26500000000000e+01	4.50299382789623e+27
1.26600000000000e+01	4.46010976258636e+27
1.26700000000000e+01	4.41775637210648e+27
1.26800000000000e+01	4.37599009938900e+27
1.26900000000000e+01	4.33467538419599e+27
1.27000000000000e+01	4.29380236548522e+27
1.27100000000000e+01	4.25337723373102e+27
1.27200000000000e+01	4.21339008473180e+27
1.27300000000000e+01	4.17378223150865e+27
1.27400000000000e+01	4.13466761189603e+27
1.27500000000000e+01	4.09596656727471e+27
1.27600000000000e+01	4.05773811359702e+27
1.27700000000000e+01	4.01995983305641e+27
1.27800000000000e+01	3.98267599013753e+27
1.27900000000000e+01	3.94587827886540e+27
1.28000000000000e+01	3.90960515650207e+27
1.28100000000000e+01	3.87387087278972e+27
1.28200000000000e+01	3.83864994857928e+27
1.28300000000000e+01	3.80397830828652e+27
1.28400000000000e+01	3.76984079280116e+27
1.28500000000000e+01	3.73622883102940e+27
1.28600000000000e+01	3.70317448837307e+27
1.28700000000000e+01	3.67064274712711e+27
1.28800000000000e+01	3.63860607674257e+27
1.28900000000000e+01	3.60704531532126e+27
1.29000000000000e+01	3.57589702593610e+27
1.29100000000000e+01	3.54518798628099e+27
1.29200000000000e+01	3.51487576143943e+27
1.29300000000000e+01	3.48488645130189e+27
1.29400000000000e+01	3.45523500893846e+27
1.29500000000000e+01	3.42585433982290e+27
1.29600000000000e+01	3.39672983862032e+27
1.29700000000000e+01	3.36781774738241e+27
1.29800000000000e+01	3.33910221243682e+27
1.29900000000000e+01	3.31058693442482e+27
1.30000000000000e+01	3.28218868683561e+27
1.30100000000000e+01	3.25393678254850e+27
1.30200000000000e+01	3.22579902898482e+27
1.30300000000000e+01	3.19777926967197e+27
1.30400000000000e+01	3.16987766422019e+27
1.30500000000000e+01	3.14209599879854e+27
1.30600000000000e+01	3.11444610279217e+27
1.30700000000000e+01	3.08696841060091e+27
1.30800000000000e+01	3.05964710479624e+27
1.30900000000000e+01	3.03251572917179e+27
1.31000000000000e+01	3.00560395869391e+27
1.31100000000000e+01	2.97889891381887e+27
1.31200000000000e+01	2.95241384419305e+27
1.31300000000000e+01	2.92612366462680e+27
1.31400000000000e+01	2.90007818109865e+27
1.31500000000000e+01	2.87421788942701e+27
1.31600000000000e+01	2.84857088899814e+27
1.31700000000000e+01	2.82312374876058e+27
1.31800000000000e+01	2.79788495819443e+27
1.31900000000000e+01	2.77290747134036e+27
1.32000000000000e+01	2.74818907560634e+27
1.32100000000000e+01	2.72374774910562e+27
1.32200000000000e+01	2.69966564171601e+27
1.32300000000000e+01	2.67594060037329e+27
1.32400000000000e+01	2.65261661927612e+27
1.32500000000000e+01	2.62970622705669e+27
1.32600000000000e+01	2.60720093690856e+27
1.32700000000000e+01	2.58510389617572e+27
1.32800000000000e+01	2.56339951750369e+27
1.32900000000000e+01	2.54203190471630e+27
1.33000000000000e+01	2.52099236609282e+27
1.33100000000000e+01	2.50022341391199e+27
1.33200000000000e+01	2.47970040010126e+27
1.33300000000000e+01	2.45934917576081e+27
1.33400000000000e+01	2.43917952634002e+27
1.33500000000000e+01	2.41914078479736e+27
1.33600000000000e+01	2.39921334138102e+27
1.33700000000000e+01	2.37940844546835e+27
1.33800000000000e+01	2.35972176584173e+27
1.33900000000000e+01	2.34016936582177e+27
1.34000000000000e+01	2.32075500022371e+27
1.34100000000000e+01	2.30147943358859e+27
1.34200000000000e+01	2.28240093787921e+27
1.34300000000000e+01	2.26350167220191e+27
1.34400000000000e+01	2.24480076614294e+27
1.34500000000000e+01	2.22631302251960e+27
1.34600000000000e+01	2.20803869581245e+27
1.34700000000000e+01	2.18997396085231e+27
1.34800000000000e+01	2.17210469086625e+27
1.34900000000000e+01	2.15442603012666e+27
1.35000000000000e+01	2.13692595884732e+27
1.35100000000000e+01	2.11960926954698e+27
1.35200000000000e+01	2.10244082423828e+27
1.35300000000000e+01	2.08542183975485e+27
1.35400000000000e+01	2.06857790350747e+27
1.35500000000000e+01	2.05187174722659e+27
1.35600000000000e+01	2.03533268990920e+27
1.35700000000000e+01	2.01895889298286e+27
1.35800000000000e+01	2.00277760446057e+27
1.35900000000000e+01	1.98679017131164e+27
1.36000000000000e+01	1.97102522484880e+27
1.36100000000000e+01	1.95548258060764e+27
1.36200000000000e+01	1.94015371057598e+27
1.36300000000000e+01	1.92507387310944e+27
1.36400000000000e+01	1.91024251389490e+27
1.36500000000000e+01	1.89563273134704e+27
1.36600000000000e+01	1.88125975404274e+27
1.36700000000000e+01	1.86709308525491e+27
1.36800000000000e+01	1.85314601664568e+27
1.36900000000000e+01	1.83935915371380e+27
1.37000000000000e+01	1.82574729501372e+27
1.37100000000000e+01	1.81228374812556e+27
1.37200000000000e+01	1.79893627573213e+27
1.37300000000000e+01	1.78570319254751e+27
1.37400000000000e+01	1.77254608911703e+27
1.37500000000000e+01	1.75948123167259e+27
1.37600000000000e+01	1.74648654027593e+27
1.37700000000000e+01	1.73357112377801e+27
1.37800000000000e+01	1.72071899739803e+27
1.37900000000000e+01	1.70796985993710e+27
1.38000000000000e+01	1.69532269485553e+27
1.38100000000000e+01	1.68278949004852e+27
1.38200000000000e+01	1.67039359627910e+27
1.38300000000000e+01	1.65814263707096e+27
1.38400000000000e+01	1.64606694713859e+27
1.38500000000000e+01	1.63416288909851e+27
1.38600000000000e+01	1.62245082468574e+27
1.38700000000000e+01	1.61092079476046e+27
1.38800000000000e+01	1.59959889301767e+27
1.38900000000000e+01	1.58847264016261e+27
1.39000000000000e+01	1.57753545331090e+27
1.39100000000000e+01	1.56678622499004e+27
1.39200000000000e+01	1.55621840842908e+27
1.39300000000000e+01	1.54581506923687e+27
1.39400000000000e+01	1.53558045006515e+27
1.39500000000000e+01	1.52549493845509e+27
1.39600000000000e+01	1.51556439386098e+27
1.39700000000000e+01	1.50577065666356e+27
1.39800000000000e+01	1.49611559741131e+27
1.39900000000000e+01	1.48660253393807e+27
1.40000000000000e+01	1.47720485231071e+27
1.40100000000000e+01	1.46792542952437e+27
1.40200000000000e+01	1.45876121483724e+27
1.40300000000000e+01	1.44969850668419e+27
1.40400000000000e+01	1.44073162107998e+27
1.40500000000000e+01	1.43183865633800e+27
1.40600000000000e+01	1.42303498596196e+27
1.40700000000000e+01	1.41429627455152e+27
1.40800000000000e+01	1.40560517247448e+27
1.40900000000000e+01	1.39697384908850e+27
1.41000000000000e+01	1.38838329495003e+27
1.41100000000000e+01	1.37981847165768e+27
1.41200000000000e+01	1.37130064596025e+27
1.41300000000000e+01	1.36281269568031e+27
1.41400000000000e+01	1.35435522256832e+27
1.41500000000000e+01	1.34592391941971e+27
1.41600000000000e+01	1.33752305331890e+27
1.41700000000000e+01	1.32916540222149e+27
1.41800000000000e+01	1.32083601826541e+27
1.41900000000000e+01	1.31256884992267e+27
1.42000000000000e+01	1.30433755485777e+27
1.42100000000000e+01	1.29615572927348e+27
1.42200000000000e+01	1.28804416565566e+27
1.42300000000000e+01	1.27998530731376e+27
1.42400000000000e+01	1.27199408707005e+27
1.42500000000000e+01	1.26406966283536e+27
1.42600000000000e+01	1.25621096757965e+27
1.42700000000000e+01	1.24842239228838e+27
1.42800000000000e+01	1.24069514049039e+27
1.42900000000000e+01	1.23303729487026e+27
1.43000000000000e+01	1.22543615311007e+27
1.43100000000000e+01	1.21790630538078e+27
1.43200000000000e+01	1.21041969088596e+27
1.43300000000000e+01	1.20299563174122e+27
1.43400000000000e+01	1.19563372816790e+27
1.43500000000000e+01	1.18831056936369e+27
1.43600000000000e+01	1.18105024929752e+27
1.43700000000000e+01	1.17384355881994e+27
1.43800000000000e+01	1.16668742892799e+27
1.43900000000000e+01	1.15959937907836e+27
1.44000000000000e+01	1.15255862943435e+27
1.44100000000000e+01	1.14557562371651e+27
1.44200000000000e+01	1.13865163509655e+27
1.44300000000000e+01	1.13178873293390e+27
1.44400000000000e+01	1.12498501777707e+27
1.44500000000000e+01	1.11823500296680e+27
1.44600000000000e+01	1.11154043684563e+27
1.44700000000000e+01	1.10489051549464e+27
1.44800000000000e+01	1.09829880588552e+27
1.44900000000000e+01	1.09174062315146e+27
1.45000000000000e+01	1.08524282568531e+27
1.45100000000000e+01	1.07878353314025e+27
1.45200000000000e+01	1.07237524574339e+27
1.45300000000000e+01	1.06600880328375e+27
1.45400000000000e+01	1.05968969771364e+27
1.45500000000000e+01	1.05341186288802e+27
1.45600000000000e+01	1.04717995705030e+27
1.45700000000000e+01	1.04099607147342e+27
1.45800000000000e+01	1.03485851820379e+27
1.45900000000000e+01	1.02875644150157e+27
1.46000000000000e+01	1.02270180998301e+27
1.46100000000000e+01	1.01667495408213e+27
1.46200000000000e+01	1.01068045924660e+27
1.46300000000000e+01	1.00471856834556e+27
1.46400000000000e+01	9.98779342014410e+26
1.46500000000000e+01	9.92856836095797e+26
1.46600000000000e+01	9.86959675474871e+26
1.46700000000000e+01	9.81076759830821e+26
1.46800000000000e+01	9.75212855047559e+26
1.46900000000000e+01	9.69353648876160e+26
1.47000000000000e+01	9.63515197623808e+26
1.47100000000000e+01	9.57692520697647e+26
1.47200000000000e+01	9.51892210978675e+26
1.47300000000000e+01	9.46117718258419e+26
1.47400000000000e+01	9.40364332662730e+26
1.47500000000000e+01	9.34648023602954e+26
1.47600000000000e+01	9.28963155636860e+26
1.47700000000000e+01	9.23314790407064e+26
1.47800000000000e+01	9.17719560725806e+26
1.47900000000000e+01	9.12166974361952e+26
1.48000000000000e+01	9.06664115360880e+26
1.48100000000000e+01	9.01215902924536e+26
1.48200000000000e+01	8.95811148097084e+26
1.48300000000000e+01	8.90464201884989e+26
1.48400000000000e+01	8.85163087697355e+26
1.48500000000000e+01	8.79913504659414e+26
1.48600000000000e+01	8.74698660521549e+26
1.48700000000000e+01	8.69530429798629e+26
1.48800000000000e+01	8.64394091961777e+26
1.48900000000000e+01	8.59284704797165e+26
1.49000000000000e+01	8.54203832693311e+26
1.49100000000000e+01	8.49151451916452e+26
1.49200000000000e+01	8.44118534448940e+26
1.49300000000000e+01	8.39099998582874e+26
1.49400000000000e+01	8.34102376412445e+26
1.49500000000000e+01	8.29134086556495e+26
1.49600000000000e+01	8.24195256837811e+26
1.49700000000000e+01	8.19290271679595e+26
1.49800000000000e+01	8.14424168425190e+26
1.49900000000000e+01	8.09607796893120e+26
1.50000000000000e+01	8.04850429998409e+26
1.50100000000000e+01	8.00144321619295e+26
1.50200000000000e+01	7.95496902754858e+26
1.50300000000000e+01	7.90908461301679e+26
1.50400000000000e+01	7.86374450126929e+26
1.50500000000000e+01	7.81899392878028e+26
1.50600000000000e+01	7.77464859115281e+26
1.50700000000000e+01	7.73077582431807e+26
1.50800000000000e+01	7.68721258845355e+26
1.50900000000000e+01	7.64396874848624e+26
1.51000000000000e+01	7.60104469649746e+26
1.51100000000000e+01	7.55839733326798e+26
1.51200000000000e+01	7.51597027379815e+26
1.51300000000000e+01	7.47392014748014e+26
1.51400000000000e+01	7.43211959649536e+26
1.51500000000000e+01	7.39068414250475e+26
1.51600000000000e+01	7.34964383183794e+26
1.51700000000000e+01	7.30908426900648e+26
1.51800000000000e+01	7.26892444441396e+26
1.51900000000000e+01	7.22926585565287e+26
1.52000000000000e+01	7.19008508914260e+26
1.52100000000000e+01	7.15138933782353e+26
1.52200000000000e+01	7.11308183582125e+26
1.52300000000000e+01	7.07521477966238e+26
1.52400000000000e+01	7.03773038068034e+26
1.52500000000000e+01	7.00053603517024e+26
1.52600000000000e+01	6.96369449081639e+26
1.52700000000000e+01	6.92704076788845e+26
1.52800000000000e+01	6.89064738405952e+26
1.52900000000000e+01	6.85442412968529e+26
1.53000000000000e+01	6.81842886505097e+26
1.53100000000000e+01	6.78256810456479e+26
1.53200000000000e+01	6.74688317387518e+26
1.53300000000000e+01	6.71126138662635e+26
1.53400000000000e+01	6.67591232521686e+26
1.53500000000000e+01	6.64064209517917e+26
1.53600000000000e+01	6.60551739050753e+26
1.53700000000000e+01	6.57056760426639e+26
1.53800000000000e+01	6.53577307316033e+26
1.53900000000000e+01	6.50116220863337e+26
1.54000000000000e+01	6.46665628397329e+26
1.54100000000000e+01	6.43231676157642e+26
1.54200000000000e+01	6.39814669723466e+26
1.54300000000000e+01	6.36411825671833e+26
1.54400000000000e+01	6.33021662016055e+26
1.54500000000000e+01	6.29653214171699e+26
1.54600000000000e+01	6.26297562236009e+26
1.54700000000000e+01	6.22963366862346e+26
1.54800000000000e+01	6.19645541125473e+26
1.54900000000000e+01	6.16350476179108e+26
1.55000000000000e+01	6.13088510836878e+26
1.55100000000000e+01	6.09849875965234e+26
1.55200000000000e+01	6.06643237191210e+26
1.55300000000000e+01	6.03469718465232e+26
1.55400000000000e+01	6.00335557595535e+26
1.55500000000000e+01	5.97238493335952e+26
1.55600000000000e+01	5.94176081232635e+26
1.55700000000000e+01	5.91154998517090e+26
1.55800000000000e+01	5.88167733024177e+26
1.55900000000000e+01	5.85219509753769e+26
1.56000000000000e+01	5.82300646870623e+26
1.56100000000000e+01	5.79419186245664e+26
1.56200000000000e+01	5.76562467400965e+26
1.56300000000000e+01	5.73735626211047e+26
1.56400000000000e+01	5.70934258873795e+26
1.56500000000000e+01	5.68156324260149e+26
1.56600000000000e+01	5.65389664753351e+26
1.56700000000000e+01	5.62645006085659e+26
1.56800000000000e+01	5.59913952806689e+26
1.56900000000000e+01	5.57185545974605e+26
1.57000000000000e+01	5.54471821457263e+26
1.57100000000000e+01	5.51758820402564e+26
1.57200000000000e+01	5.49056575787829e+26
1.57300000000000e+01	5.46356363433686e+26
1.57400000000000e+01	5.43660541225772e+26
1.57500000000000e+01	5.40969845357403e+26
1.57600000000000e+01	5.38286480934330e+26
1.57700000000000e+01	5.35615712412892e+26
1.57800000000000e+01	5.32953565649372e+26
1.57900000000000e+01	5.30301318895305e+26
1.58000000000000e+01	5.27658491684794e+26
1.58100000000000e+01	5.25032908159112e+26
1.58200000000000e+01	5.22410329589176e+26
1.58300000000000e+01	5.19805079545848e+26
1.58400000000000e+01	5.17211598876950e+26
1.58500000000000e+01	5.14630668902823e+26
1.58600000000000e+01	5.12063772012619e+26
1.58700000000000e+01	5.09512087331388e+26
1.58800000000000e+01	5.06977872007427e+26
1.58900000000000e+01	5.04464704942360e+26
1.59000000000000e+01	5.01970214279721e+26
1.59100000000000e+01	4.99499299552572e+26
1.59200000000000e+01	4.97050445984064e+26
1.59300000000000e+01	4.94624161197491e+26
1.59400000000000e+01	4.92220324159377e+26
1.59500000000000e+01	4.89833822374606e+26
1.59600000000000e+01	4.87466985706424e+26
1.59700000000000e+01	4.85116717196533e+26
1.59800000000000e+01	4.82780327349958e+26
1.59900000000000e+01	4.80456959262524e+26
1.60000000000000e+01	4.78147991218577e+26
1.60100000000000e+01	4.75849339116956e+26
1.60200000000000e+01	4.73563675551043e+26
1.60300000000000e+01	4.71290254156514e+26
1.60400000000000e+01	4.69028763757142e+26
1.60500000000000e+01	4.66778701639966e+26
1.60600000000000e+01	4.64540079078635e+26
1.60700000000000e+01	4.62315012327670e+26
1.60800000000000e+01	4.60098887300424e+26
1.60900000000000e+01	4.57895572012484e+26
1.61000000000000e+01	4.55702971305465e+26
1.61100000000000e+01	4.53521656336770e+26
1.61200000000000e+01	4.51352093880762e+26
1.61300000000000e+01	4.49195317492328e+26
1.61400000000000e+01	4.47054287682980e+26
1.61500000000000e+01	4.44925965554757e+26
1.61600000000000e+01	4.42814487312052e+26
1.61700000000000e+01	4.40716699657723e+26
1.61800000000000e+01	4.38635547970171e+26
1.61900000000000e+01	4.36568132485471e+26
1.62000000000000e+01	4.34512496309501e+26
1.62100000000000e+01	4.32466759375917e+26
1.62200000000000e+01	4.30428870474473e+26
1.62300000000000e+01	4.28398169761118e+26
1.62400000000000e+01	4.26369334376023e+26
1.62500000000000e+01	4.24343669880189e+26
1.62600000000000e+01	4.22321814290213e+26
1.62700000000000e+01	4.20302549869484e+26
1.62800000000000e+01	4.18285417147972e+26
1.62900000000000e+01	4.16275646914094e+26
1.63000000000000e+01	4.14272836763534e+26
1.63100000000000e+01	4.12279039100874e+26
1.63200000000000e+01	4.10295712363538e+26
1.63300000000000e+01	4.08323193823318e+26
1.63400000000000e+01	4.06363388480624e+26
1.63500000000000e+01	4.04411905369785e+26
1.63600000000000e+01	4.02468662010281e+26
1.63700000000000e+01	4.00533063827349e+26
1.63800000000000e+01	3.98598758264685e+26
1.63900000000000e+01	3.96665873159443e+26
1.64000000000000e+01	3.94728679781427e+26
1.64100000000000e+01	3.92787684709227e+26
1.64200000000000e+01	3.90838064178819e+26
1.64300000000000e+01	3.88882364096637e+26
1.64400000000000e+01	3.86919526291335e+26
1.64500000000000e+01	3.84951482812886e+26
1.64600000000000e+01	3.82980779507919e+26
1.64700000000000e+01	3.81011757205257e+26
1.64800000000000e+01	3.79047570074029e+26
1.64900000000000e+01	3.77097030521763e+26
1.65000000000000e+01	3.75165088669748e+26
1.65100000000000e+01	3.73257719644940e+26
1.65200000000000e+01	3.71380570856857e+26
1.65300000000000e+01	3.69540821829577e+26
1.65400000000000e+01	3.67739559080295e+26
1.65500000000000e+01	3.65981306412838e+26
1.65600000000000e+01	3.64267745573367e+26
1.65700000000000e+01	3.62599652624074e+26
1.65800000000000e+01	3.60975425089395e+26
1.65900000000000e+01	3.59393540655945e+26
1.66000000000000e+01	3.57851015031918e+26
1.66100000000000e+01	3.56345945788436e+26
1.66200000000000e+01	3.54871578459990e+26
1.66300000000000e+01	3.53426299725105e+26
1.66400000000000e+01	3.52006181336351e+26
1.66500000000000e+01	3.50608971775990e+26
1.66600000000000e+01	3.49234013493105e+26
1.66700000000000e+01	3.47876703918765e+26
1.66800000000000e+01	3.46537040275477e+26
1.66900000000000e+01	3.45214888138347e+26
1.67000000000000e+01	3.43909174080332e+26
1.67100000000000e+01	3.42618844776580e+26
1.67200000000000e+01	3.41343677188304e+26
1.67300000000000e+01	3.40081911306015e+26
1.67400000000000e+01	3.38831860484739e+26
1.67500000000000e+01	3.37591937655890e+26
1.67600000000000e+01	3.36359854946997e+26
1.67700000000000e+01	3.35133290404386e+26
1.67800000000000e+01	3.33909881195945e+26
1.67900000000000e+01	3.32688651047880e+26
1.68000000000000e+01	3.31467366193870e+26
1.68100000000000e+01	3.30245475802620e+26
1.68200000000000e+01	3.29021309067928e+26
1.68300000000000e+01	3.27797291398351e+26
1.68400000000000e+01	3.26572522563783e+26
1.68500000000000e+01	3.25346196718039e+26
1.68600000000000e+01	3.24121478919193e+26
1.68700000000000e+01	3.22896039531332e+26
1.68800000000000e+01	3.21673020642672e+26
1.68900000000000e+01	3.20449752757860e+26
1.69000000000000e+01	3.19228966365242e+26
1.69100000000000e+01	3.18007578000562e+26
1.69200000000000e+01	3.16786648821065e+26
1.69300000000000e+01	3.15565673991219e+26
1.69400000000000e+01	3.14344513250492e+26
1.69500000000000e+01	3.13122774359490e+26
1.69600000000000e+01	3.11900735613831e+26
1.69700000000000e+01	3.10678853423729e+26
1.69800000000000e+01	3.09457742518298e+26
1.69900000000000e+01	3.08238340136138e+26
1.70000000000000e+01	3.07020277930449e+26
1.70100000000000e+01	3.05807444927892e+26
1.70200000000000e+01	3.04598189423929e+26
1.70300000000000e+01	3.03396729819068e+26
1.70400000000000e+01	3.02201487973277e+26
1.70500000000000e+01	3.01014676779932e+26
1.70600000000000e+01	2.99837089552340e+26
1.70700000000000e+01	2.98669664610248e+26
1.70800000000000e+01	2.97512909786122e+26
1.70900000000000e+01	2.96367553658819e+26
1.71000000000000e+01	2.95233914299434e+26
1.71100000000000e+01	2.94110905195143e+26
1.71200000000000e+01	2.93001763465868e+26
1.71300000000000e+01	2.91903249256557e+26
1.71400000000000e+01	2.90817809526885e+26
1.71500000000000e+01	2.89742815037686e+26
1.71600000000000e+01	2.88678550544704e+26
1.71700000000000e+01	2.87624285625852e+26
1.71800000000000e+01	2.86578629127493e+26
1.71900000000000e+01	2.85539257564604e+26
1.72000000000000e+01	2.84506907836540e+26
1.72100000000000e+01	2.83478155434962e+26
1.72200000000000e+01	2.82453730749507e+26
1.72300000000000e+01	2.81429718160961e+26
1.72400000000000e+01	2.80406260700554e+26
1.72500000000000e+01	2.79382407865205e+26
1.72600000000000e+01	2.78357443833272e+26
1.72700000000000e+01	2.77330279257009e+26
1.72800000000000e+01	2.76299873645140e+26
1.72900000000000e+01	2.75268283819864e+26
1.73000000000000e+01	2.74233504383879e+26
1.73100000000000e+01	2.73196851444785e+26
1.73200000000000e+01	2.72159299228788e+26
1.73300000000000e+01	2.71121590099158e+26
1.73400000000000e+01	2.70083775073186e+26
1.73500000000000e+01	2.69049313943510e+26
1.73600000000000e+01	2.68017448136968e+26
1.73700000000000e+01	2.66991394617158e+26
1.73800000000000e+01	2.65970877667808e+26
1.73900000000000e+01	2.64957460680691e+26
1.74000000000000e+01	2.63951865307600e+26
1.74100000000000e+01	2.62956581329707e+26
1.74200000000000e+01	2.61970973538056e+26
1.74300000000000e+01	2.60993910513032e+26
1.74400000000000e+01	2.60026483524612e+26
1.74500000000000e+01	2.59067929273146e+26
1.74600000000000e+01	2.58116918969841e+26
1.74700000000000e+01	2.57171487450716e+26
1.74800000000000e+01	2.56232573327398e+26
1.74900000000000e+01	2.55296776156760e+26
1.75000000000000e+01	2.54363945318338e+26
1.75100000000000e+01	2.53432973668126e+26
1.75200000000000e+01	2.52503224942722e+26
1.75300000000000e+01	2.51572834744795e+26
1.75400000000000e+01	2.50643372757699e+26
1.75500000000000e+01	2.49713127767995e+26
1.75600000000000e+01	2.48782714530078e+26
1.75700000000000e+01	2.47851216530865e+26
1.75800000000000e+01	2.46921725630854e+26
1.75900000000000e+01	2.45991914317218e+26
1.76000000000000e+01	2.45064544994426e+26
1.76100000000000e+01	2.44138218210007e+26
1.76200000000000e+01	2.43213939166023e+26
1.76300000000000e+01	2.42291353314153e+26
1.76400000000000e+01	2.41373255446696e+26
1.76500000000000e+01	2.40457547358938e+26
1.76600000000000e+01	2.39545784369009e+26
1.76700000000000e+01	2.38638338562298e+26
1.76800000000000e+01	2.37734400507488e+26
1.76900000000000e+01	2.36835401061453e+26
1.77000000000000e+01	2.35942703058586e+26
1.77100000000000e+01	2.35054018883878e+26
1.77200000000000e+01	2.34169746706226e+26
1.77300000000000e+01	2.33292227132442e+26
1.77400000000000e+01	2.32419279148483e+26
1.77500000000000e+01	2.31551809866476e+26
1.77600000000000e+01	2.30689570175271e+26
1.77700000000000e+01	2.29832539038439e+26
1.77800000000000e+01	2.28979378810955e+26
1.77900000000000e+01	2.28130949456593e+26
1.78000000000000e+01	2.27286809383753e+26
1.78100000000000e+01	2.26447016621488e+26
1.78200000000000e+01	2.25610105568105e+26
1.78300000000000e+01	2.24777922003692e+26
1.78400000000000e+01	2.23948213330447e+26
1.78500000000000e+01	2.23120710981454e+26
1.78600000000000e+01	2.22297776900008e+26
1.78700000000000e+01	2.21476563498723e+26
1.78800000000000e+01	2.20658614927217e+26
1.78900000000000e+01	2.19843734496066e+26
1.79000000000000e+01	2.19030432664261e+26
1.79100000000000e+01	2.18221352901287e+26
1.79200000000000e+01	2.17414197434444e+26
1.79300000000000e+01	2.16609886425299e+26
1.79400000000000e+01	2.15807659495813e+26
1.79500000000000e+01	2.15008433885932e+26
1.79600000000000e+01	2.14212515641540e+26
1.79700000000000e+01	2.13419748062562e+26
1.79800000000000e+01	2.12630413495814e+26
1.79900000000000e+01	2.11843513778454e+26
1.80000000000000e+01	2.11060335630614e+26
1.80100000000000e+01	2.10280670440026e+26
1.80200000000000e+01	2.09503676404301e+26
1.80300000000000e+01	2.08730365883844e+26
1.80400000000000e+01	2.07960896104332e+26
1.80500000000000e+01	2.07195208223798e+26
1.80600000000000e+01	2.06431982860903e+26
1.80700000000000e+01	2.05672388291480e+26
1.80800000000000e+01	2.04916351804671e+26
1.80900000000000e+01	2.04163808996046e+26
1.81000000000000e+01	2.03413676402726e+26
1.81100000000000e+01	2.02666720702637e+26
1.81200000000000e+01	2.01922899348928e+26
1.81300000000000e+01	2.01181398763187e+26
1.81400000000000e+01	2.00443002282452e+26
1.81500000000000e+01	1.99707497782885e+26
1.81600000000000e+01	1.98975304054226e+26
1.81700000000000e+01	1.98245021750634e+26
1.81800000000000e+01	1.97517665358692e+26
1.81900000000000e+01	1.96793457795881e+26
1.82000000000000e+01	1.96071219763925e+26
1.82100000000000e+01	1.95352166578080e+26
1.82200000000000e+01	1.94636108028475e+26
1.82300000000000e+01	1.93923054251311e+26
1.82400000000000e+01	1.93212248366777e+26
1.82500000000000e+01	1.92504671129547e+26
1.82600000000000e+01	1.91798953412675e+26
1.82700000000000e+01	1.91097643512673e+26
1.82800000000000e+01	1.90398399160845e+26
1.82900000000000e+01	1.89702386456628e+26
1.83000000000000e+01	1.89008636798552e+26
1.83100000000000e+01	1.88317907886042e+26
1.83200000000000e+01	1.87630582237783e+26
1.83300000000000e+01	1.86945300192566e+26
1.83400000000000e+01	1.86263400249019e+26
1.83500000000000e+01	1.85584474896060e+26
1.83600000000000e+01	1.84908897972715e+26
1.83700000000000e+01	1.84235515771623e+26
1.83800000000000e+01	1.83565261653226e+26
1.83900000000000e+01	1.82897373597172e+26
1.84000000000000e+01	1.82233326266776e+26
1.84100000000000e+01	1.81571616214176e+26
1.84200000000000e+01	1.80912232034915e+26
1.84300000000000e+01	1.80255902326910e+26
1.84400000000000e+01	1.79602611047945e+26
1.84500000000000e+01	1.78952528982217e+26
1.84600000000000e+01	1.78304529351307e+26
1.84700000000000e+01	1.77659709622121e+26
1.84800000000000e+01	1.77017870072372e+26
1.84900000000000e+01	1.76378261364758e+26
1.85000000000000e+01	1.75741788417755e+26
1.85100000000000e+01	1.75107338008193e+26
1.85200000000000e+01	1.74476718663029e+26
1.85300000000000e+01	1.73848462611714e+26
1.85400000000000e+01	1.74089475482977e+26
1.85500000000000e+01	1.73461569067505e+26
1.85600000000000e+01	1.71978640991944e+26
1.85700000000000e+01	1.71361324571410e+26
1.85800000000000e+01	1.70745946616932e+26
1.85900000000000e+01	1.70133752907803e+26
1.86000000000000e+01	1.69523474627182e+26
1.86100000000000e+01	1.68916171981104e+26
1.86200000000000e+01	1.69143752465219e+26
1.86300000000000e+01	1.67710423616712e+26
1.86400000000000e+01	1.67934240327494e+26
1.86500000000000e+01	1.66513390105293e+26
1.86600000000000e+01	1.66734732862137e+26
1.86700000000000e+01	1.65328148003610e+26
1.86800000000000e+01	1.64738268609698e+26
1.86900000000000e+01	1.64954658037898e+26
1.87000000000000e+01	1.64365672199025e+26
1.87100000000000e+01	1.62986101267298e+26
1.87200000000000e+01	1.62406895240039e+26
1.87300000000000e+01	1.61830323118751e+26
1.87400000000000e+01	1.61255856839516e+26
1.87500000000000e+01	1.61461984622446e+26
1.87600000000000e+01	1.60888916518935e+26
1.87700000000000e+01	1.59547714515538e+26
1.87800000000000e+01	1.58983435689594e+26
1.87900000000000e+01	1.58421713287523e+26
1.88000000000000e+01	1.58620186721595e+26
1.88100000000000e+01	1.58059341133383e+26
1.88200000000000e+01	1.57500191900074e+26
1.88300000000000e+01	1.56943746539398e+26
1.88400000000000e+01	1.55647128858302e+26
1.88500000000000e+01	1.55838228175015e+26
1.88600000000000e+01	1.55289132671657e+26
1.88700000000000e+01	1.54742518338945e+26
1.88800000000000e+01	1.54197874145408e+26
1.88900000000000e+01	1.52931456626364e+26
1.89000000000000e+01	1.52394878278291e+26
1.89100000000000e+01	1.51860878858530e+26
1.89200000000000e+01	1.52042100752037e+26
1.89300000000000e+01	1.50799902132645e+26
1.89400000000000e+01	1.50271921388899e+26
1.89500000000000e+01	1.49747451496589e+26
1.89600000000000e+01	1.49224682637863e+26
1.89700000000000e+01	1.49399316381524e+26
1.89800000000000e+01	1.48877245488871e+26
1.89900000000000e+01	1.47668931371771e+26
1.90000000000000e+01	1.47155464102794e+26
1.90100000000000e+01	1.47324709917309e+26
1.90200000000000e+01	1.46133478188252e+26
1.90300000000000e+01	1.45625746435631e+26
1.90400000000000e+01	1.45792135283954e+26
1.90500000000000e+01	1.44616912766755e+26
1.90600000000000e+01	1.44115783921986e+26
1.90700000000000e+01	1.43617049266364e+26
1.90800000000000e+01	1.43778464012781e+26
1.90900000000000e+01	1.42624647603932e+26
1.91000000000000e+01	1.42784260413868e+26
1.91100000000000e+01	1.42290324063187e+26
1.91200000000000e+01	1.41152534597453e+26
1.91300000000000e+01	1.40665867660583e+26
1.91400000000000e+01	1.40181516770207e+26
1.91500000000000e+01	1.40334729881843e+26
1.91600000000000e+01	1.39851209856997e+26
1.91700000000000e+01	1.39369215986363e+26
1.91800000000000e+01	1.38889517536671e+26
1.91900000000000e+01	1.38411480257344e+26
1.92000000000000e+01	1.37935715671567e+26
1.92100000000000e+01	1.36845069733587e+26
1.92200000000000e+01	1.36990490818421e+26
1.92300000000000e+01	1.36520862901589e+26
1.92400000000000e+01	1.35444614269376e+26
1.92500000000000e+01	1.34981806659810e+26
1.92600000000000e+01	1.35123476315045e+26
1.92700000000000e+01	1.34062147540667e+26
1.92800000000000e+01	1.33604525531017e+26
1.92900000000000e+01	1.33149818715850e+26
1.93000000000000e+01	1.33286492849716e+26
1.93100000000000e+01	1.32832739894969e+26
1.93200000000000e+01	1.32379495345009e+26
1.93300000000000e+01	1.31347444011643e+26
1.93400000000000e+01	1.30901453173184e+26
1.93500000000000e+01	1.30456970605688e+26
1.93600000000000e+01	1.30588258459128e+26
1.93700000000000e+01	1.29574573905493e+26
1.93800000000000e+01	1.29135757955866e+26
1.93900000000000e+01	1.28699152366698e+26
1.94000000000000e+01	1.28264015862769e+26
1.94100000000000e+01	1.27830786211244e+26
1.94200000000000e+01	1.27956929283652e+26
1.94300000000000e+01	1.26969546933152e+26
1.94400000000000e+01	1.26541964659201e+26
1.94500000000000e+01	1.26115809501185e+26
1.94600000000000e+01	1.25691659573142e+26
1.94700000000000e+01	1.25268922225771e+26
1.94800000000000e+01	1.24847452314466e+26
1.94900000000000e+01	1.24967336231583e+26
1.95000000000000e+01	1.24546649458745e+26
1.95100000000000e+01	1.24128792425162e+26
1.95200000000000e+01	1.23711473261197e+26
1.95300000000000e+01	1.23296964765446e+26
1.95400000000000e+01	1.22883827533047e+26
1.95500000000000e+01	1.22471923941524e+26
1.95600000000000e+01	1.21541251227373e+26
1.95700000000000e+01	1.21135124501668e+26
1.95800000000000e+01	1.20731034487787e+26
1.95900000000000e+01	1.20328838586816e+26
1.96000000000000e+01	1.19927958607608e+26
1.96100000000000e+01	1.19529088196609e+26
1.96200000000000e+01	1.19131258406059e+26
1.96300000000000e+01	1.18734859452491e+26
1.96400000000000e+01	1.18842186561686e+26
1.96500000000000e+01	1.18446545929555e+26
1.96600000000000e+01	1.18053447930079e+26
1.96700000000000e+01	1.17166859857508e+26
1.96800000000000e+01	1.17271090018599e+26
1.96900000000000e+01	1.16881689599250e+26
1.97000000000000e+01	1.16492443897659e+26
1.97100000000000e+01	1.15619680040764e+26
1.97200000000000e+01	1.15716080745029e+26
1.97300000000000e+01	1.14845476318827e+26
1.97400000000000e+01	1.14450964621884e+26
1.97500000000000e+01	1.14045184136068e+26
1.97600000000000e+01	1.14092404504170e+26
1.97700000000000e+01	1.13157439275061e+26
1.97800000000000e+01	1.13104667375890e+26
1.97900000000000e+01	1.12486822960952e+26
1.98000000000000e+01	1.11722839141977e+26
1.98100000000000e+01	1.10741715641173e+26
1.98200000000000e+01	1.09445461726498e+26
1.98300000000000e+01	1.07264849683855e+26
1.98400000000000e+01	1.04943187527086e+26
1.98500000000000e+01	1.02273950154132e+26
1.98600000000000e+01	9.82074716340080e+25
1.98700000000000e+01	9.26097773435534e+25
1.98800000000000e+01	8.64895719527700e+25
1.98900000000000e+01	7.82830680562109e+25
1.99000000000000e+01	6.91092557286614e+25
1.99100000000000e+01	5.87951373710370e+25
1.99200000000000e+01	4.79158110227658e+25
1.99300000000000e+01	3.63774149811426e+25
1.99400000000000e+01	2.55053631865602e+25
1.99500000000000e+01	1.58493290123780e+25
1.99600000000000e+01	8.12845102162453e+24
1.99700000000000e+01	2.87812406831225e+24
1.99800000000000e+01	3.15656807097619e+23
1.99900000000000e+01	2.51419775544212e+23
2.00000000000000e+01	2.10733913017729e+24
