1.00000000000000e-02	9.26800614871221e+27
2.00000000000000e-02	3.70733371143491e+28
3.00000000000000e-02	8.34206175366866e+28
4.00000000000000e-02	1.48316942464865e+29
5.00000000000000e-02	2.31771857079145e+29
6.00000000000000e-02	3.33799927126009e+29
7.00000000000000e-02	4.54412668747553e+29
8.00000000000000e-02	5.93633032154947e+29
9.00000000000000e-02	7.51485510835892e+29
1.00000000000000e-01	9.27984335576699e+29
1.10000000000000e-01	1.12316478494223e+30
1.20000000000000e-01	1.33705324417945e+30
1.30000000000000e-01	1.56969306804376e+30
1.40000000000000e-01	1.82111152764470e+30
1.50000000000000e-01	2.09134010153886e+30
1.60000000000000e-01	2.38044130123794e+30
1.70000000000000e-01	2.68844156202923e+30
1.80000000000000e-01	3.01541191692679e+30
1.90000000000000e-01	3.36137972492314e+30
2.00000000000000e-01	3.72639531781340e+30
2.10000000000000e-01	4.11054101640989e+30
2.20000000000000e-01	4.51388776045361e+30
2.30000000000000e-01	4.93646986688085e+30
2.40000000000000e-01	5.37832586383424e+30
2.50000000000000e-01	5.83963467708099e+30
2.60000000000000e-01	6.32031386789580e+30
2.70000000000000e-01	6.82060506014070e+30
2.80000000000000e-01	7.34048042842513e+30
2.90000000000000e-01	7.88007088323983e+30
3.00000000000000e-01	8.43939328154151e+30
3.10000000000000e-01	9.01868075282520e+30
3.20000000000000e-01	9.61786430409332e+30
3.30000000000000e-01	1.02371435217165e+31
3.40000000000000e-01	1.08766074359907e+31
3.50000000000000e-01	1.15363609102432e+31
3.60000000000000e-01	1.22163895847106e+31
3.70000000000000e-01	1.29170248530699e+31
3.80000000000000e-01	1.36382623595570e+31
3.90000000000000e-01	1.43802170183682e+31
4.00000000000000e-01	1.51431821544497e+31
4.10000000000000e-01	1.59269855781100e+31
4.20000000000000e-01	1.67319653862205e+31
4.30000000000000e-01	1.75581936608532e+31
4.40000000000000e-01	1.84058036717072e+31
4.50000000000000e-01	1.92750399406446e+31
4.60000000000000e-01	2.01658841528772e+31
4.70000000000000e-01	2.10786830739141e+31
4.80000000000000e-01	2.20136041443064e+31
4.90000000000000e-01	2.29705524046615e+31
5.00000000000000e-01	2.39499449697644e+31
5.10000000000000e-01	2.49516737054374e+31
5.20000000000000e-01	2.59763581567637e+31
5.30000000000000e-01	2.70237542682917e+31
5.40000000000000e-01	2.80944467591037e+31
5.50000000000000e-01	2.91884433806681e+31
5.60000000000000e-01	3.03056378458185e+31
5.70000000000000e-01	3.14467163750656e+31
5.80000000000000e-01	3.26118517292524e+31
5.90000000000000e-01	3.38010328278995e+31
6.00000000000000e-01	3.50144602243533e+31
6.10000000000000e-01	3.62525848051404e+31
6.20000000000000e-01	3.75155837132211e+31
6.30000000000000e-01	3.88034204672969e+31
6.40000000000000e-01	4.01166999628213e+31
6.50000000000000e-01	4.14555476892445e+31
6.60000000000000e-01	4.28205567695832e+31
6.70000000000000e-01	4.42112139079252e+31
6.80000000000000e-01	4.56286825321869e+31
6.90000000000000e-01	4.70725974350686e+31
7.00000000000000e-01	4.85437492088919e+31
7.10000000000000e-01	5.00419457390371e+31
7.20000000000000e-01	5.15677960551746e+31
7.30000000000000e-01	5.31216686636546e+31
7.40000000000000e-01	5.47038669252301e+31
7.50000000000000e-01	5.63146186482984e+31
7.60000000000000e-01	5.79541402271393e+31
7.70000000000000e-01	5.96228264254045e+31
7.80000000000000e-01	6.13214813865977e+31
7.90000000000000e-01	6.30502837974242e+31
8.00000000000000e-01	6.48096730125319e+31
8.10000000000000e-01	6.65993782122305e+31
8.20000000000000e-01	6.84210098949344e+31
8.30000000000000e-01	7.02739095910929e+31
8.40000000000000e-01	7.21588548661832e+31
8.50000000000000e-01	7.40764763105728e+31
8.60000000000000e-01	7.60266977690405e+31
8.70000000000000e-01	7.80112194032745e+31
8.80000000000000e-01	8.00295570565149e+31
8.90000000000000e-01	8.20821091392813e+31
9.00000000000000e-01	8.41694062525669e+31
9.10000000000000e-01	8.62924521997546e+31
9.20000000000000e-01	8.84514325362463e+31
9.30000000000000e-01	9.06472216475576e+31
9.40000000000000e-01	9.28806105415452e+31
9.50000000000000e-01	9.51514052856504e+31
9.60000000000000e-01	9.74600656072298e+31
9.70000000000000e-01	9.98086036514910e+31
9.80000000000000e-01	1.02196534684519e+32
9.90000000000000e-01	1.04624541185628e+32
1.00000000000000e+00	1.07093658726928e+32
1.01000000000000e+00	1.09604606921749e+32
1.02000000000000e+00	1.12158534648150e+32
1.03000000000000e+00	1.14754669543663e+32
1.04000000000000e+00	1.17395840695380e+32
1.05000000000000e+00	1.20080648445091e+32
1.06000000000000e+00	1.22811827037877e+32
1.07000000000000e+00	1.25589563348246e+32
1.08000000000000e+00	1.28413771745156e+32
1.09000000000000e+00	1.31287041381161e+32
1.10000000000000e+00	1.34209583286224e+32
1.11000000000000e+00	1.37181324138430e+32
1.12000000000000e+00	1.40205018156641e+32
1.13000000000000e+00	1.43280058661467e+32
1.14000000000000e+00	1.46409101554302e+32
1.15000000000000e+00	1.49591943659694e+32
1.16000000000000e+00	1.52830286621247e+32
1.17000000000000e+00	1.56125235401473e+32
1.18000000000000e+00	1.59477913496870e+32
1.19000000000000e+00	1.62889721669544e+32
1.20000000000000e+00	1.66362093942853e+32
1.21000000000000e+00	1.69896218469322e+32
1.22000000000000e+00	1.73492659380245e+32
1.23000000000000e+00	1.77154567519023e+32
1.24000000000000e+00	1.80881902388647e+32
1.25000000000000e+00	1.84676699589676e+32
1.26000000000000e+00	1.88540886551933e+32
1.27000000000000e+00	1.92475623459482e+32
1.28000000000000e+00	1.96482923334800e+32
1.29000000000000e+00	2.00563947102670e+32
1.30000000000000e+00	2.04722275256723e+32
1.31000000000000e+00	2.08957498189151e+32
1.32000000000000e+00	2.13273513498077e+32
1.33000000000000e+00	2.17671733280952e+32
1.34000000000000e+00	2.22152457649198e+32
1.35000000000000e+00	2.26721893318205e+32
1.36000000000000e+00	2.31379471078046e+32
1.37000000000000e+00	2.36127680416954e+32
1.38000000000000e+00	2.40971341921086e+32
1.39000000000000e+00	2.45909535642621e+32
1.40000000000000e+00	2.50948615532780e+32
1.41000000000000e+00	2.56088366238052e+32
1.42000000000000e+00	2.61333624517508e+32
1.43000000000000e+00	2.66686668636184e+32
1.44000000000000e+00	2.72152503458342e+32
1.45000000000000e+00	2.77731321597600e+32
1.46000000000000e+00	2.83429606095552e+32
1.47000000000000e+00	2.89250817354234e+32
1.48000000000000e+00	2.95196506987631e+32
1.49000000000000e+00	3.01273829040273e+32
1.50000000000000e+00	3.07484055751874e+32
1.51000000000000e+00	3.13832935817321e+32
1.52000000000000e+00	3.20326393661790e+32
1.53000000000000e+00	3.26970108874506e+32
1.54000000000000e+00	3.33765317842246e+32
1.55000000000000e+00	3.40720690057943e+32
1.56000000000000e+00	3.47842090658370e+32
1.57000000000000e+00	3.55133159796161e+32
1.58000000000000e+00	3.62603251900149e+32
1.59000000000000e+00	3.70258387049297e+32
1.60000000000000e+00	3.78104335120516e+32
1.61000000000000e+00	3.86149494511932e+32
1.62000000000000e+00	3.94401574998625e+32
1.63000000000000e+00	4.02870857692972e+32
1.64000000000000e+00	4.11565575431966e+32
1.65000000000000e+00	4.20493583242692e+32
1.66000000000000e+00	4.29670569172425e+32
1.67000000000000e+00	4.39100668376710e+32
1.68000000000000e+00	4.48801551517582e+32
1.69000000000000e+00	4.58783180580405e+32
1.70000000000000e+00	4.69060427247225e+32
1.71000000000000e+00	4.79648565196407e+32
1.72000000000000e+00	4.90557501903633e+32
1.73000000000000e+00	5.01809852597576e+32
1.74000000000000e+00	5.13411607806272e+32
1.75000000000000e+00	5.25392024680936e+32
1.76000000000000e+00	5.37757638131674e+32
1.77000000000000e+00	5.50535861788235e+32
1.78000000000000e+00	5.63745169600910e+32
1.79000000000000e+00	5.77405335615186e+32
1.80000000000000e+00	5.91548183396505e+32
1.81000000000000e+00	6.06197294570050e+32
1.82000000000000e+00	6.21395809882478e+32
1.83000000000000e+00	6.37173978719082e+32
1.84000000000000e+00	6.53582978456263e+32
1.85000000000000e+00	6.70670283952156e+32
1.86000000000000e+00	6.88485273689186e+32
1.87000000000000e+00	7.07098994794991e+32
1.88000000000000e+00	7.26558585060717e+32
1.89000000000000e+00	7.46920777018865e+32
1.90000000000000e+00	7.68259139288837e+32
1.91000000000000e+00	7.90629291401891e+32
1.92000000000000e+00	8.14094227069110e+32
1.93000000000000e+00	8.38711375788900e+32
1.94000000000000e+00	8.64545846475204e+32
1.95000000000000e+00	8.91682768112430e+32
1.96000000000000e+00	9.20218194738421e+32
1.97000000000000e+00	9.50258368620073e+32
1.98000000000000e+00	9.81971119680998e+32
1.99000000000000e+00	1.01557071111944e+33
2.00000000000000e+00	1.05132629952873e+33
2.01000000000000e+00	1.08958660934933e+33
2.02000000000000e+00	1.13079239058412e+33
2.03000000000000e+00	1.17548157656138e+33
2.04000000000000e+00	1.22428707105102e+33
2.05000000000000e+00	1.27793412609418e+33
2.06000000000000e+00	1.33720128467517e+33
2.07000000000000e+00	1.40291486370245e+33
2.08000000000000e+00	1.47589206516848e+33
2.09000000000000e+00	1.55685399452129e+33
2.10000000000000e+00	1.64641280466617e+33
2.11000000000000e+00	1.74488826861616e+33
2.12000000000000e+00	1.85227388763673e+33
2.13000000000000e+00	1.96808785617708e+33
2.14000000000000e+00	2.09130409615505e+33
2.15000000000000e+00	2.22024410926072e+33
2.16000000000000e+00	2.35251000372020e+33
2.17000000000000e+00	2.48502156500899e+33
2.18000000000000e+00	2.61400866804975e+33
2.19000000000000e+00	2.73519975603671e+33
2.20000000000000e+00	2.84406958013323e+33
2.21000000000000e+00	2.93626529808932e+33
2.22000000000000e+00	3.00803301387719e+33
2.23000000000000e+00	3.05691603948412e+33
2.24000000000000e+00	3.08199773579516e+33
2.25000000000000e+00	3.08429796772179e+33
2.26000000000000e+00	3.06658924196514e+33
2.27000000000000e+00	3.03306297654804e+33
2.28000000000000e+00	2.98900156108257e+33
2.29000000000000e+00	2.93997809369637e+33
2.30000000000000e+00	2.89150894053236e+33
2.31000000000000e+00	2.84832587598096e+33
2.32000000000000e+00	2.81381939982787e+33
2.33000000000000e+00	2.78941889762568e+33
2.34000000000000e+00	2.77400647668821e+33
2.35000000000000e+00	2.76371657533314e+33
2.36000000000000e+00	2.75226479922223e+33
2.37000000000000e+00	2.73238329378621e+33
2.38000000000000e+00	2.69817139121013e+33
2.39000000000000e+00	2.64727810484504e+33
2.40000000000000e+00	2.58172158722014e+33
2.41000000000000e+00	2.50672131753217e+33
2.42000000000000e+00	2.42864512377672e+33
2.43000000000000e+00	2.35325185802050e+33
2.44000000000000e+00	2.28489847880335e+33
2.45000000000000e+00	2.22648377823436e+33
2.46000000000000e+00	2.17968158997385e+33
2.47000000000000e+00	2.14510673191579e+33
2.48000000000000e+00	2.12248542576791e+33
2.49000000000000e+00	2.11083303318718e+33
2.50000000000000e+00	2.10877235218310e+33
2.51000000000000e+00	2.11488481321288e+33
2.52000000000000e+00	2.12795890889468e+33
2.53000000000000e+00	2.14706355533299e+33
2.54000000000000e+00	2.17141251210371e+33
2.55000000000000e+00	2.20026772381195e+33
2.56000000000000e+00	2.23281330078595e+33
2.57000000000000e+00	2.26826849527613e+33
2.58000000000000e+00	2.30608440276915e+33
2.59000000000000e+00	2.34619076091431e+33
2.60000000000000e+00	2.38920604510803e+33
2.61000000000000e+00	2.43652189674546e+33
2.62000000000000e+00	2.48991629660821e+33
2.63000000000000e+00	2.55071079531485e+33
2.64000000000000e+00	2.61855454072679e+33
2.65000000000000e+00	2.69033145579772e+33
2.66000000000000e+00	2.75940479433123e+33
2.67000000000000e+00	2.81706436896710e+33
2.68000000000000e+00	2.85492395295788e+33
2.69000000000000e+00	2.86830131985806e+33
2.70000000000000e+00	2.85818778542647e+33
2.71000000000000e+00	2.83021591455692e+33
2.72000000000000e+00	2.79187672041218e+33
2.73000000000000e+00	2.74982566514096e+33
2.74000000000000e+00	2.70853404450898e+33
2.75000000000000e+00	2.67044751173864e+33
2.76000000000000e+00	2.63683076978717e+33
2.77000000000000e+00	2.60866493702859e+33
2.78000000000000e+00	2.58714556929201e+33
2.79000000000000e+00	2.57371191996858e+33
2.80000000000000e+00	2.56982664593801e+33
2.81000000000000e+00	2.57650802903553e+33
2.82000000000000e+00	2.59417070123928e+33
2.83000000000000e+00	2.62260669320908e+33
2.84000000000000e+00	2.66117411049133e+33
2.85000000000000e+00	2.70905945883661e+33
2.86000000000000e+00	2.76533800116306e+33
2.87000000000000e+00	2.82913090927525e+33
2.88000000000000e+00	2.89903352194091e+33
2.89000000000000e+00	2.97262935126864e+33
2.90000000000000e+00	3.04581478412238e+33
2.91000000000000e+00	3.11268022142790e+33
2.92000000000000e+00	3.16607378249217e+33
2.93000000000000e+00	3.19923417264823e+33
2.94000000000000e+00	3.20777518059568e+33
2.95000000000000e+00	3.19111836682523e+33
2.96000000000000e+00	3.15246085173691e+33
2.97000000000000e+00	3.09746831448514e+33
2.98000000000000e+00	3.03236620502660e+33
2.99000000000000e+00	2.96250959970149e+33
3.00000000000000e+00	2.89181200561197e+33
3.01000000000000e+00	2.82297304295747e+33
3.02000000000000e+00	2.75808228108012e+33
3.03000000000000e+00	2.69917201565822e+33
3.04000000000000e+00	2.64840384112218e+33
3.05000000000000e+00	2.60779891736449e+33
3.06000000000000e+00	2.57857359408000e+33
3.07000000000000e+00	2.56056045474148e+33
3.08000000000000e+00	2.55192706457609e+33
3.09000000000000e+00	2.54931840250259e+33
3.10000000000000e+00	2.54836707551422e+33
3.11000000000000e+00	2.54450279742770e+33
3.12000000000000e+00	2.53366050640280e+33
3.13000000000000e+00	2.51279701612394e+33
3.14000000000000e+00	2.47983921466655e+33
3.15000000000000e+00	2.43335364326476e+33
3.16000000000000e+00	2.37219271360571e+33
3.17000000000000e+00	2.29527250400770e+33
3.18000000000000e+00	2.20180318299724e+33
3.19000000000000e+00	2.09179891885238e+33
3.20000000000000e+00	1.96692837076369e+33
3.21000000000000e+00	1.83109356417215e+33
3.22000000000000e+00	1.69017197201543e+33
3.23000000000000e+00	1.55084989868321e+33
3.24000000000000e+00	1.41907850666144e+33
3.25000000000000e+00	1.29898234808057e+33
3.26000000000000e+00	1.19257739351415e+33
3.27000000000000e+00	1.10029457176618e+33
3.28000000000000e+00	1.02160048034797e+33
3.29000000000000e+00	9.55577463863140e+32
3.30000000000000e+00	9.01236960070952e+32
3.31000000000000e+00	8.57571052718009e+32
3.32000000000000e+00	8.23458688301720e+32
3.33000000000000e+00	7.97595547121725e+32
3.34000000000000e+00	7.78543086387483e+32
3.35000000000000e+00	7.64819525701801e+32
3.36000000000000e+00	7.55100312471893e+32
3.37000000000000e+00	7.48309841040880e+32
3.38000000000000e+00	7.43640337189998e+32
3.39000000000000e+00	7.40477767244065e+32
3.40000000000000e+00	7.38198233883258e+32
3.41000000000000e+00	7.36125927557207e+32
3.42000000000000e+00	7.33498869239473e+32
3.43000000000000e+00	7.29592382223018e+32
3.44000000000000e+00	7.23829989193211e+32
3.45000000000000e+00	7.15924410088632e+32
3.46000000000000e+00	7.05965556439722e+32
3.47000000000000e+00	6.94375654559089e+32
3.48000000000000e+00	6.81871168845964e+32
3.49000000000000e+00	6.69318115221996e+32
3.50000000000000e+00	6.57597067566276e+32
3.51000000000000e+00	6.47462160597915e+32
3.52000000000000e+00	6.39481469878061e+32
3.53000000000000e+00	6.33974494509538e+32
3.54000000000000e+00	6.30999931978039e+32
3.55000000000000e+00	6.30403386089860e+32
3.56000000000000e+00	6.31921098416455e+32
3.57000000000000e+00	6.35260956270101e+32
3.58000000000000e+00	6.40197504352572e+32
3.59000000000000e+00	6.46574904588918e+32
3.60000000000000e+00	6.54248674037466e+32
3.61000000000000e+00	6.63045613737239e+32
3.62000000000000e+00	6.72685336395708e+32
3.63000000000000e+00	6.82790830228844e+32
3.64000000000000e+00	6.92844595202066e+32
3.65000000000000e+00	7.02319808130446e+32
3.66000000000000e+00	7.10675044804571e+32
3.67000000000000e+00	7.17389222127708e+32
3.68000000000000e+00	7.22039615709308e+32
3.69000000000000e+00	7.24242884820423e+32
3.70000000000000e+00	7.23707072999861e+32
3.71000000000000e+00	7.20199852491012e+32
3.72000000000000e+00	7.13584569173620e+32
3.73000000000000e+00	7.03845016711069e+32
3.74000000000000e+00	6.91081313831755e+32
3.75000000000000e+00	6.75588825767062e+32
3.76000000000000e+00	6.57801305375273e+32
3.77000000000000e+00	6.38294308071961e+32
3.78000000000000e+00	6.17667042156400e+32
3.79000000000000e+00	5.96509756607579e+32
3.80000000000000e+00	5.75309886817997e+32
3.81000000000000e+00	5.54448161648808e+32
3.82000000000000e+00	5.34157042957071e+32
3.83000000000000e+00	5.14557344910105e+32
3.84000000000000e+00	4.95648649321912e+32
3.85000000000000e+00	4.77358694715477e+32
3.86000000000000e+00	4.59585430114321e+32
3.87000000000000e+00	4.42205649908287e+32
3.88000000000000e+00	4.25144003962181e+32
3.89000000000000e+00	4.08400864150519e+32
3.90000000000000e+00	3.92063260299702e+32
3.91000000000000e+00	3.76314207038777e+32
3.92000000000000e+00	3.61409323729521e+32
3.93000000000000e+00	3.47619976430047e+32
3.94000000000000e+00	3.35180216777743e+32
3.95000000000000e+00	3.24248040140664e+32
3.96000000000000e+00	3.14893877379167e+32
3.97000000000000e+00	3.07083199033637e+32
3.98000000000000e+00	3.00716129261051e+32
3.99000000000000e+00	2.95621929401290e+32
4.00000000000000e+00	2.91612463473514e+32
4.01000000000000e+00	2.88447683638723e+32
4.02000000000000e+00	2.85889253513534e+32
4.03000000000000e+00	2.83678493492594e+32
4.04000000000000e+00	2.81555517540298e+32
4.05000000000000e+00	2.79279701447344e+32
4.06000000000000e+00	2.76632855832959e+32
4.07000000000000e+00	2.73456462840792e+32
4.08000000000000e+00	2.69679293115909e+32
4.09000000000000e+00	2.65301736435547e+32
4.10000000000000e+00	2.60399041005921e+32
4.11000000000000e+00	2.55079467366516e+32
4.12000000000000e+00	2.49438679156494e+32
4.13000000000000e+00	2.43532471466463e+32
4.14000000000000e+00	2.37377196002145e+32
4.15000000000000e+00	2.30953309373561e+32
4.16000000000000e+00	2.24240539250004e+32
4.17000000000000e+00	2.17234291057435e+32
4.18000000000000e+00	2.09980962803971e+32
4.19000000000000e+00	2.02569963770653e+32
4.20000000000000e+00	1.95116690032022e+32
4.21000000000000e+00	1.87754946786454e+32
4.22000000000000e+00	1.80612999802468e+32
4.23000000000000e+00	1.73804074182499e+32
4.24000000000000e+00	1.67427855278340e+32
4.25000000000000e+00	1.61550734567654e+32
4.26000000000000e+00	1.56217215853577e+32
4.27000000000000e+00	1.51438869434868e+32
4.28000000000000e+00	1.47209135496328e+32
4.29000000000000e+00	1.43483083433873e+32
4.30000000000000e+00	1.40196863500699e+32
4.31000000000000e+00	1.37270104967995e+32
4.32000000000000e+00	1.34609469438539e+32
4.33000000000000e+00	1.32102482337792e+32
4.34000000000000e+00	1.29642983750467e+32
4.35000000000000e+00	1.27123722394534e+32
4.36000000000000e+00	1.24459200735496e+32
4.37000000000000e+00	1.21580554733882e+32
4.38000000000000e+00	1.18451521540972e+32
4.39000000000000e+00	1.15068089521922e+32
4.40000000000000e+00	1.11450466271255e+32
4.41000000000000e+00	1.07649325019666e+32
4.42000000000000e+00	1.03729032664576e+32
4.43000000000000e+00	9.97703812766394e+31
4.44000000000000e+00	9.58564138885028e+31
4.45000000000000e+00	9.20675991989419e+31
4.46000000000000e+00	8.84757914434413e+31
4.47000000000000e+00	8.51364621337924e+31
4.48000000000000e+00	8.20892867004670e+31
4.49000000000000e+00	7.93541968245617e+31
4.50000000000000e+00	7.69335165161419e+31
4.51000000000000e+00	7.48160313720383e+31
4.52000000000000e+00	7.29738841440599e+31
4.53000000000000e+00	7.13726581086358e+31
4.54000000000000e+00	6.99680628877017e+31
4.55000000000000e+00	6.87151121403977e+31
4.56000000000000e+00	6.75717485567090e+31
4.57000000000000e+00	6.65050249769200e+31
4.58000000000000e+00	6.54957778707592e+31
4.59000000000000e+00	6.45367921554403e+31
4.60000000000000e+00	6.36318637695724e+31
4.61000000000000e+00	6.27908594799541e+31
4.62000000000000e+00	6.20256726909828e+31
4.63000000000000e+00	6.13467145196183e+31
4.64000000000000e+00	6.07627377545878e+31
4.65000000000000e+00	6.02770534569383e+31
4.66000000000000e+00	5.98866539537514e+31
4.67000000000000e+00	5.95813377960359e+31
4.68000000000000e+00	5.93413212221534e+31
4.69000000000000e+00	5.91330824333479e+31
4.70000000000000e+00	5.89086746279339e+31
4.71000000000000e+00	5.86027583081341e+31
4.72000000000000e+00	5.81356722665131e+31
4.73000000000000e+00	5.74174437652421e+31
4.74000000000000e+00	5.63616154363013e+31
4.75000000000000e+00	5.48971554226552e+31
4.76000000000000e+00	5.29832323217965e+31
4.77000000000000e+00	5.06191072712240e+31
4.78000000000000e+00	4.78457411050544e+31
4.79000000000000e+00	4.47436486013087e+31
4.80000000000000e+00	4.14239262593613e+31
4.81000000000000e+00	3.80199978844519e+31
4.82000000000000e+00	3.46782381644068e+31
4.83000000000000e+00	3.15475478221848e+31
4.84000000000000e+00	2.87671558399501e+31
4.85000000000000e+00	2.64556762966473e+31
4.86000000000000e+00	2.46994964219474e+31
4.87000000000000e+00	2.35460154191166e+31
4.88000000000000e+00	2.29992496508610e+31
4.89000000000000e+00	2.30227881451291e+31
4.90000000000000e+00	2.35452849579407e+31
4.91000000000000e+00	2.44716528053686e+31
4.92000000000000e+00	2.56937874157062e+31
4.93000000000000e+00	2.71039936565757e+31
4.94000000000000e+00	2.86051160730636e+31
4.95000000000000e+00	3.01202750831735e+31
4.96000000000000e+00	3.15984769570084e+31
4.97000000000000e+00	3.30189395975859e+31
4.98000000000000e+00	3.43901677217987e+31
4.99000000000000e+00	3.57474384215692e+31
5.00000000000000e+00	3.71438182554365e+31
5.01000000000000e+00	3.86427948794461e+31
5.02000000000000e+00	4.03062985592420e+31
5.03000000000000e+00	4.21837990735796e+31
5.04000000000000e+00	4.43042098978375e+31
5.05000000000000e+00	4.66672972586628e+31
5.06000000000000e+00	4.92410038314629e+31
5.07000000000000e+00	5.19602161993147e+31
5.08000000000000e+00	5.47313053220669e+31
5.09000000000000e+00	5.74364044729448e+31
5.10000000000000e+00	5.99413303224152e+31
5.11000000000000e+00	6.21035205291888e+31
5.12000000000000e+00	6.37831568360535e+31
5.13000000000000e+00	6.48550516175209e+31
5.14000000000000e+00	6.52209793656585e+31
5.15000000000000e+00	6.48200628755673e+31
5.16000000000000e+00	6.36365722008638e+31
5.17000000000000e+00	6.17002355894424e+31
5.18000000000000e+00	5.90814699432226e+31
5.19000000000000e+00	5.58798484090655e+31
5.20000000000000e+00	5.22136170420986e+31
5.21000000000000e+00	4.82079557607340e+31
5.22000000000000e+00	4.39854224197297e+31
5.23000000000000e+00	3.96617928365829e+31
5.24000000000000e+00	3.53407311548159e+31
5.25000000000000e+00	3.11117836701465e+31
5.26000000000000e+00	2.70503402040202e+31
5.27000000000000e+00	2.32179476883306e+31
5.28000000000000e+00	1.96627718084873e+31
5.29000000000000e+00	1.64217453772950e+31
5.30000000000000e+00	1.35208929081490e+31
5.31000000000000e+00	1.09746231088011e+31
5.32000000000000e+00	8.78735874007605e+30
5.33000000000000e+00	6.95282126592686e+30
5.34000000000000e+00	5.45850446486488e+30
5.35000000000000e+00	4.29100448007820e+30
5.36000000000000e+00	3.44347301957430e+30
5.37000000000000e+00	2.92381476710511e+30
5.38000000000000e+00	2.76160071078274e+30
5.39000000000000e+00	3.01159598681302e+30
5.40000000000000e+00	3.75384027864403e+30
5.41000000000000e+00	5.09015191386448e+30
5.42000000000000e+00	7.14043485081971e+30
5.43000000000000e+00	1.00396941149437e+31
5.44000000000000e+00	1.39388027076247e+31
5.45000000000000e+00	1.90097050294663e+31
5.46000000000000e+00	2.54542389220756e+31
5.47000000000000e+00	3.35190542455641e+31
5.48000000000000e+00	4.35115660180871e+31
5.49000000000000e+00	5.58189201813480e+31
5.50000000000000e+00	7.09248453929337e+31
5.51000000000000e+00	8.94229159262769e+31
5.52000000000000e+00	1.12024431015267e+32
5.53000000000000e+00	1.39559548591684e+32
5.54000000000000e+00	1.72970110779087e+32
5.55000000000000e+00	2.13303641660378e+32
5.56000000000000e+00	2.61692184357378e+32
5.57000000000000e+00	3.19355497439307e+32
5.58000000000000e+00	3.87561291101677e+32
5.59000000000000e+00	4.67620209579006e+32
5.60000000000000e+00	5.60814142066676e+32
5.61000000000000e+00	6.68291447187267e+32
5.62000000000000e+00	7.90923477712960e+32
5.63000000000000e+00	9.29128621044050e+32
5.64000000000000e+00	1.08257136479340e+33
5.65000000000000e+00	1.24994824611036e+33
5.66000000000000e+00	1.42879733314063e+33
5.67000000000000e+00	1.61529887499359e+33
5.68000000000000e+00	1.80437684430237e+33
5.69000000000000e+00	1.98982248132623e+33
5.70000000000000e+00	2.16469082552130e+33
5.71000000000000e+00	2.32190044168559e+33
5.72000000000000e+00	2.45484794219838e+33
5.73000000000000e+00	2.55809553512876e+33
5.74000000000000e+00	2.62792098079185e+33
5.75000000000000e+00	2.66256676511142e+33
5.76000000000000e+00	2.66225066397132e+33
5.77000000000000e+00	2.62882583056388e+33
5.78000000000000e+00	2.56537783025720e+33
5.79000000000000e+00	2.47562173667492e+33
5.80000000000000e+00	2.36358633549936e+33
5.81000000000000e+00	2.23328495136380e+33
5.82000000000000e+00	2.08864617431603e+33
5.83000000000000e+00	1.93353644416409e+33
5.84000000000000e+00	1.77174539571705e+33
5.85000000000000e+00	1.60704070563222e+33
5.86000000000000e+00	1.44308118559612e+33
5.87000000000000e+00	1.28328492736520e+33
5.88000000000000e+00	1.13059249268765e+33
5.89000000000000e+00	9.87396804635989e+32
5.90000000000000e+00	8.55347004538489e+32
5.91000000000000e+00	7.35368608533582e+32
5.92000000000000e+00	6.27685068912658e+32
5.93000000000000e+00	5.31984364780536e+32
5.94000000000000e+00	4.47528751717142e+32
5.95000000000000e+00	3.73357252352494e+32
5.96000000000000e+00	3.08401145210815e+32
5.97000000000000e+00	2.51593505771657e+32
5.98000000000000e+00	2.01939835518486e+32
5.99000000000000e+00	1.58553883056920e+32
6.00000000000000e+00	1.20703673948232e+32
6.01000000000000e+00	8.78444548910340e+31
6.02000000000000e+00	5.96636851997936e+31
6.03000000000000e+00	3.61560438280516e+31
6.04000000000000e+00	1.77117691377771e+31
6.05000000000000e+00	5.24275432056888e+30
6.06000000000000e+00	3.33195187945633e+29
6.07000000000000e+00	5.42612321130946e+30
6.08000000000000e+00	2.40468604835925e+31
6.09000000000000e+00	6.10675617292118e+31
6.10000000000000e+00	1.23008293234220e+32
6.11000000000000e+00	2.18374657963611e+32
6.12000000000000e+00	3.57990325691955e+32
6.13000000000000e+00	5.55289081478994e+32
6.14000000000000e+00	8.26476815239057e+32
6.15000000000000e+00	1.19038141691932e+33
6.16000000000000e+00	1.66792769173990e+33
6.17000000000000e+00	2.28089085544375e+33
6.18000000000000e+00	3.04979692595828e+33
6.19000000000000e+00	3.99091944772866e+33
6.20000000000000e+00	5.11230617150879e+33
6.21000000000000e+00	6.40944523289567e+33
6.22000000000000e+00	7.86125494214864e+33
6.23000000000000e+00	9.42703176489816e+33
6.24000000000000e+00	1.10474623320284e+34
6.25000000000000e+00	1.26472329511506e+34
6.26000000000000e+00	1.41431055483622e+34
6.27000000000000e+00	1.54533461590956e+34
6.28000000000000e+00	1.65073471565122e+34
6.29000000000000e+00	1.72551605675335e+34
6.30000000000000e+00	1.76709829177268e+34
6.31000000000000e+00	1.77553175455146e+34
6.32000000000000e+00	1.75307305768008e+34
6.33000000000000e+00	1.70364702316242e+34
6.34000000000000e+00	1.63224905577881e+34
6.35000000000000e+00	1.54426397298311e+34
6.36000000000000e+00	1.44501233956548e+34
6.37000000000000e+00	1.33948723014859e+34
6.38000000000000e+00	1.23211029916645e+34
6.39000000000000e+00	1.12660515029117e+34
6.40000000000000e+00	1.02593172936342e+34
6.41000000000000e+00	9.32242278079211e+33
6.42000000000000e+00	8.46857183217028e+33
6.43000000000000e+00	7.70409837556865e+33
6.44000000000000e+00	7.02881727411606e+33
6.45000000000000e+00	6.43813328463340e+33
6.46000000000000e+00	5.92447505663803e+33
6.47000000000000e+00	5.47903127236466e+33
6.48000000000000e+00	5.09261558179912e+33
6.49000000000000e+00	4.75673594703932e+33
6.50000000000000e+00	4.46358602727993e+33
6.51000000000000e+00	4.20665686491132e+33
6.52000000000000e+00	3.98037230914246e+33
6.53000000000000e+00	3.78016485071928e+33
6.54000000000000e+00	3.60229610706921e+33
6.55000000000000e+00	3.44374182776096e+33
6.56000000000000e+00	3.30204830265370e+33
6.57000000000000e+00	3.17536449469907e+33
6.58000000000000e+00	3.06205327456852e+33
6.59000000000000e+00	2.96075805038372e+33
6.60000000000000e+00	2.87026550564001e+33
6.61000000000000e+00	2.78946293457235e+33
6.62000000000000e+00	2.71731514710890e+33
6.63000000000000e+00	2.65290925418265e+33
6.64000000000000e+00	2.59542714796973e+33
6.65000000000000e+00	2.54420400775667e+33
6.66000000000000e+00	2.49874261891671e+33
6.67000000000000e+00	2.45854544875109e+33
6.68000000000000e+00	2.42322531177847e+33
6.69000000000000e+00	2.39227817234633e+33
6.70000000000000e+00	2.36523669604171e+33
6.71000000000000e+00	2.34167059396165e+33
6.72000000000000e+00	2.32097735123354e+33
6.73000000000000e+00	2.30264419279389e+33
6.74000000000000e+00	2.28624554258356e+33
6.75000000000000e+00	2.27129104425338e+33
6.76000000000000e+00	2.25737154318833e+33
6.77000000000000e+00	2.24417333592705e+33
6.78000000000000e+00	2.23147314537183e+33
6.79000000000000e+00	2.21914772066728e+33
6.80000000000000e+00	2.20729478534988e+33
6.81000000000000e+00	2.19595379986566e+33
6.82000000000000e+00	2.18531638122379e+33
6.83000000000000e+00	2.17541150402227e+33
6.84000000000000e+00	2.16635862990858e+33
6.85000000000000e+00	2.15795439862216e+33
6.86000000000000e+00	2.15007645474074e+33
6.87000000000000e+00	2.14253209227296e+33
6.88000000000000e+00	2.13518744823104e+33
6.89000000000000e+00	2.12798752385668e+33
6.90000000000000e+00	2.12093753472836e+33
6.91000000000000e+00	2.11414857008461e+33
6.92000000000000e+00	2.10776779476459e+33
6.93000000000000e+00	2.10195255295716e+33
6.94000000000000e+00	2.09684271180630e+33
6.95000000000000e+00	2.09253453869194e+33
6.96000000000000e+00	2.08905294011663e+33
6.97000000000000e+00	2.08630281383499e+33
6.98000000000000e+00	2.08403128538882e+33
6.99000000000000e+00	2.08181418133832e+33
7.00000000000000e+00	2.07904418908758e+33
7.01000000000000e+00	2.07497616819204e+33
7.02000000000000e+00	2.06878050009563e+33
7.03000000000000e+00	2.05963720075404e+33
7.04000000000000e+00	2.04684895626109e+33
7.05000000000000e+00	2.02996758367986e+33
7.06000000000000e+00	2.00880837835948e+33
7.07000000000000e+00	1.98355990738813e+33
7.08000000000000e+00	1.95472801446146e+33
7.09000000000000e+00	1.92315815792785e+33
7.10000000000000e+00	1.88992108992184e+33
7.11000000000000e+00	1.85625956460932e+33
7.12000000000000e+00	1.82348472116407e+33
7.13000000000000e+00	1.79284885350616e+33
7.14000000000000e+00	1.76547047037851e+33
7.15000000000000e+00	1.74223187156170e+33
7.16000000000000e+00	1.72372430670367e+33
7.17000000000000e+00	1.71026906645526e+33
7.18000000000000e+00	1.70192365419967e+33
7.19000000000000e+00	1.69852667866438e+33
7.20000000000000e+00	1.69978477515862e+33
7.21000000000000e+00	1.70533318270598e+33
7.22000000000000e+00	1.71478746481574e+33
7.23000000000000e+00	1.72779238694029e+33
7.24000000000000e+00	1.74407667956437e+33
7.25000000000000e+00	1.76346545412863e+33
7.26000000000000e+00	1.78592759167263e+33
7.27000000000000e+00	1.81147461771703e+33
7.28000000000000e+00	1.84025821030822e+33
7.29000000000000e+00	1.87243503400793e+33
7.30000000000000e+00	1.90814161615497e+33
7.31000000000000e+00	1.94746736053100e+33
7.32000000000000e+00	1.99037779139373e+33
7.33000000000000e+00	2.03667533837690e+33
7.34000000000000e+00	2.08594243579152e+33
7.35000000000000e+00	2.13746284992585e+33
7.36000000000000e+00	2.19018195128662e+33
7.37000000000000e+00	2.24267270678545e+33
7.38000000000000e+00	2.29305767399740e+33
7.39000000000000e+00	2.33907948324858e+33
7.40000000000000e+00	2.37809604577505e+33
7.41000000000000e+00	2.40725630830776e+33
7.42000000000000e+00	2.42362564035188e+33
7.43000000000000e+00	2.42441121580990e+33
7.44000000000000e+00	2.40723432691863e+33
7.45000000000000e+00	2.37038908291429e+33
7.46000000000000e+00	2.31314539971368e+33
7.47000000000000e+00	2.23592208933005e+33
7.48000000000000e+00	2.14047568794549e+33
7.49000000000000e+00	2.02987840132432e+33
7.50000000000000e+00	1.90835102105012e+33
7.51000000000000e+00	1.78102787738347e+33
7.52000000000000e+00	1.65350091249958e+33
7.53000000000000e+00	1.53140915747536e+33
7.54000000000000e+00	1.41991454168911e+33
7.55000000000000e+00	1.32334956043295e+33
7.56000000000000e+00	1.24484759185264e+33
7.57000000000000e+00	1.18623533423569e+33
7.58000000000000e+00	1.14793346133854e+33
7.59000000000000e+00	1.12913966354575e+33
7.60000000000000e+00	1.12798712794280e+33
7.61000000000000e+00	1.14186856830526e+33
7.62000000000000e+00	1.16774268389052e+33
7.63000000000000e+00	1.20236841754477e+33
7.64000000000000e+00	1.24265236363756e+33
7.65000000000000e+00	1.28579094317455e+33
7.66000000000000e+00	1.32940098282348e+33
7.67000000000000e+00	1.37163293438722e+33
7.68000000000000e+00	1.41110823771345e+33
7.69000000000000e+00	1.44693852339240e+33
7.70000000000000e+00	1.47860456132216e+33
7.71000000000000e+00	1.50584542863464e+33
7.72000000000000e+00	1.52855353575654e+33
7.73000000000000e+00	1.54668757107570e+33
7.74000000000000e+00	1.56018137818468e+33
7.75000000000000e+00	1.56894219722387e+33
7.76000000000000e+00	1.57286085353451e+33
7.77000000000000e+00	1.57189009917616e+33
7.78000000000000e+00	1.56613152447394e+33
7.79000000000000e+00	1.55589834920811e+33
7.80000000000000e+00	1.54178142880516e+33
7.81000000000000e+00	1.52471808209313e+33
7.82000000000000e+00	1.50591142407350e+33
7.83000000000000e+00	1.48681993192877e+33
7.84000000000000e+00	1.46903321648811e+33
7.85000000000000e+00	1.45414755949971e+33
7.86000000000000e+00	1.44362556565578e+33
7.87000000000000e+00	1.43865072201884e+33
7.88000000000000e+00	1.44005111676552e+33
7.89000000000000e+00	1.44822907873050e+33
7.90000000000000e+00	1.46314716469717e+33
7.91000000000000e+00	1.48433502916674e+33
7.92000000000000e+00	1.51099111152270e+33
7.93000000000000e+00	1.54201652104806e+33
7.94000000000000e+00	1.57608705015607e+33
7.95000000000000e+00	1.61175604564304e+33
7.96000000000000e+00	1.64753080144407e+33
7.97000000000000e+00	1.68188832737587e+33
7.98000000000000e+00	1.71341880170354e+33
7.99000000000000e+00	1.74083938888383e+33
8.00000000000000e+00	1.76304625075996e+33
8.01000000000000e+00	1.77922626486567e+33
8.02000000000000e+00	1.78883587290122e+33
8.03000000000000e+00	1.79171714368361e+33
8.04000000000000e+00	1.78804935783115e+33
8.05000000000000e+00	1.77845527745583e+33
8.06000000000000e+00	1.76386095466570e+33
8.07000000000000e+00	1.74557465842018e+33
8.08000000000000e+00	1.72511411482396e+33
8.09000000000000e+00	1.70413768923724e+33
8.10000000000000e+00	1.68436434483716e+33
8.11000000000000e+00	1.66740308137062e+33
8.12000000000000e+00	1.65462803407612e+33
8.13000000000000e+00	1.64715166011801e+33
8.14000000000000e+00	1.64564354355866e+33
8.15000000000000e+00	1.65037052411381e+33
8.16000000000000e+00	1.66118875591881e+33
8.17000000000000e+00	1.67756886910003e+33
8.18000000000000e+00	1.69872511078041e+33
8.19000000000000e+00	1.72367379057263e+33
8.20000000000000e+00	1.75135248017498e+33
8.21000000000000e+00	1.78072881578046e+33
8.22000000000000e+00	1.81088179394291e+33
8.23000000000000e+00	1.84103711100694e+33
8.24000000000000e+00	1.87068602284195e+33
8.25000000000000e+00	1.89950856877712e+33
8.26000000000000e+00	1.92742845929435e+33
8.27000000000000e+00	1.95455115911030e+33
8.28000000000000e+00	1.98108095490655e+33
8.29000000000000e+00	2.00727111220600e+33
8.30000000000000e+00	2.03336258104137e+33
8.31000000000000e+00	2.05956914296586e+33
8.32000000000000e+00	2.08606471267695e+33
8.33000000000000e+00	2.11298270816806e+33
8.34000000000000e+00	2.14046793032088e+33
8.35000000000000e+00	2.16867439907128e+33
8.36000000000000e+00	2.19771705213186e+33
8.37000000000000e+00	2.22770033571952e+33
8.38000000000000e+00	2.25862243755103e+33
8.39000000000000e+00	2.29037033943383e+33
8.40000000000000e+00	2.32262950501788e+33
8.41000000000000e+00	2.35491585654280e+33
8.42000000000000e+00	2.38643974246637e+33
8.43000000000000e+00	2.41621460995428e+33
8.44000000000000e+00	2.44294110197968e+33
8.45000000000000e+00	2.46514428296071e+33
8.46000000000000e+00	2.48112919141533e+33
8.47000000000000e+00	2.48924612403446e+33
8.48000000000000e+00	2.48789893323270e+33
8.49000000000000e+00	2.47587373475852e+33
8.50000000000000e+00	2.45239130881592e+33
8.51000000000000e+00	2.41737073213084e+33
8.52000000000000e+00	2.37146075962643e+33
8.53000000000000e+00	2.31610555539346e+33
8.54000000000000e+00	2.25341558346319e+33
8.55000000000000e+00	2.18610729585355e+33
8.56000000000000e+00	2.11719924544407e+33
8.57000000000000e+00	2.04976518531333e+33
8.58000000000000e+00	1.98667786104952e+33
8.59000000000000e+00	1.93034282348628e+33
8.60000000000000e+00	1.88243875338595e+33
8.61000000000000e+00	1.84390995184606e+33
8.62000000000000e+00	1.81484060145481e+33
8.63000000000000e+00	1.79473567783798e+33
8.64000000000000e+00	1.78251872080729e+33
8.65000000000000e+00	1.77687269501746e+33
8.66000000000000e+00	1.77640941532015e+33
8.67000000000000e+00	1.77983237234934e+33
8.68000000000000e+00	1.78606420994112e+33
8.69000000000000e+00	1.79428740099015e+33
8.70000000000000e+00	1.80398324630312e+33
8.71000000000000e+00	1.81489050798989e+33
8.72000000000000e+00	1.82693048060670e+33
8.73000000000000e+00	1.84015202756721e+33
8.74000000000000e+00	1.85466447965102e+33
8.75000000000000e+00	1.87055394963920e+33
8.76000000000000e+00	1.88780638861893e+33
8.77000000000000e+00	1.90635040711001e+33
8.78000000000000e+00	1.92596693381262e+33
8.79000000000000e+00	1.94637431819987e+33
8.80000000000000e+00	1.96718268450502e+33
8.81000000000000e+00	1.98796684318310e+33
8.82000000000000e+00	2.00829003055806e+33
8.83000000000000e+00	2.02777538832034e+33
8.84000000000000e+00	2.04608178647901e+33
8.85000000000000e+00	2.06294078697896e+33
8.86000000000000e+00	2.07826239395869e+33
8.87000000000000e+00	2.09202667597128e+33
8.88000000000000e+00	2.10436732142378e+33
8.89000000000000e+00	2.11551552417369e+33
8.90000000000000e+00	2.12581611707158e+33
8.91000000000000e+00	2.13562755007422e+33
8.92000000000000e+00	2.14531320206347e+33
8.93000000000000e+00	2.15527268188849e+33
8.94000000000000e+00	2.16582150556691e+33
8.95000000000000e+00	2.17720501711510e+33
8.96000000000000e+00	2.18961445540884e+33
8.97000000000000e+00	2.20316642499679e+33
8.98000000000000e+00	2.21790058266427e+33
8.99000000000000e+00	2.23376040370351e+33
9.00000000000000e+00	2.25059453568021e+33
9.01000000000000e+00	2.26819479058788e+33
9.02000000000000e+00	2.28621806912274e+33
9.03000000000000e+00	2.30430232677333e+33
9.04000000000000e+00	2.32201275092934e+33
9.05000000000000e+00	2.33887309440375e+33
9.06000000000000e+00	2.35445553698941e+33
9.07000000000000e+00	2.36827632070378e+33
9.08000000000000e+00	2.37996911101504e+33
9.09000000000000e+00	2.38928231755899e+33
9.10000000000000e+00	2.39599824111666e+33
9.11000000000000e+00	2.40012797098025e+33
9.12000000000000e+00	2.40176190678352e+33
9.13000000000000e+00	2.40119743799468e+33
9.14000000000000e+00	2.39883379154009e+33
9.15000000000000e+00	2.39516885856584e+33
9.16000000000000e+00	2.39072817353093e+33
9.17000000000000e+00	2.38609544038574e+33
9.18000000000000e+00	2.38176093136292e+33
9.19000000000000e+00	2.37813280639964e+33
9.20000000000000e+00	2.37556422873824e+33
9.21000000000000e+00	2.37433342774758e+33
9.22000000000000e+00	2.37461296236097e+33
9.23000000000000e+00	2.37649120765828e+33
9.24000000000000e+00	2.38003574637353e+33
9.25000000000000e+00	2.38523540504450e+33
9.26000000000000e+00	2.39203763513292e+33
9.27000000000000e+00	2.40034526279833e+33
9.28000000000000e+00	2.41006776191854e+33
9.29000000000000e+00	2.42103472587655e+33
9.30000000000000e+00	2.43307228726365e+33
9.31000000000000e+00	2.44597183289784e+33
9.32000000000000e+00	2.45947208625953e+33
9.33000000000000e+00	2.47335528159045e+33
9.34000000000000e+00	2.48731719071060e+33
9.35000000000000e+00	2.50113425522329e+33
9.36000000000000e+00	2.51458928905867e+33
9.37000000000000e+00	2.52747190012891e+33
9.38000000000000e+00	2.53966511030562e+33
9.39000000000000e+00	2.55108497113090e+33
9.40000000000000e+00	2.56166934384603e+33
9.41000000000000e+00	2.57139824215415e+33
9.42000000000000e+00	2.58030771479846e+33
9.43000000000000e+00	2.58839778645262e+33
9.44000000000000e+00	2.59570411863133e+33
9.45000000000000e+00	2.60226303588161e+33
9.46000000000000e+00	2.60812520503488e+33
9.47000000000000e+00	2.61332277999907e+33
9.48000000000000e+00	2.61794741478626e+33
9.49000000000000e+00	2.62209717562786e+33
9.50000000000000e+00	2.62582729412691e+33
9.51000000000000e+00	2.62930055978918e+33
9.52000000000000e+00	2.63263500802442e+33
9.53000000000000e+00	2.63598231123270e+33
9.54000000000000e+00	2.63950325440745e+33
9.55000000000000e+00	2.64333948535179e+33
9.56000000000000e+00	2.64761551088732e+33
9.57000000000000e+00	2.65244351441232e+33
9.58000000000000e+00	2.65790398515290e+33
9.59000000000000e+00	2.66403099146277e+33
9.60000000000000e+00	2.67081170202983e+33
9.61000000000000e+00	2.67824410296083e+33
9.62000000000000e+00	2.68624999820840e+33
9.63000000000000e+00	2.69478679971199e+33
9.64000000000000e+00	2.70372694960901e+33
9.65000000000000e+00	2.71300196911124e+33
9.66000000000000e+00	2.72246225556224e+33
9.67000000000000e+00	2.73206116756294e+33
9.68000000000000e+00	2.74169451788195e+33
9.69000000000000e+00	2.75128112838228e+33
9.70000000000000e+00	2.76076215908127e+33
9.71000000000000e+00	2.77006685456769e+33
9.72000000000000e+00	2.77917819597500e+33
9.73000000000000e+00	2.78806509302361e+33
9.74000000000000e+00	2.79669157313924e+33
9.75000000000000e+00	2.80506742043703e+33
9.76000000000000e+00	2.81319480661327e+33
9.77000000000000e+00	2.82111748007345e+33
9.78000000000000e+00	2.82882375090222e+33
9.79000000000000e+00	2.83640472736580e+33
9.80000000000000e+00	2.84384774309160e+33
9.81000000000000e+00	2.85122255168987e+33
9.82000000000000e+00	2.85858444549760e+33
9.83000000000000e+00	2.86596807927534e+33
9.84000000000000e+00	2.87336713294955e+33
9.85000000000000e+00	2.88080253354820e+33
9.86000000000000e+00	2.88833970487434e+33
9.87000000000000e+00	2.89597703163228e+33
9.88000000000000e+00	2.90382896422311e+33
9.89000000000000e+00	2.91227056457568e+33
9.90000000000000e+00	2.92216728882103e+33
9.91000000000000e+00	2.93542401813477e+33
9.92000000000000e+00	2.95577495303977e+33
9.93000000000000e+00	2.98958193571530e+33
9.94000000000000e+00	3.04640278525821e+33
9.95000000000000e+00	3.13899054879298e+33
9.96000000000000e+00	3.28208036749365e+33
9.97000000000000e+00	3.49003478168619e+33
9.98000000000000e+00	3.77218381563878e+33
9.99000000000000e+00	4.12550839598008e+33
1.00000000000000e+01	4.52638929684054e+33
1.00100000000000e+01	4.92246799401459e+33
1.00200000000000e+01	5.22290411608986e+33
1.00300000000000e+01	5.31200636328219e+33
1.00400000000000e+01	5.10513039449915e+33
1.00500000000000e+01	4.61445652545895e+33
1.00600000000000e+01	3.95107448399325e+33
1.00700000000000e+01	3.25313863315011e+33
1.00800000000000e+01	2.61790011026320e+33
1.00900000000000e+01	2.08656098414704e+33
1.01000000000000e+01	1.66220949240289e+33
1.01100000000000e+01	1.33072469352258e+33
1.01200000000000e+01	1.07380612248354e+33
1.01300000000000e+01	8.74569399881833e+32
1.01400000000000e+01	7.19255669243064e+32
1.01500000000000e+01	5.97241983410939e+32
1.01600000000000e+01	5.00543924658638e+32
1.01700000000000e+01	4.23197052205243e+32
1.01800000000000e+01	3.60754878308536e+32
1.01900000000000e+01	3.09892935777304e+32
1.02000000000000e+01	2.68104495197551e+32
1.02100000000000e+01	2.33487170951858e+32
1.02200000000000e+01	2.04583995672929e+32
1.02300000000000e+01	1.80272872612538e+32
1.02400000000000e+01	1.59681360842924e+32
1.02500000000000e+01	1.42122331853564e+32
1.02600000000000e+01	1.27057645574615e+32
1.02700000000000e+01	1.14056754140005e+32
1.02800000000000e+01	1.02775719765068e+32
1.02900000000000e+01	9.29362850988819e+31
1.03000000000000e+01	8.43144573879706e+31
1.03100000000000e+01	7.67261159981462e+31
1.03200000000000e+01	7.00217228316439e+31
1.03300000000000e+01	6.40744227303918e+31
1.03400000000000e+01	5.87823399621679e+31
1.03500000000000e+01	5.40571024572119e+31
1.03600000000000e+01	4.98259189748740e+31
1.03700000000000e+01	4.60258676025352e+31
1.03800000000000e+01	4.26047094269593e+31
1.03900000000000e+01	3.95155413532610e+31
1.04000000000000e+01	3.67203515935365e+31
1.04100000000000e+01	3.41844386297929e+31
1.04200000000000e+01	3.18786440338359e+31
1.04300000000000e+01	2.97778151466548e+31
1.04400000000000e+01	2.78597930685617e+31
1.04500000000000e+01	2.61052986756653e+31
1.04600000000000e+01	2.44971355368575e+31
1.04700000000000e+01	2.30206416905027e+31
1.04800000000000e+01	2.16628724809922e+31
1.04900000000000e+01	2.04123683317512e+31
1.05000000000000e+01	1.92585718738947e+31
1.05100000000000e+01	1.81925677764117e+31
1.05200000000000e+01	1.72061095896707e+31
1.05300000000000e+01	1.62917071180159e+31
1.05400000000000e+01	1.54427691459901e+31
1.05500000000000e+01	1.46534669187769e+31
1.05600000000000e+01	1.39184778845954e+31
1.05700000000000e+01	1.32329075400258e+31
1.05800000000000e+01	1.25924033175733e+31
1.05900000000000e+01	1.19933657741749e+31
1.06000000000000e+01	1.14319706773074e+31
1.06100000000000e+01	1.09052964452136e+31
1.06200000000000e+01	1.04105761951363e+31
1.06300000000000e+01	9.94514429821946e+30
1.06400000000000e+01	9.50684121760935e+30
1.06500000000000e+01	9.09349667737168e+30
1.06600000000000e+01	8.70333712890674e+30
1.06700000000000e+01	8.33463098582538e+30
1.06800000000000e+01	7.98582558547458e+30
1.06900000000000e+01	7.65565985035792e+30
1.07000000000000e+01	7.34287633252235e+30
1.07100000000000e+01	7.04628158838383e+30
1.07200000000000e+01	6.76486663106832e+30
1.07300000000000e+01	6.49775646583599e+30
1.07400000000000e+01	6.24405940127227e+30
1.07500000000000e+01	6.00300451311384e+30
1.07600000000000e+01	5.77400326038236e+30
1.07700000000000e+01	5.55624351688300e+30
1.07800000000000e+01	5.34924061215777e+30
1.07900000000000e+01	5.15240575911216e+30
1.08000000000000e+01	4.96528173605453e+30
1.08100000000000e+01	4.78732530448874e+30
1.08200000000000e+01	4.61808561931296e+30
1.08300000000000e+01	4.45717236169328e+30
1.08400000000000e+01	4.30409188445962e+30
1.08500000000000e+01	4.15847309381238e+30
1.08600000000000e+01	4.01985168416895e+30
1.08700000000000e+01	3.88781973287716e+30
1.08800000000000e+01	3.76200695960056e+30
1.08900000000000e+01	3.64199864310087e+30
1.09000000000000e+01	3.52741447963528e+30
1.09100000000000e+01	3.41790094518348e+30
1.09200000000000e+01	3.31316520587329e+30
1.09300000000000e+01	3.21289274044801e+30
1.09400000000000e+01	3.11672158748226e+30
1.09500000000000e+01	3.02446050698130e+30
1.09600000000000e+01	2.93581923943432e+30
1.09700000000000e+01	2.85061492773477e+30
1.09800000000000e+01	2.76859955939249e+30
1.09900000000000e+01	2.68959375786428e+30
1.10000000000000e+01	2.61342640737235e+30
1.10100000000000e+01	2.53996224052797e+30
1.10200000000000e+01	2.46904695444891e+30
1.10300000000000e+01	2.40054646620148e+30
1.10400000000000e+01	2.33438820969410e+30
1.10500000000000e+01	2.27042002393273e+30
1.10600000000000e+01	2.20861319107564e+30
1.10700000000000e+01	2.14888807800358e+30
1.10800000000000e+01	2.09113869813986e+30
1.10900000000000e+01	2.03534142743635e+30
1.11000000000000e+01	1.98142510518255e+30
1.11100000000000e+01	1.92934069029304e+30
1.11200000000000e+01	1.87904096326302e+30
1.11300000000000e+01	1.83049645454789e+30
1.11400000000000e+01	1.78364470603354e+30
1.11500000000000e+01	1.73844048557409e+30
1.11600000000000e+01	1.69483648386348e+30
1.11700000000000e+01	1.65280118635971e+30
1.11800000000000e+01	1.61224593987587e+30
1.11900000000000e+01	1.57315689732063e+30
1.12000000000000e+01	1.53544877749220e+30
1.12100000000000e+01	1.49906714003803e+30
1.12200000000000e+01	1.46396148812004e+30
1.12300000000000e+01	1.43003328430514e+30
1.12400000000000e+01	1.39724622242460e+30
1.12500000000000e+01	1.36552751374598e+30
1.12600000000000e+01	1.33480590334830e+30
1.12700000000000e+01	1.30502703560031e+30
1.12800000000000e+01	1.27613499291985e+30
1.12900000000000e+01	1.24809143032869e+30
1.13000000000000e+01	1.22084121443768e+30
1.13100000000000e+01	1.19433046534910e+30
1.13200000000000e+01	1.16855045789574e+30
1.13300000000000e+01	1.14345812209907e+30
1.13400000000000e+01	1.11902788810581e+30
1.13500000000000e+01	1.09523377851161e+30
1.13600000000000e+01	1.07207249349975e+30
1.13700000000000e+01	1.04949469044995e+30
1.13800000000000e+01	1.02751185889677e+30
1.13900000000000e+01	1.00607950107767e+30
1.14000000000000e+01	9.85209624252136e+29
1.14100000000000e+01	9.64871925564908e+29
1.14200000000000e+01	9.45049068016481e+29
1.14300000000000e+01	9.25749549487227e+29
1.14400000000000e+01	9.06950627769868e+29
1.14500000000000e+01	8.88643442654178e+29
1.14600000000000e+01	8.70832694192902e+29
1.14700000000000e+01	8.53490797367378e+29
1.14800000000000e+01	8.36619894364692e+29
1.14900000000000e+01	8.20210778872164e+29
1.15000000000000e+01	8.04267431482720e+29
1.15100000000000e+01	7.88758970929208e+29
1.15200000000000e+01	7.73685110842493e+29
1.15300000000000e+01	7.59038612232406e+29
1.15400000000000e+01	7.44790701732114e+29
1.15500000000000e+01	7.30940846342206e+29
1.15600000000000e+01	7.17455992414273e+29
1.15700000000000e+01	7.04331325033639e+29
1.15800000000000e+01	6.91533308215347e+29
1.15900000000000e+01	6.79059076425011e+29
1.16000000000000e+01	6.66884118989666e+29
1.16100000000000e+01	6.54983827640673e+29
1.16200000000000e+01	6.43359814031530e+29
1.16300000000000e+01	6.31980880054314e+29
1.16400000000000e+01	6.20854351643365e+29
1.16500000000000e+01	6.09954158829938e+29
1.16600000000000e+01	5.99288271592396e+29
1.16700000000000e+01	5.88834133090832e+29
1.16800000000000e+01	5.78602138373134e+29
1.16900000000000e+01	5.68574506609048e+29
1.17000000000000e+01	5.58758152552191e+29
1.17100000000000e+01	5.49138011748130e+29
1.17200000000000e+01	5.39719131496648e+29
1.17300000000000e+01	5.30500212668670e+29
1.17400000000000e+01	5.21484147386298e+29
1.17500000000000e+01	5.12659616845773e+29
1.17600000000000e+01	5.04031129922948e+29
1.17700000000000e+01	4.95600614452937e+29
1.17800000000000e+01	4.87367229461630e+29
1.17900000000000e+01	4.79329210343116e+29
1.18000000000000e+01	4.71479829242178e+29
1.18100000000000e+01	4.63826926342888e+29
1.18200000000000e+01	4.56362351385377e+29
1.18300000000000e+01	4.49073250267661e+29
1.18400000000000e+01	4.41966809227261e+29
1.18500000000000e+01	4.35022469422943e+29
1.18600000000000e+01	4.28244209287799e+29
1.18700000000000e+01	4.21613319861158e+29
1.18800000000000e+01	4.15125992477295e+29
1.18900000000000e+01	4.08774749834129e+29
1.19000000000000e+01	4.02553571998758e+29
1.19100000000000e+01	3.96450141193549e+29
1.19200000000000e+01	3.90470587314122e+29
1.19300000000000e+01	3.84605647289518e+29
1.19400000000000e+01	3.78847485071211e+29
1.19500000000000e+01	3.73200226390428e+29
1.19600000000000e+01	3.67662404068408e+29
1.19700000000000e+01	3.62234414100348e+29
1.19800000000000e+01	3.56916095427979e+29
1.19900000000000e+01	3.51708628617443e+29
1.20000000000000e+01	3.46607400346957e+29
1.20100000000000e+01	3.41620815289742e+29
1.20200000000000e+01	3.36738195451962e+29
1.20300000000000e+01	3.31962372626158e+29
1.20400000000000e+01	3.27289850830494e+29
1.20500000000000e+01	3.22714795253166e+29
1.20600000000000e+01	3.18232240362502e+29
1.20700000000000e+01	3.13832264665588e+29
1.20800000000000e+01	3.09512468113622e+29
1.20900000000000e+01	3.05265442239711e+29
1.21000000000000e+01	3.01085329250595e+29
1.21100000000000e+01	2.96967792502468e+29
1.21200000000000e+01	2.92906576839809e+29
1.21300000000000e+01	2.88895587528339e+29
1.21400000000000e+01	2.84937157818264e+29
1.21500000000000e+01	2.81029197367217e+29
1.21600000000000e+01	2.77173670712729e+29
1.21700000000000e+01	2.73371538964718e+29
1.21800000000000e+01	2.69621541995475e+29
1.21900000000000e+01	2.65931347544198e+29
1.22000000000000e+01	2.62303788660599e+29
1.22100000000000e+01	2.58741941808813e+29
1.22200000000000e+01	2.55248746408266e+29
1.22300000000000e+01	2.51823736642948e+29
1.22400000000000e+01	2.48471141204622e+29
1.22500000000000e+01	2.45191071243108e+29
1.22600000000000e+01	2.41982684827957e+29
1.22700000000000e+01	2.38840481605392e+29
1.22800000000000e+01	2.35764982856196e+29
1.22900000000000e+01	2.32752209970812e+29
1.23000000000000e+01	2.29799132047030e+29
1.23100000000000e+01	2.26897615687834e+29
1.23200000000000e+01	2.24050427552446e+29
1.23300000000000e+01	2.21247624790115e+29
1.23400000000000e+01	2.18486290478581e+29
1.23500000000000e+01	2.15769483693703e+29
1.23600000000000e+01	2.13089811158135e+29
1.23700000000000e+01	2.10448150089904e+29
1.23800000000000e+01	2.07844615078247e+29
1.23900000000000e+01	2.05274530141496e+29
1.24000000000000e+01	2.02740356776340e+29
1.24100000000000e+01	2.00241115342552e+29
1.24200000000000e+01	1.97776363171548e+29
1.24300000000000e+01	1.95342503972603e+29
1.24400000000000e+01	1.92941254545025e+29
1.24500000000000e+01	1.90571833646074e+29
1.24600000000000e+01	1.88234059911691e+29
1.24700000000000e+01	1.85924518277766e+29
1.24800000000000e+01	1.83645812019798e+29
1.24900000000000e+01	1.81398577223101e+29
1.25000000000000e+01	1.79180923501350e+29
1.25100000000000e+01	1.76996376646223e+29
1.25200000000000e+01	1.74846144866217e+29
1.25300000000000e+01	1.72728978350822e+29
1.25400000000000e+01	1.70648946213866e+29
1.25500000000000e+01	1.68606884596787e+29
1.25600000000000e+01	1.66604722099171e+29
1.25700000000000e+01	1.64639958018451e+29
1.25800000000000e+01	1.62715831429685e+29
1.25900000000000e+01	1.60831706167725e+29
1.26000000000000e+01	1.58985807307647e+29
1.26100000000000e+01	1.57179056909061e+29
1.26200000000000e+01	1.55407721176755e+29
1.26300000000000e+01	1.53675351247014e+29
1.26400000000000e+01	1.51974871045565e+29
1.26500000000000e+01	1.50304744678144e+29
1.26600000000000e+01	1.48666609203310e+29
1.26700000000000e+01	1.47052286544356e+29
1.26800000000000e+01	1.45465310300651e+29
1.26900000000000e+01	1.43899873056139e+29
1.27000000000000e+01	1.42355559927560e+29
1.27100000000000e+01	1.40831126325462e+29
1.27200000000000e+01	1.39323358031570e+29
1.27300000000000e+01	1.37833968858142e+29
1.27400000000000e+01	1.36360534312765e+29
1.27500000000000e+01	1.34906960370264e+29
1.27600000000000e+01	1.33468365430232e+29
1.27700000000000e+01	1.32051842152936e+29
1.27800000000000e+01	1.30653587973981e+29
1.27900000000000e+01	1.29277280643550e+29
1.28000000000000e+01	1.27920979671949e+29
1.28100000000000e+01	1.26587922415206e+29
1.28200000000000e+01	1.25278002658137e+29
1.28300000000000e+01	1.23988581126322e+29
1.28400000000000e+01	1.22720969322907e+29
1.28500000000000e+01	1.21472677771913e+29
1.28600000000000e+01	1.20243989062937e+29
1.28700000000000e+01	1.19033100132074e+29
1.28800000000000e+01	1.17836907912493e+29
1.28900000000000e+01	1.16655912023505e+29
1.29000000000000e+01	1.15488311989323e+29
1.29100000000000e+01	1.14331843666419e+29
1.29200000000000e+01	1.13187237948550e+29
1.29300000000000e+01	1.12052592154363e+29
1.29400000000000e+01	1.10929183731841e+29
1.29500000000000e+01	1.09815688987884e+29
1.29600000000000e+01	1.08715574996254e+29
1.29700000000000e+01	1.07624379943626e+29
1.29800000000000e+01	1.06546847303664e+29
1.29900000000000e+01	1.05478753804165e+29
1.30000000000000e+01	1.04424922001947e+29
1.30100000000000e+01	1.03382005576180e+29
1.30200000000000e+01	1.02351453065678e+29
1.30300000000000e+01	1.01331545895873e+29
1.30400000000000e+01	1.00323656599296e+29
1.30500000000000e+01	9.93259338345755e+28
1.30600000000000e+01	9.83399499288331e+28
1.30700000000000e+01	9.73653662680037e+28
1.30800000000000e+01	9.64013397508189e+28
1.30900000000000e+01	9.54498589963358e+28
1.31000000000000e+01	9.45101108444140e+28
1.31100000000000e+01	9.35840178143413e+28
1.31200000000000e+01	9.26710028012256e+28
1.31300000000000e+01	9.17733241042920e+28
1.31400000000000e+01	9.08899640592997e+28
1.31500000000000e+01	9.00243962531331e+28
1.31600000000000e+01	8.91722571875679e+28
1.31700000000000e+01	8.83360987358277e+28
1.31800000000000e+01	8.75154371596749e+28
1.31900000000000e+01	8.67080215069894e+28
1.32000000000000e+01	8.59144329982564e+28
1.32100000000000e+01	8.51314425821985e+28
1.32200000000000e+01	8.43596298712905e+28
1.32300000000000e+01	8.35973604433954e+28
1.32400000000000e+01	8.28421208560888e+28
1.32500000000000e+01	8.20930790883210e+28
1.32600000000000e+01	8.13503846715937e+28
1.32700000000000e+01	8.06139122098865e+28
1.32800000000000e+01	7.98817431521894e+28
1.32900000000000e+01	7.91554513582745e+28
1.33000000000000e+01	7.84336439178337e+28
1.33100000000000e+01	7.77179129219524e+28
1.33200000000000e+01	7.70074050865992e+28
1.33300000000000e+01	7.63033267767895e+28
1.33400000000000e+01	7.56046999988430e+28
1.33500000000000e+01	7.49131706742121e+28
1.33600000000000e+01	7.42270833283432e+28
1.33700000000000e+01	7.35479725373113e+28
1.33800000000000e+01	7.28740414928087e+28
1.33900000000000e+01	7.22065594660460e+28
1.34000000000000e+01	7.15442139535110e+28
1.34100000000000e+01	7.08880530862397e+28
1.34200000000000e+01	7.02376044750562e+28
1.34300000000000e+01	6.95907551997561e+28
1.34400000000000e+01	6.89506784490113e+28
1.34500000000000e+01	6.83149608124269e+28
1.34600000000000e+01	6.76838014809438e+28
1.34700000000000e+01	6.70582527105255e+28
1.34800000000000e+01	6.64366473334188e+28
1.34900000000000e+01	6.58203713983781e+28
1.35000000000000e+01	6.52091170607780e+28
1.35100000000000e+01	6.46016381947851e+28
1.35200000000000e+01	6.39981835475371e+28
1.35300000000000e+01	6.33996382609925e+28
1.35400000000000e+01	6.28055250111747e+28
1.35500000000000e+01	6.22168637694073e+28
1.35600000000000e+01	6.16337766307105e+28
1.35700000000000e+01	6.10579120526157e+28
1.35800000000000e+01	6.04892431065060e+28
1.35900000000000e+01	5.99296882890921e+28
1.36000000000000e+01	5.93790972766623e+28
1.36100000000000e+01	5.88394924033248e+28
1.36200000000000e+01	5.83102545767414e+28
1.36300000000000e+01	5.77928857132770e+28
1.36400000000000e+01	5.72862949707241e+28
1.36500000000000e+01	5.67904640214120e+28
1.36600000000000e+01	5.63056264114216e+28
1.36700000000000e+01	5.58311988993837e+28
1.36800000000000e+01	5.53656516565072e+28
1.36900000000000e+01	5.49079520396748e+28
1.37000000000000e+01	5.44582018192031e+28
1.37100000000000e+01	5.40148399538855e+28
1.37200000000000e+01	5.35781344490215e+28
1.37300000000000e+01	5.31466106336535e+28
1.37400000000000e+01	5.27208436142920e+28
1.37500000000000e+01	5.22998844986140e+28
1.37600000000000e+01	5.18841354071151e+28
1.37700000000000e+01	5.14729419927326e+28
1.37800000000000e+01	5.10667899346559e+28
1.37900000000000e+01	5.06639918906891e+28
1.38000000000000e+01	5.02669990723021e+28
1.38100000000000e+01	4.98738633830093e+28
1.38200000000000e+01	4.94841808751863e+28
1.38300000000000e+01	4.90987162606161e+28
1.38400000000000e+01	4.87161636776168e+28
1.38500000000000e+01	4.83371173296247e+28
1.38600000000000e+01	4.79601991512536e+28
1.38700000000000e+01	4.75854131399390e+28
1.38800000000000e+01	4.72134528617689e+28
1.38900000000000e+01	4.68432114762636e+28
1.39000000000000e+01	4.64757976649911e+28
1.39100000000000e+01	4.61105314268045e+28
1.39200000000000e+01	4.57481845490239e+28
1.39300000000000e+01	4.53885668715141e+28
1.39400000000000e+01	4.50326173283313e+28
1.39500000000000e+01	4.46798622862222e+28
1.39600000000000e+01	4.43305432045692e+28
1.39700000000000e+01	4.39855762375477e+28
1.39800000000000e+01	4.36443990506601e+28
1.39900000000000e+01	4.33069084007504e+28
1.40000000000000e+01	4.29738881986629e+28
1.40100000000000e+01	4.26452940801035e+28
1.40200000000000e+01	4.23202078567121e+28
1.40300000000000e+01	4.19983986979433e+28
1.40400000000000e+01	4.16806364869284e+28
1.40500000000000e+01	4.13658506013802e+28
1.40600000000000e+01	4.10539533219723e+28
1.40700000000000e+01	4.07456121420173e+28
1.40800000000000e+01	4.04400061612931e+28
1.40900000000000e+01	4.01379667955040e+28
1.41000000000000e+01	3.98384716647190e+28
1.41100000000000e+01	3.95424114296912e+28
1.41200000000000e+01	3.92489190578491e+28
1.41300000000000e+01	3.89578400603186e+28
1.41400000000000e+01	3.86700251026621e+28
1.41500000000000e+01	3.83842504180004e+28
1.41600000000000e+01	3.81006997489467e+28
1.41700000000000e+01	3.78196628451989e+28
1.41800000000000e+01	3.75409767914225e+28
1.41900000000000e+01	3.72630353821604e+28
1.42000000000000e+01	3.69872138204708e+28
1.42100000000000e+01	3.67131210929482e+28
1.42200000000000e+01	3.64401901021946e+28
1.42300000000000e+01	3.61683460053122e+28
1.42400000000000e+01	3.58982164198324e+28
1.42500000000000e+01	3.56292388263440e+28
1.42600000000000e+01	3.53613218668973e+28
1.42700000000000e+01	3.50954513757686e+28
1.42800000000000e+01	3.48308888362423e+28
1.42900000000000e+01	3.45685025110044e+28
1.43000000000000e+01	3.43076567231493e+28
1.43100000000000e+01	3.40485696601930e+28
1.43200000000000e+01	3.37918674653970e+28
1.43300000000000e+01	3.35370202226966e+28
1.43400000000000e+01	3.32843282432998e+28
1.43500000000000e+01	3.30343985529683e+28
1.43600000000000e+01	3.27866960433430e+28
1.43700000000000e+01	3.25418989163016e+28
1.43800000000000e+01	3.22997319709085e+28
1.43900000000000e+01	3.20600232597605e+28
1.44000000000000e+01	3.18229515654668e+28
1.44100000000000e+01	3.15896572626289e+28
1.44200000000000e+01	3.13583642544094e+28
1.44300000000000e+01	3.11302421802626e+28
1.44400000000000e+01	3.09044809790097e+28
1.44500000000000e+01	3.06810365701407e+28
1.44600000000000e+01	3.04604462539076e+28
1.44700000000000e+01	3.02419001495427e+28
1.44800000000000e+01	3.00259436873356e+28
1.44900000000000e+01	2.98118026317563e+28
1.45000000000000e+01	2.95993790114720e+28
1.45100000000000e+01	2.93892377109607e+28
1.45200000000000e+01	2.91806401936804e+28
1.45300000000000e+01	2.89734230527488e+28
1.45400000000000e+01	2.87681488071416e+28
1.45500000000000e+01	2.85641885619109e+28
1.45600000000000e+01	2.83613041135987e+28
1.45700000000000e+01	2.81601513720167e+28
1.45800000000000e+01	2.79599662970744e+28
1.45900000000000e+01	2.77607131417742e+28
1.46000000000000e+01	2.75628298816004e+28
1.46100000000000e+01	2.73657844706650e+28
1.46200000000000e+01	2.71701293663141e+28
1.46300000000000e+01	2.69746877154374e+28
1.46400000000000e+01	2.67806592486542e+28
1.46500000000000e+01	2.65880334109883e+28
1.46600000000000e+01	2.63963793262174e+28
1.46700000000000e+01	2.62057987355806e+28
1.46800000000000e+01	2.60163147040166e+28
1.46900000000000e+01	2.58286093390608e+28
1.47000000000000e+01	2.56422599008034e+28
1.47100000000000e+01	2.54577717625469e+28
1.47200000000000e+01	2.52748486917514e+28
1.47300000000000e+01	2.50935404391561e+28
1.47400000000000e+01	2.49137979163705e+28
1.47500000000000e+01	2.47362794762161e+28
1.47600000000000e+01	2.45604170632458e+28
1.47700000000000e+01	2.43868399064696e+28
1.47800000000000e+01	2.42144921121115e+28
1.47900000000000e+01	2.40447999835208e+28
1.48000000000000e+01	2.38764409310704e+28
1.48100000000000e+01	2.37103316803298e+28
1.48200000000000e+01	2.35458811617547e+28
1.48300000000000e+01	2.33831026382946e+28
1.48400000000000e+01	2.32224636573257e+28
1.48500000000000e+01	2.30634586008036e+28
1.48600000000000e+01	2.29060379265796e+28
1.48700000000000e+01	2.27501972212678e+28
1.48800000000000e+01	2.25957891479236e+28
1.48900000000000e+01	2.24426553352775e+28
1.49000000000000e+01	2.22908949226473e+28
1.49100000000000e+01	2.21401531611050e+28
1.49200000000000e+01	2.19906175460564e+28
1.49300000000000e+01	2.18420285644312e+28
1.49400000000000e+01	2.16944825563071e+28
1.49500000000000e+01	2.15479640639280e+28
1.49600000000000e+01	2.14025361713983e+28
1.49700000000000e+01	2.12581833564492e+28
1.49800000000000e+01	2.11149972308105e+28
1.49900000000000e+01	2.09729370730042e+28
1.50000000000000e+01	2.08320758025829e+28
1.50100000000000e+01	2.06924999243281e+28
1.50200000000000e+01	2.05542531610663e+28
1.50300000000000e+01	2.04171892574643e+28
1.50400000000000e+01	2.02814991780984e+28
1.50500000000000e+01	2.01470195571810e+28
1.50600000000000e+01	2.00138336851872e+28
1.50700000000000e+01	1.98819001250117e+28
1.50800000000000e+01	1.97511180652149e+28
1.50900000000000e+01	1.96216682676495e+28
1.51000000000000e+01	1.94933302398857e+28
1.51100000000000e+01	1.93661787143810e+28
1.51200000000000e+01	1.92401884687117e+28
1.51300000000000e+01	1.91154237879093e+28
1.51400000000000e+01	1.89917109462049e+28
1.51500000000000e+01	1.88690497261370e+28
1.51600000000000e+01	1.87474005720960e+28
1.51700000000000e+01	1.86267260435762e+28
1.51800000000000e+01	1.85070104532031e+28
1.51900000000000e+01	1.83881945023773e+28
1.52000000000000e+01	1.82702428217555e+28
1.52100000000000e+01	1.81531694199464e+28
1.52200000000000e+01	1.80369049446583e+28
1.52300000000000e+01	1.79215519201692e+28
1.52400000000000e+01	1.78070744226348e+28
1.52500000000000e+01	1.76934387218899e+28
1.52600000000000e+01	1.75807313201285e+28
1.52700000000000e+01	1.74689367153294e+28
1.52800000000000e+01	1.73580929703225e+28
1.52900000000000e+01	1.72481868964098e+28
1.53000000000000e+01	1.71392637789597e+28
1.53100000000000e+01	1.70312569932863e+28
1.53200000000000e+01	1.69241649918545e+28
1.53300000000000e+01	1.68180505549153e+28
1.53400000000000e+01	1.67127860156813e+28
1.53500000000000e+01	1.66083974510507e+28
1.53600000000000e+01	1.65048246029869e+28
1.53700000000000e+01	1.64020803594814e+28
1.53800000000000e+01	1.63001482460715e+28
1.53900000000000e+01	1.61990108267097e+28
1.54000000000000e+01	1.60985709325811e+28
1.54100000000000e+01	1.59989507903042e+28
1.54200000000000e+01	1.59000436025238e+28
1.54300000000000e+01	1.58018531861745e+28
1.54400000000000e+01	1.57043597689569e+28
1.54500000000000e+01	1.56076000126070e+28
1.54600000000000e+01	1.55115225758514e+28
1.54700000000000e+01	1.54161323903834e+28
1.54800000000000e+01	1.53214140128338e+28
1.54900000000000e+01	1.52273318689593e+28
1.55000000000000e+01	1.51339692436772e+28
1.55100000000000e+01	1.50412363107717e+28
1.55200000000000e+01	1.49492020064180e+28
1.55300000000000e+01	1.48578602124753e+28
1.55400000000000e+01	1.47671858264681e+28
1.55500000000000e+01	1.46772515560945e+28
1.55600000000000e+01	1.45879626021392e+28
1.55700000000000e+01	1.44994595602327e+28
1.55800000000000e+01	1.44116291269861e+28
1.55900000000000e+01	1.43244620004719e+28
1.56000000000000e+01	1.42380228997934e+28
1.56100000000000e+01	1.41523004919204e+28
1.56200000000000e+01	1.40672511009778e+28
1.56300000000000e+01	1.39828249030548e+28
1.56400000000000e+01	1.38991188861892e+28
1.56500000000000e+01	1.38159954706632e+28
1.56600000000000e+01	1.37336290973363e+28
1.56700000000000e+01	1.36518391105188e+28
1.56800000000000e+01	1.35707960281720e+28
1.56900000000000e+01	1.34903137035965e+28
1.57000000000000e+01	1.34105474038157e+28
1.57100000000000e+01	1.33313402511251e+28
1.57200000000000e+01	1.32527918697674e+28
1.57300000000000e+01	1.31747352314176e+28
1.57400000000000e+01	1.30972647181000e+28
1.57500000000000e+01	1.30201751694642e+28
1.57600000000000e+01	1.29435808278049e+28
1.57700000000000e+01	1.28673860364908e+28
1.57800000000000e+01	1.27915961449523e+28
1.57900000000000e+01	1.27161420021745e+28
1.58000000000000e+01	1.26411531650406e+28
1.58100000000000e+01	1.25665151876620e+28
1.58200000000000e+01	1.24923679760049e+28
1.58300000000000e+01	1.24186836775444e+28
1.58400000000000e+01	1.23454942472444e+28
1.58500000000000e+01	1.22728917972673e+28
1.58600000000000e+01	1.22008652421363e+28
1.58700000000000e+01	1.21294091589974e+28
1.58800000000000e+01	1.20586010025772e+28
1.58900000000000e+01	1.19883516485297e+28
1.59000000000000e+01	1.19186675862741e+28
1.59100000000000e+01	1.18495657837398e+28
1.59200000000000e+01	1.17809821332331e+28
1.59300000000000e+01	1.17129516314158e+28
1.59400000000000e+01	1.16453522603069e+28
1.59500000000000e+01	1.15781975101199e+28
1.59600000000000e+01	1.15115005647078e+28
1.59700000000000e+01	1.14452216945894e+28
1.59800000000000e+01	1.13793558583748e+28
1.59900000000000e+01	1.13138592414032e+28
1.60000000000000e+01	1.12487516539157e+28
1.60100000000000e+01	1.11841182256224e+28
1.60200000000000e+01	1.11198210628305e+28
1.60300000000000e+01	1.10559602388400e+28
1.60400000000000e+01	1.09925241640829e+28
1.60500000000000e+01	1.09295246004964e+28
1.60600000000000e+01	1.08670070914693e+28
1.60700000000000e+01	1.08049714637131e+28
1.60800000000000e+01	1.07433924280131e+28
1.60900000000000e+01	1.06822987507569e+28
1.61000000000000e+01	1.06217325427698e+28
1.61100000000000e+01	1.05615576022362e+28
1.61200000000000e+01	1.05018637489184e+28
1.61300000000000e+01	1.04425616017630e+28
1.61400000000000e+01	1.03836748849305e+28
1.61500000000000e+01	1.03250920346386e+28
1.61600000000000e+01	1.02668648169923e+28
1.61700000000000e+01	1.02088844380755e+28
1.61800000000000e+01	1.01511666717070e+28
1.61900000000000e+01	1.00937043641171e+28
1.62000000000000e+01	1.00364375261586e+28
1.62100000000000e+01	9.97942707447526e+27
1.62200000000000e+01	9.92266341359622e+27
1.62300000000000e+01	9.86607858078107e+27
1.62400000000000e+01	9.80980195668849e+27
1.62500000000000e+01	9.75384941211534e+27
1.62600000000000e+01	9.69813106419582e+27
1.62700000000000e+01	9.64271266240021e+27
1.62800000000000e+01	9.58765222350602e+27
1.62900000000000e+01	9.53289564383220e+27
1.63000000000000e+01	9.47844208845987e+27
1.63100000000000e+01	9.42432482225827e+27
1.63200000000000e+01	9.37047602508363e+27
1.63300000000000e+01	9.31687501105736e+27
1.63400000000000e+01	9.26353194156730e+27
1.63500000000000e+01	9.21045055960021e+27
1.63600000000000e+01	9.15751511491734e+27
1.63700000000000e+01	9.10473723021228e+27
1.63800000000000e+01	9.05216489506428e+27
1.63900000000000e+01	8.99970022027518e+27
1.64000000000000e+01	8.94740305647587e+27
1.64100000000000e+01	8.89524726717038e+27
1.64200000000000e+01	8.84322070329258e+27
1.64300000000000e+01	8.79144506457605e+27
1.64400000000000e+01	8.73993461578471e+27
1.64500000000000e+01	8.68869170507414e+27
1.64600000000000e+01	8.63790010324928e+27
1.64700000000000e+01	8.58760533210781e+27
1.64800000000000e+01	8.53792619724993e+27
1.64900000000000e+01	8.48895316805371e+27
1.65000000000000e+01	8.44079165741280e+27
1.65100000000000e+01	8.39354303735287e+27
1.65200000000000e+01	8.34729398164443e+27
1.65300000000000e+01	8.30207625670841e+27
1.65400000000000e+01	8.25786477283385e+27
1.65500000000000e+01	8.21471084448624e+27
1.65600000000000e+01	8.17252622353948e+27
1.65700000000000e+01	8.13126477190986e+27
1.65800000000000e+01	8.09081799369828e+27
1.65900000000000e+01	8.05110675263288e+27
1.66000000000000e+01	8.01196941650910e+27
1.66100000000000e+01	7.97332800709524e+27
1.66200000000000e+01	7.93506097716679e+27
1.66300000000000e+01	7.89708403260480e+27
1.66400000000000e+01	7.85932361527407e+27
1.66500000000000e+01	7.82176107357056e+27
1.66600000000000e+01	7.78436942073286e+27
1.66700000000000e+01	7.74712847479164e+27
1.66800000000000e+01	7.71006578094133e+27
1.66900000000000e+01	7.67319914490609e+27
1.67000000000000e+01	7.63660498802406e+27
1.67100000000000e+01	7.60029466000263e+27
1.67200000000000e+01	7.56427088805242e+27
1.67300000000000e+01	7.52860630108390e+27
1.67400000000000e+01	7.49325963782245e+27
1.67500000000000e+01	7.45823599454775e+27
1.67600000000000e+01	7.42353461766780e+27
1.67700000000000e+01	7.38912425596791e+27
1.67800000000000e+01	7.35499189018870e+27
1.67900000000000e+01	7.32105581146010e+27
1.68000000000000e+01	7.28730527539919e+27
1.68100000000000e+01	7.25370474589361e+27
1.68200000000000e+01	7.22020220633958e+27
1.68300000000000e+01	7.18677562132010e+27
1.68400000000000e+01	7.15340820542223e+27
1.68500000000000e+01	7.12008833125826e+27
1.68600000000000e+01	7.08674835959438e+27
1.68700000000000e+01	7.05344595256914e+27
1.68800000000000e+01	7.02010419560885e+27
1.68900000000000e+01	6.98676886374239e+27
1.69000000000000e+01	6.95341082203071e+27
1.69100000000000e+01	6.92007856257508e+27
1.69200000000000e+01	6.88672964751290e+27
1.69300000000000e+01	6.85340186512433e+27
1.69400000000000e+01	6.82011796018152e+27
1.69500000000000e+01	6.78688378394246e+27
1.69600000000000e+01	6.75371079452532e+27
1.69700000000000e+01	6.72067185311018e+27
1.69800000000000e+01	6.68775778165823e+27
1.69900000000000e+01	6.65504506914118e+27
1.70000000000000e+01	6.62252523631959e+27
1.70100000000000e+01	6.59028080031726e+27
1.70200000000000e+01	6.55829688294837e+27
1.70300000000000e+01	6.52658515151466e+27
1.70400000000000e+01	6.49522654740323e+27
1.70500000000000e+01	6.46418080088816e+27
1.70600000000000e+01	6.43345390442362e+27
1.70700000000000e+01	6.40301331281866e+27
1.70800000000000e+01	6.37289243578351e+27
1.70900000000000e+01	6.34303563633430e+27
1.71000000000000e+01	6.31343928796933e+27
1.71100000000000e+01	6.28408734122298e+27
1.71200000000000e+01	6.25496049787747e+27
1.71300000000000e+01	6.22604701219440e+27
1.71400000000000e+01	6.19733640513669e+27
1.71500000000000e+01	6.16880485090050e+27
1.71600000000000e+01	6.14046394145530e+27
1.71700000000000e+01	6.11230680415669e+27
1.71800000000000e+01	6.08431004174301e+27
1.71900000000000e+01	6.05648368988453e+27
1.72000000000000e+01	6.02880032846136e+27
1.72100000000000e+01	6.00128386589336e+27
1.72200000000000e+01	5.97389070965886e+27
1.72300000000000e+01	5.94659212871814e+27
1.72400000000000e+01	5.91943330491295e+27
1.72500000000000e+01	5.89237770840706e+27
1.72600000000000e+01	5.86538634719785e+27
1.72700000000000e+01	5.83851727248130e+27
1.72800000000000e+01	5.81173789494849e+27
1.72900000000000e+01	5.78507419658484e+27
1.73000000000000e+01	5.75851842865540e+27
1.73100000000000e+01	5.73209163566929e+27
1.73200000000000e+01	5.70576359771986e+27
1.73300000000000e+01	5.67957432283941e+27
1.73400000000000e+01	5.65349635246821e+27
1.73500000000000e+01	5.62755818490684e+27
1.73600000000000e+01	5.60170337239424e+27
1.73700000000000e+01	5.57596947056141e+27
1.73800000000000e+01	5.55031537866457e+27
1.73900000000000e+01	5.52473377497734e+27
1.74000000000000e+01	5.49925030940596e+27
1.74100000000000e+01	5.47381793241321e+27
1.74200000000000e+01	5.44848614743544e+27
1.74300000000000e+01	5.42321516432938e+27
1.74400000000000e+01	5.39806073657707e+27
1.74500000000000e+01	5.37300646937165e+27
1.74600000000000e+01	5.34807635280473e+27
1.74700000000000e+01	5.32327002600170e+27
1.74800000000000e+01	5.29859554126036e+27
1.74900000000000e+01	5.27409169458003e+27
1.75000000000000e+01	5.24973493112985e+27
1.75100000000000e+01	5.22552425288822e+27
1.75200000000000e+01	5.20147489282540e+27
1.75300000000000e+01	5.17756878306133e+27
1.75400000000000e+01	5.15381654271529e+27
1.75500000000000e+01	5.13021398894020e+27
1.75600000000000e+01	5.10674121848786e+27
1.75700000000000e+01	5.08339409028385e+27
1.75800000000000e+01	5.06018139448750e+27
1.75900000000000e+01	5.03710131046850e+27
1.76000000000000e+01	5.01413831366891e+27
1.76100000000000e+01	4.99129054548151e+27
1.76200000000000e+01	4.96858454015701e+27
1.76300000000000e+01	4.94597655217594e+27
1.76400000000000e+01	4.92349264516945e+27
1.76500000000000e+01	4.90113223654589e+27
1.76600000000000e+01	4.87887500214668e+27
1.76700000000000e+01	4.85672122549466e+27
1.76800000000000e+01	4.83467741153519e+27
1.76900000000000e+01	4.81274331934841e+27
1.77000000000000e+01	4.79089994417242e+27
1.77100000000000e+01	4.76914684345048e+27
1.77200000000000e+01	4.74749390883134e+27
1.77300000000000e+01	4.72594238745158e+27
1.77400000000000e+01	4.70446450488771e+27
1.77500000000000e+01	4.68310329068976e+27
1.77600000000000e+01	4.66181910907867e+27
1.77700000000000e+01	4.64065404065557e+27
1.77800000000000e+01	4.61957210287975e+27
1.77900000000000e+01	4.59860064098508e+27
1.78000000000000e+01	4.57774377270340e+27
1.78100000000000e+01	4.55698910991292e+27
1.78200000000000e+01	4.53633994909005e+27
1.78300000000000e+01	4.51581303625866e+27
1.78400000000000e+01	4.49539668679932e+27
1.78500000000000e+01	4.47510644623320e+27
1.78600000000000e+01	4.45493437734506e+27
1.78700000000000e+01	4.43488250346666e+27
1.78800000000000e+01	4.41497162116954e+27
1.78900000000000e+01	4.39520432309866e+27
1.79000000000000e+01	4.37555993624016e+27
1.79100000000000e+01	4.35607152876350e+27
1.79200000000000e+01	4.33673899182244e+27
1.79300000000000e+01	4.31755685375867e+27
1.79400000000000e+01	4.29852256576913e+27
1.79500000000000e+01	4.27965046686396e+27
1.79600000000000e+01	4.26092435524518e+27
1.79700000000000e+01	4.24233837083115e+27
1.79800000000000e+01	4.22389658124713e+27
1.79900000000000e+01	4.20557825785834e+27
1.80000000000000e+01	4.18738328760419e+27
1.80100000000000e+01	4.16928832728887e+27
1.80200000000000e+01	4.15128217693199e+27
1.80300000000000e+01	4.13336414613141e+27
1.80400000000000e+01	4.11551357388666e+27
1.80500000000000e+01	4.09772273699494e+27
1.80600000000000e+01	4.07999533106679e+27
1.80700000000000e+01	4.06231915954722e+27
1.80800000000000e+01	4.04469210992888e+27
1.80900000000000e+01	4.02712840067416e+27
1.81000000000000e+01	4.00961933155211e+27
1.81100000000000e+01	3.99217054256755e+27
1.81200000000000e+01	3.97479896338221e+27
1.81300000000000e+01	3.95749862063889e+27
1.81400000000000e+01	3.94027594677014e+27
1.81500000000000e+01	3.92314707215070e+27
1.81600000000000e+01	3.90610261520938e+27
1.81700000000000e+01	3.88915861569706e+27
1.81800000000000e+01	3.87229156764022e+27
1.81900000000000e+01	3.85552512961351e+27
1.82000000000000e+01	3.83884931560300e+27
1.82100000000000e+01	3.82227288173770e+27
1.82200000000000e+01	3.80578751171445e+27
1.82300000000000e+01	3.78939095876688e+27
1.82400000000000e+01	3.77309684382259e+27
1.82500000000000e+01	3.75688274992760e+27
1.82600000000000e+01	3.74077429150909e+27
1.82700000000000e+01	3.72477192412020e+27
1.82800000000000e+01	3.70885488150056e+27
1.82900000000000e+01	3.69304623990592e+27
1.83000000000000e+01	3.67733203776008e+27
1.83100000000000e+01	3.66172126460799e+27
1.83200000000000e+01	3.64618750191258e+27
1.83300000000000e+01	3.63074922103492e+27
1.83400000000000e+01	3.61539835579118e+27
1.83500000000000e+01	3.60010916213924e+27
1.83600000000000e+01	3.58489733904726e+27
1.83700000000000e+01	3.56974602825504e+27
1.83800000000000e+01	3.55465457745667e+27
1.83900000000000e+01	3.53963158328157e+27
1.84000000000000e+01	3.52465346709008e+27
1.84100000000000e+01	3.50974452138839e+27
1.84200000000000e+01	3.49490610238199e+27
1.84300000000000e+01	3.48011986008367e+27
1.84400000000000e+01	3.46540882839176e+27
1.84500000000000e+01	3.45076353566104e+27
1.84600000000000e+01	3.43618571995312e+27
1.84700000000000e+01	3.42167529330296e+27
1.84800000000000e+01	3.40724239280394e+27
1.84900000000000e+01	3.39287614327780e+27
1.85000000000000e+01	3.37857337881964e+27
1.85100000000000e+01	3.36433453117773e+27
1.85200000000000e+01	3.35017010990763e+27
1.85300000000000e+01	3.33605799042504e+27
1.85400000000000e+01	3.32202161421828e+27
1.85500000000000e+01	3.30804944260921e+27
1.85600000000000e+01	3.29415467911178e+27
1.85700000000000e+01	3.28031856123532e+27
1.85800000000000e+01	3.26656230202128e+27
1.85900000000000e+01	3.25287697559213e+27
1.86000000000000e+01	3.23926364631602e+27
1.86100000000000e+01	3.22572168962000e+27
1.86200000000000e+01	3.21226028319682e+27
1.86300000000000e+01	3.19885899999875e+27
1.86400000000000e+01	3.18553556386850e+27
1.86500000000000e+01	3.17227726925012e+27
1.86600000000000e+01	3.15908403494850e+27
1.86700000000000e+01	3.14595059646799e+27
1.86800000000000e+01	3.13288740187579e+27
1.86900000000000e+01	3.11988070009385e+27
1.87000000000000e+01	3.10691934625208e+27
1.87100000000000e+01	3.09402323337021e+27
1.87200000000000e+01	3.08119231124090e+27
1.87300000000000e+01	3.06840399058601e+27
1.87400000000000e+01	3.05567235756556e+27
1.87500000000000e+01	3.04300562898013e+27
1.87600000000000e+01	3.03039717391025e+27
1.87700000000000e+01	3.01784642614284e+27
1.87800000000000e+01	3.00535658173339e+27
1.87900000000000e+01	2.99292750051166e+27
1.88000000000000e+01	2.98056167324521e+27
1.88100000000000e+01	2.96825720481628e+27
1.88200000000000e+01	2.95602631104978e+27
1.88300000000000e+01	2.94385642297285e+27
1.88400000000000e+01	2.93173952669907e+27
1.88500000000000e+01	2.91969083638582e+27
1.88600000000000e+01	2.90771163539427e+27
1.88700000000000e+01	2.89578014182824e+27
1.88800000000000e+01	2.88390383032155e+27
1.88900000000000e+01	2.87208247809774e+27
1.89000000000000e+01	2.86032482410054e+27
1.89100000000000e+01	2.84861872491775e+27
1.89200000000000e+01	2.83695625437280e+27
1.89300000000000e+01	2.82535434645064e+27
1.89400000000000e+01	2.81380429688948e+27
1.89500000000000e+01	2.80230519252371e+27
1.89600000000000e+01	2.79085709689698e+27
1.89700000000000e+01	2.77946091446986e+27
1.89800000000000e+01	2.76812417957188e+27
1.89900000000000e+01	2.75683009826077e+27
1.90000000000000e+01	2.74559555589377e+27
1.90100000000000e+01	2.73440313422844e+27
1.90200000000000e+01	2.72327156282254e+27
1.90300000000000e+01	2.71219188437172e+27
1.90400000000000e+01	2.70115448336840e+27
1.90500000000000e+01	2.69017898701202e+27
1.90600000000000e+01	2.67925658490180e+27
1.90700000000000e+01	2.66838749277498e+27
1.90800000000000e+01	2.65757183782755e+27
1.90900000000000e+01	2.64681037827668e+27
1.91000000000000e+01	2.63611102322213e+27
1.91100000000000e+01	2.62545619760345e+27
1.91200000000000e+01	2.61485521077946e+27
1.91300000000000e+01	2.60431546148823e+27
1.91400000000000e+01	2.59381849599923e+27
1.91500000000000e+01	2.58338223686782e+27
1.91600000000000e+01	2.57298748372309e+27
1.91700000000000e+01	2.56265214819900e+27
1.91800000000000e+01	2.55235719661828e+27
1.91900000000000e+01	2.54212046063891e+27
1.92000000000000e+01	2.53193256740953e+27
1.92100000000000e+01	2.52178420700454e+27
1.92200000000000e+01	2.51169134986158e+27
1.92300000000000e+01	2.50164542033925e+27
1.92400000000000e+01	2.49164494074075e+27
1.92500000000000e+01	2.48169007111546e+27
1.92600000000000e+01	2.47177085140333e+27
1.92700000000000e+01	2.46190476240346e+27
1.92800000000000e+01	2.45208126665224e+27
1.92900000000000e+01	2.44230174851509e+27
1.93000000000000e+01	2.43256458062811e+27
1.93100000000000e+01	2.42286986527536e+27
1.93200000000000e+01	2.41321859709900e+27
1.93300000000000e+01	2.40360949797626e+27
1.93400000000000e+01	2.39404443427656e+27
1.93500000000000e+01	2.38452367925172e+27
1.93600000000000e+01	2.37504591514629e+27
1.93700000000000e+01	2.36561280100039e+27
1.93800000000000e+01	2.35622357386161e+27
1.93900000000000e+01	2.34687887929261e+27
1.94000000000000e+01	2.33757773246567e+27
1.94100000000000e+01	2.32832058320868e+27
1.94200000000000e+01	2.31910705401119e+27
1.94300000000000e+01	2.30993675076869e+27
1.94400000000000e+01	2.30080927051757e+27
1.94500000000000e+01	2.29172424610393e+27
1.94600000000000e+01	2.28268133577405e+27
1.94700000000000e+01	2.27367144881273e+27
1.94800000000000e+01	2.26471194557376e+27
1.94900000000000e+01	2.25579305321128e+27
1.95000000000000e+01	2.24691602063910e+27
1.95100000000000e+01	2.23807919408822e+27
1.95200000000000e+01	2.22927515909449e+27
1.95300000000000e+01	2.22051891709950e+27
1.95400000000000e+01	2.21180371806153e+27
1.95500000000000e+01	2.20312004666874e+27
1.95600000000000e+01	2.19448419355628e+27
1.95700000000000e+01	2.18587951975415e+27
1.95800000000000e+01	2.17732294286386e+27
1.95900000000000e+01	2.16879724823771e+27
1.96000000000000e+01	2.16031790370448e+27
1.96100000000000e+01	2.15187061430839e+27
1.96200000000000e+01	2.14346098866380e+27
1.96300000000000e+01	2.13509870315028e+27
1.96400000000000e+01	2.12676686525267e+27
1.96500000000000e+01	2.11847311641560e+27
1.96600000000000e+01	2.11021804728299e+27
1.96700000000000e+01	2.10200155773686e+27
1.96800000000000e+01	2.09382286847731e+27
1.96900000000000e+01	2.08568253965151e+27
1.97000000000000e+01	2.07755224228279e+27
1.97100000000000e+01	2.06945201314467e+27
1.97200000000000e+01	2.06136256366127e+27
1.97300000000000e+01	2.05324851406221e+27
1.97400000000000e+01	2.04506806520492e+27
1.97500000000000e+01	2.03673234739096e+27
1.97600000000000e+01	2.02811287252316e+27
1.97700000000000e+01	2.01897687627061e+27
1.97800000000000e+01	2.00899615310594e+27
1.97900000000000e+01	1.99762473509232e+27
1.98000000000000e+01	1.98411276706930e+27
1.98100000000000e+01	1.96737982259218e+27
1.98200000000000e+01	1.94594773862357e+27
1.98300000000000e+01	1.91791764839567e+27
1.98400000000000e+01	1.88093323443290e+27
1.98500000000000e+01	1.83226846639293e+27
1.98600000000000e+01	1.76893149416590e+27
1.98700000000000e+01	1.68802899681910e+27
1.98800000000000e+01	1.58713655103439e+27
1.98900000000000e+01	1.46486823876078e+27
1.99000000000000e+01	1.32145704793560e+27
1.99100000000000e+01	1.15929240002055e+27
1.99200000000000e+01	9.83195109914248e+26
1.99300000000000e+01	8.00389063368766e+26
1.99400000000000e+01	6.19911410658239e+26
1.99500000000000e+01	4.51557687046234e+26
1.99600000000000e+01	3.04418883923303e+26
1.99700000000000e+01	1.85363332178422e+26
1.99800000000000e+01	9.77794249561917e+25
1.99900000000000e+01	4.10424053482214e+25
2.00000000000000e+01	1.08516619734299e+25
