1.00000000000000e-02	2.67869579371919e+27
2.00000000000000e-02	1.07150824451923e+28
3.00000000000000e-02	2.41101944228057e+28
4.00000000000000e-02	4.28656697846616e+28
5.00000000000000e-02	6.69837021020645e+28
6.00000000000000e-02	9.64668019435474e+28
7.00000000000000e-02	1.31319807692158e+29
8.00000000000000e-02	1.71545883426404e+29
9.00000000000000e-02	2.17149197852128e+29
1.00000000000000e-01	2.68137733046105e+29
1.10000000000000e-01	3.24513622451105e+29
1.20000000000000e-01	3.86287062437016e+29
1.30000000000000e-01	4.53467623612864e+29
1.40000000000000e-01	5.26060333831255e+29
1.50000000000000e-01	6.04072713728583e+29
1.60000000000000e-01	6.87513418162678e+29
1.70000000000000e-01	7.76398407362219e+29
1.80000000000000e-01	8.70732277864278e+29
1.90000000000000e-01	9.70535381233051e+29
2.00000000000000e-01	1.07581084864956e+30
2.10000000000000e-01	1.18657881206092e+30
2.20000000000000e-01	1.30284858554662e+30
2.30000000000000e-01	1.42463990247422e+30
2.40000000000000e-01	1.55195296869714e+30
2.50000000000000e-01	1.68482815220796e+30
2.60000000000000e-01	1.82325557226746e+30
2.70000000000000e-01	1.96727224161092e+30
2.80000000000000e-01	2.11689113807634e+30
2.90000000000000e-01	2.27212544270503e+30
3.00000000000000e-01	2.43299968824823e+30
3.10000000000000e-01	2.59954603975048e+30
3.20000000000000e-01	2.77177073154262e+30
3.30000000000000e-01	2.94971269812128e+30
3.40000000000000e-01	3.13335538020526e+30
3.50000000000000e-01	3.32275064068357e+30
3.60000000000000e-01	3.51796395882248e+30
3.70000000000000e-01	3.71894071535167e+30
3.80000000000000e-01	3.92574571823357e+30
3.90000000000000e-01	4.13844085851632e+30
4.00000000000000e-01	4.35698428769784e+30
4.10000000000000e-01	4.58146298095129e+30
4.20000000000000e-01	4.81187544682480e+30
4.30000000000000e-01	5.04825003706441e+30
4.40000000000000e-01	5.29067701003110e+30
4.50000000000000e-01	5.53911335567401e+30
4.60000000000000e-01	5.79366317095266e+30
4.70000000000000e-01	6.05429518901040e+30
4.80000000000000e-01	6.32110301522015e+30
4.90000000000000e-01	6.59406000323849e+30
5.00000000000000e-01	6.87325607453707e+30
5.10000000000000e-01	7.15873057453993e+30
5.20000000000000e-01	7.45054641278671e+30
5.30000000000000e-01	7.74868838829026e+30
5.40000000000000e-01	8.05316309261585e+30
5.50000000000000e-01	8.36415896355922e+30
5.60000000000000e-01	8.68160260245719e+30
5.70000000000000e-01	9.00558868501135e+30
5.80000000000000e-01	9.33621301192918e+30
5.90000000000000e-01	9.67333699575220e+30
6.00000000000000e-01	1.00172905964784e+31
6.10000000000000e-01	1.03679021616385e+31
6.20000000000000e-01	1.07252943951587e+31
6.30000000000000e-01	1.10896011297479e+31
6.40000000000000e-01	1.14607781639139e+31
6.50000000000000e-01	1.18389014564771e+31
6.60000000000000e-01	1.22240805871637e+31
6.70000000000000e-01	1.26164017535164e+31
6.80000000000000e-01	1.30157722164915e+31
6.90000000000000e-01	1.34224029453999e+31
7.00000000000000e-01	1.38364181570064e+31
7.10000000000000e-01	1.42577101907422e+31
7.20000000000000e-01	1.46864971098072e+31
7.30000000000000e-01	1.51228275318226e+31
7.40000000000000e-01	1.55666227078109e+31
7.50000000000000e-01	1.60181514171803e+31
7.60000000000000e-01	1.64774063223326e+31
7.70000000000000e-01	1.69444819445768e+31
7.80000000000000e-01	1.74195166223902e+31
7.90000000000000e-01	1.79024968500263e+31
8.00000000000000e-01	1.83937630572297e+31
8.10000000000000e-01	1.88930241777849e+31
8.20000000000000e-01	1.94005864899522e+31
8.30000000000000e-01	1.99165064661107e+31
8.40000000000000e-01	2.04409674655174e+31
8.50000000000000e-01	2.09740942512755e+31
8.60000000000000e-01	2.15158124473738e+31
8.70000000000000e-01	2.20663792049196e+31
8.80000000000000e-01	2.26257917197450e+31
8.90000000000000e-01	2.31944233083099e+31
9.00000000000000e-01	2.37719492182744e+31
9.10000000000000e-01	2.43589461060998e+31
9.20000000000000e-01	2.49554457445718e+31
9.30000000000000e-01	2.55612160974043e+31
9.40000000000000e-01	2.61768284549814e+31
9.50000000000000e-01	2.68021993926761e+31
9.60000000000000e-01	2.74375293506669e+31
9.70000000000000e-01	2.80830186075145e+31
9.80000000000000e-01	2.87386653098842e+31
9.90000000000000e-01	2.94049354662569e+31
1.00000000000000e+00	3.00815697059041e+31
1.01000000000000e+00	3.07690066587575e+31
1.02000000000000e+00	3.14674818936829e+31
1.03000000000000e+00	3.21770360830230e+31
1.04000000000000e+00	3.28976219005655e+31
1.05000000000000e+00	3.36298660346931e+31
1.06000000000000e+00	3.43737734424981e+31
1.07000000000000e+00	3.51295560770119e+31
1.08000000000000e+00	3.58972585501514e+31
1.09000000000000e+00	3.66773014137195e+31
1.10000000000000e+00	3.74698110368897e+31
1.11000000000000e+00	3.82752181906425e+31
1.12000000000000e+00	3.90935992039883e+31
1.13000000000000e+00	3.99250121065516e+31
1.14000000000000e+00	4.07700538688155e+31
1.15000000000000e+00	4.16287271934458e+31
1.16000000000000e+00	4.25012334579588e+31
1.17000000000000e+00	4.33881917879733e+31
1.18000000000000e+00	4.42897550868804e+31
1.19000000000000e+00	4.52061884914333e+31
1.20000000000000e+00	4.61378519358140e+31
1.21000000000000e+00	4.70846971245115e+31
1.22000000000000e+00	4.80474787228380e+31
1.23000000000000e+00	4.90263713693266e+31
1.24000000000000e+00	5.00220998577354e+31
1.25000000000000e+00	5.10345621482030e+31
1.26000000000000e+00	5.20640883219791e+31
1.27000000000000e+00	5.31115163478770e+31
1.28000000000000e+00	5.41766913746112e+31
1.29000000000000e+00	5.52606813193280e+31
1.30000000000000e+00	5.63635775883674e+31
1.31000000000000e+00	5.74859816164634e+31
1.32000000000000e+00	5.86280267757967e+31
1.33000000000000e+00	5.97904333834005e+31
1.34000000000000e+00	6.09738457425373e+31
1.35000000000000e+00	6.21788546136270e+31
1.36000000000000e+00	6.34058062688570e+31
1.37000000000000e+00	6.46555419045626e+31
1.38000000000000e+00	6.59278526401625e+31
1.39000000000000e+00	6.72246790850389e+31
1.40000000000000e+00	6.85459634521187e+31
1.41000000000000e+00	6.98919396014240e+31
1.42000000000000e+00	7.12640138684258e+31
1.43000000000000e+00	7.26632775222554e+31
1.44000000000000e+00	7.40895229064867e+31
1.45000000000000e+00	7.55439908894171e+31
1.46000000000000e+00	7.70279612324453e+31
1.47000000000000e+00	7.85420629630324e+31
1.48000000000000e+00	8.00868577430809e+31
1.49000000000000e+00	8.16635181693243e+31
1.50000000000000e+00	8.32733946121649e+31
1.51000000000000e+00	8.49174350310071e+31
1.52000000000000e+00	8.65967574446310e+31
1.53000000000000e+00	8.83126080951265e+31
1.54000000000000e+00	9.00664809522945e+31
1.55000000000000e+00	9.18593918267821e+31
1.56000000000000e+00	9.36924279794983e+31
1.57000000000000e+00	9.55680929522343e+31
1.58000000000000e+00	9.74866494521971e+31
1.59000000000000e+00	9.94514311094189e+31
1.60000000000000e+00	1.01462513630439e+32
1.61000000000000e+00	1.03522082878967e+32
1.62000000000000e+00	1.05633220259709e+32
1.63000000000000e+00	1.07797230395964e+32
1.64000000000000e+00	1.10016199558600e+32
1.65000000000000e+00	1.12292719924890e+32
1.66000000000000e+00	1.14629921549931e+32
1.67000000000000e+00	1.17029932973399e+32
1.68000000000000e+00	1.19495965009323e+32
1.69000000000000e+00	1.22030746626204e+32
1.70000000000000e+00	1.24638009018815e+32
1.71000000000000e+00	1.27320654322715e+32
1.72000000000000e+00	1.30083274817596e+32
1.73000000000000e+00	1.32928720578103e+32
1.74000000000000e+00	1.35861186798723e+32
1.75000000000000e+00	1.38886314245167e+32
1.76000000000000e+00	1.42005705461264e+32
1.77000000000000e+00	1.45225733571463e+32
1.78000000000000e+00	1.48552279807350e+32
1.79000000000000e+00	1.51989689977990e+32
1.80000000000000e+00	1.55543162131580e+32
1.81000000000000e+00	1.59223010360405e+32
1.82000000000000e+00	1.63034922768702e+32
1.83000000000000e+00	1.66991769119647e+32
1.84000000000000e+00	1.71102594772925e+32
1.85000000000000e+00	1.75380404089396e+32
1.86000000000000e+00	1.79838986461667e+32
1.87000000000000e+00	1.84492924484904e+32
1.88000000000000e+00	1.89354921697113e+32
1.89000000000000e+00	1.94441642531687e+32
1.90000000000000e+00	1.99767914568931e+32
1.91000000000000e+00	2.05347987326430e+32
1.92000000000000e+00	2.11197738909854e+32
1.93000000000000e+00	2.17329856703372e+32
1.94000000000000e+00	2.23762909340318e+32
1.95000000000000e+00	2.30514805117529e+32
1.96000000000000e+00	2.37609058806564e+32
1.97000000000000e+00	2.45074081951177e+32
1.98000000000000e+00	2.52950783573997e+32
1.99000000000000e+00	2.61290512552606e+32
2.00000000000000e+00	2.70161749214209e+32
2.01000000000000e+00	2.79652323633416e+32
2.02000000000000e+00	2.89874946824828e+32
2.03000000000000e+00	3.00960942736788e+32
2.04000000000000e+00	3.13071863171744e+32
2.05000000000000e+00	3.26384963452926e+32
2.06000000000000e+00	3.41097012672665e+32
2.07000000000000e+00	3.57415982408203e+32
2.08000000000000e+00	3.75536775054734e+32
2.09000000000000e+00	3.95643362740751e+32
2.10000000000000e+00	4.17874291432276e+32
2.11000000000000e+00	4.42310767668708e+32
2.12000000000000e+00	4.68931130070208e+32
2.13000000000000e+00	4.97614159004530e+32
2.14000000000000e+00	5.28082891188377e+32
2.15000000000000e+00	5.59910306154716e+32
2.16000000000000e+00	5.92489002151401e+32
2.17000000000000e+00	6.25026250362363e+32
2.18000000000000e+00	6.56587310745170e+32
2.19000000000000e+00	6.86090672112713e+32
2.20000000000000e+00	7.12419093677979e+32
2.21000000000000e+00	7.34487592409299e+32
2.22000000000000e+00	7.51372208955599e+32
2.23000000000000e+00	7.62493663900874e+32
2.24000000000000e+00	7.67640267528890e+32
2.25000000000000e+00	7.67096514436977e+32
2.26000000000000e+00	7.61587168914698e+32
2.27000000000000e+00	7.52147894347344e+32
2.28000000000000e+00	7.40124060501438e+32
2.29000000000000e+00	7.26905437698057e+32
2.30000000000000e+00	7.13855485521078e+32
2.31000000000000e+00	7.02147972580187e+32
2.32000000000000e+00	6.92607689834758e+32
2.33000000000000e+00	6.85577443964101e+32
2.34000000000000e+00	6.80775886948816e+32
2.35000000000000e+00	6.77241174756084e+32
2.36000000000000e+00	6.73431094816172e+32
2.37000000000000e+00	6.67570955624864e+32
2.38000000000000e+00	6.58222141609518e+32
2.39000000000000e+00	6.44824844703055e+32
2.40000000000000e+00	6.27887527142352e+32
2.41000000000000e+00	6.08696099820776e+32
2.42000000000000e+00	5.88802570743285e+32
2.43000000000000e+00	5.69609554612007e+32
2.44000000000000e+00	5.52167515378576e+32
2.45000000000000e+00	5.37172443876347e+32
2.46000000000000e+00	5.25015848329046e+32
2.47000000000000e+00	5.15834987878666e+32
2.48000000000000e+00	5.09547758899559e+32
2.49000000000000e+00	5.05906107863976e+32
2.50000000000000e+00	5.04568692265578e+32
2.51000000000000e+00	5.05183557138711e+32
2.52000000000000e+00	5.07451877331158e+32
2.53000000000000e+00	5.11144833708342e+32
2.54000000000000e+00	5.16066051924520e+32
2.55000000000000e+00	5.22036694216293e+32
2.56000000000000e+00	5.28854824000672e+32
2.57000000000000e+00	5.36334052896730e+32
2.58000000000000e+00	5.44337330446583e+32
2.59000000000000e+00	5.52847505089454e+32
2.60000000000000e+00	5.62007116836342e+32
2.61000000000000e+00	5.72137855542467e+32
2.62000000000000e+00	5.83652838167502e+32
2.63000000000000e+00	5.96856427414643e+32
2.64000000000000e+00	6.11658148395868e+32
2.65000000000000e+00	6.27324718381498e+32
2.66000000000000e+00	6.42304495692008e+32
2.67000000000000e+00	6.54574134061064e+32
2.68000000000000e+00	6.62200177904812e+32
2.69000000000000e+00	6.64113485682509e+32
2.70000000000000e+00	6.60573523289983e+32
2.71000000000000e+00	6.52912626140502e+32
2.72000000000000e+00	6.42876920135028e+32
2.73000000000000e+00	6.32017399494615e+32
2.74000000000000e+00	6.21359343535904e+32
2.75000000000000e+00	6.11467792454193e+32
2.76000000000000e+00	6.02628763828726e+32
2.77000000000000e+00	5.95058108777318e+32
2.78000000000000e+00	5.89020902540367e+32
2.79000000000000e+00	5.84838330266898e+32
2.80000000000000e+00	5.82829963174840e+32
2.81000000000000e+00	5.83213975510796e+32
2.82000000000000e+00	5.86071934585569e+32
2.83000000000000e+00	5.91341934923485e+32
2.84000000000000e+00	5.98864155907122e+32
2.85000000000000e+00	6.08444374346769e+32
2.86000000000000e+00	6.19861966190692e+32
2.87000000000000e+00	6.32910005836508e+32
2.88000000000000e+00	6.47265727607263e+32
2.89000000000000e+00	6.62381462453068e+32
2.90000000000000e+00	6.77343366814252e+32
2.91000000000000e+00	6.90842923327847e+32
2.92000000000000e+00	7.01306097506998e+32
2.93000000000000e+00	7.07258172875702e+32
2.94000000000000e+00	7.07760498455532e+32
2.95000000000000e+00	7.02711346737035e+32
2.96000000000000e+00	6.92848844336703e+32
2.97000000000000e+00	6.79437657257662e+32
2.98000000000000e+00	6.63856742777071e+32
2.99000000000000e+00	6.47292508300435e+32
3.00000000000000e+00	6.30600298534859e+32
3.01000000000000e+00	6.14367362180240e+32
3.02000000000000e+00	5.99046527022853e+32
3.03000000000000e+00	5.85071207956353e+32
3.04000000000000e+00	5.72902392547385e+32
3.05000000000000e+00	5.62964990229304e+32
3.06000000000000e+00	5.55506570782897e+32
3.07000000000000e+00	5.50485160108634e+32
3.08000000000000e+00	5.47489793610449e+32
3.09000000000000e+00	5.45799890648260e+32
3.10000000000000e+00	5.44474160215606e+32
3.11000000000000e+00	5.42547619588316e+32
3.12000000000000e+00	5.39158578242190e+32
3.13000000000000e+00	5.33673453181105e+32
3.14000000000000e+00	5.25668704354673e+32
3.15000000000000e+00	5.14857054116143e+32
3.16000000000000e+00	5.01012436294009e+32
3.17000000000000e+00	4.83927659780740e+32
3.18000000000000e+00	4.63446749912299e+32
3.19000000000000e+00	4.39590075572397e+32
3.20000000000000e+00	4.12718110461637e+32
3.21000000000000e+00	3.83650966497642e+32
3.22000000000000e+00	3.53615371268671e+32
3.23000000000000e+00	3.24007812439516e+32
3.24000000000000e+00	2.96057004996443e+32
3.25000000000000e+00	2.70611829306076e+32
3.26000000000000e+00	2.48083549739529e+32
3.27000000000000e+00	2.28540282382226e+32
3.28000000000000e+00	2.11858719897952e+32
3.29000000000000e+00	1.97834797830687e+32
3.30000000000000e+00	1.86248661972059e+32
3.31000000000000e+00	1.76878341259858e+32
3.32000000000000e+00	1.69482152503092e+32
3.33000000000000e+00	1.63782795052902e+32
3.34000000000000e+00	1.59476482141234e+32
3.35000000000000e+00	1.56256458562618e+32
3.36000000000000e+00	1.53844496859229e+32
3.37000000000000e+00	1.52019392516146e+32
3.38000000000000e+00	1.50618334493103e+32
3.39000000000000e+00	1.49512766515899e+32
3.40000000000000e+00	1.48581269890169e+32
3.41000000000000e+00	1.47688901837547e+32
3.42000000000000e+00	1.46689476081786e+32
3.43000000000000e+00	1.45440761133349e+32
3.44000000000000e+00	1.43832170663234e+32
3.45000000000000e+00	1.41808401632065e+32
3.46000000000000e+00	1.39389760066527e+32
3.47000000000000e+00	1.36659487838690e+32
3.48000000000000e+00	1.33758543976107e+32
3.49000000000000e+00	1.30855272881794e+32
3.50000000000000e+00	1.28114298836786e+32
3.51000000000000e+00	1.25682437214869e+32
3.52000000000000e+00	1.23665060846297e+32
3.53000000000000e+00	1.22122500374536e+32
3.54000000000000e+00	1.21057225099270e+32
3.55000000000000e+00	1.20444346539446e+32
3.56000000000000e+00	1.20224678701860e+32
3.57000000000000e+00	1.20345291155562e+32
3.58000000000000e+00	1.20759575750532e+32
3.59000000000000e+00	1.21434679528593e+32
3.60000000000000e+00	1.22341759296143e+32
3.61000000000000e+00	1.23449620906486e+32
3.62000000000000e+00	1.24703562152579e+32
3.63000000000000e+00	1.26029447539445e+32
3.64000000000000e+00	1.27335821667853e+32
3.65000000000000e+00	1.28529577325022e+32
3.66000000000000e+00	1.29509844813023e+32
3.67000000000000e+00	1.30191041075455e+32
3.68000000000000e+00	1.30495502825777e+32
3.69000000000000e+00	1.30362925565922e+32
3.70000000000000e+00	1.29741086930805e+32
3.71000000000000e+00	1.28600357644307e+32
3.72000000000000e+00	1.26917656545373e+32
3.73000000000000e+00	1.24696850444619e+32
3.74000000000000e+00	1.21962697378669e+32
3.75000000000000e+00	1.18764316595429e+32
3.76000000000000e+00	1.15188463045913e+32
3.77000000000000e+00	1.11331382835177e+32
3.78000000000000e+00	1.07300137222379e+32
3.79000000000000e+00	1.03196531391901e+32
3.80000000000000e+00	9.91048988737138e+31
3.81000000000000e+00	9.50902760994910e+31
3.82000000000000e+00	9.11936953159131e+31
3.83000000000000e+00	8.74358772722803e+31
3.84000000000000e+00	8.38164449906668e+31
3.85000000000000e+00	8.03242210133184e+31
3.86000000000000e+00	7.69408389839312e+31
3.87000000000000e+00	7.36452442319340e+31
3.88000000000000e+00	7.04206785228924e+31
3.89000000000000e+00	6.72660513160432e+31
3.90000000000000e+00	6.41937706182894e+31
3.91000000000000e+00	6.12335453053467e+31
3.92000000000000e+00	5.84265245515068e+31
3.93000000000000e+00	5.58160662546500e+31
3.94000000000000e+00	5.34406593642954e+31
3.95000000000000e+00	5.13253393431231e+31
3.96000000000000e+00	4.94808173833232e+31
3.97000000000000e+00	4.79005272257610e+31
3.98000000000000e+00	4.65656815626627e+31
3.99000000000000e+00	4.54500848507930e+31
4.00000000000000e+00	4.45207679581908e+31
4.01000000000000e+00	4.37397006430131e+31
4.02000000000000e+00	4.30666637228661e+31
4.03000000000000e+00	4.24624833657497e+31
4.04000000000000e+00	4.18833719400649e+31
4.05000000000000e+00	4.12923740483364e+31
4.06000000000000e+00	4.06552309499830e+31
4.07000000000000e+00	3.99484230115142e+31
4.08000000000000e+00	3.91605213943674e+31
4.09000000000000e+00	3.82922374286882e+31
4.10000000000000e+00	3.73545755713959e+31
4.11000000000000e+00	3.63651906956042e+31
4.12000000000000e+00	3.53370843441729e+31
4.13000000000000e+00	3.42822079454527e+31
4.14000000000000e+00	3.32023307836837e+31
4.15000000000000e+00	3.20959781409100e+31
4.16000000000000e+00	3.09609623710305e+31
4.17000000000000e+00	2.97980848830804e+31
4.18000000000000e+00	2.86135149692927e+31
4.19000000000000e+00	2.74186483016577e+31
4.20000000000000e+00	2.62296424549408e+31
4.21000000000000e+00	2.50645096348029e+31
4.22000000000000e+00	2.39405399241937e+31
4.23000000000000e+00	2.28730035919875e+31
4.24000000000000e+00	2.18751065270891e+31
4.25000000000000e+00	2.09561257674698e+31
4.26000000000000e+00	2.01223996446441e+31
4.27000000000000e+00	1.93747440928617e+31
4.28000000000000e+00	1.87112738847745e+31
4.29000000000000e+00	1.81255673357402e+31
4.30000000000000e+00	1.76080461632733e+31
4.31000000000000e+00	1.71480197276249e+31
4.32000000000000e+00	1.67307211612901e+31
4.33000000000000e+00	1.63422972892864e+31
4.34000000000000e+00	1.59679537172264e+31
4.35000000000000e+00	1.55940263830647e+31
4.36000000000000e+00	1.52089780126546e+31
4.37000000000000e+00	1.48038526449058e+31
4.38000000000000e+00	1.43735146599535e+31
4.39000000000000e+00	1.39164771527452e+31
4.40000000000000e+00	1.34346910035483e+31
4.41000000000000e+00	1.29330450036784e+31
4.42000000000000e+00	1.24196374132460e+31
4.43000000000000e+00	1.19029544987954e+31
4.44000000000000e+00	1.13923282746410e+31
4.45000000000000e+00	1.08963702183760e+31
4.46000000000000e+00	1.04223350762851e+31
4.47000000000000e+00	9.97555357494441e+30
4.48000000000000e+00	9.55987187082828e+30
4.49000000000000e+00	9.17702489463726e+30
4.50000000000000e+00	8.82739815811144e+30
4.51000000000000e+00	8.50977029654415e+30
4.52000000000000e+00	8.22190190670228e+30
4.53000000000000e+00	7.96055473102318e+30
4.54000000000000e+00	7.72212181421046e+30
4.55000000000000e+00	7.50280194753449e+30
4.56000000000000e+00	7.29934375496891e+30
4.57000000000000e+00	7.10936012058572e+30
4.58000000000000e+00	6.93174397371646e+30
4.59000000000000e+00	6.76641761392055e+30
4.60000000000000e+00	6.61426792429571e+30
4.61000000000000e+00	6.47661219698289e+30
4.62000000000000e+00	6.35490528948266e+30
4.63000000000000e+00	6.25044324078613e+30
4.64000000000000e+00	6.16418475041378e+30
4.65000000000000e+00	6.09664103412992e+30
4.66000000000000e+00	6.04744099172559e+30
4.67000000000000e+00	6.01542143123621e+30
4.68000000000000e+00	5.99829753947238e+30
4.69000000000000e+00	5.99229539053404e+30
4.70000000000000e+00	5.99200931010701e+30
4.71000000000000e+00	5.99020297463333e+30
4.72000000000000e+00	5.97777003717584e+30
4.73000000000000e+00	5.94436736836743e+30
4.74000000000000e+00	5.87958701795254e+30
4.75000000000000e+00	5.77442975844384e+30
4.76000000000000e+00	5.62296552147392e+30
4.77000000000000e+00	5.42375295119981e+30
4.78000000000000e+00	5.18009563579787e+30
4.79000000000000e+00	4.90010139128883e+30
4.80000000000000e+00	4.59565659942767e+30
4.81000000000000e+00	4.28146991712631e+30
4.82000000000000e+00	3.97386313108133e+30
4.83000000000000e+00	3.68952492793408e+30
4.84000000000000e+00	3.44425741984090e+30
4.85000000000000e+00	3.25161838823036e+30
4.86000000000000e+00	3.12182813596648e+30
4.87000000000000e+00	3.06072130216637e+30
4.88000000000000e+00	3.06951554258340e+30
4.89000000000000e+00	3.14472104323442e+30
4.90000000000000e+00	3.27872794242077e+30
4.91000000000000e+00	3.46080666446685e+30
4.92000000000000e+00	3.67792106220398e+30
4.93000000000000e+00	3.91608291941882e+30
4.94000000000000e+00	4.16114993914742e+30
4.95000000000000e+00	4.39979861674352e+30
4.96000000000000e+00	4.62013131857645e+30
4.97000000000000e+00	4.81230574612001e+30
4.98000000000000e+00	4.96866925529993e+30
4.99000000000000e+00	5.08399692613370e+30
5.00000000000000e+00	5.15512023704108e+30
5.01000000000000e+00	5.18065708181949e+30
5.02000000000000e+00	5.16076703386940e+30
5.03000000000000e+00	5.09695988994232e+30
5.04000000000000e+00	4.99193149214433e+30
5.05000000000000e+00	4.84967766797368e+30
5.06000000000000e+00	4.67537808711627e+30
5.07000000000000e+00	4.47516921723340e+30
5.08000000000000e+00	4.25576199015165e+30
5.09000000000000e+00	4.02386453469030e+30
5.10000000000000e+00	3.78533503216745e+30
5.11000000000000e+00	3.54496422137385e+30
5.12000000000000e+00	3.30617743221933e+30
5.13000000000000e+00	3.07116178294863e+30
5.14000000000000e+00	2.84114407631615e+30
5.15000000000000e+00	2.61667587925598e+30
5.16000000000000e+00	2.39808317388920e+30
5.17000000000000e+00	2.18558353073018e+30
5.18000000000000e+00	1.97940426927803e+30
5.19000000000000e+00	1.77989580136228e+30
5.20000000000000e+00	1.58740341790655e+30
5.21000000000000e+00	1.40245969817908e+30
5.22000000000000e+00	1.22569774378473e+30
5.23000000000000e+00	1.05799027331075e+30
5.24000000000000e+00	9.00452952630007e+29
5.25000000000000e+00	7.54398652090299e+29
5.26000000000000e+00	6.21354789347064e+29
5.27000000000000e+00	5.02939417453613e+29
5.28000000000000e+00	4.00766724186236e+29
5.29000000000000e+00	3.16332529181197e+29
5.30000000000000e+00	2.50869170780321e+29
5.31000000000000e+00	2.05249505123729e+29
5.32000000000000e+00	1.79990599371312e+29
5.33000000000000e+00	1.75394287513422e+29
5.34000000000000e+00	1.91894703510472e+29
5.35000000000000e+00	2.30614453165934e+29
5.36000000000000e+00	2.94014856282616e+29
5.37000000000000e+00	3.86442750334599e+29
5.38000000000000e+00	5.14480103197482e+29
5.39000000000000e+00	6.86883595035099e+29
5.40000000000000e+00	9.14196852520892e+29
5.41000000000000e+00	1.20813651438210e+30
5.42000000000000e+00	1.58102263738271e+30
5.43000000000000e+00	2.04543381207024e+30
5.44000000000000e+00	2.61416282974818e+30
5.45000000000000e+00	3.30068267970713e+30
5.46000000000000e+00	4.11980213040004e+30
5.47000000000000e+00	5.08864745787464e+30
5.48000000000000e+00	6.22779631621684e+30
5.49000000000000e+00	7.56249758683443e+30
5.50000000000000e+00	9.12338762042466e+30
5.51000000000000e+00	1.09476348647225e+31
5.52000000000000e+00	1.30785460851342e+31
5.53000000000000e+00	1.55671693624806e+31
5.54000000000000e+00	1.84701192965559e+31
5.55000000000000e+00	2.18504808636768e+31
5.56000000000000e+00	2.57764197252288e+31
5.57000000000000e+00	3.03202685601649e+31
5.58000000000000e+00	3.55570807033843e+31
5.59000000000000e+00	4.15627630909466e+31
5.60000000000000e+00	4.84096750877061e+31
5.61000000000000e+00	5.61615722013857e+31
5.62000000000000e+00	6.48614765776887e+31
5.63000000000000e+00	7.45203122486992e+31
5.64000000000000e+00	8.51011504576310e+31
5.65000000000000e+00	9.65026533184869e+31
5.66000000000000e+00	1.08547476433047e+32
5.67000000000000e+00	1.20974041533030e+32
5.68000000000000e+00	1.33440970186698e+32
5.69000000000000e+00	1.45536691740755e+32
5.70000000000000e+00	1.56810012871277e+32
5.71000000000000e+00	1.66804331061707e+32
5.72000000000000e+00	1.75099172549169e+32
5.73000000000000e+00	1.81357716858004e+32
5.74000000000000e+00	1.85354155270948e+32
5.75000000000000e+00	1.86999650825263e+32
5.76000000000000e+00	1.86332328150532e+32
5.77000000000000e+00	1.83498690500004e+32
5.78000000000000e+00	1.78721709244112e+32
5.79000000000000e+00	1.72261143186309e+32
5.80000000000000e+00	1.64387569760907e+32
5.81000000000000e+00	1.55360631630770e+32
5.82000000000000e+00	1.45432006853836e+32
5.83000000000000e+00	1.34836694585579e+32
5.84000000000000e+00	1.23808276686965e+32
5.85000000000000e+00	1.12575076638019e+32
5.86000000000000e+00	1.01363928732485e+32
5.87000000000000e+00	9.03886079232336e+31
5.88000000000000e+00	7.98408683502778e+31
5.89000000000000e+00	6.98842716991061e+31
5.90000000000000e+00	6.06372910637326e+31
5.91000000000000e+00	5.21800521565576e+31
5.92000000000000e+00	4.45440516620548e+31
5.93000000000000e+00	3.77276866948489e+31
5.94000000000000e+00	3.16971768631337e+31
5.95000000000000e+00	2.63987878060736e+31
5.96000000000000e+00	2.17682286599771e+31
5.97000000000000e+00	1.77363672363807e+31
5.98000000000000e+00	1.42344424573661e+31
5.99000000000000e+00	1.11969935301408e+31
6.00000000000000e+00	8.56601911594321e+30
6.01000000000000e+00	6.29356924286362e+30
6.02000000000000e+00	4.34621386564240e+30
6.03000000000000e+00	2.71132594852555e+30
6.04000000000000e+00	1.40513484202676e+30
6.05000000000000e+00	4.82920457074000e+29
6.06000000000000e+00	5.15475807503033e+28
6.07000000000000e+00	2.84326236511100e+29
6.08000000000000e+00	1.43848502727459e+30
6.09000000000000e+00	3.87571811497731e+30
6.10000000000000e+00	8.08573594688078e+30
6.11000000000000e+00	1.47130428078291e+31
6.12000000000000e+00	2.45845176873704e+31
6.13000000000000e+00	3.87363333058408e+31
6.14000000000000e+00	5.84311600526443e+31
6.15000000000000e+00	8.51570584785251e+31
6.16000000000000e+00	1.20600273661336e+32
6.17000000000000e+00	1.66555437946869e+32
6.18000000000000e+00	2.24791685428723e+32
6.19000000000000e+00	2.96814591456910e+32
6.20000000000000e+00	3.83570761416778e+32
6.21000000000000e+00	4.85089995812229e+32
6.22000000000000e+00	6.00133952512956e+32
6.23000000000000e+00	7.25908987599983e+32
6.24000000000000e+00	8.58097228681491e+32
6.25000000000000e+00	9.90945975082951e+32
6.26000000000000e+00	1.11785613307355e+33
6.27000000000000e+00	1.23213708559659e+33
6.28000000000000e+00	1.32770447073944e+33
6.29000000000000e+00	1.39994148795476e+33
6.30000000000000e+00	1.44599879927230e+33
6.31000000000000e+00	1.46515623538352e+33
6.32000000000000e+00	1.45848405472059e+33
6.33000000000000e+00	1.42855731645883e+33
6.34000000000000e+00	1.37895280603565e+33
6.35000000000000e+00	1.31375540346559e+33
6.36000000000000e+00	1.23714947100255e+33
6.37000000000000e+00	1.15323681619438e+33
6.38000000000000e+00	1.06577462932125e+33
6.39000000000000e+00	9.78054690268072e+32
6.40000000000000e+00	8.92829888427340e+32
6.41000000000000e+00	8.12229066126724e+32
6.42000000000000e+00	7.37704959911388e+32
6.43000000000000e+00	6.70071228603961e+32
6.44000000000000e+00	6.09584561386017e+32
6.45000000000000e+00	5.56068206310735e+32
6.46000000000000e+00	5.09053103875292e+32
6.47000000000000e+00	4.67895245134689e+32
6.48000000000000e+00	4.31907658422977e+32
6.49000000000000e+00	4.00407728556650e+32
6.50000000000000e+00	3.72786531038640e+32
6.51000000000000e+00	3.48493046601959e+32
6.52000000000000e+00	3.27061749305384e+32
6.53000000000000e+00	3.08089543340581e+32
6.54000000000000e+00	2.91255061808232e+32
6.55000000000000e+00	2.76283158693528e+32
6.56000000000000e+00	2.62953096290637e+32
6.57000000000000e+00	2.51078633965282e+32
6.58000000000000e+00	2.40503183310641e+32
6.59000000000000e+00	2.31102393014692e+32
6.60000000000000e+00	2.22750490517964e+32
6.61000000000000e+00	2.15346387043383e+32
6.62000000000000e+00	2.08787833866614e+32
6.63000000000000e+00	2.02992739348846e+32
6.64000000000000e+00	1.97881672066672e+32
6.65000000000000e+00	1.93388769450182e+32
6.66000000000000e+00	1.89463743848879e+32
6.67000000000000e+00	1.86062134319721e+32
6.68000000000000e+00	1.83133695086641e+32
6.69000000000000e+00	1.80636128350955e+32
6.70000000000000e+00	1.78515355332331e+32
6.71000000000000e+00	1.76723560019247e+32
6.72000000000000e+00	1.75206403541027e+32
6.73000000000000e+00	1.73911183893805e+32
6.74000000000000e+00	1.72797935204632e+32
6.75000000000000e+00	1.71826071536909e+32
6.76000000000000e+00	1.70967420349777e+32
6.77000000000000e+00	1.70208778714624e+32
6.78000000000000e+00	1.69538382658419e+32
6.79000000000000e+00	1.68947609346799e+32
6.80000000000000e+00	1.68451251821149e+32
6.81000000000000e+00	1.68040046650438e+32
6.82000000000000e+00	1.67724568116518e+32
6.83000000000000e+00	1.67504981754694e+32
6.84000000000000e+00	1.67370687931673e+32
6.85000000000000e+00	1.67307389333580e+32
6.86000000000000e+00	1.67301343463926e+32
6.87000000000000e+00	1.67330784424283e+32
6.88000000000000e+00	1.67379655832918e+32
6.89000000000000e+00	1.67433107557267e+32
6.90000000000000e+00	1.67481134424521e+32
6.91000000000000e+00	1.67519325056067e+32
6.92000000000000e+00	1.67549381951855e+32
6.93000000000000e+00	1.67576417546302e+32
6.94000000000000e+00	1.67608506176011e+32
6.95000000000000e+00	1.67651888370339e+32
6.96000000000000e+00	1.67710353605582e+32
6.97000000000000e+00	1.67779138784857e+32
6.98000000000000e+00	1.67840137135501e+32
6.99000000000000e+00	1.67862954879795e+32
7.00000000000000e+00	1.67801998198106e+32
7.01000000000000e+00	1.67599030442708e+32
7.02000000000000e+00	1.67190779892753e+32
7.03000000000000e+00	1.66517573212683e+32
7.04000000000000e+00	1.65527788741082e+32
7.05000000000000e+00	1.64189568833226e+32
7.06000000000000e+00	1.62494355465248e+32
7.07000000000000e+00	1.60458982043864e+32
7.08000000000000e+00	1.58125708718318e+32
7.09000000000000e+00	1.55563016308840e+32
7.10000000000000e+00	1.52855257022273e+32
7.11000000000000e+00	1.50100277844999e+32
7.12000000000000e+00	1.47401049387282e+32
7.13000000000000e+00	1.44857199077866e+32
7.14000000000000e+00	1.42554719586395e+32
7.15000000000000e+00	1.40563152813879e+32
7.16000000000000e+00	1.38931004033848e+32
7.17000000000000e+00	1.37682918525814e+32
7.18000000000000e+00	1.36825953455193e+32
7.19000000000000e+00	1.36348976092778e+32
7.20000000000000e+00	1.36232533267138e+32
7.21000000000000e+00	1.36450397855949e+32
7.22000000000000e+00	1.36976568779610e+32
7.23000000000000e+00	1.37787070066981e+32
7.24000000000000e+00	1.38865679535358e+32
7.25000000000000e+00	1.40203997703496e+32
7.26000000000000e+00	1.41802150616895e+32
7.27000000000000e+00	1.43669018264930e+32
7.28000000000000e+00	1.45817635712952e+32
7.29000000000000e+00	1.48264450078214e+32
7.30000000000000e+00	1.51022057892331e+32
7.31000000000000e+00	1.54099867663951e+32
7.32000000000000e+00	1.57496591391501e+32
7.33000000000000e+00	1.61196923656045e+32
7.34000000000000e+00	1.65168619164667e+32
7.35000000000000e+00	1.69356031524744e+32
7.36000000000000e+00	1.73676445769883e+32
7.37000000000000e+00	1.78013286017708e+32
7.38000000000000e+00	1.82217090739565e+32
7.39000000000000e+00	1.86104955775874e+32
7.40000000000000e+00	1.89463155402168e+32
7.41000000000000e+00	1.92060089871404e+32
7.42000000000000e+00	1.93654880219147e+32
7.43000000000000e+00	1.94019844917010e+32
7.44000000000000e+00	1.92952492614753e+32
7.45000000000000e+00	1.90309095708541e+32
7.46000000000000e+00	1.86017196109650e+32
7.47000000000000e+00	1.80100472174337e+32
7.48000000000000e+00	1.72690632108398e+32
7.49000000000000e+00	1.64024927388274e+32
7.50000000000000e+00	1.54440923998081e+32
7.51000000000000e+00	1.44349739922500e+32
7.52000000000000e+00	1.34206745792442e+32
7.53000000000000e+00	1.24468830671966e+32
7.54000000000000e+00	1.15561341598198e+32
7.55000000000000e+00	1.07838858854744e+32
7.56000000000000e+00	1.01561762770503e+32
7.57000000000000e+00	9.68815763432742e+31
7.58000000000000e+00	9.38386301153802e+31
7.59000000000000e+00	9.23700705251257e+31
7.60000000000000e+00	9.23292424465272e+31
7.61000000000000e+00	9.35091573044303e+31
7.62000000000000e+00	9.56661446635504e+31
7.63000000000000e+00	9.85450566473411e+31
7.64000000000000e+00	1.01899486680735e+32
7.65000000000000e+00	1.05506181212973e+32
7.66000000000000e+00	1.09179530399601e+32
7.67000000000000e+00	1.12771605357876e+32
7.68000000000000e+00	1.16175967683962e+32
7.69000000000000e+00	1.19321045270177e+32
7.70000000000000e+00	1.22164878832554e+32
7.71000000000000e+00	1.24685244543259e+32
7.72000000000000e+00	1.26868623296490e+32
7.73000000000000e+00	1.28705216560240e+32
7.74000000000000e+00	1.30181484986495e+32
7.75000000000000e+00	1.31277422858390e+32
7.76000000000000e+00	1.31974674402017e+32
7.77000000000000e+00	1.32255519151469e+32
7.78000000000000e+00	1.32116655035767e+32
7.79000000000000e+00	1.31572115973505e+32
7.80000000000000e+00	1.30664653510480e+32
7.81000000000000e+00	1.29464607540928e+32
7.82000000000000e+00	1.28071753071608e+32
7.83000000000000e+00	1.26608919555667e+32
7.84000000000000e+00	1.25213067344180e+32
7.85000000000000e+00	1.24025481341862e+32
7.86000000000000e+00	1.23174439373295e+32
7.87000000000000e+00	1.22769559672845e+32
7.88000000000000e+00	1.22886812734309e+32
7.89000000000000e+00	1.23566023525255e+32
7.90000000000000e+00	1.24811220916297e+32
7.91000000000000e+00	1.26589074570580e+32
7.92000000000000e+00	1.28836072392262e+32
7.93000000000000e+00	1.31464553929590e+32
7.94000000000000e+00	1.34368052589182e+32
7.95000000000000e+00	1.37430788100694e+32
7.96000000000000e+00	1.40527950827784e+32
7.97000000000000e+00	1.43537194829990e+32
7.98000000000000e+00	1.46342206254073e+32
7.99000000000000e+00	1.48835091789977e+32
8.00000000000000e+00	1.50925740338962e+32
8.01000000000000e+00	1.52541405068748e+32
8.02000000000000e+00	1.53637103960509e+32
8.03000000000000e+00	1.54190367675253e+32
8.04000000000000e+00	1.54216026953821e+32
8.05000000000000e+00	1.53753995464469e+32
8.06000000000000e+00	1.52878488719151e+32
8.07000000000000e+00	1.51690384795077e+32
8.08000000000000e+00	1.50308802855200e+32
8.09000000000000e+00	1.48869397264967e+32
8.10000000000000e+00	1.47509094440480e+32
8.11000000000000e+00	1.46359757347122e+32
8.12000000000000e+00	1.45535377940414e+32
8.13000000000000e+00	1.45123334000650e+32
8.14000000000000e+00	1.45178729390089e+32
8.15000000000000e+00	1.45721896448467e+32
8.16000000000000e+00	1.46736616079340e+32
8.17000000000000e+00	1.48174716704068e+32
8.18000000000000e+00	1.49966048701440e+32
8.19000000000000e+00	1.52027121994878e+32
8.20000000000000e+00	1.54266046743538e+32
8.21000000000000e+00	1.56600812346879e+32
8.22000000000000e+00	1.58956953297538e+32
8.23000000000000e+00	1.61278694292007e+32
8.24000000000000e+00	1.63532336335754e+32
8.25000000000000e+00	1.65705088683582e+32
8.26000000000000e+00	1.67804358333844e+32
8.27000000000000e+00	1.69849642396365e+32
8.28000000000000e+00	1.71873630956002e+32
8.29000000000000e+00	1.73906819361849e+32
8.30000000000000e+00	1.75980705442688e+32
8.31000000000000e+00	1.78120681227933e+32
8.32000000000000e+00	1.80345206471018e+32
8.33000000000000e+00	1.82671809116747e+32
8.34000000000000e+00	1.85111769269277e+32
8.35000000000000e+00	1.87677590253455e+32
8.36000000000000e+00	1.90376700351772e+32
8.37000000000000e+00	1.93212725797768e+32
8.38000000000000e+00	1.96177273347088e+32
8.39000000000000e+00	1.99250215383985e+32
8.40000000000000e+00	2.02396251468744e+32
8.41000000000000e+00	2.05561667772500e+32
8.42000000000000e+00	2.08670496187467e+32
8.43000000000000e+00	2.11626952453058e+32
8.44000000000000e+00	2.14312634496977e+32
8.45000000000000e+00	2.16591505148087e+32
8.46000000000000e+00	2.18317006794346e+32
8.47000000000000e+00	2.19340819882304e+32
8.48000000000000e+00	2.19524481582442e+32
8.49000000000000e+00	2.18760632526244e+32
8.50000000000000e+00	2.16985754227215e+32
8.51000000000000e+00	2.14198569316444e+32
8.52000000000000e+00	2.10458318315016e+32
8.53000000000000e+00	2.05894527537339e+32
8.54000000000000e+00	2.00700687374274e+32
8.55000000000000e+00	1.95111043390226e+32
8.56000000000000e+00	1.89391059011640e+32
8.57000000000000e+00	1.83811029546406e+32
8.58000000000000e+00	1.78619430657049e+32
8.59000000000000e+00	1.74021301498584e+32
8.60000000000000e+00	1.70161634591367e+32
8.61000000000000e+00	1.67116380200353e+32
8.62000000000000e+00	1.64894349333940e+32
8.63000000000000e+00	1.63445517510400e+32
8.64000000000000e+00	1.62679099961998e+32
8.65000000000000e+00	1.62481195527998e+32
8.66000000000000e+00	1.62732164356254e+32
8.67000000000000e+00	1.63323377913067e+32
8.68000000000000e+00	1.64164470846337e+32
8.69000000000000e+00	1.65188563291101e+32
8.70000000000000e+00	1.66354965313727e+32
8.71000000000000e+00	1.67642231367558e+32
8.72000000000000e+00	1.69048595832149e+32
8.73000000000000e+00	1.70574021493362e+32
8.74000000000000e+00	1.72229552850537e+32
8.75000000000000e+00	1.74018957684916e+32
8.76000000000000e+00	1.75939191476311e+32
8.77000000000000e+00	1.77979240892072e+32
8.78000000000000e+00	1.80114067886449e+32
8.79000000000000e+00	1.82311857062835e+32
8.80000000000000e+00	1.84532441577986e+32
8.81000000000000e+00	1.86732665580090e+32
8.82000000000000e+00	1.88866331003928e+32
8.83000000000000e+00	1.90890794051468e+32
8.84000000000000e+00	1.92772600303581e+32
8.85000000000000e+00	1.94485881561882e+32
8.86000000000000e+00	1.96018171277581e+32
8.87000000000000e+00	1.97368899961114e+32
8.88000000000000e+00	1.98551721500596e+32
8.89000000000000e+00	1.99592288404313e+32
8.90000000000000e+00	2.00523939344383e+32
8.91000000000000e+00	2.01387444614778e+32
8.92000000000000e+00	2.02222590242493e+32
8.93000000000000e+00	2.03068650882104e+32
8.94000000000000e+00	2.03960366110116e+32
8.95000000000000e+00	2.04922829973241e+32
8.96000000000000e+00	2.05975205667049e+32
8.97000000000000e+00	2.07130697142105e+32
8.98000000000000e+00	2.08392440837031e+32
8.99000000000000e+00	2.09753817973965e+32
9.00000000000000e+00	2.11207243949755e+32
9.01000000000000e+00	2.12737529952183e+32
9.02000000000000e+00	2.14326755136264e+32
9.03000000000000e+00	2.15950965850273e+32
9.04000000000000e+00	2.17591177054955e+32
9.05000000000000e+00	2.19223842812124e+32
9.06000000000000e+00	2.20830392700529e+32
9.07000000000000e+00	2.22395240665533e+32
9.08000000000000e+00	2.23907698622433e+32
9.09000000000000e+00	2.25360025953245e+32
9.10000000000000e+00	2.26749930131171e+32
9.11000000000000e+00	2.28076630630045e+32
9.12000000000000e+00	2.29343823198345e+32
9.13000000000000e+00	2.30552347005134e+32
9.14000000000000e+00	2.31708101138850e+32
9.15000000000000e+00	2.32814527315745e+32
9.16000000000000e+00	2.33869106977344e+32
9.17000000000000e+00	2.34872052752173e+32
9.18000000000000e+00	2.35822183125884e+32
9.19000000000000e+00	2.36716174645473e+32
9.20000000000000e+00	2.37551148849043e+32
9.21000000000000e+00	2.38332354832444e+32
9.22000000000000e+00	2.39064663380294e+32
9.23000000000000e+00	2.39761700995323e+32
9.24000000000000e+00	2.40440717025478e+32
9.25000000000000e+00	2.41118963948221e+32
9.26000000000000e+00	2.41818006643555e+32
9.27000000000000e+00	2.42558919040562e+32
9.28000000000000e+00	2.43359566187498e+32
9.29000000000000e+00	2.44233369868425e+32
9.30000000000000e+00	2.45187940296169e+32
9.31000000000000e+00	2.46228436769203e+32
9.32000000000000e+00	2.47349887402931e+32
9.33000000000000e+00	2.48545540977996e+32
9.34000000000000e+00	2.49798492970612e+32
9.35000000000000e+00	2.51098990518578e+32
9.36000000000000e+00	2.52426271330030e+32
9.37000000000000e+00	2.53768417263410e+32
9.38000000000000e+00	2.55107041035226e+32
9.39000000000000e+00	2.56429345453801e+32
9.40000000000000e+00	2.57727164674939e+32
9.41000000000000e+00	2.58987118270557e+32
9.42000000000000e+00	2.60204259577247e+32
9.43000000000000e+00	2.61368811394675e+32
9.44000000000000e+00	2.62477785230535e+32
9.45000000000000e+00	2.63522242616733e+32
9.46000000000000e+00	2.64499824385193e+32
9.47000000000000e+00	2.65405248713925e+32
9.48000000000000e+00	2.66238553319402e+32
9.49000000000000e+00	2.67002002424244e+32
9.50000000000000e+00	2.67695609443295e+32
9.51000000000000e+00	2.68331964474980e+32
9.52000000000000e+00	2.68919115285945e+32
9.53000000000000e+00	2.69472913504608e+32
9.54000000000000e+00	2.70009003664712e+32
9.55000000000000e+00	2.70543045753293e+32
9.56000000000000e+00	2.71095606043302e+32
9.57000000000000e+00	2.71686561973799e+32
9.58000000000000e+00	2.72325637367211e+32
9.59000000000000e+00	2.73029367131768e+32
9.60000000000000e+00	2.73802532157106e+32
9.61000000000000e+00	2.74651402416009e+32
9.62000000000000e+00	2.75576763688859e+32
9.63000000000000e+00	2.76573710587143e+32
9.64000000000000e+00	2.77641661172420e+32
9.65000000000000e+00	2.78767708600134e+32
9.66000000000000e+00	2.79944950123844e+32
9.67000000000000e+00	2.81161827095899e+32
9.68000000000000e+00	2.82408550484331e+32
9.69000000000000e+00	2.83677604381138e+32
9.70000000000000e+00	2.84953028514604e+32
9.71000000000000e+00	2.86233055872275e+32
9.72000000000000e+00	2.87504054691007e+32
9.73000000000000e+00	2.88762421080489e+32
9.74000000000000e+00	2.90002893506833e+32
9.75000000000000e+00	2.91218241599810e+32
9.76000000000000e+00	2.92411198053917e+32
9.77000000000000e+00	2.93575371573388e+32
9.78000000000000e+00	2.94715891048514e+32
9.79000000000000e+00	2.95830602088404e+32
9.80000000000000e+00	2.96930226092909e+32
9.81000000000000e+00	2.98013048289077e+32
9.82000000000000e+00	2.99087449474223e+32
9.83000000000000e+00	3.00157678720572e+32
9.84000000000000e+00	3.01225860180382e+32
9.85000000000000e+00	3.02301182639508e+32
9.86000000000000e+00	3.03383058434700e+32
9.87000000000000e+00	3.04481554643654e+32
9.88000000000000e+00	3.05608288274991e+32
9.89000000000000e+00	3.06800248930693e+32
9.90000000000000e+00	3.08152273919477e+32
9.91000000000000e+00	3.09861161371588e+32
9.92000000000000e+00	3.12325309416083e+32
9.93000000000000e+00	3.16209808311497e+32
9.94000000000000e+00	3.22521451106970e+32
9.95000000000000e+00	3.32606204714479e+32
9.96000000000000e+00	3.48022247333142e+32
9.97000000000000e+00	3.70275205073063e+32
9.98000000000000e+00	4.00335199762909e+32
9.99000000000000e+00	4.37870514622362e+32
1.00000000000000e+01	4.80373139246361e+32
1.00100000000000e+01	5.22348856816193e+32
1.00200000000000e+01	5.54305319742438e+32
1.00300000000000e+01	5.64215181511664e+32
1.00400000000000e+01	5.43230644398711e+32
1.00500000000000e+01	4.92465956270414e+32
1.00600000000000e+01	4.23266992089069e+32
1.00700000000000e+01	3.49961152938062e+32
1.00800000000000e+01	2.82813278016043e+32
1.00900000000000e+01	2.26319230556765e+32
1.01000000000000e+01	1.80959251705161e+32
1.01100000000000e+01	1.45359833808274e+32
1.01200000000000e+01	1.17650031878371e+32
1.01300000000000e+01	9.60793784454972e+31
1.01400000000000e+01	7.92032247806316e+31
1.01500000000000e+01	6.59024640355564e+31
1.01600000000000e+01	5.53296420699305e+31
1.01700000000000e+01	4.68501244139487e+31
1.01800000000000e+01	3.99883111446606e+31
1.01900000000000e+01	3.43874733969766e+31
1.02000000000000e+01	2.97779628079237e+31
1.02100000000000e+01	2.59543014067276e+31
1.02200000000000e+01	2.27586665068240e+31
1.02300000000000e+01	2.00692006315935e+31
1.02400000000000e+01	1.77901391175792e+31
1.02500000000000e+01	1.58464901191435e+31
1.02600000000000e+01	1.41791061584944e+31
1.02700000000000e+01	1.27401556384051e+31
1.02800000000000e+01	1.14916742894080e+31
1.02900000000000e+01	1.04028461363164e+31
1.03000000000000e+01	9.44865184358705e+30
1.03100000000000e+01	8.60865624707200e+30
1.03200000000000e+01	7.86614100269335e+30
1.03300000000000e+01	7.20715519622920e+30
1.03400000000000e+01	6.62025435950442e+30
1.03500000000000e+01	6.09582406472658e+30
1.03600000000000e+01	5.62574268590261e+30
1.03700000000000e+01	5.20315949085485e+30
1.03800000000000e+01	4.82223720211462e+30
1.03900000000000e+01	4.47800493237560e+30
1.04000000000000e+01	4.16611374176295e+30
1.04100000000000e+01	3.88291857642527e+30
1.04200000000000e+01	3.62513002835716e+30
1.04300000000000e+01	3.39005170375519e+30
1.04400000000000e+01	3.17512705708389e+30
1.04500000000000e+01	2.97832697693666e+30
1.04600000000000e+01	2.79773552362108e+30
1.04700000000000e+01	2.63174850214142e+30
1.04800000000000e+01	2.47892379518493e+30
1.04900000000000e+01	2.33800968038923e+30
1.05000000000000e+01	2.20786240815687e+30
1.05100000000000e+01	2.08751271850512e+30
1.05200000000000e+01	1.97608297963809e+30
1.05300000000000e+01	1.87273763143374e+30
1.05400000000000e+01	1.77679459716682e+30
1.05500000000000e+01	1.68759506003206e+30
1.05600000000000e+01	1.60455363644658e+30
1.05700000000000e+01	1.52713318120787e+30
1.05800000000000e+01	1.45487084262448e+30
1.05900000000000e+01	1.38733688573045e+30
1.06000000000000e+01	1.32411355653010e+30
1.06100000000000e+01	1.26487286023186e+30
1.06200000000000e+01	1.20926706210500e+30
1.06300000000000e+01	1.15700058285848e+30
1.06400000000000e+01	1.10783252646672e+30
1.06500000000000e+01	1.06148342428418e+30
1.06600000000000e+01	1.01776609756483e+30
1.06700000000000e+01	9.76448210749447e+29
1.06800000000000e+01	9.37379468370376e+29
1.06900000000000e+01	9.00369558718925e+29
1.07000000000000e+01	8.65284861158223e+29
1.07100000000000e+01	8.31994042010445e+29
1.07200000000000e+01	8.00365127789359e+29
1.07300000000000e+01	7.70300282692782e+29
1.07400000000000e+01	7.41687518273347e+29
1.07500000000000e+01	7.14441244585070e+29
1.07600000000000e+01	6.88482865795934e+29
1.07700000000000e+01	6.63732617932756e+29
1.07800000000000e+01	6.40132268376699e+29
1.07900000000000e+01	6.17614878433655e+29
1.08000000000000e+01	5.96132699782099e+29
1.08100000000000e+01	5.75628673328012e+29
1.08200000000000e+01	5.56062139555337e+29
1.08300000000000e+01	5.37393998422123e+29
1.08400000000000e+01	5.19580475488727e+29
1.08500000000000e+01	5.02586864792871e+29
1.08600000000000e+01	4.86379382039210e+29
1.08700000000000e+01	4.70920378387290e+29
1.08800000000000e+01	4.56162410807521e+29
1.08900000000000e+01	4.42082917609625e+29
1.09000000000000e+01	4.28641402242523e+29
1.09100000000000e+01	4.15795309332847e+29
1.09200000000000e+01	4.03516115941185e+29
1.09300000000000e+01	3.91771079144460e+29
1.09400000000000e+01	3.80524263526273e+29
1.09500000000000e+01	3.69744426657897e+29
1.09600000000000e+01	3.59402882749624e+29
1.09700000000000e+01	3.49476657888489e+29
1.09800000000000e+01	3.39935809493938e+29
1.09900000000000e+01	3.30756220712255e+29
1.10000000000000e+01	3.21918924971408e+29
1.10100000000000e+01	3.13401443620285e+29
1.10200000000000e+01	3.05181708362736e+29
1.10300000000000e+01	2.97245299081106e+29
1.10400000000000e+01	2.89577607562660e+29
1.10500000000000e+01	2.82160571431096e+29
1.10600000000000e+01	2.74983177584384e+29
1.10700000000000e+01	2.68036466960797e+29
1.10800000000000e+01	2.61307964553335e+29
1.10900000000000e+01	2.54787308374107e+29
1.11000000000000e+01	2.48467290627155e+29
1.11100000000000e+01	2.42342256087593e+29
1.11200000000000e+01	2.36406831987563e+29
1.11300000000000e+01	2.30654445779146e+29
1.11400000000000e+01	2.25079944565204e+29
1.11500000000000e+01	2.19681678207473e+29
1.11600000000000e+01	2.14455372717897e+29
1.11700000000000e+01	2.09393435501691e+29
1.11800000000000e+01	2.04501365668380e+29
1.11900000000000e+01	1.99768759218538e+29
1.12000000000000e+01	1.95193956440252e+29
1.12100000000000e+01	1.90776982172833e+29
1.12200000000000e+01	1.86510347267611e+29
1.12300000000000e+01	1.82389785388655e+29
1.12400000000000e+01	1.78409172503838e+29
1.12500000000000e+01	1.74562610836655e+29
1.12600000000000e+01	1.70846428726123e+29
1.12700000000000e+01	1.67250858709355e+29
1.12800000000000e+01	1.63768543643301e+29
1.12900000000000e+01	1.60394704297360e+29
1.13000000000000e+01	1.57122253986758e+29
1.13100000000000e+01	1.53945729044807e+29
1.13200000000000e+01	1.50857382772711e+29
1.13300000000000e+01	1.47854452216567e+29
1.13400000000000e+01	1.44930142172033e+29
1.13500000000000e+01	1.42084427629496e+29
1.13600000000000e+01	1.39311930594214e+29
1.13700000000000e+01	1.36608983422867e+29
1.13800000000000e+01	1.33974255493285e+29
1.13900000000000e+01	1.31405730093366e+29
1.14000000000000e+01	1.28900790213558e+29
1.14100000000000e+01	1.26456667684084e+29
1.14200000000000e+01	1.24071050030685e+29
1.14300000000000e+01	1.21743601554093e+29
1.14400000000000e+01	1.19471944285143e+29
1.14500000000000e+01	1.17252617700189e+29
1.14600000000000e+01	1.15086905843849e+29
1.14700000000000e+01	1.12972098464260e+29
1.14800000000000e+01	1.10906940719335e+29
1.14900000000000e+01	1.08891349369615e+29
1.15000000000000e+01	1.06924575162813e+29
1.15100000000000e+01	1.05005857944354e+29
1.15200000000000e+01	1.03135437576015e+29
1.15300000000000e+01	1.01312316890425e+29
1.15400000000000e+01	9.95371295294291e+28
1.15500000000000e+01	9.78069513584227e+28
1.15600000000000e+01	9.61211716008226e+28
1.15700000000000e+01	9.44796659557361e+28
1.15800000000000e+01	9.28807502092719e+28
1.15900000000000e+01	9.13211608675235e+28
1.16000000000000e+01	8.97995022063262e+28
1.16100000000000e+01	8.83154520791505e+28
1.16200000000000e+01	8.68647682703638e+28
1.16300000000000e+01	8.54469761479005e+28
1.16400000000000e+01	8.40607477611789e+28
1.16500000000000e+01	8.27038002734069e+28
1.16600000000000e+01	8.13755058023504e+28
1.16700000000000e+01	8.00756994029749e+28
1.16800000000000e+01	7.88018797324319e+28
1.16900000000000e+01	7.75544100572719e+28
1.17000000000000e+01	7.63326541250607e+28
1.17100000000000e+01	7.51364434052583e+28
1.17200000000000e+01	7.39651353030047e+28
1.17300000000000e+01	7.28189808723330e+28
1.17400000000000e+01	7.16955927749998e+28
1.17500000000000e+01	7.05952978725280e+28
1.17600000000000e+01	6.95178993230365e+28
1.17700000000000e+01	6.84620293624877e+28
1.17800000000000e+01	6.74291781595377e+28
1.17900000000000e+01	6.64179841965250e+28
1.18000000000000e+01	6.54282792818029e+28
1.18100000000000e+01	6.44586924871130e+28
1.18200000000000e+01	6.35109777076725e+28
1.18300000000000e+01	6.25833130598442e+28
1.18400000000000e+01	6.16766033995229e+28
1.18500000000000e+01	6.07890220398101e+28
1.18600000000000e+01	5.99206877997861e+28
1.18700000000000e+01	5.90709773777694e+28
1.18800000000000e+01	5.82389307077204e+28
1.18900000000000e+01	5.74243354295022e+28
1.19000000000000e+01	5.66260017919273e+28
1.19100000000000e+01	5.58421460289819e+28
1.19200000000000e+01	5.50741133983873e+28
1.19300000000000e+01	5.43192367852046e+28
1.19400000000000e+01	5.35786354660586e+28
1.19500000000000e+01	5.28504248597281e+28
1.19600000000000e+01	5.21351163982307e+28
1.19700000000000e+01	5.14322427593636e+28
1.19800000000000e+01	5.07422537821951e+28
1.19900000000000e+01	5.00643394446878e+28
1.20000000000000e+01	4.94001345630186e+28
1.20100000000000e+01	4.87484028302829e+28
1.20200000000000e+01	4.81106488477990e+28
1.20300000000000e+01	4.74858078851054e+28
1.20400000000000e+01	4.68746293334185e+28
1.20500000000000e+01	4.62760071634986e+28
1.20600000000000e+01	4.56908957566027e+28
1.20700000000000e+01	4.51178807760548e+28
1.20800000000000e+01	4.45573342355439e+28
1.20900000000000e+01	4.40071234768456e+28
1.21000000000000e+01	4.34671494582430e+28
1.21100000000000e+01	4.29357487986805e+28
1.21200000000000e+01	4.24135360107152e+28
1.21300000000000e+01	4.18982173398441e+28
1.21400000000000e+01	4.13900484837830e+28
1.21500000000000e+01	4.08879455048912e+28
1.21600000000000e+01	4.03912192713941e+28
1.21700000000000e+01	3.99010195634641e+28
1.21800000000000e+01	3.94164194462155e+28
1.21900000000000e+01	3.89372633571036e+28
1.22000000000000e+01	3.84646246229916e+28
1.22100000000000e+01	3.79985336857476e+28
1.22200000000000e+01	3.75391728311142e+28
1.22300000000000e+01	3.70879216857644e+28
1.22400000000000e+01	3.66440916604058e+28
1.22500000000000e+01	3.62088719824530e+28
1.22600000000000e+01	3.57815140100271e+28
1.22700000000000e+01	3.53631060944602e+28
1.22800000000000e+01	3.49528205815274e+28
1.22900000000000e+01	3.45507808429333e+28
1.23000000000000e+01	3.41564659284434e+28
1.23100000000000e+01	3.37691217659285e+28
1.23200000000000e+01	3.33894000475192e+28
1.23300000000000e+01	3.30153646317767e+28
1.23400000000000e+01	3.26475051950600e+28
1.23500000000000e+01	3.22846527363989e+28
1.23600000000000e+01	3.19271676060762e+28
1.23700000000000e+01	3.15749996036661e+28
1.23800000000000e+01	3.12268306903141e+28
1.23900000000000e+01	3.08836929505325e+28
1.24000000000000e+01	3.05447068204159e+28
1.24100000000000e+01	3.02102451689614e+28
1.24200000000000e+01	2.98800557519100e+28
1.24300000000000e+01	2.95538654080288e+28
1.24400000000000e+01	2.92318329799226e+28
1.24500000000000e+01	2.89139010661099e+28
1.24600000000000e+01	2.86000244260745e+28
1.24700000000000e+01	2.82897694913743e+28
1.24800000000000e+01	2.79833232653978e+28
1.24900000000000e+01	2.76804886716227e+28
1.25000000000000e+01	2.73816303938177e+28
1.25100000000000e+01	2.70860074707555e+28
1.25200000000000e+01	2.67943630438627e+28
1.25300000000000e+01	2.65064920343427e+28
1.25400000000000e+01	2.62229050426599e+28
1.25500000000000e+01	2.59435714403067e+28
1.25600000000000e+01	2.56687671877088e+28
1.25700000000000e+01	2.53985536016431e+28
1.25800000000000e+01	2.51331819610923e+28
1.25900000000000e+01	2.48727036371731e+28
1.26000000000000e+01	2.46174635097066e+28
1.26100000000000e+01	2.43671233192344e+28
1.26200000000000e+01	2.41215221553878e+28
1.26300000000000e+01	2.38813288283507e+28
1.26400000000000e+01	2.36458408024025e+28
1.26500000000000e+01	2.34153798072981e+28
1.26600000000000e+01	2.31891200180361e+28
1.26700000000000e+01	2.29673809945714e+28
1.26800000000000e+01	2.27496950499609e+28
1.26900000000000e+01	2.25356067333367e+28
1.27000000000000e+01	2.23250264009305e+28
1.27100000000000e+01	2.21174220881209e+28
1.27200000000000e+01	2.19127380518856e+28
1.27300000000000e+01	2.17103435542470e+28
1.27400000000000e+01	2.15099573449316e+28
1.27500000000000e+01	2.13120830327044e+28
1.27600000000000e+01	2.11159992466428e+28
1.27700000000000e+01	2.09219052595833e+28
1.27800000000000e+01	2.07301412023688e+28
1.27900000000000e+01	2.05407338597307e+28
1.28000000000000e+01	2.03541146754011e+28
1.28100000000000e+01	2.01700948623774e+28
1.28200000000000e+01	1.99892005239955e+28
1.28300000000000e+01	1.98113305754113e+28
1.28400000000000e+01	1.96366644974826e+28
1.28500000000000e+01	1.94654902841002e+28
1.28600000000000e+01	1.92972428163174e+28
1.28700000000000e+01	1.91322097618317e+28
1.28800000000000e+01	1.89699751647923e+28
1.28900000000000e+01	1.88104439136806e+28
1.29000000000000e+01	1.86532541097873e+28
1.29100000000000e+01	1.84980630038844e+28
1.29200000000000e+01	1.83448361846040e+28
1.29300000000000e+01	1.81932905787122e+28
1.29400000000000e+01	1.80428916971379e+28
1.29500000000000e+01	1.78939272990031e+28
1.29600000000000e+01	1.77458884473416e+28
1.29700000000000e+01	1.75990667310684e+28
1.29800000000000e+01	1.74530945614515e+28
1.29900000000000e+01	1.73085075154932e+28
1.30000000000000e+01	1.71646519909298e+28
1.30100000000000e+01	1.70220700340183e+28
1.30200000000000e+01	1.68801084272969e+28
1.30300000000000e+01	1.67395297473409e+28
1.30400000000000e+01	1.65998271723333e+28
1.30500000000000e+01	1.64607717788337e+28
1.30600000000000e+01	1.63228723273778e+28
1.30700000000000e+01	1.61855297368584e+28
1.30800000000000e+01	1.60492820829873e+28
1.30900000000000e+01	1.59137899060951e+28
1.31000000000000e+01	1.57790992646997e+28
1.31100000000000e+01	1.56457216107946e+28
1.31200000000000e+01	1.55135721029307e+28
1.31300000000000e+01	1.53827775040632e+28
1.31400000000000e+01	1.52536840608077e+28
1.31500000000000e+01	1.51262676409396e+28
1.31600000000000e+01	1.50010495697056e+28
1.31700000000000e+01	1.48779575603222e+28
1.31800000000000e+01	1.47572465759134e+28
1.31900000000000e+01	1.46386908627175e+28
1.32000000000000e+01	1.45227361350294e+28
1.32100000000000e+01	1.44090507840547e+28
1.32200000000000e+01	1.42975118713189e+28
1.32300000000000e+01	1.41879211613759e+28
1.32400000000000e+01	1.40798782916345e+28
1.32500000000000e+01	1.39735347887423e+28
1.32600000000000e+01	1.38683202954450e+28
1.32700000000000e+01	1.37642314035810e+28
1.32800000000000e+01	1.36608418662505e+28
1.32900000000000e+01	1.35584875288032e+28
1.33000000000000e+01	1.34566654613426e+28
1.33100000000000e+01	1.33556193048656e+28
1.33200000000000e+01	1.32552685145822e+28
1.33300000000000e+01	1.31556151386163e+28
1.33400000000000e+01	1.30565753211102e+28
1.33500000000000e+01	1.29584493236380e+28
1.33600000000000e+01	1.28613216960719e+28
1.33700000000000e+01	1.27647758415598e+28
1.33800000000000e+01	1.26690757067515e+28
1.33900000000000e+01	1.25743123690901e+28
1.34000000000000e+01	1.24800509005168e+28
1.34100000000000e+01	1.23865752090123e+28
1.34200000000000e+01	1.22936854412914e+28
1.34300000000000e+01	1.22012649067514e+28
1.34400000000000e+01	1.21093287992835e+28
1.34500000000000e+01	1.20176853560800e+28
1.34600000000000e+01	1.19261671667100e+28
1.34700000000000e+01	1.18350784193247e+28
1.34800000000000e+01	1.17442571524309e+28
1.34900000000000e+01	1.16535367835004e+28
1.35000000000000e+01	1.15632224627217e+28
1.35100000000000e+01	1.14730566843808e+28
1.35200000000000e+01	1.13830736362299e+28
1.35300000000000e+01	1.12935836780724e+28
1.35400000000000e+01	1.12042262097273e+28
1.35500000000000e+01	1.11153141026922e+28
1.35600000000000e+01	1.10269561714482e+28
1.35700000000000e+01	1.09390772374957e+28
1.35800000000000e+01	1.08517812525561e+28
1.35900000000000e+01	1.07652595777371e+28
1.36000000000000e+01	1.06795989123106e+28
1.36100000000000e+01	1.05947867581161e+28
1.36200000000000e+01	1.05109759827568e+28
1.36300000000000e+01	1.04282432649085e+28
1.36400000000000e+01	1.03466323820306e+28
1.36500000000000e+01	1.02662820633588e+28
1.36600000000000e+01	1.01870673384888e+28
1.36700000000000e+01	1.01091175977126e+28
1.36800000000000e+01	1.00323852092119e+28
1.36900000000000e+01	9.95692287637347e+27
1.37000000000000e+01	9.88260792773993e+27
1.37100000000000e+01	9.80956854840252e+27
1.37200000000000e+01	9.73753687827613e+27
1.37300000000000e+01	9.66656322872292e+27
1.37400000000000e+01	9.59670846302392e+27
1.37500000000000e+01	9.52809566514909e+27
1.37600000000000e+01	9.46022512872114e+27
1.37700000000000e+01	9.39370632326065e+27
1.37800000000000e+01	9.32787706981260e+27
1.37900000000000e+01	9.26326311944120e+27
1.38000000000000e+01	9.19936241794851e+27
1.38100000000000e+01	9.13638989892065e+27
1.38200000000000e+01	9.07424344994251e+27
1.38300000000000e+01	9.01282227723177e+27
1.38400000000000e+01	8.95196111885133e+27
1.38500000000000e+01	8.89180502613980e+27
1.38600000000000e+01	8.83220336642134e+27
1.38700000000000e+01	8.77284913707172e+27
1.38800000000000e+01	8.71420535330029e+27
1.38900000000000e+01	8.65561409072751e+27
1.39000000000000e+01	8.59753360411317e+27
1.39100000000000e+01	8.53983640646534e+27
1.39200000000000e+01	8.48245911458163e+27
1.39300000000000e+01	8.42541090911489e+27
1.39400000000000e+01	8.36891948093041e+27
1.39500000000000e+01	8.31277457497918e+27
1.39600000000000e+01	8.25710898614208e+27
1.39700000000000e+01	8.20206375222371e+27
1.39800000000000e+01	8.14769556053738e+27
1.39900000000000e+01	8.09384402300487e+27
1.40000000000000e+01	8.04056162054613e+27
1.40100000000000e+01	7.98784386180964e+27
1.40200000000000e+01	7.93573035199174e+27
1.40300000000000e+01	7.88407885369367e+27
1.40400000000000e+01	7.83295605805744e+27
1.40500000000000e+01	7.78248362860880e+27
1.40600000000000e+01	7.73231550486138e+27
1.40700000000000e+01	7.68280191284228e+27
1.40800000000000e+01	7.63359187517454e+27
1.40900000000000e+01	7.58495958518233e+27
1.41000000000000e+01	7.53690129069018e+27
1.41100000000000e+01	7.48914123144393e+27
1.41200000000000e+01	7.44206695625398e+27
1.41300000000000e+01	7.39554254456589e+27
1.41400000000000e+01	7.34960511239575e+27
1.41500000000000e+01	7.30411636142881e+27
1.41600000000000e+01	7.25919283534343e+27
1.41700000000000e+01	7.21480623138345e+27
1.41800000000000e+01	7.17095075669540e+27
1.41900000000000e+01	7.12754100918261e+27
1.42000000000000e+01	7.08444645739302e+27
1.42100000000000e+01	7.04178836662169e+27
1.42200000000000e+01	6.99943176566837e+27
1.42300000000000e+01	6.95744355353261e+27
1.42400000000000e+01	6.91569533565809e+27
1.42500000000000e+01	6.87418922478215e+27
1.42600000000000e+01	6.83293901504733e+27
1.42700000000000e+01	6.79188030621902e+27
1.42800000000000e+01	6.75096114236480e+27
1.42900000000000e+01	6.71031161226527e+27
1.43000000000000e+01	6.66986829961381e+27
1.43100000000000e+01	6.62970309394216e+27
1.43200000000000e+01	6.58975283728196e+27
1.43300000000000e+01	6.54996600642232e+27
1.43400000000000e+01	6.51046882144926e+27
1.43500000000000e+01	6.47119827366643e+27
1.43600000000000e+01	6.43221163534882e+27
1.43700000000000e+01	6.39357458130639e+27
1.43800000000000e+01	6.35522077214807e+27
1.43900000000000e+01	6.31726573087229e+27
1.44000000000000e+01	6.27963956679035e+27
1.44100000000000e+01	6.24238868015656e+27
1.44200000000000e+01	6.20551384040259e+27
1.44300000000000e+01	6.16904843639085e+27
1.44400000000000e+01	6.13287489603462e+27
1.44500000000000e+01	6.09715214190175e+27
1.44600000000000e+01	6.06175439337449e+27
1.44700000000000e+01	6.02662111315628e+27
1.44800000000000e+01	5.99191208733331e+27
1.44900000000000e+01	5.95750653195417e+27
1.45000000000000e+01	5.92340926607381e+27
1.45100000000000e+01	5.88960589564117e+27
1.45200000000000e+01	5.85598987819018e+27
1.45300000000000e+01	5.82272049224154e+27
1.45400000000000e+01	5.78956928492279e+27
1.45500000000000e+01	5.75681502844306e+27
1.45600000000000e+01	5.72416986512993e+27
1.45700000000000e+01	5.69179986810933e+27
1.45800000000000e+01	5.65970008878479e+27
1.45900000000000e+01	5.62759856182569e+27
1.46000000000000e+01	5.59571309153857e+27
1.46100000000000e+01	5.56409162282144e+27
1.46200000000000e+01	5.53247997312681e+27
1.46300000000000e+01	5.50098040343068e+27
1.46400000000000e+01	5.46950029756306e+27
1.46500000000000e+01	5.43820093144986e+27
1.46600000000000e+01	5.40693346949124e+27
1.46700000000000e+01	5.37570484398431e+27
1.46800000000000e+01	5.34467363285335e+27
1.46900000000000e+01	5.31369167150266e+27
1.47000000000000e+01	5.28291433293913e+27
1.47100000000000e+01	5.25213626020887e+27
1.47200000000000e+01	5.22156659602647e+27
1.47300000000000e+01	5.19125210867107e+27
1.47400000000000e+01	5.16099726578024e+27
1.47500000000000e+01	5.13089555010221e+27
1.47600000000000e+01	5.10094791806957e+27
1.47700000000000e+01	5.07125611527012e+27
1.47800000000000e+01	5.04167416401078e+27
1.47900000000000e+01	5.01229440326175e+27
1.48000000000000e+01	4.98317176996439e+27
1.48100000000000e+01	4.95420606467421e+27
1.48200000000000e+01	4.92551555034968e+27
1.48300000000000e+01	4.89706184370404e+27
1.48400000000000e+01	4.86887527660588e+27
1.48500000000000e+01	4.84094919721945e+27
1.48600000000000e+01	4.81332001111025e+27
1.48700000000000e+01	4.78594504245731e+27
1.48800000000000e+01	4.75879638994249e+27
1.48900000000000e+01	4.73197105469107e+27
1.49000000000000e+01	4.70532211453041e+27
1.49100000000000e+01	4.67888657569654e+27
1.49200000000000e+01	4.65271175227692e+27
1.49300000000000e+01	4.62664850205007e+27
1.49400000000000e+01	4.60075791416765e+27
1.49500000000000e+01	4.57506444092341e+27
1.49600000000000e+01	4.54946341750641e+27
1.49700000000000e+01	4.52403276399629e+27
1.49800000000000e+01	4.49869313545586e+27
1.49900000000000e+01	4.47352136393346e+27
1.50000000000000e+01	4.44853788838307e+27
1.50100000000000e+01	4.42369380460370e+27
1.50200000000000e+01	4.39903002828533e+27
1.50300000000000e+01	4.37455468541916e+27
1.50400000000000e+01	4.35028817259610e+27
1.50500000000000e+01	4.32619670579709e+27
1.50600000000000e+01	4.30227808517674e+27
1.50700000000000e+01	4.27860892640556e+27
1.50800000000000e+01	4.25510697279393e+27
1.50900000000000e+01	4.23180897773931e+27
1.51000000000000e+01	4.20875126083393e+27
1.51100000000000e+01	4.18589090542361e+27
1.51200000000000e+01	4.16322456108358e+27
1.51300000000000e+01	4.14078685791159e+27
1.51400000000000e+01	4.11852610595744e+27
1.51500000000000e+01	4.09649331429017e+27
1.51600000000000e+01	4.07467478862835e+27
1.51700000000000e+01	4.05298156151583e+27
1.51800000000000e+01	4.03154049439003e+27
1.51900000000000e+01	4.01021780229004e+27
1.52000000000000e+01	3.98905754569359e+27
1.52100000000000e+01	3.96809521155923e+27
1.52200000000000e+01	3.94721870754740e+27
1.52300000000000e+01	3.92650255302155e+27
1.52400000000000e+01	3.90590215260634e+27
1.52500000000000e+01	3.88547185280621e+27
1.52600000000000e+01	3.86512263600664e+27
1.52700000000000e+01	3.84493656249645e+27
1.52800000000000e+01	3.82491345281728e+27
1.52900000000000e+01	3.80498063691544e+27
1.53000000000000e+01	3.78523684561904e+27
1.53100000000000e+01	3.76561675959977e+27
1.53200000000000e+01	3.74615431874982e+27
1.53300000000000e+01	3.72684686832160e+27
1.53400000000000e+01	3.70765700677840e+27
1.53500000000000e+01	3.68864487160273e+27
1.53600000000000e+01	3.66978088763820e+27
1.53700000000000e+01	3.65102828440488e+27
1.53800000000000e+01	3.63244714361495e+27
1.53900000000000e+01	3.61398209153025e+27
1.54000000000000e+01	3.59565058612428e+27
1.54100000000000e+01	3.57745112793833e+27
1.54200000000000e+01	3.55939764605602e+27
1.54300000000000e+01	3.54143890203026e+27
1.54400000000000e+01	3.52360735124929e+27
1.54500000000000e+01	3.50591660322062e+27
1.54600000000000e+01	3.48834948418788e+27
1.54700000000000e+01	3.47087863223343e+27
1.54800000000000e+01	3.45352887297952e+27
1.54900000000000e+01	3.43624048223040e+27
1.55000000000000e+01	3.41907972774012e+27
1.55100000000000e+01	3.40200624950745e+27
1.55200000000000e+01	3.38502830553056e+27
1.55300000000000e+01	3.36813912442998e+27
1.55400000000000e+01	3.35135481042617e+27
1.55500000000000e+01	3.33465373314053e+27
1.55600000000000e+01	3.31805880615299e+27
1.55700000000000e+01	3.30155558034774e+27
1.55800000000000e+01	3.28514385545137e+27
1.55900000000000e+01	3.26886223087191e+27
1.56000000000000e+01	3.25267787876789e+27
1.56100000000000e+01	3.23661424937760e+27
1.56200000000000e+01	3.22064598666716e+27
1.56300000000000e+01	3.20476506415771e+27
1.56400000000000e+01	3.18904052437715e+27
1.56500000000000e+01	3.17340214561644e+27
1.56600000000000e+01	3.15788750973353e+27
1.56700000000000e+01	3.14248892165959e+27
1.56800000000000e+01	3.12721244006943e+27
1.56900000000000e+01	3.11208689269245e+27
1.57000000000000e+01	3.09706517550967e+27
1.57100000000000e+01	3.08216549869889e+27
1.57200000000000e+01	3.06740044832879e+27
1.57300000000000e+01	3.05276590146984e+27
1.57400000000000e+01	3.03826415210311e+27
1.57500000000000e+01	3.02385436829390e+27
1.57600000000000e+01	3.00956306004583e+27
1.57700000000000e+01	2.99533518496509e+27
1.57800000000000e+01	2.98119939088436e+27
1.57900000000000e+01	2.96711953893445e+27
1.58000000000000e+01	2.95309710707759e+27
1.58100000000000e+01	2.93914130662031e+27
1.58200000000000e+01	2.92521921915604e+27
1.58300000000000e+01	2.91136995802619e+27
1.58400000000000e+01	2.89756087567440e+27
1.58500000000000e+01	2.88382325619048e+27
1.58600000000000e+01	2.87016537635199e+27
1.58700000000000e+01	2.85658091355398e+27
1.58800000000000e+01	2.84307602344960e+27
1.58900000000000e+01	2.82969296123238e+27
1.59000000000000e+01	2.81639239288130e+27
1.59100000000000e+01	2.80320844991270e+27
1.59200000000000e+01	2.79012294040558e+27
1.59300000000000e+01	2.77715461515789e+27
1.59400000000000e+01	2.76425135027179e+27
1.59500000000000e+01	2.75146004791041e+27
1.59600000000000e+01	2.73875112075869e+27
1.59700000000000e+01	2.72610190229602e+27
1.59800000000000e+01	2.71355362937911e+27
1.59900000000000e+01	2.70106361650399e+27
1.60000000000000e+01	2.68865898602915e+27
1.60100000000000e+01	2.67630011392626e+27
1.60200000000000e+01	2.66400026113260e+27
1.60300000000000e+01	2.65178716174639e+27
1.60400000000000e+01	2.63962217908603e+27
1.60500000000000e+01	2.62751883392107e+27
1.60600000000000e+01	2.61547165647091e+27
1.60700000000000e+01	2.60353413013151e+27
1.60800000000000e+01	2.59165889355410e+27
1.60900000000000e+01	2.57985931786387e+27
1.61000000000000e+01	2.56814584878794e+27
1.61100000000000e+01	2.55650995908185e+27
1.61200000000000e+01	2.54498083840683e+27
1.61300000000000e+01	2.53354272905223e+27
1.61400000000000e+01	2.52217833857659e+27
1.61500000000000e+01	2.51087831121382e+27
1.61600000000000e+01	2.49963990932689e+27
1.61700000000000e+01	2.48849235169686e+27
1.61800000000000e+01	2.47734557095533e+27
1.61900000000000e+01	2.46626227222434e+27
1.62000000000000e+01	2.45518601370397e+27
1.62100000000000e+01	2.44414334395423e+27
1.62200000000000e+01	2.43311101548836e+27
1.62300000000000e+01	2.42211630366727e+27
1.62400000000000e+01	2.41111756332842e+27
1.62500000000000e+01	2.40013628647085e+27
1.62600000000000e+01	2.38916872057603e+27
1.62700000000000e+01	2.37822805053331e+27
1.62800000000000e+01	2.36730922415981e+27
1.62900000000000e+01	2.35643673800675e+27
1.63000000000000e+01	2.34559099774535e+27
1.63100000000000e+01	2.33478349393943e+27
1.63200000000000e+01	2.32401791859214e+27
1.63300000000000e+01	2.31327381040001e+27
1.63400000000000e+01	2.30256724555272e+27
1.63500000000000e+01	2.29186688419191e+27
1.63600000000000e+01	2.28118244560203e+27
1.63700000000000e+01	2.27048399837096e+27
1.63800000000000e+01	2.25979508590700e+27
1.63900000000000e+01	2.24904603452831e+27
1.64000000000000e+01	2.23828616195057e+27
1.64100000000000e+01	2.22747185768686e+27
1.64200000000000e+01	2.21660792921721e+27
1.64300000000000e+01	2.20565437326570e+27
1.64400000000000e+01	2.19466507067162e+27
1.64500000000000e+01	2.18360301574032e+27
1.64600000000000e+01	2.17248372580959e+27
1.64700000000000e+01	2.16132975595171e+27
1.64800000000000e+01	2.15013482878618e+27
1.64900000000000e+01	2.13897638002050e+27
1.65000000000000e+01	2.12782356186092e+27
1.65100000000000e+01	2.11676128425363e+27
1.65200000000000e+01	2.10582051162330e+27
1.65300000000000e+01	2.09500142359861e+27
1.65400000000000e+01	2.08436705695172e+27
1.65500000000000e+01	2.07393794563240e+27
1.65600000000000e+01	2.06373776287847e+27
1.65700000000000e+01	2.05378161185676e+27
1.65800000000000e+01	2.04405607238416e+27
1.65900000000000e+01	2.03456897509495e+27
1.66000000000000e+01	2.02530671912970e+27
1.66100000000000e+01	2.01625675949655e+27
1.66200000000000e+01	2.00738739811916e+27
1.66300000000000e+01	1.99866422938249e+27
1.66400000000000e+01	1.99007113327375e+27
1.66500000000000e+01	1.98160010164548e+27
1.66600000000000e+01	1.97320350161336e+27
1.66700000000000e+01	1.96489305114147e+27
1.66800000000000e+01	1.95664020017839e+27
1.66900000000000e+01	1.94843247262394e+27
1.67000000000000e+01	1.94031426613657e+27
1.67100000000000e+01	1.93226708232250e+27
1.67200000000000e+01	1.92427175056021e+27
1.67300000000000e+01	1.91638991620532e+27
1.67400000000000e+01	1.90857951749491e+27
1.67500000000000e+01	1.90085393559498e+27
1.67600000000000e+01	1.89322022850951e+27
1.67700000000000e+01	1.88566530491837e+27
1.67800000000000e+01	1.87821070841734e+27
1.67900000000000e+01	1.87083308487145e+27
1.68000000000000e+01	1.86352947597864e+27
1.68100000000000e+01	1.85629266797875e+27
1.68200000000000e+01	1.84911069436505e+27
1.68300000000000e+01	1.84197271463663e+27
1.68400000000000e+01	1.83488301746450e+27
1.68500000000000e+01	1.82782158722818e+27
1.68600000000000e+01	1.82078876640335e+27
1.68700000000000e+01	1.81376524725384e+27
1.68800000000000e+01	1.80678593066437e+27
1.68900000000000e+01	1.79979754154025e+27
1.69000000000000e+01	1.79282038852529e+27
1.69100000000000e+01	1.78585506869174e+27
1.69200000000000e+01	1.77890247304520e+27
1.69300000000000e+01	1.77192060574155e+27
1.69400000000000e+01	1.76495436870558e+27
1.69500000000000e+01	1.75798645253208e+27
1.69600000000000e+01	1.75100041864116e+27
1.69700000000000e+01	1.74399927315638e+27
1.69800000000000e+01	1.73700069604381e+27
1.69900000000000e+01	1.72999382897424e+27
1.70000000000000e+01	1.72300061781210e+27
1.70100000000000e+01	1.71601937022585e+27
1.70200000000000e+01	1.70907540171832e+27
1.70300000000000e+01	1.70216991568201e+27
1.70400000000000e+01	1.69530328447822e+27
1.70500000000000e+01	1.68849339713859e+27
1.70600000000000e+01	1.68173434704764e+27
1.70700000000000e+01	1.67506532558384e+27
1.70800000000000e+01	1.66846072960015e+27
1.70900000000000e+01	1.66192671607084e+27
1.71000000000000e+01	1.65546975296538e+27
1.71100000000000e+01	1.64907344386506e+27
1.71200000000000e+01	1.64274928145454e+27
1.71300000000000e+01	1.63648164167759e+27
1.71400000000000e+01	1.63026921319212e+27
1.71500000000000e+01	1.62412876655652e+27
1.71600000000000e+01	1.61802988323279e+27
1.71700000000000e+01	1.61198338611134e+27
1.71800000000000e+01	1.60598422638759e+27
1.71900000000000e+01	1.60003246996425e+27
1.72000000000000e+01	1.59412740467563e+27
1.72100000000000e+01	1.58826628800702e+27
1.72200000000000e+01	1.58244392056600e+27
1.72300000000000e+01	1.57665868919281e+27
1.72400000000000e+01	1.57090997413919e+27
1.72500000000000e+01	1.56519141445676e+27
1.72600000000000e+01	1.55950033316200e+27
1.72700000000000e+01	1.55383279947759e+27
1.72800000000000e+01	1.54819193525321e+27
1.72900000000000e+01	1.54257492834640e+27
1.73000000000000e+01	1.53698344080988e+27
1.73100000000000e+01	1.53141706466800e+27
1.73200000000000e+01	1.52588137315037e+27
1.73300000000000e+01	1.52037374455232e+27
1.73400000000000e+01	1.51489802511211e+27
1.73500000000000e+01	1.50945271637553e+27
1.73600000000000e+01	1.50404120891664e+27
1.73700000000000e+01	1.49866070931522e+27
1.73800000000000e+01	1.49330625894435e+27
1.73900000000000e+01	1.48797789731734e+27
1.74000000000000e+01	1.48267114146310e+27
1.74100000000000e+01	1.47738511702493e+27
1.74200000000000e+01	1.47211673533952e+27
1.74300000000000e+01	1.46686424777086e+27
1.74400000000000e+01	1.46162512711214e+27
1.74500000000000e+01	1.45640682475499e+27
1.74600000000000e+01	1.45120125626590e+27
1.74700000000000e+01	1.44601973992603e+27
1.74800000000000e+01	1.44085947967305e+27
1.74900000000000e+01	1.43572402886796e+27
1.75000000000000e+01	1.43061557849059e+27
1.75100000000000e+01	1.42553869567162e+27
1.75200000000000e+01	1.42049186959588e+27
1.75300000000000e+01	1.41547430861652e+27
1.75400000000000e+01	1.41048916639167e+27
1.75500000000000e+01	1.40553705197665e+27
1.75600000000000e+01	1.40061314151031e+27
1.75700000000000e+01	1.39571897319036e+27
1.75800000000000e+01	1.39084832067037e+27
1.75900000000000e+01	1.38600314475007e+27
1.76000000000000e+01	1.38117906610409e+27
1.76100000000000e+01	1.37637671440254e+27
1.76200000000000e+01	1.37159195330996e+27
1.76300000000000e+01	1.36682716058769e+27
1.76400000000000e+01	1.36207828004022e+27
1.76500000000000e+01	1.35734450642703e+27
1.76600000000000e+01	1.35262511304016e+27
1.76700000000000e+01	1.34792092149635e+27
1.76800000000000e+01	1.34322799685650e+27
1.76900000000000e+01	1.33854887907536e+27
1.77000000000000e+01	1.33387820980342e+27
1.77100000000000e+01	1.32921629836129e+27
1.77200000000000e+01	1.32456568951640e+27
1.77300000000000e+01	1.31992681542312e+27
1.77400000000000e+01	1.31529462354208e+27
1.77500000000000e+01	1.31066957809166e+27
1.77600000000000e+01	1.30605449999706e+27
1.77700000000000e+01	1.30144894668176e+27
1.77800000000000e+01	1.29685570883763e+27
1.77900000000000e+01	1.29227281481067e+27
1.78000000000000e+01	1.28770426455620e+27
1.78100000000000e+01	1.28314657604031e+27
1.78200000000000e+01	1.27860284710173e+27
1.78300000000000e+01	1.27407552605059e+27
1.78400000000000e+01	1.26956458076721e+27
1.78500000000000e+01	1.26506566807550e+27
1.78600000000000e+01	1.26059002384605e+27
1.78700000000000e+01	1.25612505412778e+27
1.78800000000000e+01	1.25167992422768e+27
1.78900000000000e+01	1.24725775152113e+27
1.79000000000000e+01	1.24284831726527e+27
1.79100000000000e+01	1.23846737160390e+27
1.79200000000000e+01	1.23410393688206e+27
1.79300000000000e+01	1.22976695041787e+27
1.79400000000000e+01	1.22545556877034e+27
1.79500000000000e+01	1.22117614449773e+27
1.79600000000000e+01	1.21692461783275e+27
1.79700000000000e+01	1.21270839346687e+27
1.79800000000000e+01	1.20852303913913e+27
1.79900000000000e+01	1.20437191872333e+27
1.80000000000000e+01	1.20025758676584e+27
1.80100000000000e+01	1.19617522124604e+27
1.80200000000000e+01	1.19212362481501e+27
1.80300000000000e+01	1.18810661622632e+27
1.80400000000000e+01	1.18411522648899e+27
1.80500000000000e+01	1.18014848566173e+27
1.80600000000000e+01	1.17620637800861e+27
1.80700000000000e+01	1.17228335444168e+27
1.80800000000000e+01	1.16837351838870e+27
1.80900000000000e+01	1.16447898679115e+27
1.81000000000000e+01	1.16059359452871e+27
1.81100000000000e+01	1.15671850220951e+27
1.81200000000000e+01	1.15284577886672e+27
1.81300000000000e+01	1.14898529291355e+27
1.81400000000000e+01	1.14512575472476e+27
1.81500000000000e+01	1.14127489556833e+27
1.81600000000000e+01	1.13742982483394e+27
1.81700000000000e+01	1.13358974251950e+27
1.81800000000000e+01	1.12976133746527e+27
1.81900000000000e+01	1.12594150152082e+27
1.82000000000000e+01	1.12213190191537e+27
1.82100000000000e+01	1.11833490826264e+27
1.82200000000000e+01	1.11454996892086e+27
1.82300000000000e+01	1.11077860248645e+27
1.82400000000000e+01	1.10702096362256e+27
1.82500000000000e+01	1.10328325414729e+27
1.82600000000000e+01	1.09956074691335e+27
1.82700000000000e+01	1.09585739493292e+27
1.82800000000000e+01	1.09217778427490e+27
1.82900000000000e+01	1.08851688553388e+27
1.83000000000000e+01	1.08487957834795e+27
1.83100000000000e+01	1.08126399323495e+27
1.83200000000000e+01	1.07767547460688e+27
1.83300000000000e+01	1.07410989311742e+27
1.83400000000000e+01	1.07056518625185e+27
1.83500000000000e+01	1.06704528790941e+27
1.83600000000000e+01	1.06354486612079e+27
1.83700000000000e+01	1.06006080086685e+27
1.83800000000000e+01	1.05659401108777e+27
1.83900000000000e+01	1.05314040402107e+27
1.84000000000000e+01	1.04970195903309e+27
1.84100000000000e+01	1.04627541491457e+27
1.84200000000000e+01	1.04285964930000e+27
1.84300000000000e+01	1.03945689831099e+27
1.84400000000000e+01	1.03605951514173e+27
1.84500000000000e+01	1.03267558831384e+27
1.84600000000000e+01	1.02930072453161e+27
1.84700000000000e+01	1.02593834388202e+27
1.84800000000000e+01	1.02258327982664e+27
1.84900000000000e+01	1.01924089739910e+27
1.85000000000000e+01	1.01590801951423e+27
1.85100000000000e+01	1.01258475129603e+27
1.85200000000000e+01	1.00927569950436e+27
1.85300000000000e+01	1.00597326520221e+27
1.85400000000000e+01	1.00268528752517e+27
1.85500000000000e+01	9.99408651981000e+26
1.85600000000000e+01	9.96146661099612e+26
1.85700000000000e+01	9.92894160097589e+26
1.85800000000000e+01	9.89657550250314e+26
1.85900000000000e+01	9.86432820465287e+26
1.86000000000000e+01	9.83223764779509e+26
1.86100000000000e+01	9.80033856768073e+26
1.86200000000000e+01	9.76855303433698e+26
1.86300000000000e+01	9.73694210225972e+26
1.86400000000000e+01	9.70545210553165e+26
1.86500000000000e+01	9.67415565018566e+26
1.86600000000000e+01	9.64299449741613e+26
1.86700000000000e+01	9.61196628294611e+26
1.86800000000000e+01	9.58112403183359e+26
1.86900000000000e+01	9.55037899425636e+26
1.87000000000000e+01	9.51979191841533e+26
1.87100000000000e+01	9.48933001394595e+26
1.87200000000000e+01	9.45899211735974e+26
1.87300000000000e+01	9.42875384024302e+26
1.87400000000000e+01	9.39866938684478e+26
1.87500000000000e+01	9.36865334943251e+26
1.87600000000000e+01	9.33876776628603e+26
1.87700000000000e+01	9.30899402432064e+26
1.87800000000000e+01	9.27927865871110e+26
1.87900000000000e+01	9.24969522331961e+26
1.88000000000000e+01	9.22025548364452e+26
1.88100000000000e+01	9.19088674506291e+26
1.88200000000000e+01	9.16161932438942e+26
1.88300000000000e+01	9.13248297070536e+26
1.88400000000000e+01	9.10345791598495e+26
1.88500000000000e+01	9.07454307897386e+26
1.88600000000000e+01	9.04570717827579e+26
1.88700000000000e+01	9.01699801995330e+26
1.88800000000000e+01	8.98841455721445e+26
1.88900000000000e+01	8.95989609899179e+26
1.89000000000000e+01	8.93148369608656e+26
1.89100000000000e+01	8.90318441700509e+26
1.89200000000000e+01	8.87495009391697e+26
1.89300000000000e+01	8.84682941033154e+26
1.89400000000000e+01	8.81879305883651e+26
1.89500000000000e+01	8.79085274680684e+26
1.89600000000000e+01	8.76299766812021e+26
1.89700000000000e+01	8.73522812580099e+26
1.89800000000000e+01	8.70755539294260e+26
1.89900000000000e+01	8.67997941693798e+26
1.90000000000000e+01	8.65251826969431e+26
1.90100000000000e+01	8.62512426034705e+26
1.90200000000000e+01	8.59782652434783e+26
1.90300000000000e+01	8.57065399020046e+26
1.90400000000000e+01	8.54356641104668e+26
1.90500000000000e+01	8.51655666994721e+26
1.90600000000000e+01	8.48967175349961e+26
1.90700000000000e+01	8.46288257584230e+26
1.90800000000000e+01	8.43618898637826e+26
1.90900000000000e+01	8.40960151098979e+26
1.91000000000000e+01	8.38311963168165e+26
1.91100000000000e+01	8.35674265969966e+26
1.91200000000000e+01	8.33046974422815e+26
1.91300000000000e+01	8.30431058957651e+26
1.91400000000000e+01	8.27828181477034e+26
1.91500000000000e+01	8.25232538657500e+26
1.91600000000000e+01	8.22647931880022e+26
1.91700000000000e+01	8.20077075678409e+26
1.91800000000000e+01	8.17512097557140e+26
1.91900000000000e+01	8.14958912389398e+26
1.92000000000000e+01	8.12418136677733e+26
1.92100000000000e+01	8.09884080501894e+26
1.92200000000000e+01	8.07362296899545e+26
1.92300000000000e+01	8.04849922087855e+26
1.92400000000000e+01	8.02345160243656e+26
1.92500000000000e+01	7.99851456991812e+26
1.92600000000000e+01	7.97364242939655e+26
1.92700000000000e+01	7.94889028365197e+26
1.92800000000000e+01	7.92422991724310e+26
1.92900000000000e+01	7.89966094893038e+26
1.93000000000000e+01	7.87514526861171e+26
1.93100000000000e+01	7.85074797234285e+26
1.93200000000000e+01	7.82644122488539e+26
1.93300000000000e+01	7.80218727824745e+26
1.93400000000000e+01	7.77804077613476e+26
1.93500000000000e+01	7.75398432954598e+26
1.93600000000000e+01	7.73000767160771e+26
1.93700000000000e+01	7.70612077619848e+26
1.93800000000000e+01	7.68228633368368e+26
1.93900000000000e+01	7.65855842871259e+26
1.94000000000000e+01	7.63491977494940e+26
1.94100000000000e+01	7.61134321130765e+26
1.94200000000000e+01	7.58786245825625e+26
1.94300000000000e+01	7.56448016984052e+26
1.94400000000000e+01	7.54117616667618e+26
1.94500000000000e+01	7.51792349764627e+26
1.94600000000000e+01	7.49479504198824e+26
1.94700000000000e+01	7.47170756018131e+26
1.94800000000000e+01	7.44874347147732e+26
1.94900000000000e+01	7.42585614126249e+26
1.95000000000000e+01	7.40302859061448e+26
1.95100000000000e+01	7.38031335981444e+26
1.95200000000000e+01	7.35765726353657e+26
1.95300000000000e+01	7.33508635538762e+26
1.95400000000000e+01	7.31261682340265e+26
1.95500000000000e+01	7.29020550206502e+26
1.95600000000000e+01	7.26787828828151e+26
1.95700000000000e+01	7.24566087083152e+26
1.95800000000000e+01	7.22350070094547e+26
1.95900000000000e+01	7.20142352307219e+26
1.96000000000000e+01	7.17942896892166e+26
1.96100000000000e+01	7.15751667200751e+26
1.96200000000000e+01	7.13568626772611e+26
1.96300000000000e+01	7.11393739325687e+26
1.96400000000000e+01	7.09226968762409e+26
1.96500000000000e+01	7.07068279165856e+26
1.96600000000000e+01	7.04917634805047e+26
1.96700000000000e+01	7.02772445381672e+26
1.96800000000000e+01	7.00637790117139e+26
1.96900000000000e+01	6.98508529385379e+26
1.97000000000000e+01	6.96382348080255e+26
1.97100000000000e+01	6.94262453829807e+26
1.97200000000000e+01	6.92140548928152e+26
1.97300000000000e+01	6.90012764502243e+26
1.97400000000000e+01	6.87867015051172e+26
1.97500000000000e+01	6.85678047336705e+26
1.97600000000000e+01	6.83413967595611e+26
1.97700000000000e+01	6.81018760780228e+26
1.97800000000000e+01	6.78398895843941e+26
1.97900000000000e+01	6.75423239637892e+26
1.98000000000000e+01	6.71892899240075e+26
1.98100000000000e+01	6.67530680486757e+26
1.98200000000000e+01	6.61953675456009e+26
1.98300000000000e+01	6.54667098453778e+26
1.98400000000000e+01	6.45047405003199e+26
1.98500000000000e+01	6.32346126081177e+26
1.98600000000000e+01	6.15717550496378e+26
1.98700000000000e+01	5.94271426991013e+26
1.98800000000000e+01	5.67144980125875e+26
1.98900000000000e+01	5.33618307170358e+26
1.99000000000000e+01	4.93240843151528e+26
1.99100000000000e+01	4.45998345666600e+26
1.99200000000000e+01	3.92446169706479e+26
1.99300000000000e+01	3.33849302961133e+26
1.99400000000000e+01	2.72235678483912e+26
1.99500000000000e+01	2.10360856075174e+26
1.99600000000000e+01	1.51526470636601e+26
1.99700000000000e+01	9.92216179913531e+25
1.99800000000000e+01	5.65873847369404e+25
1.99900000000000e+01	2.57858757743509e+25
2.00000000000000e+01	7.43687202344230e+24
