1.00000000000000e-02	2.49972468862716e+27
2.00000000000000e-02	9.99928812029637e+27
3.00000000000000e-02	2.24997789347788e+28
4.00000000000000e-02	4.00028961964252e+28
5.00000000000000e-02	6.25115424509042e+28
6.00000000000000e-02	9.00283227530255e+28
7.00000000000000e-02	1.22557222058156e+29
8.00000000000000e-02	1.60104427434211e+29
9.00000000000000e-02	2.02672697542352e+29
1.00000000000000e-01	2.50271522527715e+29
1.10000000000000e-01	3.02905867671634e+29
1.20000000000000e-01	3.60584145526483e+29
1.30000000000000e-01	4.23313679141432e+29
1.40000000000000e-01	4.91102430421274e+29
1.50000000000000e-01	5.63964615273960e+29
1.60000000000000e-01	6.41911034681751e+29
1.70000000000000e-01	7.24947361217472e+29
1.80000000000000e-01	8.13093020875608e+29
1.90000000000000e-01	9.06354017379211e+29
2.00000000000000e-01	1.00474126546119e+30
2.10000000000000e-01	1.10828587834465e+30
2.20000000000000e-01	1.21699177530443e+30
2.30000000000000e-01	1.33086626018456e+30
2.40000000000000e-01	1.44995202063898e+30
2.50000000000000e-01	1.57424471218139e+30
2.60000000000000e-01	1.70375293098324e+30
2.70000000000000e-01	1.83853675333822e+30
2.80000000000000e-01	1.97858305733378e+30
2.90000000000000e-01	2.12391647188831e+30
3.00000000000000e-01	2.27457499050929e+30
3.10000000000000e-01	2.43057198519529e+30
3.20000000000000e-01	2.59192679011711e+30
3.30000000000000e-01	2.75867973366324e+30
3.40000000000000e-01	2.93083531641608e+30
3.50000000000000e-01	3.10843676579410e+30
3.60000000000000e-01	3.29151207054435e+30
3.70000000000000e-01	3.48006316962345e+30
3.80000000000000e-01	3.67417665088550e+30
3.90000000000000e-01	3.87379458003348e+30
4.00000000000000e-01	4.07904390389570e+30
4.10000000000000e-01	4.28988479739730e+30
4.20000000000000e-01	4.50640628011476e+30
4.30000000000000e-01	4.72860366138210e+30
4.40000000000000e-01	4.95655330340318e+30
4.50000000000000e-01	5.19024019425387e+30
4.60000000000000e-01	5.42973722957267e+30
4.70000000000000e-01	5.67504126023023e+30
4.80000000000000e-01	5.92630994899948e+30
4.90000000000000e-01	6.18345567703419e+30
5.00000000000000e-01	6.44655017271970e+30
5.10000000000000e-01	6.71568455846342e+30
5.20000000000000e-01	6.99086278056005e+30
5.30000000000000e-01	7.27217158547591e+30
5.40000000000000e-01	7.55959006874390e+30
5.50000000000000e-01	7.85318385184691e+30
5.60000000000000e-01	8.15311867256285e+30
5.70000000000000e-01	8.45928920003182e+30
5.80000000000000e-01	8.77188143036248e+30
5.90000000000000e-01	9.09085970347306e+30
6.00000000000000e-01	9.41632741153535e+30
6.10000000000000e-01	9.74826997331647e+30
6.20000000000000e-01	1.00868969026558e+31
6.30000000000000e-01	1.04320768805879e+31
6.40000000000000e-01	1.07840785370793e+31
6.50000000000000e-01	1.11427780726364e+31
6.60000000000000e-01	1.15083923088295e+31
6.70000000000000e-01	1.18808876288957e+31
6.80000000000000e-01	1.22604472607418e+31
6.90000000000000e-01	1.26470165798022e+31
7.00000000000000e-01	1.30407497330263e+31
7.10000000000000e-01	1.34416422804920e+31
7.20000000000000e-01	1.38499341703968e+31
7.30000000000000e-01	1.42655059138445e+31
7.40000000000000e-01	1.46886048756702e+31
7.50000000000000e-01	1.51192548047830e+31
7.60000000000000e-01	1.55574382845575e+31
7.70000000000000e-01	1.60034809518961e+31
7.80000000000000e-01	1.64573503981995e+31
7.90000000000000e-01	1.69190156979091e+31
8.00000000000000e-01	1.73888667167974e+31
8.10000000000000e-01	1.78666555876866e+31
8.20000000000000e-01	1.83527580550330e+31
8.30000000000000e-01	1.88471773483594e+31
8.40000000000000e-01	1.93500202950603e+31
8.50000000000000e-01	1.98614975397667e+31
8.60000000000000e-01	2.03815931493279e+31
8.70000000000000e-01	2.09105596969084e+31
8.80000000000000e-01	2.14483152274059e+31
8.90000000000000e-01	2.19950533387033e+31
9.00000000000000e-01	2.25512113245755e+31
9.10000000000000e-01	2.31164407436426e+31
9.20000000000000e-01	2.36911336643265e+31
9.30000000000000e-01	2.42755681661886e+31
9.40000000000000e-01	2.48695987840551e+31
9.50000000000000e-01	2.54735823538138e+31
9.60000000000000e-01	2.60876476852901e+31
9.70000000000000e-01	2.67118074902237e+31
9.80000000000000e-01	2.73462677718888e+31
9.90000000000000e-01	2.79912560488884e+31
1.00000000000000e+00	2.86469950356516e+31
1.01000000000000e+00	2.93136281086462e+31
1.02000000000000e+00	2.99914429837598e+31
1.03000000000000e+00	3.06804688493445e+31
1.04000000000000e+00	3.13807896482774e+31
1.05000000000000e+00	3.20929591857662e+31
1.06000000000000e+00	3.28168412240820e+31
1.07000000000000e+00	3.35527113722997e+31
1.08000000000000e+00	3.43011859098667e+31
1.09000000000000e+00	3.50619895432333e+31
1.10000000000000e+00	3.58352861082228e+31
1.11000000000000e+00	3.66218526511467e+31
1.12000000000000e+00	3.74218396451491e+31
1.13000000000000e+00	3.82352172051394e+31
1.14000000000000e+00	3.90624045487477e+31
1.15000000000000e+00	3.99033805559585e+31
1.16000000000000e+00	4.07588830589088e+31
1.17000000000000e+00	4.16290037134984e+31
1.18000000000000e+00	4.25143432577127e+31
1.19000000000000e+00	4.34145055932942e+31
1.20000000000000e+00	4.43305453141831e+31
1.21000000000000e+00	4.52625189044054e+31
1.22000000000000e+00	4.62103941629027e+31
1.23000000000000e+00	4.71755690633355e+31
1.24000000000000e+00	4.81569592351658e+31
1.25000000000000e+00	4.91564666031940e+31
1.26000000000000e+00	5.01734165793660e+31
1.27000000000000e+00	5.12087215742399e+31
1.28000000000000e+00	5.22622187304007e+31
1.29000000000000e+00	5.33354042510649e+31
1.30000000000000e+00	5.44280065194787e+31
1.31000000000000e+00	5.55405464031877e+31
1.32000000000000e+00	5.66735325055251e+31
1.33000000000000e+00	5.78276668367066e+31
1.34000000000000e+00	5.90033927943500e+31
1.35000000000000e+00	6.02013918598836e+31
1.36000000000000e+00	6.14222931468778e+31
1.37000000000000e+00	6.26664758140924e+31
1.38000000000000e+00	6.39347505535141e+31
1.39000000000000e+00	6.52276295687668e+31
1.40000000000000e+00	6.65456821054103e+31
1.41000000000000e+00	6.78899996998431e+31
1.42000000000000e+00	6.92609938102640e+31
1.43000000000000e+00	7.06594794488288e+31
1.44000000000000e+00	7.20867135465187e+31
1.45000000000000e+00	7.35432789602029e+31
1.46000000000000e+00	7.50295923603392e+31
1.47000000000000e+00	7.65472442816540e+31
1.48000000000000e+00	7.80969537578354e+31
1.49000000000000e+00	7.96799892014854e+31
1.50000000000000e+00	8.12968986865534e+31
1.51000000000000e+00	8.29490398867483e+31
1.52000000000000e+00	8.46376791061178e+31
1.53000000000000e+00	8.63640387100004e+31
1.54000000000000e+00	8.81293956296915e+31
1.55000000000000e+00	8.99353130635452e+31
1.56000000000000e+00	9.17829291924336e+31
1.57000000000000e+00	9.36738944649220e+31
1.58000000000000e+00	9.56097854298121e+31
1.59000000000000e+00	9.75925141038949e+31
1.60000000000000e+00	9.96233003809887e+31
1.61000000000000e+00	1.01704785816387e+32
1.62000000000000e+00	1.03837878678853e+32
1.63000000000000e+00	1.06026150897223e+32
1.64000000000000e+00	1.08271208841464e+32
1.65000000000000e+00	1.10574455136749e+32
1.66000000000000e+00	1.12939599287344e+32
1.67000000000000e+00	1.15369075050397e+32
1.68000000000000e+00	1.17865130042126e+32
1.69000000000000e+00	1.20430784839711e+32
1.70000000000000e+00	1.23070061413160e+32
1.71000000000000e+00	1.25785563835337e+32
1.72000000000000e+00	1.28581371749974e+32
1.73000000000000e+00	1.31461596195450e+32
1.74000000000000e+00	1.34430526745207e+32
1.75000000000000e+00	1.37492355953206e+32
1.76000000000000e+00	1.40653788686674e+32
1.77000000000000e+00	1.43919574426233e+32
1.78000000000000e+00	1.47295771293293e+32
1.79000000000000e+00	1.50788318941453e+32
1.80000000000000e+00	1.54403726261211e+32
1.81000000000000e+00	1.58147931944942e+32
1.82000000000000e+00	1.62029133864841e+32
1.83000000000000e+00	1.66050584028913e+32
1.84000000000000e+00	1.70223108724800e+32
1.85000000000000e+00	1.74552379111883e+32
1.86000000000000e+00	1.79048791729475e+32
1.87000000000000e+00	1.83719980367341e+32
1.88000000000000e+00	1.88581737704760e+32
1.89000000000000e+00	1.93646443714590e+32
1.90000000000000e+00	1.98931255104245e+32
1.91000000000000e+00	2.04455071484714e+32
1.92000000000000e+00	2.10241175733655e+32
1.93000000000000e+00	2.16314935802308e+32
1.94000000000000e+00	2.22703937082223e+32
1.95000000000000e+00	2.29432950728300e+32
1.96000000000000e+00	2.36535338025625e+32
1.97000000000000e+00	2.44040895784745e+32
1.98000000000000e+00	2.51984918803100e+32
1.99000000000000e+00	2.60407683584548e+32
2.00000000000000e+00	2.69351780126411e+32
2.01000000000000e+00	2.78875200219269e+32
2.02000000000000e+00	2.89046881138744e+32
2.03000000000000e+00	2.99949618766692e+32
2.04000000000000e+00	3.11699029367389e+32
2.05000000000000e+00	3.24421363711927e+32
2.06000000000000e+00	3.38279008826472e+32
2.07000000000000e+00	3.53461673728532e+32
2.08000000000000e+00	3.70166816144609e+32
2.09000000000000e+00	3.88609675265201e+32
2.10000000000000e+00	4.08991156743527e+32
2.11000000000000e+00	4.31483576993180e+32
2.12000000000000e+00	4.56198589353990e+32
2.13000000000000e+00	4.83148058169837e+32
2.14000000000000e+00	5.12228751666914e+32
2.15000000000000e+00	5.43174809698888e+32
2.16000000000000e+00	5.75522413703905e+32
2.17000000000000e+00	6.08612106580103e+32
2.18000000000000e+00	6.41567887427308e+32
2.19000000000000e+00	6.73321480628393e+32
2.20000000000000e+00	7.02662540666806e+32
2.21000000000000e+00	7.28329410310095e+32
2.22000000000000e+00	7.49143065390120e+32
2.23000000000000e+00	7.64165525365090e+32
2.24000000000000e+00	7.72898579212408e+32
2.25000000000000e+00	7.75349780448153e+32
2.26000000000000e+00	7.72170372145297e+32
2.27000000000000e+00	7.64520136137512e+32
2.28000000000000e+00	7.53961125309093e+32
2.29000000000000e+00	7.42199815397569e+32
2.30000000000000e+00	7.30807940631326e+32
2.31000000000000e+00	7.21014595744184e+32
2.32000000000000e+00	7.13499142193376e+32
2.33000000000000e+00	7.08312103892074e+32
2.34000000000000e+00	7.04872335984320e+32
2.35000000000000e+00	7.02162422758068e+32
2.36000000000000e+00	6.99062756371632e+32
2.37000000000000e+00	6.94769568172610e+32
2.38000000000000e+00	6.89050006429501e+32
2.39000000000000e+00	6.82219782590238e+32
2.40000000000000e+00	6.74899766705526e+32
2.41000000000000e+00	6.67689915823944e+32
2.42000000000000e+00	6.60960664336982e+32
2.43000000000000e+00	6.54817502503881e+32
2.44000000000000e+00	6.49139067643118e+32
2.45000000000000e+00	6.43717194302174e+32
2.46000000000000e+00	6.38377636015244e+32
2.47000000000000e+00	6.33062751862553e+32
2.48000000000000e+00	6.27861904728781e+32
2.49000000000000e+00	6.22963845504628e+32
2.50000000000000e+00	6.18593512078277e+32
2.51000000000000e+00	6.14973604945231e+32
2.52000000000000e+00	6.12310193004140e+32
2.53000000000000e+00	6.10840985305880e+32
2.54000000000000e+00	6.10890841429650e+32
2.55000000000000e+00	6.12918349013702e+32
2.56000000000000e+00	6.17458035139313e+32
2.57000000000000e+00	6.25005955572210e+32
2.58000000000000e+00	6.35867148428841e+32
2.59000000000000e+00	6.50037271941287e+32
2.60000000000000e+00	6.67188316258059e+32
2.61000000000000e+00	6.86779222973553e+32
2.62000000000000e+00	7.08176630235649e+32
2.63000000000000e+00	7.30775260939069e+32
2.64000000000000e+00	7.53980656962456e+32
2.65000000000000e+00	7.77059276744111e+32
2.66000000000000e+00	7.99072049815441e+32
2.67000000000000e+00	8.18901174264642e+32
2.68000000000000e+00	8.35453984573123e+32
2.69000000000000e+00	8.47916947348206e+32
2.70000000000000e+00	8.55982230424425e+32
2.71000000000000e+00	8.59778818284828e+32
2.72000000000000e+00	8.59803460640637e+32
2.73000000000000e+00	8.56664353903282e+32
2.74000000000000e+00	8.51038253699617e+32
2.75000000000000e+00	8.43492644506738e+32
2.76000000000000e+00	8.34574174066872e+32
2.77000000000000e+00	8.24656239791111e+32
2.78000000000000e+00	8.14078401388465e+32
2.79000000000000e+00	8.03088678878871e+32
2.80000000000000e+00	7.92001935027180e+32
2.81000000000000e+00	7.81243777221836e+32
2.82000000000000e+00	7.71366476238817e+32
2.83000000000000e+00	7.63054409689674e+32
2.84000000000000e+00	7.57000039622722e+32
2.85000000000000e+00	7.53759345536711e+32
2.86000000000000e+00	7.53628039347755e+32
2.87000000000000e+00	7.56520280535919e+32
2.88000000000000e+00	7.61882323259775e+32
2.89000000000000e+00	7.68693345795163e+32
2.90000000000000e+00	7.75591346721698e+32
2.91000000000000e+00	7.81093081978025e+32
2.92000000000000e+00	7.83900828353102e+32
2.93000000000000e+00	7.83115522663368e+32
2.94000000000000e+00	7.78362420024639e+32
2.95000000000000e+00	7.69752504893800e+32
2.96000000000000e+00	7.57804437297266e+32
2.97000000000000e+00	7.43369984419423e+32
2.98000000000000e+00	7.27518398593915e+32
2.99000000000000e+00	7.11347936814951e+32
3.00000000000000e+00	6.95797587592430e+32
3.01000000000000e+00	6.81451869153603e+32
3.02000000000000e+00	6.68507720799893e+32
3.03000000000000e+00	6.56822541009642e+32
3.04000000000000e+00	6.46085144935160e+32
3.05000000000000e+00	6.35933809811962e+32
3.06000000000000e+00	6.26095814627276e+32
3.07000000000000e+00	6.16361837678230e+32
3.08000000000000e+00	6.06594842248059e+32
3.09000000000000e+00	5.96682780256363e+32
3.10000000000000e+00	5.86546787694340e+32
3.11000000000000e+00	5.76121052479201e+32
3.12000000000000e+00	5.65369384010219e+32
3.13000000000000e+00	5.54232349774567e+32
3.14000000000000e+00	5.42622138183708e+32
3.15000000000000e+00	5.30405476610177e+32
3.16000000000000e+00	5.17425819377464e+32
3.17000000000000e+00	5.03514039661420e+32
3.18000000000000e+00	4.88497943157615e+32
3.19000000000000e+00	4.72206810207576e+32
3.20000000000000e+00	4.54544298657821e+32
3.21000000000000e+00	4.35602721523055e+32
3.22000000000000e+00	4.15770545204019e+32
3.23000000000000e+00	3.95741543135202e+32
3.24000000000000e+00	3.76372528288393e+32
3.25000000000000e+00	3.58466736849907e+32
3.26000000000000e+00	3.42572945675817e+32
3.27000000000000e+00	3.28904215632658e+32
3.28000000000000e+00	3.17360442018795e+32
3.29000000000000e+00	3.07631904321533e+32
3.30000000000000e+00	2.99301829905743e+32
3.31000000000000e+00	2.91949293166182e+32
3.32000000000000e+00	2.85214828566868e+32
3.33000000000000e+00	2.78820292352835e+32
3.34000000000000e+00	2.72576471002252e+32
3.35000000000000e+00	2.66349534651452e+32
3.36000000000000e+00	2.60048392002559e+32
3.37000000000000e+00	2.53610889794881e+32
3.38000000000000e+00	2.47014260279926e+32
3.39000000000000e+00	2.40276150624490e+32
3.40000000000000e+00	2.33471432002600e+32
3.41000000000000e+00	2.26718783947119e+32
3.42000000000000e+00	2.20170651875437e+32
3.43000000000000e+00	2.13980947598824e+32
3.44000000000000e+00	2.08289558364588e+32
3.45000000000000e+00	2.03197928907713e+32
3.46000000000000e+00	1.98772756106962e+32
3.47000000000000e+00	1.95055275974789e+32
3.48000000000000e+00	1.92074563977243e+32
3.49000000000000e+00	1.89850858942145e+32
3.50000000000000e+00	1.88398352696900e+32
3.51000000000000e+00	1.87716069136250e+32
3.52000000000000e+00	1.87762865933212e+32
3.53000000000000e+00	1.88474589609910e+32
3.54000000000000e+00	1.89741316202985e+32
3.55000000000000e+00	1.91421113541694e+32
3.56000000000000e+00	1.93346387445442e+32
3.57000000000000e+00	1.95341128848608e+32
3.58000000000000e+00	1.97234155856783e+32
3.59000000000000e+00	1.98897692547431e+32
3.60000000000000e+00	2.00251571120217e+32
3.61000000000000e+00	2.01272502006440e+32
3.62000000000000e+00	2.01987700576757e+32
3.63000000000000e+00	2.02456897883513e+32
3.64000000000000e+00	2.02738796649790e+32
3.65000000000000e+00	2.02880614462745e+32
3.66000000000000e+00	2.02919897076853e+32
3.67000000000000e+00	2.02865357134003e+32
3.68000000000000e+00	2.02689116149812e+32
3.69000000000000e+00	2.02322719541172e+32
3.70000000000000e+00	2.01675613899006e+32
3.71000000000000e+00	2.00639158213246e+32
3.72000000000000e+00	1.99118634537027e+32
3.73000000000000e+00	1.97037435301002e+32
3.74000000000000e+00	1.94365880640497e+32
3.75000000000000e+00	1.91127085755268e+32
3.76000000000000e+00	1.87366280875606e+32
3.77000000000000e+00	1.83178595397791e+32
3.78000000000000e+00	1.78673020563336e+32
3.79000000000000e+00	1.73975692236418e+32
3.80000000000000e+00	1.69210335709927e+32
3.81000000000000e+00	1.64477165496544e+32
3.82000000000000e+00	1.59851240127427e+32
3.83000000000000e+00	1.55373218020364e+32
3.84000000000000e+00	1.51046379162730e+32
3.85000000000000e+00	1.46853224604126e+32
3.86000000000000e+00	1.42746580988342e+32
3.87000000000000e+00	1.38668907194148e+32
3.88000000000000e+00	1.34559803238164e+32
3.89000000000000e+00	1.30368107990814e+32
3.90000000000000e+00	1.26072963928288e+32
3.91000000000000e+00	1.21683420649762e+32
3.92000000000000e+00	1.17246139803406e+32
3.93000000000000e+00	1.12832684620952e+32
3.94000000000000e+00	1.08525421397803e+32
3.95000000000000e+00	1.04411940027571e+32
3.96000000000000e+00	1.00566210939894e+32
3.97000000000000e+00	9.70387358811400e+31
3.98000000000000e+00	9.38554186997689e+31
3.99000000000000e+00	9.10140039564302e+31
4.00000000000000e+00	8.84890807608792e+31
4.01000000000000e+00	8.62298508714671e+31
4.02000000000000e+00	8.41779159323265e+31
4.03000000000000e+00	8.22643901500494e+31
4.04000000000000e+00	8.04266879328624e+31
4.05000000000000e+00	7.86141869229716e+31
4.06000000000000e+00	7.67904620700446e+31
4.07000000000000e+00	7.49420980366893e+31
4.08000000000000e+00	7.30663926579126e+31
4.09000000000000e+00	7.11730576622102e+31
4.10000000000000e+00	6.92786653670427e+31
4.11000000000000e+00	6.74001666315535e+31
4.12000000000000e+00	6.55567008668480e+31
4.13000000000000e+00	6.37688229996247e+31
4.14000000000000e+00	6.20508035809284e+31
4.15000000000000e+00	6.04195329689640e+31
4.16000000000000e+00	5.88851379759066e+31
4.17000000000000e+00	5.74513709198770e+31
4.18000000000000e+00	5.61159364498240e+31
4.19000000000000e+00	5.48695373498420e+31
4.20000000000000e+00	5.36985009389487e+31
4.21000000000000e+00	5.25882103064563e+31
4.22000000000000e+00	5.15238325449018e+31
4.23000000000000e+00	5.04957554570394e+31
4.24000000000000e+00	4.95012607080378e+31
4.25000000000000e+00	4.85392259407772e+31
4.26000000000000e+00	4.76179031340012e+31
4.27000000000000e+00	4.67446447942214e+31
4.28000000000000e+00	4.59275673345424e+31
4.29000000000000e+00	4.51675858189848e+31
4.30000000000000e+00	4.44629877661087e+31
4.31000000000000e+00	4.38041993028425e+31
4.32000000000000e+00	4.31788495303341e+31
4.33000000000000e+00	4.25714962139666e+31
4.34000000000000e+00	4.19688824392564e+31
4.35000000000000e+00	4.13544901971713e+31
4.36000000000000e+00	4.07161648825922e+31
4.37000000000000e+00	4.00392879772831e+31
4.38000000000000e+00	3.93122392081014e+31
4.39000000000000e+00	3.85246950893776e+31
4.40000000000000e+00	3.76705573356637e+31
4.41000000000000e+00	3.67478808059532e+31
4.42000000000000e+00	3.57600833942529e+31
4.43000000000000e+00	3.47153725086399e+31
4.44000000000000e+00	3.36233219704931e+31
4.45000000000000e+00	3.24971885293286e+31
4.46000000000000e+00	3.13487305194673e+31
4.47000000000000e+00	3.01905642499057e+31
4.48000000000000e+00	2.90351984164213e+31
4.49000000000000e+00	2.78958276532788e+31
4.50000000000000e+00	2.67848587696764e+31
4.51000000000000e+00	2.57156490289414e+31
4.52000000000000e+00	2.47006779547600e+31
4.53000000000000e+00	2.37510416870358e+31
4.54000000000000e+00	2.28766663426442e+31
4.55000000000000e+00	2.20841200307433e+31
4.56000000000000e+00	2.13779629640391e+31
4.57000000000000e+00	2.07596752367344e+31
4.58000000000000e+00	2.02270174513383e+31
4.59000000000000e+00	1.97763690010799e+31
4.60000000000000e+00	1.94016262132738e+31
4.61000000000000e+00	1.90962622823783e+31
4.62000000000000e+00	1.88521234783581e+31
4.63000000000000e+00	1.86605861548502e+31
4.64000000000000e+00	1.85119230362700e+31
4.65000000000000e+00	1.83970563177237e+31
4.66000000000000e+00	1.83064249883726e+31
4.67000000000000e+00	1.82311094850931e+31
4.68000000000000e+00	1.81635359430885e+31
4.69000000000000e+00	1.80982950154539e+31
4.70000000000000e+00	1.80317157828416e+31
4.71000000000000e+00	1.79647161110211e+31
4.72000000000000e+00	1.78998804531942e+31
4.73000000000000e+00	1.78444975556686e+31
4.74000000000000e+00	1.78072171362378e+31
4.75000000000000e+00	1.77968491120148e+31
4.76000000000000e+00	1.78232824820342e+31
4.77000000000000e+00	1.78949492147976e+31
4.78000000000000e+00	1.80175166641308e+31
4.79000000000000e+00	1.81950301245166e+31
4.80000000000000e+00	1.84282399190860e+31
4.81000000000000e+00	1.87146265654829e+31
4.82000000000000e+00	1.90490125947653e+31
4.83000000000000e+00	1.94222059084950e+31
4.84000000000000e+00	1.98249737514643e+31
4.85000000000000e+00	2.02459888670368e+31
4.86000000000000e+00	2.06756788059088e+31
4.87000000000000e+00	2.11060862064806e+31
4.88000000000000e+00	2.15328526383103e+31
4.89000000000000e+00	2.19542986020036e+31
4.90000000000000e+00	2.23722726906192e+31
4.91000000000000e+00	2.27902133899854e+31
4.92000000000000e+00	2.32114378059368e+31
4.93000000000000e+00	2.36378376023973e+31
4.94000000000000e+00	2.40669959526859e+31
4.95000000000000e+00	2.44945058730036e+31
4.96000000000000e+00	2.49101950651856e+31
4.97000000000000e+00	2.53020985718447e+31
4.98000000000000e+00	2.56565984216723e+31
4.99000000000000e+00	2.59576385938658e+31
5.00000000000000e+00	2.61912786864006e+31
5.01000000000000e+00	2.63418503929316e+31
5.02000000000000e+00	2.63964542515760e+31
5.03000000000000e+00	2.63443330902885e+31
5.04000000000000e+00	2.61786840934432e+31
5.05000000000000e+00	2.58997600849493e+31
5.06000000000000e+00	2.55128065164435e+31
5.07000000000000e+00	2.50325637356997e+31
5.08000000000000e+00	2.44778187117795e+31
5.09000000000000e+00	2.38736125097184e+31
5.10000000000000e+00	2.32478548109399e+31
5.11000000000000e+00	2.26289271808488e+31
5.12000000000000e+00	2.20428639811367e+31
5.13000000000000e+00	2.15134867668405e+31
5.14000000000000e+00	2.10587929972940e+31
5.15000000000000e+00	2.06912958890529e+31
5.16000000000000e+00	2.04157996041155e+31
5.17000000000000e+00	2.02297174036279e+31
5.18000000000000e+00	2.01230169784020e+31
5.19000000000000e+00	2.00785140619569e+31
5.20000000000000e+00	2.00742688529987e+31
5.21000000000000e+00	2.00865915671421e+31
5.22000000000000e+00	2.00905704374058e+31
5.23000000000000e+00	2.00660251678096e+31
5.24000000000000e+00	1.99967679245763e+31
5.25000000000000e+00	1.98731037188128e+31
5.26000000000000e+00	1.96912283620203e+31
5.27000000000000e+00	1.94520941816584e+31
5.28000000000000e+00	1.91606989367572e+31
5.29000000000000e+00	1.88239133133427e+31
5.30000000000000e+00	1.84495093050987e+31
5.31000000000000e+00	1.80449079452995e+31
5.32000000000000e+00	1.76171799428242e+31
5.33000000000000e+00	1.71710086885510e+31
5.34000000000000e+00	1.67099078792065e+31
5.35000000000000e+00	1.62358419023417e+31
5.36000000000000e+00	1.57497463758957e+31
5.37000000000000e+00	1.52542286536369e+31
5.38000000000000e+00	1.47526350423337e+31
5.39000000000000e+00	1.42531525375909e+31
5.40000000000000e+00	1.37676286887515e+31
5.41000000000000e+00	1.33115254857494e+31
5.42000000000000e+00	1.29039775250261e+31
5.43000000000000e+00	1.25655280683781e+31
5.44000000000000e+00	1.23149154742215e+31
5.45000000000000e+00	1.21675490060948e+31
5.46000000000000e+00	1.21319593101338e+31
5.47000000000000e+00	1.22093473179496e+31
5.48000000000000e+00	1.23917117115599e+31
5.49000000000000e+00	1.26638139323276e+31
5.50000000000000e+00	1.30056417106749e+31
5.51000000000000e+00	1.33941712402889e+31
5.52000000000000e+00	1.38086395592127e+31
5.53000000000000e+00	1.42333500682324e+31
5.54000000000000e+00	1.46600200777696e+31
5.55000000000000e+00	1.50889617954126e+31
5.56000000000000e+00	1.55276668271032e+31
5.57000000000000e+00	1.59905126082553e+31
5.58000000000000e+00	1.64946800654305e+31
5.59000000000000e+00	1.70567097135579e+31
5.60000000000000e+00	1.76893731501564e+31
5.61000000000000e+00	1.83988673166583e+31
5.62000000000000e+00	1.91817952279083e+31
5.63000000000000e+00	2.00263913157584e+31
5.64000000000000e+00	2.09127959147554e+31
5.65000000000000e+00	2.18156970980176e+31
5.66000000000000e+00	2.27065936883217e+31
5.67000000000000e+00	2.35596314736258e+31
5.68000000000000e+00	2.43510340467508e+31
5.69000000000000e+00	2.50640240233220e+31
5.70000000000000e+00	2.56890526268617e+31
5.71000000000000e+00	2.62250124386796e+31
5.72000000000000e+00	2.66779694413940e+31
5.73000000000000e+00	2.70625355937155e+31
5.74000000000000e+00	2.73969408471796e+31
5.75000000000000e+00	2.77045957215804e+31
5.76000000000000e+00	2.80088867578368e+31
5.77000000000000e+00	2.83324269207782e+31
5.78000000000000e+00	2.86921416639651e+31
5.79000000000000e+00	2.91012720423422e+31
5.80000000000000e+00	2.95643246243557e+31
5.81000000000000e+00	3.00808646498750e+31
5.82000000000000e+00	3.06448767376306e+31
5.83000000000000e+00	3.12481677223824e+31
5.84000000000000e+00	3.18827335201897e+31
5.85000000000000e+00	3.25455491521260e+31
5.86000000000000e+00	3.32436700723643e+31
5.87000000000000e+00	3.39949420501133e+31
5.88000000000000e+00	3.48335906402796e+31
5.89000000000000e+00	3.58075106848375e+31
5.90000000000000e+00	3.69765912435683e+31
5.91000000000000e+00	3.84059676275504e+31
5.92000000000000e+00	4.01603614749967e+31
5.93000000000000e+00	4.22954482848991e+31
5.94000000000000e+00	4.48498648291214e+31
5.95000000000000e+00	4.78446190133143e+31
5.96000000000000e+00	5.12806207221868e+31
5.97000000000000e+00	5.51411493754340e+31
5.98000000000000e+00	5.94006553311914e+31
5.99000000000000e+00	6.40296485548120e+31
6.00000000000000e+00	6.90070950009973e+31
6.01000000000000e+00	7.43261064474527e+31
6.02000000000000e+00	8.00038876641954e+31
6.03000000000000e+00	8.60867885086797e+31
6.04000000000000e+00	9.26494002897598e+31
6.05000000000000e+00	9.97932061442418e+31
6.06000000000000e+00	1.07635012411539e+32
6.07000000000000e+00	1.16293622433590e+32
6.08000000000000e+00	1.25873371358330e+32
6.09000000000000e+00	1.36435450494723e+32
6.10000000000000e+00	1.47979389427613e+32
6.11000000000000e+00	1.60424782204104e+32
6.12000000000000e+00	1.73583010555842e+32
6.13000000000000e+00	1.87148971255046e+32
6.14000000000000e+00	2.00698365558160e+32
6.15000000000000e+00	2.13693518654366e+32
6.16000000000000e+00	2.25491821661012e+32
6.17000000000000e+00	2.35397759615632e+32
6.18000000000000e+00	2.42690671734988e+32
6.19000000000000e+00	2.46716488519734e+32
6.20000000000000e+00	2.46934879497410e+32
6.21000000000000e+00	2.43009551744199e+32
6.22000000000000e+00	2.34876526297595e+32
6.23000000000000e+00	2.22774942208432e+32
6.24000000000000e+00	2.07250402511613e+32
6.25000000000000e+00	1.89112622080382e+32
6.26000000000000e+00	1.69358171307633e+32
6.27000000000000e+00	1.49066907940558e+32
6.28000000000000e+00	1.29283033251109e+32
6.29000000000000e+00	1.10920653248811e+32
6.30000000000000e+00	9.46920578476607e+31
6.31000000000000e+00	8.10710462942734e+31
6.32000000000000e+00	7.03001814225096e+31
6.33000000000000e+00	6.24168840379811e+31
6.34000000000000e+00	5.73072107647065e+31
6.35000000000000e+00	5.47570089633301e+31
6.36000000000000e+00	5.45021657328554e+31
6.37000000000000e+00	5.62663205758709e+31
6.38000000000000e+00	5.97852239878470e+31
6.39000000000000e+00	6.48199520969393e+31
6.40000000000000e+00	7.11570038788820e+31
6.41000000000000e+00	7.86094021226101e+31
6.42000000000000e+00	8.70126023474989e+31
6.43000000000000e+00	9.62300512387900e+31
6.44000000000000e+00	1.06157566436213e+32
6.45000000000000e+00	1.16736554551280e+32
6.46000000000000e+00	1.27973691891150e+32
6.47000000000000e+00	1.39948629211581e+32
6.48000000000000e+00	1.52848929279479e+32
6.49000000000000e+00	1.66969129582030e+32
6.50000000000000e+00	1.82738361586816e+32
6.51000000000000e+00	2.00742140135535e+32
6.52000000000000e+00	2.21753494376166e+32
6.53000000000000e+00	2.46744722029827e+32
6.54000000000000e+00	2.76928519595759e+32
6.55000000000000e+00	3.13766987992899e+32
6.56000000000000e+00	3.59002441365772e+32
6.57000000000000e+00	4.14596308496292e+32
6.58000000000000e+00	4.82734125548442e+32
6.59000000000000e+00	5.65700044182183e+32
6.60000000000000e+00	6.65806063695519e+32
6.61000000000000e+00	7.85214171343272e+32
6.62000000000000e+00	9.25765094488416e+32
6.63000000000000e+00	1.08879244877603e+33
6.64000000000000e+00	1.27488284640648e+33
6.65000000000000e+00	1.48357893858588e+33
6.66000000000000e+00	1.71299488347955e+33
6.67000000000000e+00	1.95941963661145e+33
6.68000000000000e+00	2.21680379766533e+33
6.69000000000000e+00	2.47645732149554e+33
6.70000000000000e+00	2.72695057427544e+33
6.71000000000000e+00	2.95464044744738e+33
6.72000000000000e+00	3.14467954913928e+33
6.73000000000000e+00	3.28289008036355e+33
6.74000000000000e+00	3.35763603205810e+33
6.75000000000000e+00	3.36191871583724e+33
6.76000000000000e+00	3.29461447017676e+33
6.77000000000000e+00	3.16089208167172e+33
6.78000000000000e+00	2.97127935104462e+33
6.79000000000000e+00	2.74005786794360e+33
6.80000000000000e+00	2.48290063211128e+33
6.81000000000000e+00	2.21474967539527e+33
6.82000000000000e+00	1.94842298814859e+33
6.83000000000000e+00	1.69367037718942e+33
6.84000000000000e+00	1.45713948423058e+33
6.85000000000000e+00	1.24273939492334e+33
6.86000000000000e+00	1.05225459900996e+33
6.87000000000000e+00	8.85919030415210e+32
6.88000000000000e+00	7.42864693861685e+32
6.89000000000000e+00	6.21521786647443e+32
6.90000000000000e+00	5.19877211008874e+32
6.91000000000000e+00	4.35631079507190e+32
6.92000000000000e+00	3.66415221099130e+32
6.93000000000000e+00	3.09859639887048e+32
6.94000000000000e+00	2.63749972341530e+32
6.95000000000000e+00	2.26095231625370e+32
6.96000000000000e+00	1.95161205438907e+32
6.97000000000000e+00	1.69511483717557e+32
6.98000000000000e+00	1.47997512949823e+32
6.99000000000000e+00	1.29718481539241e+32
7.00000000000000e+00	1.13996829230703e+32
7.01000000000000e+00	1.00334224349088e+32
7.02000000000000e+00	8.83712022333296e+31
7.03000000000000e+00	7.78498308829641e+31
7.04000000000000e+00	6.85855251343904e+31
7.05000000000000e+00	6.04396287127842e+31
7.06000000000000e+00	5.33022895904557e+31
7.07000000000000e+00	4.70771674626821e+31
7.08000000000000e+00	4.16723611530227e+31
7.09000000000000e+00	3.69961133736868e+31
7.10000000000000e+00	3.29550619836967e+31
7.11000000000000e+00	2.94553522940700e+31
7.12000000000000e+00	2.64061470525861e+31
7.13000000000000e+00	2.37237018708432e+31
7.14000000000000e+00	2.13341463420133e+31
7.15000000000000e+00	1.91764277161165e+31
7.16000000000000e+00	1.72055371128509e+31
7.17000000000000e+00	1.53924438214187e+31
7.18000000000000e+00	1.37249987114497e+31
7.19000000000000e+00	1.22052843421339e+31
7.20000000000000e+00	1.08488867027232e+31
7.21000000000000e+00	9.68060938847016e+30
7.22000000000000e+00	8.73165107198876e+30
7.23000000000000e+00	8.03438166279194e+30
7.24000000000000e+00	7.61833836081395e+30
7.25000000000000e+00	7.50468244636311e+30
7.26000000000000e+00	7.70193298278472e+30
7.27000000000000e+00	8.20168919921161e+30
7.28000000000000e+00	8.97589589901443e+30
7.29000000000000e+00	9.97688570927904e+30
7.30000000000000e+00	1.11392588430268e+31
7.31000000000000e+00	1.23844858443582e+31
7.32000000000000e+00	1.36286753817117e+31
7.33000000000000e+00	1.47904600662287e+31
7.34000000000000e+00	1.57995826562098e+31
7.35000000000000e+00	1.66020597545071e+31
7.36000000000000e+00	1.71653680315521e+31
7.37000000000000e+00	1.74772709472968e+31
7.38000000000000e+00	1.75454034240785e+31
7.39000000000000e+00	1.73914242837985e+31
7.40000000000000e+00	1.70477687606447e+31
7.41000000000000e+00	1.65518232914352e+31
7.42000000000000e+00	1.59419876436820e+31
7.43000000000000e+00	1.52544811859746e+31
7.44000000000000e+00	1.45212491048489e+31
7.45000000000000e+00	1.37689215550949e+31
7.46000000000000e+00	1.30180520101168e+31
7.47000000000000e+00	1.22847193638733e+31
7.48000000000000e+00	1.15804819617570e+31
7.49000000000000e+00	1.09136590292219e+31
7.50000000000000e+00	1.02904524035687e+31
7.51000000000000e+00	9.71589849691774e+30
7.52000000000000e+00	9.19316766265656e+30
7.53000000000000e+00	8.72469498312530e+30
7.54000000000000e+00	8.31125212800786e+30
7.55000000000000e+00	7.95158934865968e+30
7.56000000000000e+00	7.64286242075507e+30
7.57000000000000e+00	7.38083245961729e+30
7.58000000000000e+00	7.16027857498798e+30
7.59000000000000e+00	6.97595658128301e+30
7.60000000000000e+00	6.82324727220666e+30
7.61000000000000e+00	6.69828219547149e+30
7.62000000000000e+00	6.59733723417153e+30
7.63000000000000e+00	6.51671462997989e+30
7.64000000000000e+00	6.45181042010234e+30
7.65000000000000e+00	6.39650409565884e+30
7.66000000000000e+00	6.34388077335888e+30
7.67000000000000e+00	6.28657275279682e+30
7.68000000000000e+00	6.21806585147962e+30
7.69000000000000e+00	6.13358819069029e+30
7.70000000000000e+00	6.03166349960500e+30
7.71000000000000e+00	5.91507280346205e+30
7.72000000000000e+00	5.79039387134095e+30
7.73000000000000e+00	5.66883017145071e+30
7.74000000000000e+00	5.56485025918337e+30
7.75000000000000e+00	5.49529225866684e+30
7.76000000000000e+00	5.47754508759930e+30
7.77000000000000e+00	5.52766054281155e+30
7.78000000000000e+00	5.65829997654944e+30
7.79000000000000e+00	5.87678033725904e+30
7.80000000000000e+00	6.18393296683899e+30
7.81000000000000e+00	6.57327626241893e+30
7.82000000000000e+00	7.03141228309836e+30
7.83000000000000e+00	7.53965188430826e+30
7.84000000000000e+00	8.07592311567536e+30
7.85000000000000e+00	8.61670906414673e+30
7.86000000000000e+00	9.14073548329336e+30
7.87000000000000e+00	9.63088085245706e+30
7.88000000000000e+00	1.00760611544132e+31
7.89000000000000e+00	1.04734341791773e+31
7.90000000000000e+00	1.08278427053296e+31
7.91000000000000e+00	1.11516048365476e+31
7.92000000000000e+00	1.14627775919716e+31
7.93000000000000e+00	1.17808071472266e+31
7.94000000000000e+00	1.21239524727195e+31
7.95000000000000e+00	1.25037604609438e+31
7.96000000000000e+00	1.29220466533561e+31
7.97000000000000e+00	1.33678097660603e+31
7.98000000000000e+00	1.38153855836308e+31
7.99000000000000e+00	1.42263258513305e+31
8.00000000000000e+00	1.45505125704113e+31
8.01000000000000e+00	1.47303277839234e+31
8.02000000000000e+00	1.47072567289593e+31
8.03000000000000e+00	1.44277481863959e+31
8.04000000000000e+00	1.38518786132575e+31
8.05000000000000e+00	1.29613420760363e+31
8.06000000000000e+00	1.17664389548934e+31
8.07000000000000e+00	1.03107742492982e+31
8.08000000000000e+00	8.67177893574910e+30
8.09000000000000e+00	6.95492975335399e+30
8.10000000000000e+00	5.28357540775329e+30
8.11000000000000e+00	3.78395781878815e+30
8.12000000000000e+00	2.56966285175193e+30
8.13000000000000e+00	1.72821189460089e+30
8.14000000000000e+00	1.31235349895914e+30
8.15000000000000e+00	1.33768315849493e+30
8.16000000000000e+00	1.78585885403892e+30
8.17000000000000e+00	2.61190489112906e+30
8.18000000000000e+00	3.75351109088290e+30
8.19000000000000e+00	5.14010682535647e+30
8.20000000000000e+00	6.70025505470356e+30
8.21000000000000e+00	8.36674021400598e+30
8.22000000000000e+00	1.00792464234950e+31
8.23000000000000e+00	1.17850174600542e+31
8.24000000000000e+00	1.34387252992364e+31
8.25000000000000e+00	1.49999691555580e+31
8.26000000000000e+00	1.64319028840697e+31
8.27000000000000e+00	1.76997247790801e+31
8.28000000000000e+00	1.87698363034445e+31
8.29000000000000e+00	1.96078848590702e+31
8.30000000000000e+00	2.01813262867119e+31
8.31000000000000e+00	2.04589865060257e+31
8.32000000000000e+00	2.04166716315080e+31
8.33000000000000e+00	2.00389482636784e+31
8.34000000000000e+00	1.93241566057792e+31
8.35000000000000e+00	1.82897388318026e+31
8.36000000000000e+00	1.69718971352184e+31
8.37000000000000e+00	1.54279311871062e+31
8.38000000000000e+00	1.37319852951008e+31
8.39000000000000e+00	1.19689949196188e+31
8.40000000000000e+00	1.02273630312569e+31
8.41000000000000e+00	8.59075136555332e+30
8.42000000000000e+00	7.13052541730926e+30
8.43000000000000e+00	5.90101282084240e+30
8.44000000000000e+00	4.93735743976422e+30
8.45000000000000e+00	4.25623322329284e+30
8.46000000000000e+00	3.85883626585464e+30
8.47000000000000e+00	3.73502950422655e+30
8.48000000000000e+00	3.86740508786151e+30
8.49000000000000e+00	4.23452012250540e+30
8.50000000000000e+00	4.81304561250471e+30
8.51000000000000e+00	5.57846939184657e+30
8.52000000000000e+00	6.50485768339996e+30
8.53000000000000e+00	7.56446439134158e+30
8.54000000000000e+00	8.72712544600306e+30
8.55000000000000e+00	9.96050550395750e+30
8.56000000000000e+00	1.12308356954980e+31
8.57000000000000e+00	1.25044635456799e+31
8.58000000000000e+00	1.37494502998231e+31
8.59000000000000e+00	1.49376180931797e+31
8.60000000000000e+00	1.60460687808491e+31
8.61000000000000e+00	1.70583982417852e+31
8.62000000000000e+00	1.79650664715655e+31
8.63000000000000e+00	1.87632886710045e+31
8.64000000000000e+00	1.94565106910998e+31
8.65000000000000e+00	2.00535126908106e+31
8.66000000000000e+00	2.05664037262355e+31
8.67000000000000e+00	2.10096767786369e+31
8.68000000000000e+00	2.13993562523373e+31
8.69000000000000e+00	2.17493999541757e+31
8.70000000000000e+00	2.20739066674866e+31
8.71000000000000e+00	2.23832863768479e+31
8.72000000000000e+00	2.26858906399952e+31
8.73000000000000e+00	2.29849556189872e+31
8.74000000000000e+00	2.32815393344929e+31
8.75000000000000e+00	2.35715209474467e+31
8.76000000000000e+00	2.38489290554322e+31
8.77000000000000e+00	2.41025110905440e+31
8.78000000000000e+00	2.43219859914614e+31
8.79000000000000e+00	2.44935323333103e+31
8.80000000000000e+00	2.46064264164230e+31
8.81000000000000e+00	2.46514797825631e+31
8.82000000000000e+00	2.46238379243062e+31
8.83000000000000e+00	2.45233725495888e+31
8.84000000000000e+00	2.43573708955063e+31
8.85000000000000e+00	2.41380320593843e+31
8.86000000000000e+00	2.38838954977559e+31
8.87000000000000e+00	2.36176590777202e+31
8.88000000000000e+00	2.33643020274013e+31
8.89000000000000e+00	2.31488981346770e+31
8.90000000000000e+00	2.29956028793313e+31
8.91000000000000e+00	2.29238400127070e+31
8.92000000000000e+00	2.29472362487263e+31
8.93000000000000e+00	2.30740077249034e+31
8.94000000000000e+00	2.33044337938235e+31
8.95000000000000e+00	2.36331812162251e+31
8.96000000000000e+00	2.40491758750090e+31
8.97000000000000e+00	2.45380816640868e+31
8.98000000000000e+00	2.50811269540121e+31
8.99000000000000e+00	2.56609623446566e+31
9.00000000000000e+00	2.62602455154028e+31
9.01000000000000e+00	2.68616219601543e+31
9.02000000000000e+00	2.74531586979559e+31
9.03000000000000e+00	2.80244906204925e+31
9.04000000000000e+00	2.85694376503471e+31
9.05000000000000e+00	2.90844517337271e+31
9.06000000000000e+00	2.95691646954341e+31
9.07000000000000e+00	3.00273196689025e+31
9.08000000000000e+00	3.04612001245479e+31
9.09000000000000e+00	3.08767665414382e+31
9.10000000000000e+00	3.12798100137913e+31
9.11000000000000e+00	3.16758166858476e+31
9.12000000000000e+00	3.20711553738128e+31
9.13000000000000e+00	3.24708546611238e+31
9.14000000000000e+00	3.28801099089770e+31
9.15000000000000e+00	3.33036058913181e+31
9.16000000000000e+00	3.37466289682805e+31
9.17000000000000e+00	3.42145380802969e+31
9.18000000000000e+00	3.47133152358841e+31
9.19000000000000e+00	3.52500351608861e+31
9.20000000000000e+00	3.58313957696106e+31
9.21000000000000e+00	3.64652006312083e+31
9.22000000000000e+00	3.71585872277180e+31
9.23000000000000e+00	3.79189328541721e+31
9.24000000000000e+00	3.87498708095425e+31
9.25000000000000e+00	3.96529310569164e+31
9.26000000000000e+00	4.06259443497871e+31
9.27000000000000e+00	4.16589229646156e+31
9.28000000000000e+00	4.27374419331054e+31
9.29000000000000e+00	4.38390136293587e+31
9.30000000000000e+00	4.49309253485643e+31
9.31000000000000e+00	4.59749809260547e+31
9.32000000000000e+00	4.69255173694152e+31
9.33000000000000e+00	4.77339515993876e+31
9.34000000000000e+00	4.83487797821642e+31
9.35000000000000e+00	4.87250511471922e+31
9.36000000000000e+00	4.88214461060637e+31
9.37000000000000e+00	4.86110539354529e+31
9.38000000000000e+00	4.80828245249654e+31
9.39000000000000e+00	4.72415230748728e+31
9.40000000000000e+00	4.61140205292123e+31
9.41000000000000e+00	4.47456199582731e+31
9.42000000000000e+00	4.31973672094419e+31
9.43000000000000e+00	4.15435745509743e+31
9.44000000000000e+00	3.98649956276262e+31
9.45000000000000e+00	3.82415264621782e+31
9.46000000000000e+00	3.67476124801939e+31
9.47000000000000e+00	3.54450121859711e+31
9.48000000000000e+00	3.43800165787522e+31
9.49000000000000e+00	3.35800563076333e+31
9.50000000000000e+00	3.30547587451388e+31
9.51000000000000e+00	3.27964284172797e+31
9.52000000000000e+00	3.27842485215638e+31
9.53000000000000e+00	3.29870381525553e+31
9.54000000000000e+00	3.33682541164158e+31
9.55000000000000e+00	3.38891923033077e+31
9.56000000000000e+00	3.45125618641238e+31
9.57000000000000e+00	3.52048458983211e+31
9.58000000000000e+00	3.59374685590263e+31
9.59000000000000e+00	3.66879232413834e+31
9.60000000000000e+00	3.74392091202268e+31
9.61000000000000e+00	3.81801208074674e+31
9.62000000000000e+00	3.89033079168083e+31
9.63000000000000e+00	3.96053530085662e+31
9.64000000000000e+00	4.02850761122550e+31
9.65000000000000e+00	4.09427236832647e+31
9.66000000000000e+00	4.15795706702665e+31
9.67000000000000e+00	4.21984482272086e+31
9.68000000000000e+00	4.27987121054101e+31
9.69000000000000e+00	4.33844803159141e+31
9.70000000000000e+00	4.39541348265223e+31
9.71000000000000e+00	4.45102806265975e+31
9.72000000000000e+00	4.50536567445395e+31
9.73000000000000e+00	4.55831669604293e+31
9.74000000000000e+00	4.61008874133303e+31
9.75000000000000e+00	4.66061753071619e+31
9.76000000000000e+00	4.70999281833306e+31
9.77000000000000e+00	4.75820627434230e+31
9.78000000000000e+00	4.80549660915918e+31
9.79000000000000e+00	4.85181043077797e+31
9.80000000000000e+00	4.89740160497327e+31
9.81000000000000e+00	4.94219314522220e+31
9.82000000000000e+00	4.98626906090011e+31
9.83000000000000e+00	5.02982748076387e+31
9.84000000000000e+00	5.07281953175885e+31
9.85000000000000e+00	5.11525501532601e+31
9.86000000000000e+00	5.15722132253741e+31
9.87000000000000e+00	5.19871512450293e+31
9.88000000000000e+00	5.23984596434276e+31
9.89000000000000e+00	5.28140270408515e+31
9.90000000000000e+00	5.32468913178371e+31
9.91000000000000e+00	5.37345512920811e+31
9.92000000000000e+00	5.43450540304468e+31
9.93000000000000e+00	5.51944402394810e+31
9.94000000000000e+00	5.64652420890474e+31
9.95000000000000e+00	5.83940918682354e+31
9.96000000000000e+00	6.12630143279895e+31
9.97000000000000e+00	6.53459965897357e+31
9.98000000000000e+00	7.08252951439184e+31
9.99000000000000e+00	7.76563060473769e+31
1.00000000000000e+01	8.54080034642827e+31
1.00100000000000e+01	9.31129755104049e+31
1.00200000000000e+01	9.90789853097606e+31
1.00300000000000e+01	1.01138341573208e+32
1.00400000000000e+01	9.76613854144434e+31
1.00500000000000e+01	8.87911307338888e+31
1.00600000000000e+01	7.65299670198426e+31
1.00700000000000e+01	6.34503560705976e+31
1.00800000000000e+01	5.14192415566247e+31
1.00900000000000e+01	4.12666135727603e+31
1.01000000000000e+01	3.30956835232308e+31
1.01100000000000e+01	2.66705828279370e+31
1.01200000000000e+01	2.16601891590483e+31
1.01300000000000e+01	1.77525881954047e+31
1.01400000000000e+01	1.46897937719536e+31
1.01500000000000e+01	1.22706039911828e+31
1.01600000000000e+01	1.03432070422601e+31
1.01700000000000e+01	8.79339638964450e+30
1.01800000000000e+01	7.53557460602301e+30
1.01900000000000e+01	6.50587162478423e+30
1.02000000000000e+01	5.65552495375786e+30
1.02100000000000e+01	4.94772935269269e+30
1.02200000000000e+01	4.35409651834938e+30
1.02300000000000e+01	3.85264612283787e+30
1.02400000000000e+01	3.42626398049695e+30
1.02500000000000e+01	3.06141977244939e+30
1.02600000000000e+01	2.74740045049709e+30
1.02700000000000e+01	2.47564318663855e+30
1.02800000000000e+01	2.23923061364286e+30
1.02900000000000e+01	2.03257309302531e+30
1.03000000000000e+01	1.85108975703176e+30
1.03100000000000e+01	1.69103035984976e+30
1.03200000000000e+01	1.54928632794146e+30
1.03300000000000e+01	1.42327601448549e+30
1.03400000000000e+01	1.31083848634251e+30
1.03500000000000e+01	1.21016249360284e+30
1.03600000000000e+01	1.11972634165318e+30
1.03700000000000e+01	1.03822285650794e+30
1.03800000000000e+01	9.64554452215660e+29
1.03900000000000e+01	8.97777908559887e+29
1.04000000000000e+01	8.37090606645476e+29
1.04100000000000e+01	7.81800197259244e+29
1.04200000000000e+01	7.31314152180245e+29
1.04300000000000e+01	6.85118113209352e+29
1.04400000000000e+01	6.42772323287048e+29
1.04500000000000e+01	6.03890357575086e+29
1.04600000000000e+01	5.68138487038548e+29
1.04700000000000e+01	5.35215486479727e+29
1.04800000000000e+01	5.04865082019347e+29
1.04900000000000e+01	4.76849032843643e+29
1.05000000000000e+01	4.50963503163565e+29
1.05100000000000e+01	4.27015602017095e+29
1.05200000000000e+01	4.04834611602768e+29
1.05300000000000e+01	3.84266096203874e+29
1.05400000000000e+01	3.65165080148008e+29
1.05500000000000e+01	3.47403156479215e+29
1.05600000000000e+01	3.30860481043109e+29
1.05700000000000e+01	3.15428701212031e+29
1.05800000000000e+01	3.01011141373556e+29
1.05900000000000e+01	2.87516776782673e+29
1.06000000000000e+01	2.74869205259254e+29
1.06100000000000e+01	2.62996602835730e+29
1.06200000000000e+01	2.51834236955717e+29
1.06300000000000e+01	2.41326545318934e+29
1.06400000000000e+01	2.31423860714344e+29
1.06500000000000e+01	2.22081469649937e+29
1.06600000000000e+01	2.13258578547309e+29
1.06700000000000e+01	2.04919115710279e+29
1.06800000000000e+01	1.97029429906319e+29
1.06900000000000e+01	1.89558883241818e+29
1.07000000000000e+01	1.82479549393142e+29
1.07100000000000e+01	1.75764055238492e+29
1.07200000000000e+01	1.69388399677350e+29
1.07300000000000e+01	1.63328645306822e+29
1.07400000000000e+01	1.57563215764617e+29
1.07500000000000e+01	1.52071388242340e+29
1.07600000000000e+01	1.46834697331314e+29
1.07700000000000e+01	1.41835446420832e+29
1.07800000000000e+01	1.37059955238184e+29
1.07900000000000e+01	1.32492892000904e+29
1.08000000000000e+01	1.28122331364330e+29
1.08100000000000e+01	1.23939603483547e+29
1.08200000000000e+01	1.19933907937670e+29
1.08300000000000e+01	1.16099100735909e+29
1.08400000000000e+01	1.12427994760952e+29
1.08500000000000e+01	1.08916225406894e+29
1.08600000000000e+01	1.05557380632111e+29
1.08700000000000e+01	1.02347285412556e+29
1.08800000000000e+01	9.92818198539296e+28
1.08900000000000e+01	9.63547898470094e+28
1.09000000000000e+01	9.35617153270669e+28
1.09100000000000e+01	9.08955818585067e+28
1.09200000000000e+01	8.83499529575065e+28
1.09300000000000e+01	8.59183946751445e+28
1.09400000000000e+01	8.35932387800182e+28
1.09500000000000e+01	8.13668931817581e+28
1.09600000000000e+01	7.92319170546056e+28
1.09700000000000e+01	7.71808301566170e+28
1.09800000000000e+01	7.52067704045355e+28
1.09900000000000e+01	7.33039799317131e+28
1.10000000000000e+01	7.14659523552699e+28
1.10100000000000e+01	6.96880559778576e+28
1.10200000000000e+01	6.79669043946263e+28
1.10300000000000e+01	6.62987021303039e+28
1.10400000000000e+01	6.46810256224452e+28
1.10500000000000e+01	6.31120613810691e+28
1.10600000000000e+01	6.15903314404019e+28
1.10700000000000e+01	6.01143753402005e+28
1.10800000000000e+01	5.86835614282311e+28
1.10900000000000e+01	5.72965379948105e+28
1.11000000000000e+01	5.59522786709379e+28
1.11100000000000e+01	5.46500630054294e+28
1.11200000000000e+01	5.33887185101914e+28
1.11300000000000e+01	5.21666009916649e+28
1.11400000000000e+01	5.09826306959846e+28
1.11500000000000e+01	4.98356361821286e+28
1.11600000000000e+01	4.87246108958900e+28
1.11700000000000e+01	4.76477822756622e+28
1.11800000000000e+01	4.66045183074507e+28
1.11900000000000e+01	4.55934132591871e+28
1.12000000000000e+01	4.46136379107661e+28
1.12100000000000e+01	4.36645450832480e+28
1.12200000000000e+01	4.27450012876011e+28
1.12300000000000e+01	4.18540536451443e+28
1.12400000000000e+01	4.09911449267803e+28
1.12500000000000e+01	4.01552133210152e+28
1.12600000000000e+01	3.93455070001150e+28
1.12700000000000e+01	3.85608928949062e+28
1.12800000000000e+01	3.78009478555373e+28
1.12900000000000e+01	3.70641151281181e+28
1.13000000000000e+01	3.63494597308631e+28
1.13100000000000e+01	3.56561167632149e+28
1.13200000000000e+01	3.49826262535260e+28
1.13300000000000e+01	3.43282379418769e+28
1.13400000000000e+01	3.36915793072504e+28
1.13500000000000e+01	3.30717025058670e+28
1.13600000000000e+01	3.24672622008128e+28
1.13700000000000e+01	3.18778141172165e+28
1.13800000000000e+01	3.13020186024821e+28
1.13900000000000e+01	3.07392567688382e+28
1.14000000000000e+01	3.01889881058164e+28
1.14100000000000e+01	2.96505552426113e+28
1.14200000000000e+01	2.91234279760050e+28
1.14300000000000e+01	2.86073647123025e+28
1.14400000000000e+01	2.81024738501079e+28
1.14500000000000e+01	2.76080929668682e+28
1.14600000000000e+01	2.71246857301354e+28
1.14700000000000e+01	2.66522140198834e+28
1.14800000000000e+01	2.61906411437615e+28
1.14900000000000e+01	2.57401996690363e+28
1.15000000000000e+01	2.53010932213029e+28
1.15100000000000e+01	2.48731089042911e+28
1.15200000000000e+01	2.44565538814712e+28
1.15300000000000e+01	2.40512426044693e+28
1.15400000000000e+01	2.36569683848142e+28
1.15500000000000e+01	2.32733342984702e+28
1.15600000000000e+01	2.29001099605382e+28
1.15700000000000e+01	2.25368682624360e+28
1.15800000000000e+01	2.21830069742585e+28
1.15900000000000e+01	2.18381599489665e+28
1.16000000000000e+01	2.15018752339582e+28
1.16100000000000e+01	2.11736785291198e+28
1.16200000000000e+01	2.08529257570922e+28
1.16300000000000e+01	2.05394334696649e+28
1.16400000000000e+01	2.02328347173873e+28
1.16500000000000e+01	1.99328361672369e+28
1.16600000000000e+01	1.96391525084610e+28
1.16700000000000e+01	1.93516266634025e+28
1.16800000000000e+01	1.90698857429495e+28
1.16900000000000e+01	1.87938944314176e+28
1.17000000000000e+01	1.85234012678470e+28
1.17100000000000e+01	1.82582725613488e+28
1.17200000000000e+01	1.79984122265694e+28
1.17300000000000e+01	1.77434068500385e+28
1.17400000000000e+01	1.74934142217604e+28
1.17500000000000e+01	1.72481229248601e+28
1.17600000000000e+01	1.70073959504450e+28
1.17700000000000e+01	1.67711673936908e+28
1.17800000000000e+01	1.65391364234377e+28
1.17900000000000e+01	1.63112877497052e+28
1.18000000000000e+01	1.60873381789395e+28
1.18100000000000e+01	1.58671089778725e+28
1.18200000000000e+01	1.56505639280113e+28
1.18300000000000e+01	1.54375124032345e+28
1.18400000000000e+01	1.52276463615367e+28
1.18500000000000e+01	1.50211078891185e+28
1.18600000000000e+01	1.48177396891693e+28
1.18700000000000e+01	1.46174557424063e+28
1.18800000000000e+01	1.44204028009436e+28
1.18900000000000e+01	1.42265352179637e+28
1.19000000000000e+01	1.40360310344857e+28
1.19100000000000e+01	1.38490596557908e+28
1.19200000000000e+01	1.36655729569216e+28
1.19300000000000e+01	1.34858128184664e+28
1.19400000000000e+01	1.33099911738913e+28
1.19500000000000e+01	1.31380266137751e+28
1.19600000000000e+01	1.29701285185226e+28
1.19700000000000e+01	1.28062469981071e+28
1.19800000000000e+01	1.26462389587504e+28
1.19900000000000e+01	1.24902189334018e+28
1.20000000000000e+01	1.23378821671776e+28
1.20100000000000e+01	1.21891873003057e+28
1.20200000000000e+01	1.20439164266439e+28
1.20300000000000e+01	1.19018666140709e+28
1.20400000000000e+01	1.17628830321494e+28
1.20500000000000e+01	1.16267555807500e+28
1.20600000000000e+01	1.14931893510544e+28
1.20700000000000e+01	1.13621968227036e+28
1.20800000000000e+01	1.12334105167734e+28
1.20900000000000e+01	1.11067270268629e+28
1.21000000000000e+01	1.09819392932502e+28
1.21100000000000e+01	1.08589379834222e+28
1.21200000000000e+01	1.07375256310798e+28
1.21300000000000e+01	1.06175274808610e+28
1.21400000000000e+01	1.04988750029258e+28
1.21500000000000e+01	1.03814695906745e+28
1.21600000000000e+01	1.02652035679714e+28
1.21700000000000e+01	1.01500704149739e+28
1.21800000000000e+01	1.00360420234895e+28
1.21900000000000e+01	9.92308367601130e+27
1.22000000000000e+01	9.81131818343815e+27
1.22100000000000e+01	9.70076810337108e+27
1.22200000000000e+01	9.59166322574322e+27
1.22300000000000e+01	9.48395249392906e+27
1.22400000000000e+01	9.37788399261178e+27
1.22500000000000e+01	9.27358191459677e+27
1.22600000000000e+01	9.17102899424662e+27
1.22700000000000e+01	9.07043391273075e+27
1.22800000000000e+01	8.97175077436184e+27
1.22900000000000e+01	8.87505027341615e+27
1.23000000000000e+01	8.78024948551696e+27
1.23100000000000e+01	8.68742150571147e+27
1.23200000000000e+01	8.59636053199801e+27
1.23300000000000e+01	8.50703706803292e+27
1.23400000000000e+01	8.41927308420226e+27
1.23500000000000e+01	8.33291794064794e+27
1.23600000000000e+01	8.24793574415005e+27
1.23700000000000e+01	8.16409760836443e+27
1.23800000000000e+01	8.08132793708296e+27
1.23900000000000e+01	7.99948937320581e+27
1.24000000000000e+01	7.91853116648598e+27
1.24100000000000e+01	7.83837197469941e+27
1.24200000000000e+01	7.75898811363654e+27
1.24300000000000e+01	7.68040258481723e+27
1.24400000000000e+01	7.60258422552150e+27
1.24500000000000e+01	7.52561568859448e+27
1.24600000000000e+01	7.44948356685532e+27
1.24700000000000e+01	7.37435394857076e+27
1.24800000000000e+01	7.30017342166786e+27
1.24900000000000e+01	7.22705036981655e+27
1.25000000000000e+01	7.15501229321685e+27
1.25100000000000e+01	7.08414440084747e+27
1.25200000000000e+01	7.01441264332107e+27
1.25300000000000e+01	6.94585208298693e+27
1.25400000000000e+01	6.87842472424068e+27
1.25500000000000e+01	6.81210789123586e+27
1.25600000000000e+01	6.74694743387773e+27
1.25700000000000e+01	6.68280137833905e+27
1.25800000000000e+01	6.61965135372450e+27
1.25900000000000e+01	6.55736108996855e+27
1.26000000000000e+01	6.49592764699438e+27
1.26100000000000e+01	6.43527099280364e+27
1.26200000000000e+01	6.37531538729269e+27
1.26300000000000e+01	6.31599813211986e+27
1.26400000000000e+01	6.25725770239383e+27
1.26500000000000e+01	6.19908711777160e+27
1.26600000000000e+01	6.14151310874108e+27
1.26700000000000e+01	6.08455223106218e+27
1.26800000000000e+01	6.02819771773236e+27
1.26900000000000e+01	5.97250126216928e+27
1.27000000000000e+01	5.91756107380994e+27
1.27100000000000e+01	5.86345124845619e+27
1.27200000000000e+01	5.81022270296587e+27
1.27300000000000e+01	5.75790633542072e+27
1.27400000000000e+01	5.70657317653911e+27
1.27500000000000e+01	5.65627873105228e+27
1.27600000000000e+01	5.60692631132618e+27
1.27700000000000e+01	5.55859982359811e+27
1.27800000000000e+01	5.51123920906200e+27
1.27900000000000e+01	5.46474188394526e+27
1.28000000000000e+01	5.41906830776522e+27
1.28100000000000e+01	5.37409901868374e+27
1.28200000000000e+01	5.32973695081310e+27
1.28300000000000e+01	5.28594249350404e+27
1.28400000000000e+01	5.24260073431858e+27
1.28500000000000e+01	5.19962256702896e+27
1.28600000000000e+01	5.15699592314330e+27
1.28700000000000e+01	5.11464523946760e+27
1.28800000000000e+01	5.07256648874566e+27
1.28900000000000e+01	5.03072941114785e+27
1.29000000000000e+01	4.98920227891733e+27
1.29100000000000e+01	4.94796844622675e+27
1.29200000000000e+01	4.90706230270531e+27
1.29300000000000e+01	4.86659519578097e+27
1.29400000000000e+01	4.82658708680168e+27
1.29500000000000e+01	4.78710295263695e+27
1.29600000000000e+01	4.74821843288738e+27
1.29700000000000e+01	4.70996566698339e+27
1.29800000000000e+01	4.67237587385502e+27
1.29900000000000e+01	4.63547082068782e+27
1.30000000000000e+01	4.59924157369255e+27
1.30100000000000e+01	4.56373663477928e+27
1.30200000000000e+01	4.52881693271738e+27
1.30300000000000e+01	4.49456464795802e+27
1.30400000000000e+01	4.46085914297261e+27
1.30500000000000e+01	4.42769825051117e+27
1.30600000000000e+01	4.39497133359130e+27
1.30700000000000e+01	4.36267715898272e+27
1.30800000000000e+01	4.33074517601166e+27
1.30900000000000e+01	4.29912619604105e+27
1.31000000000000e+01	4.26777195288457e+27
1.31100000000000e+01	4.23666997793718e+27
1.31200000000000e+01	4.20577613008822e+27
1.31300000000000e+01	4.17505536085971e+27
1.31400000000000e+01	4.14455692407334e+27
1.31500000000000e+01	4.11421643169288e+27
1.31600000000000e+01	4.08411303706468e+27
1.31700000000000e+01	4.05421025801406e+27
1.31800000000000e+01	4.02452591834873e+27
1.31900000000000e+01	3.99510817301779e+27
1.32000000000000e+01	3.96596753235284e+27
1.32100000000000e+01	3.93715964564407e+27
1.32200000000000e+01	3.90859908554999e+27
1.32300000000000e+01	3.88039805300680e+27
1.32400000000000e+01	3.85252513795711e+27
1.32500000000000e+01	3.82499933113376e+27
1.32600000000000e+01	3.79779253770620e+27
1.32700000000000e+01	3.77089689588174e+27
1.32800000000000e+01	3.74431853440721e+27
1.32900000000000e+01	3.71802078316554e+27
1.33000000000000e+01	3.69203541721289e+27
1.33100000000000e+01	3.66630081052355e+27
1.33200000000000e+01	3.64080181094170e+27
1.33300000000000e+01	3.61554363976131e+27
1.33400000000000e+01	3.59051301168925e+27
1.33500000000000e+01	3.56570604714515e+27
1.33600000000000e+01	3.54107938288750e+27
1.33700000000000e+01	3.51665602100302e+27
1.33800000000000e+01	3.49239905821857e+27
1.33900000000000e+01	3.46836700673153e+27
1.34000000000000e+01	3.44447003371165e+27
1.34100000000000e+01	3.42075538732230e+27
1.34200000000000e+01	3.39720403714665e+27
1.34300000000000e+01	3.37381088920739e+27
1.34400000000000e+01	3.35053635607089e+27
1.34500000000000e+01	3.32737534885347e+27
1.34600000000000e+01	3.30431029804966e+27
1.34700000000000e+01	3.28128926545323e+27
1.34800000000000e+01	3.25832683218356e+27
1.34900000000000e+01	3.23533000713143e+27
1.35000000000000e+01	3.21234092267119e+27
1.35100000000000e+01	3.18928676320960e+27
1.35200000000000e+01	3.16619318603643e+27
1.35300000000000e+01	3.14307647069179e+27
1.35400000000000e+01	3.11991259075904e+27
1.35500000000000e+01	3.09675101137827e+27
1.35600000000000e+01	3.07362578879701e+27
1.35700000000000e+01	3.05060627435590e+27
1.35800000000000e+01	3.02769826261047e+27
1.35900000000000e+01	3.00502003316680e+27
1.36000000000000e+01	2.98259563312039e+27
1.36100000000000e+01	2.96050380367664e+27
1.36200000000000e+01	2.93874524058396e+27
1.36300000000000e+01	2.91738858308175e+27
1.36400000000000e+01	2.89641736747070e+27
1.36500000000000e+01	2.87591303807438e+27
1.36600000000000e+01	2.85582397525223e+27
1.36700000000000e+01	2.83616200567758e+27
1.36800000000000e+01	2.81691980076645e+27
1.36900000000000e+01	2.79806653821528e+27
1.37000000000000e+01	2.77959837420383e+27
1.37100000000000e+01	2.76144526711520e+27
1.37200000000000e+01	2.74362856959562e+27
1.37300000000000e+01	2.72607563790263e+27
1.37400000000000e+01	2.70876478904191e+27
1.37500000000000e+01	2.69166276238773e+27
1.37600000000000e+01	2.67477354191936e+27
1.37700000000000e+01	2.65806645970366e+27
1.37800000000000e+01	2.64150688584111e+27
1.37900000000000e+01	2.62508779591904e+27
1.38000000000000e+01	2.60880998618845e+27
1.38100000000000e+01	2.59264167380664e+27
1.38200000000000e+01	2.57659674574390e+27
1.38300000000000e+01	2.56068377859141e+27
1.38400000000000e+01	2.54487715040256e+27
1.38500000000000e+01	2.52918438224223e+27
1.38600000000000e+01	2.51361960156048e+27
1.38700000000000e+01	2.49814341349167e+27
1.38800000000000e+01	2.48280353541094e+27
1.38900000000000e+01	2.46759215083583e+27
1.39000000000000e+01	2.45248994705803e+27
1.39100000000000e+01	2.43752477316380e+27
1.39200000000000e+01	2.42269557721505e+27
1.39300000000000e+01	2.40799351476623e+27
1.39400000000000e+01	2.39341881107465e+27
1.39500000000000e+01	2.37900760962328e+27
1.39600000000000e+01	2.36472871534918e+27
1.39700000000000e+01	2.35061729425849e+27
1.39800000000000e+01	2.33665605947867e+27
1.39900000000000e+01	2.32283851834486e+27
1.40000000000000e+01	2.30919864320145e+27
1.40100000000000e+01	2.29572455141793e+27
1.40200000000000e+01	2.28239355013191e+27
1.40300000000000e+01	2.26922765253413e+27
1.40400000000000e+01	2.25621421339047e+27
1.40500000000000e+01	2.24334873765572e+27
1.40600000000000e+01	2.23059884642950e+27
1.40700000000000e+01	2.21799026508109e+27
1.40800000000000e+01	2.20550171546651e+27
1.40900000000000e+01	2.19312064469817e+27
1.41000000000000e+01	2.18083845684609e+27
1.41100000000000e+01	2.16864374311391e+27
1.41200000000000e+01	2.15654670059974e+27
1.41300000000000e+01	2.14452935439693e+27
1.41400000000000e+01	2.13258112550537e+27
1.41500000000000e+01	2.12073014266512e+27
1.41600000000000e+01	2.10892358139842e+27
1.41700000000000e+01	2.09722079526691e+27
1.41800000000000e+01	2.08556242672717e+27
1.41900000000000e+01	2.07398299050948e+27
1.42000000000000e+01	2.06247221006229e+27
1.42100000000000e+01	2.05102318011602e+27
1.42200000000000e+01	2.03963617927317e+27
1.42300000000000e+01	2.02830136671979e+27
1.42400000000000e+01	2.01704609092063e+27
1.42500000000000e+01	2.00585359582035e+27
1.42600000000000e+01	1.99471390602124e+27
1.42700000000000e+01	1.98365377254092e+27
1.42800000000000e+01	1.97265610400448e+27
1.42900000000000e+01	1.96172713579251e+27
1.43000000000000e+01	1.95085962997135e+27
1.43100000000000e+01	1.94005317342177e+27
1.43200000000000e+01	1.92933020317385e+27
1.43300000000000e+01	1.91866737618912e+27
1.43400000000000e+01	1.90804840989004e+27
1.43500000000000e+01	1.89751240364343e+27
1.43600000000000e+01	1.88704640998103e+27
1.43700000000000e+01	1.87663800216769e+27
1.43800000000000e+01	1.86630033976635e+27
1.43900000000000e+01	1.85603039915459e+27
1.44000000000000e+01	1.84583766777334e+27
1.44100000000000e+01	1.83572172499888e+27
1.44200000000000e+01	1.82568813193825e+27
1.44300000000000e+01	1.81574489865194e+27
1.44400000000000e+01	1.80587486487557e+27
1.44500000000000e+01	1.79610714294338e+27
1.44600000000000e+01	1.78643016054812e+27
1.44700000000000e+01	1.77683549236936e+27
1.44800000000000e+01	1.76733610760550e+27
1.44900000000000e+01	1.75792078612060e+27
1.45000000000000e+01	1.74858145445090e+27
1.45100000000000e+01	1.73933148471010e+27
1.45200000000000e+01	1.73013915701724e+27
1.45300000000000e+01	1.72102437969319e+27
1.45400000000000e+01	1.71199459818254e+27
1.45500000000000e+01	1.70300391138325e+27
1.45600000000000e+01	1.69410172840882e+27
1.45700000000000e+01	1.68524517108542e+27
1.45800000000000e+01	1.67644509708873e+27
1.45900000000000e+01	1.66770037486714e+27
1.46000000000000e+01	1.65899829373913e+27
1.46100000000000e+01	1.65033553096146e+27
1.46200000000000e+01	1.64172041298269e+27
1.46300000000000e+01	1.63312407631296e+27
1.46400000000000e+01	1.62456721380753e+27
1.46500000000000e+01	1.61603901128924e+27
1.46600000000000e+01	1.60752349689869e+27
1.46700000000000e+01	1.59903044444478e+27
1.46800000000000e+01	1.59058086942916e+27
1.46900000000000e+01	1.58213639292679e+27
1.47000000000000e+01	1.57372363321484e+27
1.47100000000000e+01	1.56532397316570e+27
1.47200000000000e+01	1.55697175522990e+27
1.47300000000000e+01	1.54864255584803e+27
1.47400000000000e+01	1.54033465051404e+27
1.47500000000000e+01	1.53207065731600e+27
1.47600000000000e+01	1.52383762390050e+27
1.47700000000000e+01	1.51565547170196e+27
1.47800000000000e+01	1.50750037764451e+27
1.47900000000000e+01	1.49939748831819e+27
1.48000000000000e+01	1.49134175636295e+27
1.48100000000000e+01	1.48334664465377e+27
1.48200000000000e+01	1.47541702168279e+27
1.48300000000000e+01	1.46754133458483e+27
1.48400000000000e+01	1.45975507717895e+27
1.48500000000000e+01	1.45202468362742e+27
1.48600000000000e+01	1.44437397380192e+27
1.48700000000000e+01	1.43680554891769e+27
1.48800000000000e+01	1.42929313469634e+27
1.48900000000000e+01	1.42185769076100e+27
1.49000000000000e+01	1.41447879551842e+27
1.49100000000000e+01	1.40715477207709e+27
1.49200000000000e+01	1.39988946740089e+27
1.49300000000000e+01	1.39265926282048e+27
1.49400000000000e+01	1.38547436295048e+27
1.49500000000000e+01	1.37832996527221e+27
1.49600000000000e+01	1.37121424198610e+27
1.49700000000000e+01	1.36412806282742e+27
1.49800000000000e+01	1.35708488549407e+27
1.49900000000000e+01	1.35006572867574e+27
1.50000000000000e+01	1.34308614963240e+27
1.50100000000000e+01	1.33614433108834e+27
1.50200000000000e+01	1.32924793546252e+27
1.50300000000000e+01	1.32238504381599e+27
1.50400000000000e+01	1.31557271642250e+27
1.50500000000000e+01	1.30880111098630e+27
1.50600000000000e+01	1.30207977717027e+27
1.50700000000000e+01	1.29541542371192e+27
1.50800000000000e+01	1.28879560152176e+27
1.50900000000000e+01	1.28223151308454e+27
1.51000000000000e+01	1.27572229776110e+27
1.51100000000000e+01	1.26926688899078e+27
1.51200000000000e+01	1.26288048959550e+27
1.51300000000000e+01	1.25654050182039e+27
1.51400000000000e+01	1.25026663782721e+27
1.51500000000000e+01	1.24404114387841e+27
1.51600000000000e+01	1.23787420643988e+27
1.51700000000000e+01	1.23175321368769e+27
1.51800000000000e+01	1.22567721656433e+27
1.51900000000000e+01	1.21964552434479e+27
1.52000000000000e+01	1.21366232302100e+27
1.52100000000000e+01	1.20771802140128e+27
1.52200000000000e+01	1.20182180238509e+27
1.52300000000000e+01	1.19595774989605e+27
1.52400000000000e+01	1.19013704488944e+27
1.52500000000000e+01	1.18434854864075e+27
1.52600000000000e+01	1.17860318220168e+27
1.52700000000000e+01	1.17290059034861e+27
1.52800000000000e+01	1.16724477633901e+27
1.52900000000000e+01	1.16161517164098e+27
1.53000000000000e+01	1.15604188122879e+27
1.53100000000000e+01	1.15049337042838e+27
1.53200000000000e+01	1.14498870274074e+27
1.53300000000000e+01	1.13951198190989e+27
1.53400000000000e+01	1.13407350489916e+27
1.53500000000000e+01	1.12867296861788e+27
1.53600000000000e+01	1.12329960311523e+27
1.53700000000000e+01	1.11794309534556e+27
1.53800000000000e+01	1.11262504948745e+27
1.53900000000000e+01	1.10733539578150e+27
1.54000000000000e+01	1.10206845328173e+27
1.54100000000000e+01	1.09683707412542e+27
1.54200000000000e+01	1.09163968048044e+27
1.54300000000000e+01	1.08646773185830e+27
1.54400000000000e+01	1.08135025042779e+27
1.54500000000000e+01	1.07626161754988e+27
1.54600000000000e+01	1.07121139824142e+27
1.54700000000000e+01	1.06619852571909e+27
1.54800000000000e+01	1.06123204931178e+27
1.54900000000000e+01	1.05630652348853e+27
1.55000000000000e+01	1.05141307754758e+27
1.55100000000000e+01	1.04655847683803e+27
1.55200000000000e+01	1.04172602910012e+27
1.55300000000000e+01	1.03693531712111e+27
1.55400000000000e+01	1.03216601197222e+27
1.55500000000000e+01	1.02741814281033e+27
1.55600000000000e+01	1.02270589778639e+27
1.55700000000000e+01	1.01800166987500e+27
1.55800000000000e+01	1.01332391581452e+27
1.55900000000000e+01	1.00867483484895e+27
1.56000000000000e+01	1.00403938284163e+27
1.56100000000000e+01	9.99431823470775e+26
1.56200000000000e+01	9.94858178696892e+26
1.56300000000000e+01	9.90304919145798e+26
1.56400000000000e+01	9.85780093647092e+26
1.56500000000000e+01	9.81285072753786e+26
1.56600000000000e+01	9.76827242654739e+26
1.56700000000000e+01	9.72411282639996e+26
1.56800000000000e+01	9.68013265034517e+26
1.56900000000000e+01	9.63668205986683e+26
1.57000000000000e+01	9.59351963517084e+26
1.57100000000000e+01	9.55059435255705e+26
1.57200000000000e+01	9.50797306790604e+26
1.57300000000000e+01	9.46570098701825e+26
1.57400000000000e+01	9.42358678602662e+26
1.57500000000000e+01	9.38159092074091e+26
1.57600000000000e+01	9.33979150065483e+26
1.57700000000000e+01	9.29815516589695e+26
1.57800000000000e+01	9.25659758049800e+26
1.57900000000000e+01	9.21518117671295e+26
1.58000000000000e+01	9.17389933636980e+26
1.58100000000000e+01	9.13272294496360e+26
1.58200000000000e+01	9.09165977767953e+26
1.58300000000000e+01	9.05076850899314e+26
1.58400000000000e+01	9.01012612296137e+26
1.58500000000000e+01	8.96969682070266e+26
1.58600000000000e+01	8.92944276152777e+26
1.58700000000000e+01	8.88952373778937e+26
1.58800000000000e+01	8.84981035589171e+26
1.58900000000000e+01	8.81034876261017e+26
1.59000000000000e+01	8.77120639500392e+26
1.59100000000000e+01	8.73230286984325e+26
1.59200000000000e+01	8.69370448308451e+26
1.59300000000000e+01	8.65533122356223e+26
1.59400000000000e+01	8.61733524055513e+26
1.59500000000000e+01	8.57946562279005e+26
1.59600000000000e+01	8.54179003274262e+26
1.59700000000000e+01	8.50440540527587e+26
1.59800000000000e+01	8.46717427998755e+26
1.59900000000000e+01	8.43013313641517e+26
1.60000000000000e+01	8.39329800951758e+26
1.60100000000000e+01	8.35662340842765e+26
1.60200000000000e+01	8.32003005375226e+26
1.60300000000000e+01	8.28377421447257e+26
1.60400000000000e+01	8.24760763192688e+26
1.60500000000000e+01	8.21178234840587e+26
1.60600000000000e+01	8.17613073784498e+26
1.60700000000000e+01	8.14073184824164e+26
1.60800000000000e+01	8.10566051550824e+26
1.60900000000000e+01	8.07079072952888e+26
1.61000000000000e+01	8.03634186025542e+26
1.61100000000000e+01	8.00210350614699e+26
1.61200000000000e+01	7.96810980418435e+26
1.61300000000000e+01	7.93433577272222e+26
1.61400000000000e+01	7.90070440684740e+26
1.61500000000000e+01	7.86732360738436e+26
1.61600000000000e+01	7.83398375653824e+26
1.61700000000000e+01	7.80069921192447e+26
1.61800000000000e+01	7.76750841876816e+26
1.61900000000000e+01	7.73441891684653e+26
1.62000000000000e+01	7.70128239628180e+26
1.62100000000000e+01	7.66818882322472e+26
1.62200000000000e+01	7.63511561701498e+26
1.62300000000000e+01	7.60221552826429e+26
1.62400000000000e+01	7.56930582346088e+26
1.62500000000000e+01	7.53659073556875e+26
1.62600000000000e+01	7.50398028129628e+26
1.62700000000000e+01	7.47156025973357e+26
1.62800000000000e+01	7.43935639325323e+26
1.62900000000000e+01	7.40728295099347e+26
1.63000000000000e+01	7.37540523590836e+26
1.63100000000000e+01	7.34378687891984e+26
1.63200000000000e+01	7.31226318533691e+26
1.63300000000000e+01	7.28089737951869e+26
1.63400000000000e+01	7.24957116527638e+26
1.63500000000000e+01	7.21833864431327e+26
1.63600000000000e+01	7.18705486808707e+26
1.63700000000000e+01	7.15574698293374e+26
1.63800000000000e+01	7.12437173224084e+26
1.63900000000000e+01	7.09279664654846e+26
1.64000000000000e+01	7.06103085292992e+26
1.64100000000000e+01	7.02900380929375e+26
1.64200000000000e+01	6.99670395875948e+26
1.64300000000000e+01	6.96397992663752e+26
1.64400000000000e+01	6.93106822012391e+26
1.64500000000000e+01	6.89772426444747e+26
1.64600000000000e+01	6.86408839019514e+26
1.64700000000000e+01	6.83027014969393e+26
1.64800000000000e+01	6.79623617128194e+26
1.64900000000000e+01	6.76209388988681e+26
1.65000000000000e+01	6.72794632254481e+26
1.65100000000000e+01	6.69386132504429e+26
1.65200000000000e+01	6.66002786205017e+26
1.65300000000000e+01	6.62655677048063e+26
1.65400000000000e+01	6.59352912458741e+26
1.65500000000000e+01	6.56110450629472e+26
1.65600000000000e+01	6.52923719466523e+26
1.65700000000000e+01	6.49823253460892e+26
1.65800000000000e+01	6.46795929429680e+26
1.65900000000000e+01	6.43855157210189e+26
1.66000000000000e+01	6.40999302233384e+26
1.66100000000000e+01	6.38230425662391e+26
1.66200000000000e+01	6.35543816281928e+26
1.66300000000000e+01	6.32935028163431e+26
1.66400000000000e+01	6.30384025374952e+26
1.66500000000000e+01	6.27897035764776e+26
1.66600000000000e+01	6.25467704134663e+26
1.66700000000000e+01	6.23068934240556e+26
1.66800000000000e+01	6.20709194505823e+26
1.66900000000000e+01	6.18372378113755e+26
1.67000000000000e+01	6.16057933988516e+26
1.67100000000000e+01	6.13760947024448e+26
1.67200000000000e+01	6.11478731480475e+26
1.67300000000000e+01	6.09208545981068e+26
1.67400000000000e+01	6.06949429505209e+26
1.67500000000000e+01	6.04710331861119e+26
1.67600000000000e+01	6.02488837909858e+26
1.67700000000000e+01	6.00282273358152e+26
1.67800000000000e+01	5.98093185754028e+26
1.67900000000000e+01	5.95921116050540e+26
1.68000000000000e+01	5.93765491185149e+26
1.68100000000000e+01	5.91629197996737e+26
1.68200000000000e+01	5.89510649218135e+26
1.68300000000000e+01	5.87403726587922e+26
1.68400000000000e+01	5.85304323318162e+26
1.68500000000000e+01	5.83212047669138e+26
1.68600000000000e+01	5.81124012354079e+26
1.68700000000000e+01	5.79045617172577e+26
1.68800000000000e+01	5.76959323270803e+26
1.68900000000000e+01	5.74868389435527e+26
1.69000000000000e+01	5.72779739900812e+26
1.69100000000000e+01	5.70679348074464e+26
1.69200000000000e+01	5.68573715048596e+26
1.69300000000000e+01	5.66458820142368e+26
1.69400000000000e+01	5.64344748190130e+26
1.69500000000000e+01	5.62226573707429e+26
1.69600000000000e+01	5.60108916871221e+26
1.69700000000000e+01	5.57995248029838e+26
1.69800000000000e+01	5.55888810659447e+26
1.69900000000000e+01	5.53794094268153e+26
1.70000000000000e+01	5.51712871456664e+26
1.70100000000000e+01	5.49654167994336e+26
1.70200000000000e+01	5.47608777064066e+26
1.70300000000000e+01	5.45584473910620e+26
1.70400000000000e+01	5.43580338469315e+26
1.70500000000000e+01	5.41598733687296e+26
1.70600000000000e+01	5.39637940472887e+26
1.70700000000000e+01	5.37692022788416e+26
1.70800000000000e+01	5.35768718895595e+26
1.70900000000000e+01	5.33853228239443e+26
1.71000000000000e+01	5.31956168648787e+26
1.71100000000000e+01	5.30072265082983e+26
1.71200000000000e+01	5.28192402841405e+26
1.71300000000000e+01	5.26325801818019e+26
1.71400000000000e+01	5.24471872816464e+26
1.71500000000000e+01	5.22625775792389e+26
1.71600000000000e+01	5.20784559490862e+26
1.71700000000000e+01	5.18954174860809e+26
1.71800000000000e+01	5.17138006433129e+26
1.71900000000000e+01	5.15327203872271e+26
1.72000000000000e+01	5.13529762701451e+26
1.72100000000000e+01	5.11745575051640e+26
1.72200000000000e+01	5.09974446461517e+26
1.72300000000000e+01	5.08214820160533e+26
1.72400000000000e+01	5.06468791521583e+26
1.72500000000000e+01	5.04737130791933e+26
1.72600000000000e+01	5.03015870884713e+26
1.72700000000000e+01	5.01308201008790e+26
1.72800000000000e+01	4.99612625141654e+26
1.72900000000000e+01	4.97928269131996e+26
1.73000000000000e+01	4.96251918191485e+26
1.73100000000000e+01	4.94585263082230e+26
1.73200000000000e+01	4.92927038474300e+26
1.73300000000000e+01	4.91276660277819e+26
1.73400000000000e+01	4.89631119639956e+26
1.73500000000000e+01	4.87992335089001e+26
1.73600000000000e+01	4.86359209070418e+26
1.73700000000000e+01	4.84731794451533e+26
1.73800000000000e+01	4.83107242117745e+26
1.73900000000000e+01	4.81487450911633e+26
1.74000000000000e+01	4.79870115502897e+26
1.74100000000000e+01	4.78258965528286e+26
1.74200000000000e+01	4.76649898218622e+26
1.74300000000000e+01	4.75044834890247e+26
1.74400000000000e+01	4.73441011055071e+26
1.74500000000000e+01	4.71843250613356e+26
1.74600000000000e+01	4.70246472674726e+26
1.74700000000000e+01	4.68651392152611e+26
1.74800000000000e+01	4.67062283586383e+26
1.74900000000000e+01	4.65475224886017e+26
1.75000000000000e+01	4.63892141837825e+26
1.75100000000000e+01	4.62311942445235e+26
1.75200000000000e+01	4.60736537799363e+26
1.75300000000000e+01	4.59167603461303e+26
1.75400000000000e+01	4.57605167710259e+26
1.75500000000000e+01	4.56046958164724e+26
1.75600000000000e+01	4.54496790094716e+26
1.75700000000000e+01	4.52954033053762e+26
1.75800000000000e+01	4.51417844168620e+26
1.75900000000000e+01	4.49892083955243e+26
1.76000000000000e+01	4.48370797413309e+26
1.76100000000000e+01	4.46859534483079e+26
1.76200000000000e+01	4.45354633197695e+26
1.76300000000000e+01	4.43857662207643e+26
1.76400000000000e+01	4.42366209911750e+26
1.76500000000000e+01	4.40884647038839e+26
1.76600000000000e+01	4.39407367203509e+26
1.76700000000000e+01	4.37934316974488e+26
1.76800000000000e+01	4.36470381658163e+26
1.76900000000000e+01	4.35009528049967e+26
1.77000000000000e+01	4.33552259485715e+26
1.77100000000000e+01	4.32102917437077e+26
1.77200000000000e+01	4.30655596736298e+26
1.77300000000000e+01	4.29210804957090e+26
1.77400000000000e+01	4.27772458779806e+26
1.77500000000000e+01	4.26335292181506e+26
1.77600000000000e+01	4.24899892244800e+26
1.77700000000000e+01	4.23469816478815e+26
1.77800000000000e+01	4.22040411466774e+26
1.77900000000000e+01	4.20612905912540e+26
1.78000000000000e+01	4.19190863763189e+26
1.78100000000000e+01	4.17771169134029e+26
1.78200000000000e+01	4.16356205361593e+26
1.78300000000000e+01	4.14944926356357e+26
1.78400000000000e+01	4.13540101781765e+26
1.78500000000000e+01	4.12142237222135e+26
1.78600000000000e+01	4.10750170299749e+26
1.78700000000000e+01	4.09366949263734e+26
1.78800000000000e+01	4.07992907828080e+26
1.78900000000000e+01	4.06626277473219e+26
1.79000000000000e+01	4.05269909115781e+26
1.79100000000000e+01	4.03923604080284e+26
1.79200000000000e+01	4.02585968407101e+26
1.79300000000000e+01	4.01258850396041e+26
1.79400000000000e+01	3.99939887835056e+26
1.79500000000000e+01	3.98630924860581e+26
1.79600000000000e+01	3.97332148176563e+26
1.79700000000000e+01	3.96042866445120e+26
1.79800000000000e+01	3.94760265437418e+26
1.79900000000000e+01	3.93486707002126e+26
1.80000000000000e+01	3.92218537165051e+26
1.80100000000000e+01	3.90957668404680e+26
1.80200000000000e+01	3.89703553091553e+26
1.80300000000000e+01	3.88453599132833e+26
1.80400000000000e+01	3.87208911007254e+26
1.80500000000000e+01	3.85969488728259e+26
1.80600000000000e+01	3.84732909687904e+26
1.80700000000000e+01	3.83500352309217e+26
1.80800000000000e+01	3.82269881081859e+26
1.80900000000000e+01	3.81045206302363e+26
1.81000000000000e+01	3.79820820861690e+26
1.81100000000000e+01	3.78602002549531e+26
1.81200000000000e+01	3.77385730148752e+26
1.81300000000000e+01	3.76171667281494e+26
1.81400000000000e+01	3.74961919846382e+26
1.81500000000000e+01	3.73757014041707e+26
1.81600000000000e+01	3.72557452830735e+26
1.81700000000000e+01	3.71361283708424e+26
1.81800000000000e+01	3.70170961879288e+26
1.81900000000000e+01	3.68984933840283e+26
1.82000000000000e+01	3.67805147469647e+26
1.82100000000000e+01	3.66632415707015e+26
1.82200000000000e+01	3.65464235258615e+26
1.82300000000000e+01	3.64301378959446e+26
1.82400000000000e+01	3.63147643972679e+26
1.82500000000000e+01	3.61998960532062e+26
1.82600000000000e+01	3.60857580797256e+26
1.82700000000000e+01	3.59720537837153e+26
1.82800000000000e+01	3.58590525829379e+26
1.82900000000000e+01	3.57464619459315e+26
1.83000000000000e+01	3.56344672640454e+26
1.83100000000000e+01	3.55230186895257e+26
1.83200000000000e+01	3.54119194532586e+26
1.83300000000000e+01	3.53013610182156e+26
1.83400000000000e+01	3.51911090054376e+26
1.83500000000000e+01	3.50813152299092e+26
1.83600000000000e+01	3.49719827529504e+26
1.83700000000000e+01	3.48629664221880e+26
1.83800000000000e+01	3.47543751667042e+26
1.83900000000000e+01	3.46461055435156e+26
1.84000000000000e+01	3.45383478849452e+26
1.84100000000000e+01	3.44310588785344e+26
1.84200000000000e+01	3.43240887013842e+26
1.84300000000000e+01	3.42176645408488e+26
1.84400000000000e+01	3.41115096538517e+26
1.84500000000000e+01	3.40058909206942e+26
1.84600000000000e+01	3.39007611787061e+26
1.84700000000000e+01	3.37959282769695e+26
1.84800000000000e+01	3.36915339983724e+26
1.84900000000000e+01	3.35874713031573e+26
1.85000000000000e+01	3.34838413308877e+26
1.85100000000000e+01	3.33804978421462e+26
1.85200000000000e+01	3.32775434620153e+26
1.85300000000000e+01	3.31750591061095e+26
1.85400000000000e+01	3.30727786867701e+26
1.85500000000000e+01	3.29709276663015e+26
1.85600000000000e+01	3.28692820423195e+26
1.85700000000000e+01	3.27680663222347e+26
1.85800000000000e+01	3.26670575582453e+26
1.85900000000000e+01	3.25664790534183e+26
1.86000000000000e+01	3.24662506915179e+26
1.86100000000000e+01	3.23662714280173e+26
1.86200000000000e+01	3.22666840479740e+26
1.86300000000000e+01	3.21673088125576e+26
1.86400000000000e+01	3.20683686511433e+26
1.86500000000000e+01	3.19696056182987e+26
1.86600000000000e+01	3.18712819245069e+26
1.86700000000000e+01	3.17733595533845e+26
1.86800000000000e+01	3.16757001644375e+26
1.86900000000000e+01	3.15784443853712e+26
1.87000000000000e+01	3.14815312226249e+26
1.87100000000000e+01	3.13850200941792e+26
1.87200000000000e+01	3.12888479672374e+26
1.87300000000000e+01	3.11931889751492e+26
1.87400000000000e+01	3.10978222381178e+26
1.87500000000000e+01	3.10029586764257e+26
1.87600000000000e+01	3.09085923114399e+26
1.87700000000000e+01	3.08145795378281e+26
1.87800000000000e+01	3.07210135797979e+26
1.87900000000000e+01	3.06278282652898e+26
1.88000000000000e+01	3.05349034029203e+26
1.88100000000000e+01	3.04426600663611e+26
1.88200000000000e+01	3.03507055652334e+26
1.88300000000000e+01	3.02589985519814e+26
1.88400000000000e+01	3.01677858209300e+26
1.88500000000000e+01	3.00768153056887e+26
1.88600000000000e+01	2.99862583253879e+26
1.88700000000000e+01	2.98961508266663e+26
1.88800000000000e+01	2.98062815090219e+26
1.88900000000000e+01	2.97168217576595e+26
1.89000000000000e+01	2.96275988220980e+26
1.89100000000000e+01	2.95386125992595e+26
1.89200000000000e+01	2.94501662220367e+26
1.89300000000000e+01	2.93618207919462e+26
1.89400000000000e+01	2.92740118794200e+26
1.89500000000000e+01	2.91863016893979e+26
1.89600000000000e+01	2.90991241415422e+26
1.89700000000000e+01	2.90121753438211e+26
1.89800000000000e+01	2.89254180278479e+26
1.89900000000000e+01	2.88390568282156e+26
1.90000000000000e+01	2.87530903415525e+26
1.90100000000000e+01	2.86673134373780e+26
1.90200000000000e+01	2.85817625903054e+26
1.90300000000000e+01	2.84965686001382e+26
1.90400000000000e+01	2.84117665584246e+26
1.90500000000000e+01	2.83271529930954e+26
1.90600000000000e+01	2.82427635864038e+26
1.90700000000000e+01	2.81587632365741e+26
1.90800000000000e+01	2.80751141149095e+26
1.90900000000000e+01	2.79916851393873e+26
1.91000000000000e+01	2.79086399439312e+26
1.91100000000000e+01	2.78257764864236e+26
1.91200000000000e+01	2.77432937324452e+26
1.91300000000000e+01	2.76609909270247e+26
1.91400000000000e+01	2.75791021586650e+26
1.91500000000000e+01	2.74973571224413e+26
1.91600000000000e+01	2.74160247961938e+26
1.91700000000000e+01	2.73348713032275e+26
1.91800000000000e+01	2.72540939184434e+26
1.91900000000000e+01	2.71735294412376e+26
1.92000000000000e+01	2.70933034942192e+26
1.92100000000000e+01	2.70133223912000e+26
1.92200000000000e+01	2.69337100379844e+26
1.92300000000000e+01	2.68543025638721e+26
1.92400000000000e+01	2.67752921738889e+26
1.92500000000000e+01	2.66964460953080e+26
1.92600000000000e+01	2.66179906096357e+26
1.92700000000000e+01	2.65397288469090e+26
1.92800000000000e+01	2.64618183053999e+26
1.92900000000000e+01	2.63840642827288e+26
1.93000000000000e+01	2.63066592871407e+26
1.93100000000000e+01	2.62295685961961e+26
1.93200000000000e+01	2.61525105932801e+26
1.93300000000000e+01	2.60759256050931e+26
1.93400000000000e+01	2.59993414119123e+26
1.93500000000000e+01	2.59232642753112e+26
1.93600000000000e+01	2.58471559473204e+26
1.93700000000000e+01	2.57715539595922e+26
1.93800000000000e+01	2.56959885745076e+26
1.93900000000000e+01	2.56208605505195e+26
1.94000000000000e+01	2.55458019082152e+26
1.94100000000000e+01	2.54712113698694e+26
1.94200000000000e+01	2.53966223645792e+26
1.94300000000000e+01	2.53224104752114e+26
1.94400000000000e+01	2.52485078688551e+26
1.94500000000000e+01	2.51747593669115e+26
1.94600000000000e+01	2.51013839578673e+26
1.94700000000000e+01	2.50281609971390e+26
1.94800000000000e+01	2.49551227726650e+26
1.94900000000000e+01	2.48825739175095e+26
1.95000000000000e+01	2.48100545649124e+26
1.95100000000000e+01	2.47378688405517e+26
1.95200000000000e+01	2.46660147919891e+26
1.95300000000000e+01	2.45943388452609e+26
1.95400000000000e+01	2.45228398344385e+26
1.95500000000000e+01	2.44516675678086e+26
1.95600000000000e+01	2.43806694107168e+26
1.95700000000000e+01	2.43099947491949e+26
1.95800000000000e+01	2.42394917318259e+26
1.95900000000000e+01	2.41693094041771e+26
1.96000000000000e+01	2.40994462530765e+26
1.96100000000000e+01	2.40296023859479e+26
1.96200000000000e+01	2.39601933861611e+26
1.96300000000000e+01	2.38908345592324e+26
1.96400000000000e+01	2.38217598877922e+26
1.96500000000000e+01	2.37529998754643e+26
1.96600000000000e+01	2.36844055233590e+26
1.96700000000000e+01	2.36161240592056e+26
1.96800000000000e+01	2.35479757891096e+26
1.96900000000000e+01	2.34799917648563e+26
1.97000000000000e+01	2.34119715227836e+26
1.97100000000000e+01	2.33441154795471e+26
1.97200000000000e+01	2.32761086275050e+26
1.97300000000000e+01	2.32075763540210e+26
1.97400000000000e+01	2.31379788849276e+26
1.97500000000000e+01	2.30663220358065e+26
1.97600000000000e+01	2.29907571349936e+26
1.97700000000000e+01	2.29086590585941e+26
1.97800000000000e+01	2.28160039697042e+26
1.97900000000000e+01	2.27059840891695e+26
1.98000000000000e+01	2.25695531304307e+26
1.98100000000000e+01	2.23937346523921e+26
1.98200000000000e+01	2.21605247249862e+26
1.98300000000000e+01	2.18473862046858e+26
1.98400000000000e+01	2.14257199740519e+26
1.98500000000000e+01	2.08625134994368e+26
1.98600000000000e+01	2.01217608239876e+26
1.98700000000000e+01	1.91672171144330e+26
1.98800000000000e+01	1.79671394574696e+26
1.98900000000000e+01	1.65005384637584e+26
1.99000000000000e+01	1.47642220131267e+26
1.99100000000000e+01	1.27799364683970e+26
1.99200000000000e+01	1.06011401705647e+26
1.99300000000000e+01	8.31637481680344e+25
1.99400000000000e+01	6.04916186627960e+25
1.99500000000000e+01	3.94942780460821e+25
1.99600000000000e+01	2.17768430058717e+25
1.99700000000000e+01	8.79332159565767e+24
1.99800000000000e+01	1.53147291243641e+24
1.99900000000000e+01	1.99340835750116e+23
2.00000000000000e+01	4.02840133881859e+24
