1.00000000000000e-02	2.93746610118292e+26
2.00000000000000e-02	1.17494159745395e+27
3.00000000000000e-02	2.64342417033017e+27
4.00000000000000e-02	4.69899586359229e+27
5.00000000000000e-02	7.34125755819376e+27
6.00000000000000e-02	1.05698548802380e+28
7.00000000000000e-02	1.43841914841242e+28
8.00000000000000e-02	1.87837207182386e+28
9.00000000000000e-02	2.37676302651727e+28
1.00000000000000e-01	2.93352311275684e+28
1.10000000000000e-01	3.54855455368896e+28
1.20000000000000e-01	4.22175019818038e+28
1.30000000000000e-01	4.95300355644752e+28
1.40000000000000e-01	5.74222136023223e+28
1.50000000000000e-01	6.58923131017445e+28
1.60000000000000e-01	7.49390789493952e+28
1.70000000000000e-01	8.45615697766284e+28
1.80000000000000e-01	9.47571152792471e+28
1.90000000000000e-01	1.05525636720692e+29
2.00000000000000e-01	1.16863578170176e+29
2.10000000000000e-01	1.28770378913921e+29
2.20000000000000e-01	1.41243432857138e+29
2.30000000000000e-01	1.54280838796700e+29
2.40000000000000e-01	1.67880299331213e+29
2.50000000000000e-01	1.82040226769242e+29
2.60000000000000e-01	1.96757672291890e+29
2.70000000000000e-01	2.12030586043178e+29
2.80000000000000e-01	2.27856050461073e+29
2.90000000000000e-01	2.44231803496989e+29
3.00000000000000e-01	2.61154764680351e+29
3.10000000000000e-01	2.78622393468104e+29
3.20000000000000e-01	2.96631393688108e+29
3.30000000000000e-01	3.15179756090633e+29
3.40000000000000e-01	3.34263380374771e+29
3.50000000000000e-01	3.53879380974772e+29
3.60000000000000e-01	3.74025492409830e+29
3.70000000000000e-01	3.94698044096433e+29
3.80000000000000e-01	4.15889378006090e+29
3.90000000000000e-01	4.37603664347083e+29
4.00000000000000e-01	4.59828734386805e+29
4.10000000000000e-01	4.82567059876950e+29
4.20000000000000e-01	5.05813521079024e+29
4.30000000000000e-01	5.29565157977410e+29
4.40000000000000e-01	5.53813720807721e+29
4.50000000000000e-01	5.78558265696280e+29
4.60000000000000e-01	6.03792675106771e+29
4.70000000000000e-01	6.29518374451076e+29
4.80000000000000e-01	6.55721150282606e+29
4.90000000000000e-01	6.82405783613803e+29
5.00000000000000e-01	7.09567887084851e+29
5.10000000000000e-01	7.37190395090495e+29
5.20000000000000e-01	7.65279668664802e+29
5.30000000000000e-01	7.93828211461038e+29
5.40000000000000e-01	8.22832481239580e+29
5.50000000000000e-01	8.52285118124143e+29
5.60000000000000e-01	8.82181193516118e+29
5.70000000000000e-01	9.12522019213009e+29
5.80000000000000e-01	9.43286249136120e+29
5.90000000000000e-01	9.74486410616304e+29
6.00000000000000e-01	1.00610532553191e+30
6.10000000000000e-01	1.03813802085991e+30
6.20000000000000e-01	1.07058824569565e+30
6.30000000000000e-01	1.10343904699992e+30
6.40000000000000e-01	1.13669302187276e+30
6.50000000000000e-01	1.17034366269795e+30
6.60000000000000e-01	1.20437288272373e+30
6.70000000000000e-01	1.23879531402097e+30
6.80000000000000e-01	1.27357841624976e+30
6.90000000000000e-01	1.30874404488995e+30
7.00000000000000e-01	1.34426235951879e+30
7.10000000000000e-01	1.38014528230933e+30
7.20000000000000e-01	1.41637202546849e+30
7.30000000000000e-01	1.45293888607806e+30
7.40000000000000e-01	1.48985281965548e+30
7.50000000000000e-01	1.52708260966536e+30
7.60000000000000e-01	1.56463720061014e+30
7.70000000000000e-01	1.60251728964467e+30
7.80000000000000e-01	1.64069791199099e+30
7.90000000000000e-01	1.67917761138340e+30
8.00000000000000e-01	1.71795246173851e+30
8.10000000000000e-01	1.75701286908094e+30
8.20000000000000e-01	1.79635410106224e+30
8.30000000000000e-01	1.83596070529717e+30
8.40000000000000e-01	1.87583652574070e+30
8.50000000000000e-01	1.91596688697424e+30
8.60000000000000e-01	1.95634058559551e+30
8.70000000000000e-01	1.99696777087327e+30
8.80000000000000e-01	2.03780967962619e+30
8.90000000000000e-01	2.07889161508857e+30
9.00000000000000e-01	2.12017537949604e+30
9.10000000000000e-01	2.16166125174606e+30
9.20000000000000e-01	2.20336236536685e+30
9.30000000000000e-01	2.24524670265869e+30
9.40000000000000e-01	2.28730537242958e+30
9.50000000000000e-01	2.32953885655531e+30
9.60000000000000e-01	2.37194956513980e+30
9.70000000000000e-01	2.41451312592241e+30
9.80000000000000e-01	2.45721191959933e+30
9.90000000000000e-01	2.50005398727304e+30
1.00000000000000e+00	2.54303077094365e+30
1.01000000000000e+00	2.58611648228933e+30
1.02000000000000e+00	2.62930226573335e+30
1.03000000000000e+00	2.67261466069718e+30
1.04000000000000e+00	2.71599438721380e+30
1.05000000000000e+00	2.75947157897672e+30
1.06000000000000e+00	2.80302120516464e+30
1.07000000000000e+00	2.84661760683203e+30
1.08000000000000e+00	2.89026657102234e+30
1.09000000000000e+00	2.93396874245026e+30
1.10000000000000e+00	2.97769556640921e+30
1.11000000000000e+00	3.02145691596819e+30
1.12000000000000e+00	3.06522065426899e+30
1.13000000000000e+00	3.10896995251958e+30
1.14000000000000e+00	3.15274608370386e+30
1.15000000000000e+00	3.19647454976091e+30
1.16000000000000e+00	3.24016879832969e+30
1.17000000000000e+00	3.28384043002852e+30
1.18000000000000e+00	3.32746304217816e+30
1.19000000000000e+00	3.37101206018806e+30
1.20000000000000e+00	3.41447353773454e+30
1.21000000000000e+00	3.45787539773539e+30
1.22000000000000e+00	3.50116061134881e+30
1.23000000000000e+00	3.54434069460866e+30
1.24000000000000e+00	3.58741184592976e+30
1.25000000000000e+00	3.63034282963443e+30
1.26000000000000e+00	3.67313146532948e+30
1.27000000000000e+00	3.71577285337514e+30
1.28000000000000e+00	3.75825189310205e+30
1.29000000000000e+00	3.80052896688971e+30
1.30000000000000e+00	3.84264517710176e+30
1.31000000000000e+00	3.88452460558514e+30
1.32000000000000e+00	3.92621541727397e+30
1.33000000000000e+00	3.96765569755956e+30
1.34000000000000e+00	4.00889405844918e+30
1.35000000000000e+00	4.04984272796350e+30
1.36000000000000e+00	4.09052609173855e+30
1.37000000000000e+00	4.13092096939382e+30
1.38000000000000e+00	4.17103948439283e+30
1.39000000000000e+00	4.21085260023570e+30
1.40000000000000e+00	4.25031856731871e+30
1.41000000000000e+00	4.28948577391796e+30
1.42000000000000e+00	4.32827996261923e+30
1.43000000000000e+00	4.36672369897193e+30
1.44000000000000e+00	4.40475728100310e+30
1.45000000000000e+00	4.44243638923603e+30
1.46000000000000e+00	4.47969516739966e+30
1.47000000000000e+00	4.51652436999139e+30
1.48000000000000e+00	4.55293573835355e+30
1.49000000000000e+00	4.58884803663903e+30
1.50000000000000e+00	4.62433778713512e+30
1.51000000000000e+00	4.65929395918877e+30
1.52000000000000e+00	4.69377294401519e+30
1.53000000000000e+00	4.72774619356894e+30
1.54000000000000e+00	4.76116498830012e+30
1.55000000000000e+00	4.79405286341482e+30
1.56000000000000e+00	4.82634191470746e+30
1.57000000000000e+00	4.85802343297366e+30
1.58000000000000e+00	4.88914295606947e+30
1.59000000000000e+00	4.91958564148262e+30
1.60000000000000e+00	4.94939733492345e+30
1.61000000000000e+00	4.97853206199371e+30
1.62000000000000e+00	5.00693986019483e+30
1.63000000000000e+00	5.03464669344727e+30
1.64000000000000e+00	5.06164204189387e+30
1.65000000000000e+00	5.08781478997188e+30
1.66000000000000e+00	5.11321222026207e+30
1.67000000000000e+00	5.13777487600028e+30
1.68000000000000e+00	5.16151799344454e+30
1.69000000000000e+00	5.18439279755678e+30
1.70000000000000e+00	5.20639636518126e+30
1.71000000000000e+00	5.22755004248351e+30
1.72000000000000e+00	5.24779114762393e+30
1.73000000000000e+00	5.26715202477890e+30
1.74000000000000e+00	5.28566987555752e+30
1.75000000000000e+00	5.30331268509988e+30
1.76000000000000e+00	5.32009514193098e+30
1.77000000000000e+00	5.33611445162337e+30
1.78000000000000e+00	5.35128103734500e+30
1.79000000000000e+00	5.36568875052661e+30
1.80000000000000e+00	5.37926262786615e+30
1.81000000000000e+00	5.39195718878591e+30
1.82000000000000e+00	5.40366338950140e+30
1.83000000000000e+00	5.41431401611452e+30
1.84000000000000e+00	5.42360822894278e+30
1.85000000000000e+00	5.43135227323583e+30
1.86000000000000e+00	5.43727769951738e+30
1.87000000000000e+00	5.44106817993735e+30
1.88000000000000e+00	5.44256488912306e+30
1.89000000000000e+00	5.44159100383159e+30
1.90000000000000e+00	5.43820324971558e+30
1.91000000000000e+00	5.43271952259360e+30
1.92000000000000e+00	5.42573633955716e+30
1.93000000000000e+00	5.41816449928892e+30
1.94000000000000e+00	5.41134831013799e+30
1.95000000000000e+00	5.40676625666056e+30
1.96000000000000e+00	5.40623791218747e+30
1.97000000000000e+00	5.41149169880104e+30
1.98000000000000e+00	5.42428091101381e+30
1.99000000000000e+00	5.44579701225237e+30
2.00000000000000e+00	5.47663121506466e+30
2.01000000000000e+00	5.51640906044003e+30
2.02000000000000e+00	5.56364841205844e+30
2.03000000000000e+00	5.61540930439879e+30
2.04000000000000e+00	5.66746072972330e+30
2.05000000000000e+00	5.71407344148317e+30
2.06000000000000e+00	5.74835426815435e+30
2.07000000000000e+00	5.76257934867972e+30
2.08000000000000e+00	5.74863743218008e+30
2.09000000000000e+00	5.69849161816549e+30
2.10000000000000e+00	5.60497592223895e+30
2.11000000000000e+00	5.46239004717662e+30
2.12000000000000e+00	5.26731080386886e+30
2.13000000000000e+00	5.01907401785706e+30
2.14000000000000e+00	4.72005869508597e+30
2.15000000000000e+00	4.37585647005259e+30
2.16000000000000e+00	3.99488020474363e+30
2.17000000000000e+00	3.58754989086888e+30
2.18000000000000e+00	3.16503427447483e+30
2.19000000000000e+00	2.73788165781118e+30
2.20000000000000e+00	2.31449141470400e+30
2.21000000000000e+00	1.90038533557078e+30
2.22000000000000e+00	1.49881106999814e+30
2.23000000000000e+00	1.11291071348821e+30
2.24000000000000e+00	7.49627606892362e+29
2.25000000000000e+00	4.24307762939977e+29
2.26000000000000e+00	1.65160949551503e+29
2.27000000000000e+00	1.67662800148821e+28
2.28000000000000e+00	4.29280528603858e+28
2.29000000000000e+00	3.29783212789082e+29
2.30000000000000e+00	9.89899224906589e+29
2.31000000000000e+00	2.16659485704005e+30
2.32000000000000e+00	4.03547338930566e+30
2.33000000000000e+00	6.79771869264081e+30
2.34000000000000e+00	1.06592998428226e+31
2.35000000000000e+00	1.57934461305860e+31
2.36000000000000e+00	2.22936986104052e+31
2.37000000000000e+00	3.01328376698915e+31
2.38000000000000e+00	3.91464226635139e+31
2.39000000000000e+00	4.90423357819036e+31
2.40000000000000e+00	5.94371877079550e+31
2.41000000000000e+00	6.98889533884496e+31
2.42000000000000e+00	7.99433235095365e+31
2.43000000000000e+00	8.91660452110819e+31
2.44000000000000e+00	9.71848174828498e+31
2.45000000000000e+00	1.03711746753554e+32
2.46000000000000e+00	1.08564917038862e+32
2.47000000000000e+00	1.11664070759568e+32
2.48000000000000e+00	1.13007623152294e+32
2.49000000000000e+00	1.12657285640485e+32
2.50000000000000e+00	1.10702911275272e+32
2.51000000000000e+00	1.07265536493520e+32
2.52000000000000e+00	1.02500410420068e+32
2.53000000000000e+00	9.66115825529195e+31
2.54000000000000e+00	8.98534085415601e+31
2.55000000000000e+00	8.25107928097462e+31
2.56000000000000e+00	7.48673495526983e+31
2.57000000000000e+00	6.71698191372278e+31
2.58000000000000e+00	5.96151164240127e+31
2.59000000000000e+00	5.23726389327198e+31
2.60000000000000e+00	4.56108047571097e+31
2.61000000000000e+00	3.95218473542749e+31
2.62000000000000e+00	3.43094507139164e+31
2.63000000000000e+00	3.01548099809224e+31
2.64000000000000e+00	2.71806696533303e+31
2.65000000000000e+00	2.54306150102057e+31
2.66000000000000e+00	2.48715566173831e+31
2.67000000000000e+00	2.54056801323319e+31
2.68000000000000e+00	2.68814268536937e+31
2.69000000000000e+00	2.91065689241384e+31
2.70000000000000e+00	3.18655744700666e+31
2.71000000000000e+00	3.49423308328204e+31
2.72000000000000e+00	3.81403016200558e+31
2.73000000000000e+00	4.12942767935952e+31
2.74000000000000e+00	4.42804061122339e+31
2.75000000000000e+00	4.70149235031349e+31
2.76000000000000e+00	4.94553561652905e+31
2.77000000000000e+00	5.16012901993693e+31
2.78000000000000e+00	5.34972496562523e+31
2.79000000000000e+00	5.52344737554887e+31
2.80000000000000e+00	5.69534998950651e+31
2.81000000000000e+00	5.88388391115689e+31
2.82000000000000e+00	6.11154065952319e+31
2.83000000000000e+00	6.40322749661657e+31
2.84000000000000e+00	6.78527452478225e+31
2.85000000000000e+00	7.28341042501712e+31
2.86000000000000e+00	7.92075661073644e+31
2.87000000000000e+00	8.71493573304376e+31
2.88000000000000e+00	9.67383949357927e+31
2.89000000000000e+00	1.07911659718501e+32
2.90000000000000e+00	1.20430116033776e+32
2.91000000000000e+00	1.33881598029316e+32
2.92000000000000e+00	1.47722999041361e+32
2.93000000000000e+00	1.61351118824624e+32
2.94000000000000e+00	1.74189250721502e+32
2.95000000000000e+00	1.85751338926521e+32
2.96000000000000e+00	1.95703523282554e+32
2.97000000000000e+00	2.03903559711996e+32
2.98000000000000e+00	2.10408587514273e+32
2.99000000000000e+00	2.15412115327616e+32
3.00000000000000e+00	2.19165305968711e+32
3.01000000000000e+00	2.21883925818262e+32
3.02000000000000e+00	2.23728845137298e+32
3.03000000000000e+00	2.24821691105168e+32
3.04000000000000e+00	2.25282427417616e+32
3.05000000000000e+00	2.25282648323912e+32
3.06000000000000e+00	2.25046007561482e+32
3.07000000000000e+00	2.24808010656577e+32
3.08000000000000e+00	2.24797747270965e+32
3.09000000000000e+00	2.25185287562213e+32
3.10000000000000e+00	2.26084039151639e+32
3.11000000000000e+00	2.27528209644785e+32
3.12000000000000e+00	2.29473492571459e+32
3.13000000000000e+00	2.31789558467327e+32
3.14000000000000e+00	2.34256877292278e+32
3.15000000000000e+00	2.36595577879531e+32
3.16000000000000e+00	2.38490580117852e+32
3.17000000000000e+00	2.39605323322031e+32
3.18000000000000e+00	2.39608763062203e+32
3.19000000000000e+00	2.38181349577442e+32
3.20000000000000e+00	2.35078347376936e+32
3.21000000000000e+00	2.30208074774602e+32
3.22000000000000e+00	2.23743313653639e+32
3.23000000000000e+00	2.16135789512038e+32
3.24000000000000e+00	2.08032961668890e+32
3.25000000000000e+00	2.00107800199042e+32
3.26000000000000e+00	1.92913208749579e+32
3.27000000000000e+00	1.86782512860062e+32
3.28000000000000e+00	1.81843332574580e+32
3.29000000000000e+00	1.78075562340010e+32
3.30000000000000e+00	1.75383606390658e+32
3.31000000000000e+00	1.73662172589325e+32
3.32000000000000e+00	1.72831190441010e+32
3.33000000000000e+00	1.72844843824655e+32
3.34000000000000e+00	1.73665904562902e+32
3.35000000000000e+00	1.75228446089815e+32
3.36000000000000e+00	1.77419900297379e+32
3.37000000000000e+00	1.80060303736116e+32
3.38000000000000e+00	1.82916426092502e+32
3.39000000000000e+00	1.85715363942446e+32
3.40000000000000e+00	1.88180739051895e+32
3.41000000000000e+00	1.90048936416233e+32
3.42000000000000e+00	1.91086713139288e+32
3.43000000000000e+00	1.91091427336980e+32
3.44000000000000e+00	1.89889936042352e+32
3.45000000000000e+00	1.87338043887517e+32
3.46000000000000e+00	1.83335938892020e+32
3.47000000000000e+00	1.77846451972548e+32
3.48000000000000e+00	1.70911145793211e+32
3.49000000000000e+00	1.62649893780425e+32
3.50000000000000e+00	1.53242367804284e+32
3.51000000000000e+00	1.42902136944021e+32
3.52000000000000e+00	1.31852709253556e+32
3.53000000000000e+00	1.20311685586124e+32
3.54000000000000e+00	1.08483359676554e+32
3.55000000000000e+00	9.65576478588677e+31
3.56000000000000e+00	8.47147795694715e+31
3.57000000000000e+00	7.31282073534844e+31
3.58000000000000e+00	6.19697126564127e+31
3.59000000000000e+00	5.14100821987980e+31
3.60000000000000e+00	4.16115628469659e+31
3.61000000000000e+00	3.27160277507590e+31
3.62000000000000e+00	2.48356672334083e+31
3.63000000000000e+00	1.80482282894602e+31
3.64000000000000e+00	1.24003772192508e+31
3.65000000000000e+00	7.91388411598790e+30
3.66000000000000e+00	4.58862030364768e+30
3.67000000000000e+00	2.40308652688105e+30
3.68000000000000e+00	1.30980514688688e+30
3.69000000000000e+00	1.22912879411671e+30
3.70000000000000e+00	2.04229523824904e+30
3.71000000000000e+00	3.58828358506847e+30
3.72000000000000e+00	5.66767278479811e+30
3.73000000000000e+00	8.05475685496677e+30
3.74000000000000e+00	1.05164625100975e+31
3.75000000000000e+00	1.28342578530978e+31
3.76000000000000e+00	1.48237830930160e+31
3.77000000000000e+00	1.63506999612907e+31
3.78000000000000e+00	1.73377179834343e+31
3.79000000000000e+00	1.77664145021621e+31
3.80000000000000e+00	1.76723187065803e+31
3.81000000000000e+00	1.71346320593789e+31
3.82000000000000e+00	1.62682618971887e+31
3.83000000000000e+00	1.52132897768995e+31
3.84000000000000e+00	1.41282574301331e+31
3.85000000000000e+00	1.31832265021670e+31
3.86000000000000e+00	1.25523358019724e+31
3.87000000000000e+00	1.24034533329969e+31
3.88000000000000e+00	1.28851280506435e+31
3.89000000000000e+00	1.41112712809984e+31
3.90000000000000e+00	1.61470915332629e+31
3.91000000000000e+00	1.89991459132711e+31
3.92000000000000e+00	2.26121678847093e+31
3.93000000000000e+00	2.68746542246667e+31
3.94000000000000e+00	3.16312194482806e+31
3.95000000000000e+00	3.66994914979162e+31
3.96000000000000e+00	4.18852735155758e+31
3.97000000000000e+00	4.69953246748580e+31
3.98000000000000e+00	5.18476045215569e+31
3.99000000000000e+00	5.62767140203175e+31
4.00000000000000e+00	6.01426736476242e+31
4.01000000000000e+00	6.33341687159501e+31
4.02000000000000e+00	6.57799431996245e+31
4.03000000000000e+00	6.74510741286496e+31
4.04000000000000e+00	6.83649563861078e+31
4.05000000000000e+00	6.85844608143367e+31
4.06000000000000e+00	6.82125386769917e+31
4.07000000000000e+00	6.73847245599404e+31
4.08000000000000e+00	6.62485861832263e+31
4.09000000000000e+00	6.49524531475751e+31
4.10000000000000e+00	6.36277988238392e+31
4.11000000000000e+00	6.23818592056284e+31
4.12000000000000e+00	6.12905611389764e+31
4.13000000000000e+00	6.04014424741425e+31
4.14000000000000e+00	5.97362575421895e+31
4.15000000000000e+00	5.93008545950928e+31
4.16000000000000e+00	5.90837901898852e+31
4.17000000000000e+00	5.90681348772810e+31
4.18000000000000e+00	5.92251673914778e+31
4.19000000000000e+00	5.95245227808663e+31
4.20000000000000e+00	5.99304366830868e+31
4.21000000000000e+00	6.04060831479290e+31
4.22000000000000e+00	6.09139259936101e+31
4.23000000000000e+00	6.14195690393162e+31
4.24000000000000e+00	6.18951713483240e+31
4.25000000000000e+00	6.23158388531210e+31
4.26000000000000e+00	6.26623774203836e+31
4.27000000000000e+00	6.29191943156254e+31
4.28000000000000e+00	6.30690692607911e+31
4.29000000000000e+00	6.30978335041180e+31
4.30000000000000e+00	6.29862135675803e+31
4.31000000000000e+00	6.27175698654285e+31
4.32000000000000e+00	6.22770847242992e+31
4.33000000000000e+00	6.16654201951762e+31
4.34000000000000e+00	6.08942798050472e+31
4.35000000000000e+00	5.99900305464891e+31
4.36000000000000e+00	5.89930731242769e+31
4.37000000000000e+00	5.79509009195515e+31
4.38000000000000e+00	5.69103801751463e+31
4.39000000000000e+00	5.59185863435745e+31
4.40000000000000e+00	5.50155029977276e+31
4.41000000000000e+00	5.42393560578454e+31
4.42000000000000e+00	5.36183698223299e+31
4.43000000000000e+00	5.31801376073130e+31
4.44000000000000e+00	5.29440664561747e+31
4.45000000000000e+00	5.29266397120105e+31
4.46000000000000e+00	5.31342500337297e+31
4.47000000000000e+00	5.35663908655889e+31
4.48000000000000e+00	5.42122755277145e+31
4.49000000000000e+00	5.50504959554508e+31
4.50000000000000e+00	5.60518454482366e+31
4.51000000000000e+00	5.71806789982190e+31
4.52000000000000e+00	5.84002903215157e+31
4.53000000000000e+00	5.96712142581594e+31
4.54000000000000e+00	6.09601689067336e+31
4.55000000000000e+00	6.22404798960586e+31
4.56000000000000e+00	6.34893795163311e+31
4.57000000000000e+00	6.46918904515600e+31
4.58000000000000e+00	6.58353116181250e+31
4.59000000000000e+00	6.69131803366360e+31
4.60000000000000e+00	6.79179017731533e+31
4.61000000000000e+00	6.88465683358323e+31
4.62000000000000e+00	6.96931884684539e+31
4.63000000000000e+00	7.04501712358788e+31
4.64000000000000e+00	7.11083327517001e+31
4.65000000000000e+00	7.16591054667901e+31
4.66000000000000e+00	7.20961388059914e+31
4.67000000000000e+00	7.24212733094842e+31
4.68000000000000e+00	7.26462841629311e+31
4.69000000000000e+00	7.27980553118507e+31
4.70000000000000e+00	7.29191093122366e+31
4.71000000000000e+00	7.30584892267910e+31
4.72000000000000e+00	7.32773595999535e+31
4.73000000000000e+00	7.36319472198675e+31
4.74000000000000e+00	7.41743134428516e+31
4.75000000000000e+00	7.49504510031722e+31
4.76000000000000e+00	7.60008487458285e+31
4.77000000000000e+00	7.73600269789439e+31
4.78000000000000e+00	7.90637305570474e+31
4.79000000000000e+00	8.11480651375451e+31
4.80000000000000e+00	8.36545737180744e+31
4.81000000000000e+00	8.66173673936378e+31
4.82000000000000e+00	9.00770826537762e+31
4.83000000000000e+00	9.40585459294752e+31
4.84000000000000e+00	9.85656907043807e+31
4.85000000000000e+00	1.03580674194029e+32
4.86000000000000e+00	1.09034909538240e+32
4.87000000000000e+00	1.14816267343990e+32
4.88000000000000e+00	1.20761717735691e+32
4.89000000000000e+00	1.26656333989099e+32
4.90000000000000e+00	1.32245575926680e+32
4.91000000000000e+00	1.37259013324037e+32
4.92000000000000e+00	1.41419768734134e+32
4.93000000000000e+00	1.44478913613966e+32
4.94000000000000e+00	1.46226163684357e+32
4.95000000000000e+00	1.46517212385055e+32
4.96000000000000e+00	1.45288823639775e+32
4.97000000000000e+00	1.42560728584263e+32
4.98000000000000e+00	1.38449531793835e+32
4.99000000000000e+00	1.33146768269017e+32
5.00000000000000e+00	1.26906357946157e+32
5.01000000000000e+00	1.20020084887486e+32
5.02000000000000e+00	1.12793934509907e+32
5.03000000000000e+00	1.05517228185495e+32
5.04000000000000e+00	9.84555883448444e+31
5.05000000000000e+00	9.18353799250154e+31
5.06000000000000e+00	8.58482728745937e+31
5.07000000000000e+00	8.06599303169459e+31
5.08000000000000e+00	7.64238979364147e+31
5.09000000000000e+00	7.33010576501825e+31
5.10000000000000e+00	7.14732088414960e+31
5.11000000000000e+00	7.11557816228956e+31
5.12000000000000e+00	7.25960651689175e+31
5.13000000000000e+00	7.60686548499549e+31
5.14000000000000e+00	8.18531901410726e+31
5.15000000000000e+00	9.02031615906481e+31
5.16000000000000e+00	1.01314971056121e+32
5.17000000000000e+00	1.15284791923279e+32
5.18000000000000e+00	1.32075608848805e+32
5.19000000000000e+00	1.51486027429023e+32
5.20000000000000e+00	1.73148397742604e+32
5.21000000000000e+00	1.96531677569263e+32
5.22000000000000e+00	2.20985250307080e+32
5.23000000000000e+00	2.45783666255069e+32
5.24000000000000e+00	2.70198279592490e+32
5.25000000000000e+00	2.93523285781859e+32
5.26000000000000e+00	3.15154820116787e+32
5.27000000000000e+00	3.34566366370992e+32
5.28000000000000e+00	3.51359415754380e+32
5.29000000000000e+00	3.65250351784061e+32
5.30000000000000e+00	3.76062844317464e+32
5.31000000000000e+00	3.83741051472678e+32
5.32000000000000e+00	3.88334651997522e+32
5.33000000000000e+00	3.89976857065476e+32
5.34000000000000e+00	3.88860993491230e+32
5.35000000000000e+00	3.85223930968762e+32
5.36000000000000e+00	3.79352511452441e+32
5.37000000000000e+00	3.71555107967543e+32
5.38000000000000e+00	3.62209454004880e+32
5.39000000000000e+00	3.51744115799431e+32
5.40000000000000e+00	3.40667717693378e+32
5.41000000000000e+00	3.29547010761263e+32
5.42000000000000e+00	3.18980467022036e+32
5.43000000000000e+00	3.09578649712865e+32
5.44000000000000e+00	3.01908743749283e+32
5.45000000000000e+00	2.96441106041903e+32
5.46000000000000e+00	2.93517328779799e+32
5.47000000000000e+00	2.93324931327466e+32
5.48000000000000e+00	2.95868002051924e+32
5.49000000000000e+00	3.00972684109261e+32
5.50000000000000e+00	3.08306249419366e+32
5.51000000000000e+00	3.17423000565588e+32
5.52000000000000e+00	3.27789521855886e+32
5.53000000000000e+00	3.38840489415874e+32
5.54000000000000e+00	3.50011887540002e+32
5.55000000000000e+00	3.60790440552879e+32
5.56000000000000e+00	3.70724067288883e+32
5.57000000000000e+00	3.79455448782387e+32
5.58000000000000e+00	3.86733437259873e+32
5.59000000000000e+00	3.92431376505523e+32
5.60000000000000e+00	3.96564115548502e+32
5.61000000000000e+00	3.99310134322825e+32
5.62000000000000e+00	4.01004196820577e+32
5.63000000000000e+00	4.02160277619433e+32
5.64000000000000e+00	4.03454150423537e+32
5.65000000000000e+00	4.05678571952434e+32
5.66000000000000e+00	4.09746283919926e+32
5.67000000000000e+00	4.16602299231042e+32
5.68000000000000e+00	4.27210446236633e+32
5.69000000000000e+00	4.42504514928030e+32
5.70000000000000e+00	4.63330607585167e+32
5.71000000000000e+00	4.90445152622534e+32
5.72000000000000e+00	5.24470411345197e+32
5.73000000000000e+00	5.65891105906879e+32
5.74000000000000e+00	6.15046072903808e+32
5.75000000000000e+00	6.72120800664804e+32
5.76000000000000e+00	7.37111980747173e+32
5.77000000000000e+00	8.09816024731403e+32
5.78000000000000e+00	8.89772218234264e+32
5.79000000000000e+00	9.76213584287276e+32
5.80000000000000e+00	1.06802258987300e+33
5.81000000000000e+00	1.16365621323443e+33
5.82000000000000e+00	1.26116659615287e+33
5.83000000000000e+00	1.35812347671110e+33
5.84000000000000e+00	1.45166766887373e+33
5.85000000000000e+00	1.53864942086140e+33
5.86000000000000e+00	1.61580215542505e+33
5.87000000000000e+00	1.67995642892109e+33
5.88000000000000e+00	1.72839525630937e+33
5.89000000000000e+00	1.75917685188858e+33
5.90000000000000e+00	1.77146954833219e+33
5.91000000000000e+00	1.76576240485556e+33
5.92000000000000e+00	1.74404686187568e+33
5.93000000000000e+00	1.70982653477806e+33
5.94000000000000e+00	1.66795621849537e+33
5.95000000000000e+00	1.62431007042300e+33
5.96000000000000e+00	1.58537290544742e+33
5.97000000000000e+00	1.55775339870712e+33
5.98000000000000e+00	1.54772182688039e+33
5.99000000000000e+00	1.56079874725470e+33
6.00000000000000e+00	1.60139651343124e+33
6.01000000000000e+00	1.67282052234304e+33
6.02000000000000e+00	1.77701196354219e+33
6.03000000000000e+00	1.91476436041763e+33
6.04000000000000e+00	2.08566793984215e+33
6.05000000000000e+00	2.28819932251411e+33
6.06000000000000e+00	2.51993781382922e+33
6.07000000000000e+00	2.77767870959637e+33
6.08000000000000e+00	3.05759420569052e+33
6.09000000000000e+00	3.35554438265104e+33
6.10000000000000e+00	3.66737060221069e+33
6.11000000000000e+00	3.98914456983156e+33
6.12000000000000e+00	4.31774401149872e+33
6.13000000000000e+00	4.65106985318174e+33
6.14000000000000e+00	4.98861517220660e+33
6.15000000000000e+00	5.33167333963095e+33
6.16000000000000e+00	5.68373639821291e+33
6.17000000000000e+00	6.05039418057380e+33
6.18000000000000e+00	6.43974113505715e+33
6.19000000000000e+00	6.86139873690213e+33
6.20000000000000e+00	7.32622288526886e+33
6.21000000000000e+00	7.84534833370278e+33
6.22000000000000e+00	8.42925276893138e+33
6.23000000000000e+00	9.08678031122445e+33
6.24000000000000e+00	9.82448674342188e+33
6.25000000000000e+00	1.06459643829877e+34
6.26000000000000e+00	1.15520758711074e+34
6.27000000000000e+00	1.25409895828187e+34
6.28000000000000e+00	1.36084918545341e+34
6.29000000000000e+00	1.47491567986331e+34
6.30000000000000e+00	1.59571811421662e+34
6.31000000000000e+00	1.72274916097830e+34
6.32000000000000e+00	1.85561920362930e+34
6.33000000000000e+00	1.99421158687750e+34
6.34000000000000e+00	2.13874652952887e+34
6.35000000000000e+00	2.28977207124304e+34
6.36000000000000e+00	2.44825242465441e+34
6.37000000000000e+00	2.61547401836622e+34
6.38000000000000e+00	2.79313337426705e+34
6.39000000000000e+00	2.98323625710996e+34
6.40000000000000e+00	3.18810909109627e+34
6.41000000000000e+00	3.41048439753343e+34
6.42000000000000e+00	3.65372974735870e+34
6.43000000000000e+00	3.92185468732017e+34
6.44000000000000e+00	4.22002499063880e+34
6.45000000000000e+00	4.55492963702078e+34
6.46000000000000e+00	4.93521222106577e+34
6.47000000000000e+00	5.37214362839976e+34
6.48000000000000e+00	5.88014414651136e+34
6.49000000000000e+00	6.47785271947572e+34
6.50000000000000e+00	7.18891407327012e+34
6.51000000000000e+00	8.04339012454703e+34
6.52000000000000e+00	9.07879794879653e+34
6.53000000000000e+00	1.03417341759296e+35
6.54000000000000e+00	1.18898991244118e+35
6.55000000000000e+00	1.37926252510327e+35
6.56000000000000e+00	1.61324534455916e+35
6.57000000000000e+00	1.90043796885363e+35
6.58000000000000e+00	2.25157165319913e+35
6.59000000000000e+00	2.67820900636280e+35
6.60000000000000e+00	3.19240731155867e+35
6.61000000000000e+00	3.80619189258846e+35
6.62000000000000e+00	4.53083907093825e+35
6.63000000000000e+00	5.37574343852946e+35
6.64000000000000e+00	6.34778926272754e+35
6.65000000000000e+00	7.44919106852709e+35
6.66000000000000e+00	8.67560766848686e+35
6.67000000000000e+00	1.00134001908384e+36
6.68000000000000e+00	1.14362446260356e+36
6.69000000000000e+00	1.29029951330072e+36
6.70000000000000e+00	1.43563877001790e+36
6.71000000000000e+00	1.57246565730951e+36
6.72000000000000e+00	1.69275307685982e+36
6.73000000000000e+00	1.78844848853548e+36
6.74000000000000e+00	1.85262269668576e+36
6.75000000000000e+00	1.88057073524607e+36
6.76000000000000e+00	1.87052453886595e+36
6.77000000000000e+00	1.82398233888057e+36
6.78000000000000e+00	1.74539920032863e+36
6.79000000000000e+00	1.64129721946178e+36
6.80000000000000e+00	1.51922965493068e+36
6.81000000000000e+00	1.38677525587607e+36
6.82000000000000e+00	1.25063427422331e+36
6.83000000000000e+00	1.11627521680122e+36
6.84000000000000e+00	9.87712801534815e+35
6.85000000000000e+00	8.67679298710962e+35
6.86000000000000e+00	7.57779317122502e+35
6.87000000000000e+00	6.58858457377292e+35
6.88000000000000e+00	5.71090326360636e+35
6.89000000000000e+00	4.94238207147785e+35
6.90000000000000e+00	4.27727657122987e+35
6.91000000000000e+00	3.70773987993296e+35
6.92000000000000e+00	3.22433714730621e+35
6.93000000000000e+00	2.81697022752943e+35
6.94000000000000e+00	2.47545009049652e+35
6.95000000000000e+00	2.19001703437171e+35
6.96000000000000e+00	1.95167866346463e+35
6.97000000000000e+00	1.75241197503437e+35
6.98000000000000e+00	1.58533520359601e+35
6.99000000000000e+00	1.44460827717497e+35
7.00000000000000e+00	1.32539469631053e+35
7.01000000000000e+00	1.22372714035341e+35
7.02000000000000e+00	1.13640316814303e+35
7.03000000000000e+00	1.06081812691595e+35
7.04000000000000e+00	9.94880623265839e+34
7.05000000000000e+00	9.36893342232154e+34
7.06000000000000e+00	8.85486212971369e+34
7.07000000000000e+00	8.39549019829302e+34
7.08000000000000e+00	7.98151834403894e+34
7.09000000000000e+00	7.60536299570898e+34
7.10000000000000e+00	7.26069298695092e+34
7.11000000000000e+00	6.94215179310444e+34
7.12000000000000e+00	6.64515727561604e+34
7.13000000000000e+00	6.36592307860193e+34
7.14000000000000e+00	6.10119305300815e+34
7.15000000000000e+00	5.84825899142474e+34
7.16000000000000e+00	5.60502814257984e+34
7.17000000000000e+00	5.37005872174156e+34
7.18000000000000e+00	5.14248401711616e+34
7.19000000000000e+00	4.92224038827871e+34
7.20000000000000e+00	4.70998387408503e+34
7.21000000000000e+00	4.50718915342681e+34
7.22000000000000e+00	4.31599870586702e+34
7.23000000000000e+00	4.13913080638494e+34
7.24000000000000e+00	3.97959350406430e+34
7.25000000000000e+00	3.84064676994749e+34
7.26000000000000e+00	3.72510171295665e+34
7.27000000000000e+00	3.63528927253324e+34
7.28000000000000e+00	3.57251697408310e+34
7.29000000000000e+00	3.53674380738973e+34
7.30000000000000e+00	3.52659419399522e+34
7.31000000000000e+00	3.53907940724283e+34
7.32000000000000e+00	3.56992102343633e+34
7.33000000000000e+00	3.61385099278847e+34
7.34000000000000e+00	3.66497790070828e+34
7.35000000000000e+00	3.71739559427760e+34
7.36000000000000e+00	3.76562682925839e+34
7.37000000000000e+00	3.80496671373013e+34
7.38000000000000e+00	3.83191153954183e+34
7.39000000000000e+00	3.84434799818148e+34
7.40000000000000e+00	3.84132497879468e+34
7.41000000000000e+00	3.82313674505874e+34
7.42000000000000e+00	3.79110537953334e+34
7.43000000000000e+00	3.74707054093830e+34
7.44000000000000e+00	3.69332044198177e+34
7.45000000000000e+00	3.63205519695147e+34
7.46000000000000e+00	3.56529632724845e+34
7.47000000000000e+00	3.49482419653053e+34
7.48000000000000e+00	3.42182227581966e+34
7.49000000000000e+00	3.34711484290862e+34
7.50000000000000e+00	3.27114751324021e+34
7.51000000000000e+00	3.19400068349707e+34
7.52000000000000e+00	3.11561986526757e+34
7.53000000000000e+00	3.03589561399455e+34
7.54000000000000e+00	2.95478375975145e+34
7.55000000000000e+00	2.87239853673372e+34
7.56000000000000e+00	2.78908633825919e+34
7.57000000000000e+00	2.70542977819143e+34
7.58000000000000e+00	2.62234724106298e+34
7.59000000000000e+00	2.54096584353326e+34
7.60000000000000e+00	2.46258588603769e+34
7.61000000000000e+00	2.38859487617465e+34
7.62000000000000e+00	2.32031213839121e+34
7.63000000000000e+00	2.25891829033494e+34
7.64000000000000e+00	2.20526772160803e+34
7.65000000000000e+00	2.15983912817192e+34
7.66000000000000e+00	2.12268633647364e+34
7.67000000000000e+00	2.09337985426205e+34
7.68000000000000e+00	2.07117201853879e+34
7.69000000000000e+00	2.05495327547597e+34
7.70000000000000e+00	2.04348248152905e+34
7.71000000000000e+00	2.03535749226522e+34
7.72000000000000e+00	2.02925726176411e+34
7.73000000000000e+00	2.02390412421556e+34
7.74000000000000e+00	2.01820715566337e+34
7.75000000000000e+00	2.01133375442833e+34
7.76000000000000e+00	2.00260126351601e+34
7.77000000000000e+00	1.99172061536810e+34
7.78000000000000e+00	1.97857127178378e+34
7.79000000000000e+00	1.96328335432811e+34
7.80000000000000e+00	1.94622670302172e+34
7.81000000000000e+00	1.92782866349614e+34
7.82000000000000e+00	1.90861866935408e+34
7.83000000000000e+00	1.88912632812469e+34
7.84000000000000e+00	1.86981083720659e+34
7.85000000000000e+00	1.85104368982778e+34
7.86000000000000e+00	1.83301021498472e+34
7.87000000000000e+00	1.81584117838069e+34
7.88000000000000e+00	1.79947104621405e+34
7.89000000000000e+00	1.78374958787587e+34
7.90000000000000e+00	1.76848668796886e+34
7.91000000000000e+00	1.75349935213651e+34
7.92000000000000e+00	1.73865987471113e+34
7.93000000000000e+00	1.72395409618085e+34
7.94000000000000e+00	1.70956953788410e+34
7.95000000000000e+00	1.69591826279454e+34
7.96000000000000e+00	1.68369194948574e+34
7.97000000000000e+00	1.67383800494396e+34
7.98000000000000e+00	1.66754090887342e+34
7.99000000000000e+00	1.66612131371738e+34
8.00000000000000e+00	1.67091766175490e+34
8.01000000000000e+00	1.68310221742906e+34
8.02000000000000e+00	1.70353344847210e+34
8.03000000000000e+00	1.73255081271839e+34
8.04000000000000e+00	1.76985738930450e+34
8.05000000000000e+00	1.81442925374866e+34
8.06000000000000e+00	1.86455712418808e+34
8.07000000000000e+00	1.91796434433515e+34
8.08000000000000e+00	1.97201050608453e+34
8.09000000000000e+00	2.02393051486991e+34
8.10000000000000e+00	2.07113920857147e+34
8.11000000000000e+00	2.11144252248318e+34
8.12000000000000e+00	2.14323938125520e+34
8.13000000000000e+00	2.16564378576304e+34
8.14000000000000e+00	2.17848867918332e+34
8.15000000000000e+00	2.18230436301783e+34
8.16000000000000e+00	2.17820567461746e+34
8.17000000000000e+00	2.16770702071553e+34
8.18000000000000e+00	2.15250952756851e+34
8.19000000000000e+00	2.13434073276577e+34
8.20000000000000e+00	2.11473166615703e+34
8.21000000000000e+00	2.09490791168547e+34
8.22000000000000e+00	2.07571534982880e+34
8.23000000000000e+00	2.05759337117074e+34
8.24000000000000e+00	2.04064083116623e+34
8.25000000000000e+00	2.02461676601248e+34
8.26000000000000e+00	2.00909278747951e+34
8.27000000000000e+00	1.99348710596654e+34
8.28000000000000e+00	1.97718683933441e+34
8.29000000000000e+00	1.95961395104920e+34
8.30000000000000e+00	1.94027744035207e+34
8.31000000000000e+00	1.91885892687569e+34
8.32000000000000e+00	1.89522556811981e+34
8.33000000000000e+00	1.86949899361696e+34
8.34000000000000e+00	1.84208463194669e+34
8.35000000000000e+00	1.81364213848886e+34
8.36000000000000e+00	1.78501316590102e+34
8.37000000000000e+00	1.75714129798705e+34
8.38000000000000e+00	1.73091027783203e+34
8.39000000000000e+00	1.70706616629847e+34
8.40000000000000e+00	1.68613322564325e+34
8.41000000000000e+00	1.66838363581191e+34
8.42000000000000e+00	1.65386827893610e+34
8.43000000000000e+00	1.64241455254602e+34
8.44000000000000e+00	1.63373625346156e+34
8.45000000000000e+00	1.62744376452526e+34
8.46000000000000e+00	1.62310509255390e+34
8.47000000000000e+00	1.62032565225578e+34
8.48000000000000e+00	1.61872466414292e+34
8.49000000000000e+00	1.61799965349385e+34
8.50000000000000e+00	1.61791777610461e+34
8.51000000000000e+00	1.61829072276759e+34
8.52000000000000e+00	1.61898457960275e+34
8.53000000000000e+00	1.61988757859233e+34
8.54000000000000e+00	1.62092376699310e+34
8.55000000000000e+00	1.62203833932976e+34
8.56000000000000e+00	1.62318410843995e+34
8.57000000000000e+00	1.62433164902522e+34
8.58000000000000e+00	1.62543744791406e+34
8.59000000000000e+00	1.62648303611056e+34
8.60000000000000e+00	1.62740598953041e+34
8.61000000000000e+00	1.62815424306496e+34
8.62000000000000e+00	1.62868028717299e+34
8.63000000000000e+00	1.62891393565757e+34
8.64000000000000e+00	1.62882556182556e+34
8.65000000000000e+00	1.62836754073822e+34
8.66000000000000e+00	1.62752500920604e+34
8.67000000000000e+00	1.62628742503313e+34
8.68000000000000e+00	1.62466965266093e+34
8.69000000000000e+00	1.62269148497887e+34
8.70000000000000e+00	1.62036848103498e+34
8.71000000000000e+00	1.61775154617520e+34
8.72000000000000e+00	1.61485696268165e+34
8.73000000000000e+00	1.61173425729182e+34
8.74000000000000e+00	1.60840826614745e+34
8.75000000000000e+00	1.60490435889319e+34
8.76000000000000e+00	1.60124819589819e+34
8.77000000000000e+00	1.59745179295248e+34
8.78000000000000e+00	1.59352136054894e+34
8.79000000000000e+00	1.58947576364133e+34
8.80000000000000e+00	1.58531850316532e+34
8.81000000000000e+00	1.58106789451940e+34
8.82000000000000e+00	1.57673718693365e+34
8.83000000000000e+00	1.57236183513754e+34
8.84000000000000e+00	1.56796695816950e+34
8.85000000000000e+00	1.56358744655824e+34
8.86000000000000e+00	1.55928590489809e+34
8.87000000000000e+00	1.55508991543364e+34
8.88000000000000e+00	1.55105791433718e+34
8.89000000000000e+00	1.54724088375174e+34
8.90000000000000e+00	1.54366319415525e+34
8.91000000000000e+00	1.54037624329804e+34
8.92000000000000e+00	1.53739038036460e+34
8.93000000000000e+00	1.53472009778420e+34
8.94000000000000e+00	1.53237780315592e+34
8.95000000000000e+00	1.53032933220448e+34
8.96000000000000e+00	1.52857207716964e+34
8.97000000000000e+00	1.52705744673191e+34
8.98000000000000e+00	1.52576034084662e+34
8.99000000000000e+00	1.52462446707394e+34
9.00000000000000e+00	1.52359369339234e+34
9.01000000000000e+00	1.52263600520844e+34
9.02000000000000e+00	1.52168852365744e+34
9.03000000000000e+00	1.52070485480518e+34
9.04000000000000e+00	1.51965569416688e+34
9.05000000000000e+00	5.91930677629673e+32
9.06000000000000e+00	5.84857555599603e+32
9.07000000000000e+00	1.51581146150609e+34
9.08000000000000e+00	1.51425916866598e+34
9.09000000000000e+00	1.51257477018482e+34
9.10000000000000e+00	1.51076312448440e+34
9.11000000000000e+00	1.50884046692109e+34
9.12000000000000e+00	1.50684897701886e+34
9.13000000000000e+00	5.37768959708756e+32
9.14000000000000e+00	1.50272016376088e+34
9.15000000000000e+00	5.25170233309401e+32
9.16000000000000e+00	1.49860200628776e+34
9.17000000000000e+00	1.49662246267172e+34
9.18000000000000e+00	1.49474006786565e+34
9.19000000000000e+00	1.49296626714487e+34
9.20000000000000e+00	1.49133634081101e+34
9.21000000000000e+00	1.48985117365914e+34
9.22000000000000e+00	4.82734059071160e+32
9.23000000000000e+00	4.76716823290689e+32
9.24000000000000e+00	1.48629902645542e+34
9.25000000000000e+00	1.48537752070357e+34
9.26000000000000e+00	1.48455184190792e+34
9.27000000000000e+00	1.48378848542173e+34
9.28000000000000e+00	1.48304075333621e+34
9.29000000000000e+00	1.48226300211877e+34
9.30000000000000e+00	1.48140085087364e+34
9.31000000000000e+00	1.48041570756672e+34
9.32000000000000e+00	4.22073480489429e+32
9.33000000000000e+00	1.47788260913308e+34
9.34000000000000e+00	1.47627022582488e+34
9.35000000000000e+00	1.47439312977950e+34
9.36000000000000e+00	1.47223585363534e+34
9.37000000000000e+00	1.46980907582287e+34
9.38000000000000e+00	1.46711962086173e+34
9.39000000000000e+00	3.83536943163370e+32
9.40000000000000e+00	1.46106723290057e+34
9.41000000000000e+00	1.45778657058092e+34
9.42000000000000e+00	1.45437676139466e+34
9.43000000000000e+00	1.45089854493249e+34
9.44000000000000e+00	1.44738578832022e+34
9.45000000000000e+00	1.44389359961841e+34
9.46000000000000e+00	1.44046238460685e+34
9.47000000000000e+00	1.43711503789501e+34
9.48000000000000e+00	1.43388950318167e+34
9.49000000000000e+00	1.43081454565107e+34
9.50000000000000e+00	1.42792149171532e+34
9.51000000000000e+00	1.42523219879539e+34
9.52000000000000e+00	1.42275480183505e+34
9.53000000000000e+00	1.42050480356516e+34
9.54000000000000e+00	1.41849864074819e+34
9.55000000000000e+00	3.17726851399028e+32
9.56000000000000e+00	1.41520169369614e+34
9.57000000000000e+00	3.09808626639373e+32
9.58000000000000e+00	1.41279434404651e+34
9.59000000000000e+00	1.41188963797321e+34
9.60000000000000e+00	1.41113980323261e+34
9.61000000000000e+00	1.41052029503020e+34
9.62000000000000e+00	1.41000980133716e+34
9.63000000000000e+00	1.40956354757034e+34
9.64000000000000e+00	2.80736302672939e+32
9.65000000000000e+00	2.76503793776620e+32
9.66000000000000e+00	1.40837031112300e+34
9.67000000000000e+00	1.40793755121834e+34
9.68000000000000e+00	1.40746094344572e+34
9.69000000000000e+00	1.40691515649965e+34
9.70000000000000e+00	1.40630671063879e+34
9.71000000000000e+00	1.40562142174446e+34
9.72000000000000e+00	2.47543055837079e+32
9.73000000000000e+00	1.40401464153209e+34
9.74000000000000e+00	1.40309748821511e+34
9.75000000000000e+00	1.40211390411130e+34
9.76000000000000e+00	1.40107425974880e+34
9.77000000000000e+00	1.39998084948067e+34
9.78000000000000e+00	1.39885094720981e+34
9.79000000000000e+00	2.21242205601987e+32
9.80000000000000e+00	2.17728326670094e+32
9.81000000000000e+00	1.39538398597907e+34
9.82000000000000e+00	2.10820864256336e+32
9.83000000000000e+00	1.39315522129483e+34
9.84000000000000e+00	1.39210011707523e+34
9.85000000000000e+00	1.39110596371945e+34
9.86000000000000e+00	1.39018423320846e+34
9.87000000000000e+00	1.38935525130539e+34
9.88000000000000e+00	1.38864978230156e+34
9.89000000000000e+00	1.87935706823576e+32
9.90000000000000e+00	1.85355886034712e+32
9.91000000000000e+00	1.38972350524954e+34
9.92000000000000e+00	1.39362308449389e+34
9.93000000000000e+00	1.40221070544352e+34
9.94000000000000e+00	1.41866991333219e+34
9.95000000000000e+00	1.44696214183302e+34
9.96000000000000e+00	2.65546387793805e+32
9.97000000000000e+00	1.55483576335884e+34
9.98000000000000e+00	4.37536195453477e+32
9.99000000000000e+00	5.82211338070867e+32
1.00000000000000e+01	1.84336131055593e+34
1.00100000000000e+01	9.47480734874051e+32
1.00200000000000e+01	1.08622719056582e+33
1.00300000000000e+01	1.10720837597368e+33
1.00400000000000e+01	9.68425407635516e+32
1.00500000000000e+01	7.01680954049620e+32
1.00600000000000e+01	4.02927329471198e+32
1.00700000000000e+01	1.67576586412882e+32
1.00800000000000e+01	3.93033974018538e+31
1.00900000000000e+01	9.75260332056509e+30
1.01000000000000e+01	4.57248996695717e+31
1.01100000000000e+01	1.12792072179672e+32
1.01200000000000e+01	1.85926244399725e+32
1.01300000000000e+01	2.50750818134096e+32
1.01400000000000e+01	3.01067276082499e+32
1.01500000000000e+01	3.35738695730560e+32
1.01600000000000e+01	3.56248937872261e+32
1.01700000000000e+01	3.65109300013198e+32
1.01800000000000e+01	3.65005648214988e+32
1.01900000000000e+01	3.58376578599357e+32
1.02000000000000e+01	3.47224715252549e+32
1.02100000000000e+01	3.33139500008152e+32
1.02200000000000e+01	3.17314109387646e+32
1.02300000000000e+01	3.00628004439361e+32
1.02400000000000e+01	2.83710822146298e+32
1.02500000000000e+01	2.66989805368914e+32
1.02600000000000e+01	2.50766899003363e+32
1.02700000000000e+01	2.35225039057773e+32
1.02800000000000e+01	2.20465201740185e+32
1.02900000000000e+01	2.06551162567607e+32
1.03000000000000e+01	1.93494501944185e+32
1.03100000000000e+01	1.81291659671051e+32
1.03200000000000e+01	1.69914120423197e+32
1.03300000000000e+01	1.59323396643210e+32
1.03400000000000e+01	1.49481100538495e+32
1.03500000000000e+01	1.40339533213801e+32
1.03600000000000e+01	1.31850778313978e+32
1.03700000000000e+01	1.23966450408505e+32
1.03800000000000e+01	1.16645386631966e+32
1.03900000000000e+01	1.09842421880630e+32
1.04000000000000e+01	1.03520790632097e+32
1.04100000000000e+01	9.76398856986199e+31
1.04200000000000e+01	9.21675365181690e+31
1.04300000000000e+01	8.70723266014638e+31
1.04400000000000e+01	8.23254581413388e+31
1.04500000000000e+01	7.79009169321441e+31
1.04600000000000e+01	7.37755737258050e+31
1.04700000000000e+01	6.99269916901703e+31
1.04800000000000e+01	6.63346432427238e+31
1.04900000000000e+01	6.29795047185581e+31
1.05000000000000e+01	5.98448994895020e+31
1.05100000000000e+01	5.69127296403819e+31
1.05200000000000e+01	5.41690472797998e+31
1.05300000000000e+01	5.15993320363345e+31
1.05400000000000e+01	4.91888710489889e+31
1.05500000000000e+01	4.69256838717671e+31
1.05600000000000e+01	4.47988648916536e+31
1.05700000000000e+01	4.27977069119100e+31
1.05800000000000e+01	4.09119591779521e+31
1.05900000000000e+01	3.91327912042570e+31
1.06000000000000e+01	3.74535075108715e+31
1.06100000000000e+01	3.58660630698090e+31
1.06200000000000e+01	3.43648817671998e+31
1.06300000000000e+01	3.29437921240996e+31
1.06400000000000e+01	3.15983094530458e+31
1.06500000000000e+01	3.03233302971941e+31
1.06600000000000e+01	2.91144757100526e+31
1.06700000000000e+01	2.79680508604404e+31
1.06800000000000e+01	2.68803981809446e+31
1.06900000000000e+01	2.58479251421243e+31
1.07000000000000e+01	2.48671596482897e+31
1.07100000000000e+01	2.39350041198410e+31
1.07200000000000e+01	2.30487678852927e+31
1.07300000000000e+01	2.22050040541478e+31
1.07400000000000e+01	2.14013802852567e+31
1.07500000000000e+01	2.06353956193431e+31
1.07600000000000e+01	1.99048005123941e+31
1.07700000000000e+01	1.92070374353655e+31
1.07800000000000e+01	1.85407827426487e+31
1.07900000000000e+01	1.79041123664152e+31
1.08000000000000e+01	1.72952007447689e+31
1.08100000000000e+01	1.67129895314671e+31
1.08200000000000e+01	1.61559572308714e+31
1.08300000000000e+01	1.56229732299217e+31
1.08400000000000e+01	1.51130457384276e+31
1.08500000000000e+01	1.46250900976038e+31
1.08600000000000e+01	1.41581683091289e+31
1.08700000000000e+01	1.37112484285539e+31
1.08800000000000e+01	1.32835020003249e+31
1.08900000000000e+01	1.28738610178305e+31
1.09000000000000e+01	1.24814901424401e+31
1.09100000000000e+01	1.21054717552777e+31
1.09200000000000e+01	1.17448861966875e+31
1.09300000000000e+01	1.13987036379005e+31
1.09400000000000e+01	1.10663970502968e+31
1.09500000000000e+01	1.07469576891268e+31
1.09600000000000e+01	1.04398498194510e+31
1.09700000000000e+01	1.01441408785010e+31
1.09800000000000e+01	9.85933133142374e+30
1.09900000000000e+01	9.58487323909774e+30
1.10000000000000e+01	9.32012037616608e+30
1.10100000000000e+01	9.06491233139118e+30
1.10200000000000e+01	8.81853248385462e+30
1.10300000000000e+01	8.58084098151811e+30
1.10400000000000e+01	8.35145135591078e+30
1.10500000000000e+01	8.12995769445800e+30
1.10600000000000e+01	7.91617344585478e+30
1.10700000000000e+01	7.70988569295076e+30
1.10800000000000e+01	7.51077400278026e+30
1.10900000000000e+01	7.31839971485490e+30
1.11000000000000e+01	7.13272071879553e+30
1.11100000000000e+01	6.95339368479556e+30
1.11200000000000e+01	6.78000968690949e+30
1.11300000000000e+01	6.61255580379316e+30
1.11400000000000e+01	6.45040178142046e+30
1.11500000000000e+01	6.29352958259761e+30
1.11600000000000e+01	6.14173932504116e+30
1.11700000000000e+01	5.99470015450525e+30
1.11800000000000e+01	5.85213007768581e+30
1.11900000000000e+01	5.71395433749328e+30
1.12000000000000e+01	5.57984203068338e+30
1.12100000000000e+01	5.44976021911361e+30
1.12200000000000e+01	5.32344896376021e+30
1.12300000000000e+01	5.20088836252052e+30
1.12400000000000e+01	5.08193812907080e+30
1.12500000000000e+01	4.96644044307303e+30
1.12600000000000e+01	4.85430387778113e+30
1.12700000000000e+01	4.74554209068259e+30
1.12800000000000e+01	4.64007600424505e+30
1.12900000000000e+01	4.53775118802760e+30
1.13000000000000e+01	4.43851488772221e+30
1.13100000000000e+01	4.34232420230766e+30
1.13200000000000e+01	4.24906189855610e+30
1.13300000000000e+01	4.15865461138607e+30
1.13400000000000e+01	4.07095719794539e+30
1.13500000000000e+01	3.98593641835348e+30
1.13600000000000e+01	3.90342884104944e+30
1.13700000000000e+01	3.82326602563372e+30
1.13800000000000e+01	3.74542712947460e+30
1.13900000000000e+01	3.66980889011695e+30
1.14000000000000e+01	3.59613917452641e+30
1.14100000000000e+01	3.52446430591229e+30
1.14200000000000e+01	3.45468280791958e+30
1.14300000000000e+01	3.38656797681563e+30
1.14400000000000e+01	3.32022302367929e+30
1.14500000000000e+01	3.25540379367606e+30
1.14600000000000e+01	3.19218807967077e+30
1.14700000000000e+01	3.13044243224329e+30
1.14800000000000e+01	3.07015662723333e+30
1.14900000000000e+01	3.01131481183309e+30
1.15000000000000e+01	2.95387040205672e+30
1.15100000000000e+01	2.89775427001936e+30
1.15200000000000e+01	2.84302311455084e+30
1.15300000000000e+01	2.78953865533456e+30
1.15400000000000e+01	2.73733240600812e+30
1.15500000000000e+01	2.68642242237004e+30
1.15600000000000e+01	2.63664124550546e+30
1.15700000000000e+01	2.58809014146074e+30
1.15800000000000e+01	2.54065697855250e+30
1.15900000000000e+01	2.49433106041991e+30
1.16000000000000e+01	2.44914871693330e+30
1.16100000000000e+01	2.40497744086032e+30
1.16200000000000e+01	2.36189690046528e+30
1.16300000000000e+01	2.31985163622872e+30
1.16400000000000e+01	2.27885450437190e+30
1.16500000000000e+01	2.23882079387373e+30
1.16600000000000e+01	2.19978669232421e+30
1.16700000000000e+01	2.16166538989914e+30
1.16800000000000e+01	2.12450503340591e+30
1.16900000000000e+01	2.08822997350014e+30
1.17000000000000e+01	2.05284707825913e+30
1.17100000000000e+01	2.01824762636523e+30
1.17200000000000e+01	1.98445593729862e+30
1.17300000000000e+01	1.95146812610145e+30
1.17400000000000e+01	1.91922182450151e+30
1.17500000000000e+01	1.88770604184094e+30
1.17600000000000e+01	1.85687356825245e+30
1.17700000000000e+01	1.82670351622214e+30
1.17800000000000e+01	1.79718744289005e+30
1.17900000000000e+01	1.76830559880619e+30
1.18000000000000e+01	1.74002572536351e+30
1.18100000000000e+01	1.71232948108555e+30
1.18200000000000e+01	1.68522001115493e+30
1.18300000000000e+01	1.65862635569813e+30
1.18400000000000e+01	1.63257619847213e+30
1.18500000000000e+01	1.60699308484051e+30
1.18600000000000e+01	1.58192934806090e+30
1.18700000000000e+01	1.55732316826102e+30
1.18800000000000e+01	1.53314865373583e+30
1.18900000000000e+01	1.50945068229923e+30
1.19000000000000e+01	1.48619446635867e+30
1.19100000000000e+01	1.46333676310309e+30
1.19200000000000e+01	1.44095165259473e+30
1.19300000000000e+01	1.41899401169790e+30
1.19400000000000e+01	1.39742901443522e+30
1.19500000000000e+01	1.37632449422863e+30
1.19600000000000e+01	1.35564239278899e+30
1.19700000000000e+01	1.33533600776705e+30
1.19800000000000e+01	1.31546786339434e+30
1.19900000000000e+01	1.29596478315984e+30
1.20000000000000e+01	1.27687133411399e+30
1.20100000000000e+01	1.25815489508696e+30
1.20200000000000e+01	1.23980100479220e+30
1.20300000000000e+01	1.22181991073912e+30
1.20400000000000e+01	1.20419811979057e+30
1.20500000000000e+01	1.18693409104591e+30
1.20600000000000e+01	1.17002737664209e+30
1.20700000000000e+01	1.15346868580720e+30
1.20800000000000e+01	1.13725770546457e+30
1.20900000000000e+01	1.12137999729319e+30
1.21000000000000e+01	1.10582043161409e+30
1.21100000000000e+01	1.09058596903410e+30
1.21200000000000e+01	1.07565103370369e+30
1.21300000000000e+01	1.06099971486821e+30
1.21400000000000e+01	1.04662385702243e+30
1.21500000000000e+01	1.03250085647801e+30
1.21600000000000e+01	1.01862993019391e+30
1.21700000000000e+01	1.00498997918912e+30
1.21800000000000e+01	9.91574545641906e+29
1.21900000000000e+01	9.78375179945841e+29
1.22000000000000e+01	9.65387973768346e+29
1.22100000000000e+01	9.52599799618755e+29
1.22200000000000e+01	9.40021458198019e+29
1.22300000000000e+01	9.27646928787950e+29
1.22400000000000e+01	9.15472968655635e+29
1.22500000000000e+01	9.03497480007597e+29
1.22600000000000e+01	8.91719620718970e+29
1.22700000000000e+01	8.80144914425297e+29
1.22800000000000e+01	8.68766122952420e+29
1.22900000000000e+01	8.57576569783489e+29
1.23000000000000e+01	8.46578938013370e+29
1.23100000000000e+01	8.35757796133386e+29
1.23200000000000e+01	8.25121491523637e+29
1.23300000000000e+01	8.14653010176326e+29
1.23400000000000e+01	8.04349405682818e+29
1.23500000000000e+01	7.94208700974627e+29
1.23600000000000e+01	7.84215995121454e+29
1.23700000000000e+01	7.74377394695883e+29
1.23800000000000e+01	7.64675891565889e+29
1.23900000000000e+01	7.55122530830231e+29
1.24000000000000e+01	7.45699264476450e+29
1.24100000000000e+01	7.36415996824162e+29
1.24200000000000e+01	7.27258260657293e+29
1.24300000000000e+01	7.18235797798113e+29
1.24400000000000e+01	7.09340451175268e+29
1.24500000000000e+01	7.00577728361045e+29
1.24600000000000e+01	6.91939686675932e+29
1.24700000000000e+01	6.83440474917507e+29
1.24800000000000e+01	6.75072200081666e+29
1.24900000000000e+01	6.66843243048657e+29
1.25000000000000e+01	6.58748243168355e+29
1.25100000000000e+01	6.50801854057862e+29
1.25200000000000e+01	6.42994035572775e+29
1.25300000000000e+01	6.35333958111583e+29
1.25400000000000e+01	6.27820545309375e+29
1.25500000000000e+01	6.20448801117985e+29
1.25600000000000e+01	6.13213040291577e+29
1.25700000000000e+01	6.06116518745400e+29
1.25800000000000e+01	5.99148530441126e+29
1.25900000000000e+01	5.92310482333562e+29
1.26000000000000e+01	5.85590559006951e+29
1.26100000000000e+01	5.78982085880923e+29
1.26200000000000e+01	5.72483455259536e+29
1.26300000000000e+01	5.66084827160334e+29
1.26400000000000e+01	5.59780383204671e+29
1.26500000000000e+01	5.53567647079689e+29
1.26600000000000e+01	5.47443385749483e+29
1.26700000000000e+01	5.41399840736856e+29
1.26800000000000e+01	5.35437746939214e+29
1.26900000000000e+01	5.29555573439404e+29
1.27000000000000e+01	5.23750797666898e+29
1.27100000000000e+01	5.18026207647389e+29
1.27200000000000e+01	5.12379062597084e+29
1.27300000000000e+01	5.06811763053436e+29
1.27400000000000e+01	5.01320990760945e+29
1.27500000000000e+01	4.95912020217346e+29
1.27600000000000e+01	4.90580581803083e+29
1.27700000000000e+01	4.85326047533598e+29
1.27800000000000e+01	4.80148326085587e+29
1.27900000000000e+01	4.75044802470359e+29
1.28000000000000e+01	4.70010500792217e+29
1.28100000000000e+01	4.65045228704815e+29
1.28200000000000e+01	4.60142047167536e+29
1.28300000000000e+01	4.55302553354117e+29
1.28400000000000e+01	4.50518463591958e+29
1.28500000000000e+01	4.45790011298641e+29
1.28600000000000e+01	4.41114613762050e+29
1.28700000000000e+01	4.36490077644898e+29
1.28800000000000e+01	4.31917873754439e+29
1.28900000000000e+01	4.27396498319110e+29
1.29000000000000e+01	4.22921453277661e+29
1.29100000000000e+01	4.18503333709816e+29
1.29200000000000e+01	4.14133326260111e+29
1.29300000000000e+01	4.09821722888200e+29
1.29400000000000e+01	4.05562710480705e+29
1.29500000000000e+01	4.01358549050593e+29
1.29600000000000e+01	3.97216285372386e+29
1.29700000000000e+01	3.93129197309314e+29
1.29800000000000e+01	3.89102378628708e+29
1.29900000000000e+01	3.85136562249116e+29
1.30000000000000e+01	3.81227974376300e+29
1.30100000000000e+01	3.77376795887033e+29
1.30200000000000e+01	3.73585800230906e+29
1.30300000000000e+01	3.69847222555417e+29
1.30400000000000e+01	3.66164742869468e+29
1.30500000000000e+01	3.62530880198486e+29
1.30600000000000e+01	3.58945911647911e+29
1.30700000000000e+01	3.55411108773969e+29
1.30800000000000e+01	3.51921503248098e+29
1.30900000000000e+01	3.48476870423534e+29
1.31000000000000e+01	3.45075292610515e+29
1.31100000000000e+01	3.41715752195963e+29
1.31200000000000e+01	3.38397385768664e+29
1.31300000000000e+01	3.35117486420082e+29
1.31400000000000e+01	3.31875275283658e+29
1.31500000000000e+01	3.28668287014713e+29
1.31600000000000e+01	3.25497642790645e+29
1.31700000000000e+01	3.22361013091446e+29
1.31800000000000e+01	3.19257298940112e+29
1.31900000000000e+01	3.16186210876077e+29
1.32000000000000e+01	3.13148517121049e+29
1.32100000000000e+01	3.10140177691004e+29
1.32200000000000e+01	3.07162109176248e+29
1.32300000000000e+01	3.04217646142130e+29
1.32400000000000e+01	3.01303696659682e+29
1.32500000000000e+01	2.98419467434503e+29
1.32600000000000e+01	2.95566550474657e+29
1.32700000000000e+01	2.92748569068236e+29
1.32800000000000e+01	2.89959142514162e+29
1.32900000000000e+01	2.87201854287397e+29
1.33000000000000e+01	2.84474735765254e+29
1.33100000000000e+01	2.81780450791434e+29
1.33200000000000e+01	2.79114100449123e+29
1.33300000000000e+01	2.76481785669613e+29
1.33400000000000e+01	2.73878601641219e+29
1.33500000000000e+01	2.71305358401272e+29
1.33600000000000e+01	2.68760040769932e+29
1.33700000000000e+01	2.66246073431789e+29
1.33800000000000e+01	2.63758394644666e+29
1.33900000000000e+01	2.61299541822557e+29
1.34000000000000e+01	2.58865083864991e+29
1.34100000000000e+01	2.56456130055522e+29
1.34200000000000e+01	2.54071057177177e+29
1.34300000000000e+01	2.51707772839342e+29
1.34400000000000e+01	2.49363570971212e+29
1.34500000000000e+01	2.47039375830201e+29
1.34600000000000e+01	2.44731755440710e+29
1.34700000000000e+01	2.42442048868807e+29
1.34800000000000e+01	2.40164867518045e+29
1.34900000000000e+01	2.37905993674304e+29
1.35000000000000e+01	2.35660555834600e+29
1.35100000000000e+01	2.33430963362865e+29
1.35200000000000e+01	2.31218503968871e+29
1.35300000000000e+01	2.29022087322348e+29
1.35400000000000e+01	2.26843200455378e+29
1.35500000000000e+01	2.24685772342110e+29
1.35600000000000e+01	2.22550503282752e+29
1.35700000000000e+01	2.20438606453623e+29
1.35800000000000e+01	2.18353417830403e+29
1.35900000000000e+01	2.16296707088186e+29
1.36000000000000e+01	2.14270487024857e+29
1.36100000000000e+01	2.12275253586130e+29
1.36200000000000e+01	2.10314405927268e+29
1.36300000000000e+01	2.08384917403865e+29
1.36400000000000e+01	2.06492270451389e+29
1.36500000000000e+01	2.04630524000581e+29
1.36600000000000e+01	2.02803562947938e+29
1.36700000000000e+01	2.01008614580218e+29
1.36800000000000e+01	1.99243368052303e+29
1.36900000000000e+01	1.97509371411704e+29
1.37000000000000e+01	1.95801882318322e+29
1.37100000000000e+01	1.94119555531837e+29
1.37200000000000e+01	1.92462832198923e+29
1.37300000000000e+01	1.90829184415624e+29
1.37400000000000e+01	1.89217837771554e+29
1.37500000000000e+01	1.87626740383502e+29
1.37600000000000e+01	1.86056953827205e+29
1.37700000000000e+01	1.84505166974185e+29
1.37800000000000e+01	1.82971175051291e+29
1.37900000000000e+01	1.81457777008623e+29
1.38000000000000e+01	1.79960398447190e+29
1.38100000000000e+01	1.78481840836105e+29
1.38200000000000e+01	1.77020052737446e+29
1.38300000000000e+01	1.75574568674381e+29
1.38400000000000e+01	1.74147110855496e+29
1.38500000000000e+01	1.72735354182596e+29
1.38600000000000e+01	1.71342061398114e+29
1.38700000000000e+01	1.69965803881723e+29
1.38800000000000e+01	1.68605167109316e+29
1.38900000000000e+01	1.67262362299598e+29
1.39000000000000e+01	1.65936417608955e+29
1.39100000000000e+01	1.64628569727946e+29
1.39200000000000e+01	1.63338603174467e+29
1.39300000000000e+01	1.62064428498279e+29
1.39400000000000e+01	1.60808894060127e+29
1.39500000000000e+01	1.59571122421914e+29
1.39600000000000e+01	1.58350290564158e+29
1.39700000000000e+01	1.57145785469931e+29
1.39800000000000e+01	1.55959748779422e+29
1.39900000000000e+01	1.54789345599953e+29
1.40000000000000e+01	1.53635670682419e+29
1.40100000000000e+01	1.52496313262966e+29
1.40200000000000e+01	1.51372323139629e+29
1.40300000000000e+01	1.50262553338674e+29
1.40400000000000e+01	1.49165553215705e+29
1.40500000000000e+01	1.48081979925329e+29
1.40600000000000e+01	1.47008340438966e+29
1.40700000000000e+01	1.45946650643102e+29
1.40800000000000e+01	1.44893313307221e+29
1.40900000000000e+01	1.43850487273754e+29
1.41000000000000e+01	1.42815832909906e+29
1.41100000000000e+01	1.41789418025113e+29
1.41200000000000e+01	1.40769872651468e+29
1.41300000000000e+01	1.39758092359841e+29
1.41400000000000e+01	1.38754136396885e+29
1.41500000000000e+01	1.37755374402668e+29
1.41600000000000e+01	1.36764265559093e+29
1.41700000000000e+01	1.35779130091117e+29
1.41800000000000e+01	1.34800446031983e+29
1.41900000000000e+01	1.33828584660132e+29
1.42000000000000e+01	1.32863630952173e+29
1.42100000000000e+01	1.31905540605371e+29
1.42200000000000e+01	1.30955194890976e+29
1.42300000000000e+01	1.30011706936553e+29
1.42400000000000e+01	1.29075611763283e+29
1.42500000000000e+01	1.28148786343836e+29
1.42600000000000e+01	1.27229083512448e+29
1.42700000000000e+01	1.26318614677029e+29
1.42800000000000e+01	1.25416653212823e+29
1.42900000000000e+01	1.24522620378477e+29
1.43000000000000e+01	1.23637012102297e+29
1.43100000000000e+01	1.22759397216256e+29
1.43200000000000e+01	1.21890613865787e+29
1.43300000000000e+01	1.21029655158493e+29
1.43400000000000e+01	1.20176763081451e+29
1.43500000000000e+01	1.19331153676110e+29
1.43600000000000e+01	1.18493317199761e+29
1.43700000000000e+01	1.17662764281516e+29
1.43800000000000e+01	1.16840152679052e+29
1.43900000000000e+01	1.16024045155530e+29
1.44000000000000e+01	1.15214346768100e+29
1.44100000000000e+01	1.14412945592274e+29
1.44200000000000e+01	1.13617793088468e+29
1.44300000000000e+01	1.12828798945549e+29
1.44400000000000e+01	1.12046845672596e+29
1.44500000000000e+01	1.11271815528659e+29
1.44600000000000e+01	1.10503601765587e+29
1.44700000000000e+01	1.09741151168334e+29
1.44800000000000e+01	1.08984380965528e+29
1.44900000000000e+01	1.08235057878144e+29
1.45000000000000e+01	1.07490850145529e+29
1.45100000000000e+01	1.06752391168115e+29
1.45200000000000e+01	1.06020153476197e+29
1.45300000000000e+01	1.05292742175760e+29
1.45400000000000e+01	1.04571308648976e+29
1.45500000000000e+01	1.03856066509691e+29
1.45600000000000e+01	1.03145273505942e+29
1.45700000000000e+01	1.02439132972133e+29
1.45800000000000e+01	1.01738023740090e+29
1.45900000000000e+01	1.01040732752828e+29
1.46000000000000e+01	1.00348515523162e+29
1.46100000000000e+01	9.96591963944825e+28
1.46200000000000e+01	9.89739157423094e+28
1.46300000000000e+01	9.82909745277806e+28
1.46400000000000e+01	9.76117764935330e+28
1.46500000000000e+01	9.69354264035489e+28
1.46600000000000e+01	9.62614313685847e+28
1.46700000000000e+01	9.55903549756350e+28
1.46800000000000e+01	9.49221409269958e+28
1.46900000000000e+01	9.42577192929110e+28
1.47000000000000e+01	9.35959061383285e+28
1.47100000000000e+01	9.29377933921133e+28
1.47200000000000e+01	9.22842904480360e+28
1.47300000000000e+01	9.16341786688268e+28
1.47400000000000e+01	9.09895773420796e+28
1.47500000000000e+01	9.03487592335331e+28
1.47600000000000e+01	8.97130005528088e+28
1.47700000000000e+01	8.90832011593829e+28
1.47800000000000e+01	8.84591723904012e+28
1.47900000000000e+01	8.78405458750276e+28
1.48000000000000e+01	8.72289163195289e+28
1.48100000000000e+01	8.66232529089908e+28
1.48200000000000e+01	8.60245933728645e+28
1.48300000000000e+01	8.54325722216349e+28
1.48400000000000e+01	8.48481082808023e+28
1.48500000000000e+01	8.42707042428372e+28
1.48600000000000e+01	8.37004200813519e+28
1.48700000000000e+01	8.31376999334392e+28
1.48800000000000e+01	8.25811962620659e+28
1.48900000000000e+01	8.20313066621409e+28
1.49000000000000e+01	8.14889985795245e+28
1.49100000000000e+01	8.09516584011075e+28
1.49200000000000e+01	8.04196012384725e+28
1.49300000000000e+01	7.98940026987890e+28
1.49400000000000e+01	7.93729847852418e+28
1.49500000000000e+01	7.88573808442225e+28
1.49600000000000e+01	7.83451423670774e+28
1.49700000000000e+01	7.78377734542797e+28
1.49800000000000e+01	7.73353566565545e+28
1.49900000000000e+01	7.68358587705323e+28
1.50000000000000e+01	7.63416384049573e+28
1.50100000000000e+01	7.58504497391186e+28
1.50200000000000e+01	7.53637015363314e+28
1.50300000000000e+01	7.48810973881369e+28
1.50400000000000e+01	7.44027229793106e+28
1.50500000000000e+01	7.39287724864418e+28
1.50600000000000e+01	7.34591879790857e+28
1.50700000000000e+01	7.29946626709294e+28
1.50800000000000e+01	7.25349194864042e+28
1.50900000000000e+01	7.20799219065417e+28
1.51000000000000e+01	7.16295689583778e+28
1.51100000000000e+01	7.11840021692468e+28
1.51200000000000e+01	7.07440448485878e+28
1.51300000000000e+01	7.03082345664459e+28
1.51400000000000e+01	6.98772522299711e+28
1.51500000000000e+01	6.94506391886805e+28
1.51600000000000e+01	6.90282110725530e+28
1.51700000000000e+01	6.86094685255930e+28
1.51800000000000e+01	6.81944139594234e+28
1.51900000000000e+01	6.77829075166788e+28
1.52000000000000e+01	6.73749326018949e+28
1.52100000000000e+01	6.69700278678665e+28
1.52200000000000e+01	6.65687606303831e+28
1.52300000000000e+01	6.61709437371367e+28
1.52400000000000e+01	6.57766492768296e+28
1.52500000000000e+01	6.53859047074980e+28
1.52600000000000e+01	6.49995604032478e+28
1.52700000000000e+01	6.46167447347890e+28
1.52800000000000e+01	6.42373633202647e+28
1.52900000000000e+01	6.38618755106646e+28
1.53000000000000e+01	6.34906814860012e+28
1.53100000000000e+01	6.31226881234663e+28
1.53200000000000e+01	6.27577859445524e+28
1.53300000000000e+01	6.23962736229733e+28
1.53400000000000e+01	6.20377622054940e+28
1.53500000000000e+01	6.16815793325053e+28
1.53600000000000e+01	6.13282437025573e+28
1.53700000000000e+01	6.09771861947856e+28
1.53800000000000e+01	6.06281649701061e+28
1.53900000000000e+01	6.02813459433032e+28
1.54000000000000e+01	5.99367720207014e+28
1.54100000000000e+01	5.95946283930135e+28
1.54200000000000e+01	5.92554700870707e+28
1.54300000000000e+01	5.89185899541237e+28
1.54400000000000e+01	5.85845382527531e+28
1.54500000000000e+01	5.82538009016424e+28
1.54600000000000e+01	5.79257599835691e+28
1.54700000000000e+01	5.76002922235500e+28
1.54800000000000e+01	5.72777877585734e+28
1.54900000000000e+01	5.69580814655488e+28
1.55000000000000e+01	5.66405142467024e+28
1.55100000000000e+01	5.63249696286877e+28
1.55200000000000e+01	5.60118684043022e+28
1.55300000000000e+01	5.57001443850053e+28
1.55400000000000e+01	5.53902827562250e+28
1.55500000000000e+01	5.50823137955114e+28
1.55600000000000e+01	5.47757822816693e+28
1.55700000000000e+01	5.44707539939205e+28
1.55800000000000e+01	5.41678154150000e+28
1.55900000000000e+01	5.38660759941226e+28
1.56000000000000e+01	5.35661275431448e+28
1.56100000000000e+01	5.32683481119162e+28
1.56200000000000e+01	5.29722701545717e+28
1.56300000000000e+01	5.26787220786526e+28
1.56400000000000e+01	5.23870554216870e+28
1.56500000000000e+01	5.20982827814271e+28
1.56600000000000e+01	5.18117717333530e+28
1.56700000000000e+01	5.15280284459055e+28
1.56800000000000e+01	5.12467249052815e+28
1.56900000000000e+01	5.09678888526470e+28
1.57000000000000e+01	5.06915577443320e+28
1.57100000000000e+01	5.04174761472025e+28
1.57200000000000e+01	5.01454847037012e+28
1.57300000000000e+01	4.98751983198122e+28
1.57400000000000e+01	4.96067771558911e+28
1.57500000000000e+01	4.93396635334096e+28
1.57600000000000e+01	4.90739044655080e+28
1.57700000000000e+01	4.88093879161975e+28
1.57800000000000e+01	4.85461379910127e+28
1.57900000000000e+01	4.82839081073412e+28
1.58000000000000e+01	4.80231575602174e+28
1.58100000000000e+01	4.77636518955623e+28
1.58200000000000e+01	4.75056454694013e+28
1.58300000000000e+01	4.72493083500884e+28
1.58400000000000e+01	4.69947563703882e+28
1.58500000000000e+01	4.67419161245508e+28
1.58600000000000e+01	4.64910793099736e+28
1.58700000000000e+01	4.62422841407699e+28
1.58800000000000e+01	4.59956588756241e+28
1.58900000000000e+01	4.57511081889279e+28
1.59000000000000e+01	4.55085311088308e+28
1.59100000000000e+01	4.52680371697159e+28
1.59200000000000e+01	4.50295564081603e+28
1.59300000000000e+01	4.47928016407182e+28
1.59400000000000e+01	4.45580404011752e+28
1.59500000000000e+01	4.43247574170351e+28
1.59600000000000e+01	4.40928279959346e+28
1.59700000000000e+01	4.38625255392244e+28
1.59800000000000e+01	4.36333254303785e+28
1.59900000000000e+01	4.34053636637373e+28
1.60000000000000e+01	4.31784359262136e+28
1.60100000000000e+01	4.29528327691684e+28
1.60200000000000e+01	4.27282796948206e+28
1.60300000000000e+01	4.25048299246779e+28
1.60400000000000e+01	4.22828908491910e+28
1.60500000000000e+01	4.20621266278284e+28
1.60600000000000e+01	4.18426563205367e+28
1.60700000000000e+01	4.16246336558453e+28
1.60800000000000e+01	4.14080774572517e+28
1.60900000000000e+01	4.11928872331702e+28
1.61000000000000e+01	4.09788357899126e+28
1.61100000000000e+01	4.07659831679536e+28
1.61200000000000e+01	4.05542654457775e+28
1.61300000000000e+01	4.03433375160616e+28
1.61400000000000e+01	4.01333192193437e+28
1.61500000000000e+01	3.99239227928775e+28
1.61600000000000e+01	3.97153504871751e+28
1.61700000000000e+01	3.95075817601685e+28
1.61800000000000e+01	3.93004651334493e+28
1.61900000000000e+01	3.90942272604295e+28
1.62000000000000e+01	3.88887575088218e+28
1.62100000000000e+01	3.86843232939866e+28
1.62200000000000e+01	3.84809075592679e+28
1.62300000000000e+01	3.82784347620618e+28
1.62400000000000e+01	3.80769079527391e+28
1.62500000000000e+01	3.78765740452536e+28
1.62600000000000e+01	3.76769047002868e+28
1.62700000000000e+01	3.74783011191813e+28
1.62800000000000e+01	3.72804086796818e+28
1.62900000000000e+01	3.70830670685155e+28
1.63000000000000e+01	3.68863698734416e+28
1.63100000000000e+01	3.66902739194771e+28
1.63200000000000e+01	3.64944572103829e+28
1.63300000000000e+01	3.62990525180765e+28
1.63400000000000e+01	3.61038019546454e+28
1.63500000000000e+01	3.59085744071031e+28
1.63600000000000e+01	3.57135634149680e+28
1.63700000000000e+01	3.55181630331316e+28
1.63800000000000e+01	3.53225905417341e+28
1.63900000000000e+01	3.51266257245668e+28
1.64000000000000e+01	3.49300404721922e+28
1.64100000000000e+01	3.47328601153138e+28
1.64200000000000e+01	3.45349624108270e+28
1.64300000000000e+01	3.43363136600915e+28
1.64400000000000e+01	3.41374146975460e+28
1.64500000000000e+01	3.39379755496338e+28
1.64600000000000e+01	3.37386305821061e+28
1.64700000000000e+01	3.35398358446658e+28
1.64800000000000e+01	3.33417430488573e+28
1.64900000000000e+01	3.31453956589719e+28
1.65000000000000e+01	3.29511290353375e+28
1.65100000000000e+01	3.27596030585681e+28
1.65200000000000e+01	3.25714838320867e+28
1.65300000000000e+01	3.23876186321605e+28
1.65400000000000e+01	3.22081776530909e+28
1.65500000000000e+01	3.20339029983058e+28
1.65600000000000e+01	3.18649272095869e+28
1.65700000000000e+01	3.17016750967345e+28
1.65800000000000e+01	3.15439265894545e+28
1.65900000000000e+01	3.13917739301065e+28
1.66000000000000e+01	3.12446724653909e+28
1.66100000000000e+01	3.11022176545261e+28
1.66200000000000e+01	3.09639603915801e+28
1.66300000000000e+01	3.08290662656005e+28
1.66400000000000e+01	3.06969751803709e+28
1.66500000000000e+01	3.05668121282416e+28
1.66600000000000e+01	3.04379251495608e+28
1.66700000000000e+01	3.03098452708984e+28
1.66800000000000e+01	3.01820359011153e+28
1.66900000000000e+01	3.00541759305513e+28
1.67000000000000e+01	2.99261826664637e+28
1.67100000000000e+01	2.97979291968958e+28
1.67200000000000e+01	2.96693996840611e+28
1.67300000000000e+01	2.95409569732164e+28
1.67400000000000e+01	2.94125435745589e+28
1.67500000000000e+01	2.92845439050424e+28
1.67600000000000e+01	2.91568171150474e+28
1.67700000000000e+01	2.90298958955218e+28
1.67800000000000e+01	2.89034554371067e+28
1.67900000000000e+01	2.87777734756279e+28
1.68000000000000e+01	2.86527168707382e+28
1.68100000000000e+01	2.85281708358351e+28
1.68200000000000e+01	2.84042672924285e+28
1.68300000000000e+01	2.82806912518028e+28
1.68400000000000e+01	2.81574411548221e+28
1.68500000000000e+01	2.80345180297145e+28
1.68600000000000e+01	2.79116121944050e+28
1.68700000000000e+01	2.77891501486931e+28
1.68800000000000e+01	2.76666794520812e+28
1.68900000000000e+01	2.75445468183178e+28
1.69000000000000e+01	2.74226505083581e+28
1.69100000000000e+01	2.73011145718849e+28
1.69200000000000e+01	2.71801094489369e+28
1.69300000000000e+01	2.70595731193127e+28
1.69400000000000e+01	2.69398440004782e+28
1.69500000000000e+01	2.68210727778443e+28
1.69600000000000e+01	2.67031207773539e+28
1.69700000000000e+01	2.65864013005450e+28
1.69800000000000e+01	2.64708291649320e+28
1.69900000000000e+01	2.63564721893219e+28
1.70000000000000e+01	2.62435002158311e+28
1.70100000000000e+01	2.61317734217716e+28
1.70200000000000e+01	2.60210851743033e+28
1.70300000000000e+01	2.59117564297297e+28
1.70400000000000e+01	2.58032867830009e+28
1.70500000000000e+01	2.56957965610914e+28
1.70600000000000e+01	2.55890112531850e+28
1.70700000000000e+01	2.54828041971112e+28
1.70800000000000e+01	2.53770702035485e+28
1.70900000000000e+01	2.52717029579676e+28
1.71000000000000e+01	2.51667172770846e+28
1.71100000000000e+01	2.50619731084065e+28
1.71200000000000e+01	2.49574201694968e+28
1.71300000000000e+01	2.48530428660896e+28
1.71400000000000e+01	2.47489812274820e+28
1.71500000000000e+01	2.46450282370762e+28
1.71600000000000e+01	2.45414204104364e+28
1.71700000000000e+01	2.44380672213140e+28
1.71800000000000e+01	2.43350451184141e+28
1.71900000000000e+01	2.42323487236687e+28
1.72000000000000e+01	2.41301123646777e+28
1.72100000000000e+01	2.40280991187959e+28
1.72200000000000e+01	2.39266033442482e+28
1.72300000000000e+01	2.38255020458997e+28
1.72400000000000e+01	2.37247453709466e+28
1.72500000000000e+01	2.36243796033628e+28
1.72600000000000e+01	2.35245228420394e+28
1.72700000000000e+01	2.34248883174743e+28
1.72800000000000e+01	2.33257627908999e+28
1.72900000000000e+01	2.32270050915727e+28
1.73000000000000e+01	2.31286178362293e+28
1.73100000000000e+01	2.30306031685332e+28
1.73200000000000e+01	2.29329623830104e+28
1.73300000000000e+01	2.28356960692191e+28
1.73400000000000e+01	2.27388035297589e+28
1.73500000000000e+01	2.26424004849926e+28
1.73600000000000e+01	2.25462510620509e+28
1.73700000000000e+01	2.24505860830741e+28
1.73800000000000e+01	2.23552875271529e+28
1.73900000000000e+01	2.22603318566501e+28
1.74000000000000e+01	2.21657421550235e+28
1.74100000000000e+01	2.20714971815652e+28
1.74200000000000e+01	2.19775998974283e+28
1.74300000000000e+01	2.18840539799671e+28
1.74400000000000e+01	2.17909771121993e+28
1.74500000000000e+01	2.16981464706778e+28
1.74600000000000e+01	2.16057927084661e+28
1.74700000000000e+01	2.15136713455439e+28
1.74800000000000e+01	2.14220322908201e+28
1.74900000000000e+01	2.13307862770794e+28
1.75000000000000e+01	2.12399117055526e+28
1.75100000000000e+01	2.11492755191275e+28
1.75200000000000e+01	2.10591424497871e+28
1.75300000000000e+01	2.09693783099963e+28
1.75400000000000e+01	2.08800031044792e+28
1.75500000000000e+01	2.07911039203270e+28
1.75600000000000e+01	2.07024390978017e+28
1.75700000000000e+01	2.06141613363104e+28
1.75800000000000e+01	2.05262500410280e+28
1.75900000000000e+01	2.04387064493170e+28
1.76000000000000e+01	2.03516404518136e+28
1.76100000000000e+01	2.02648166965233e+28
1.76200000000000e+01	2.01783668896345e+28
1.76300000000000e+01	2.00924213742418e+28
1.76400000000000e+01	2.00067259866411e+28
1.76500000000000e+01	1.99214107522899e+28
1.76600000000000e+01	1.98366040248573e+28
1.76700000000000e+01	1.97520528314089e+28
1.76800000000000e+01	1.96680109770672e+28
1.76900000000000e+01	1.95842466737709e+28
1.77000000000000e+01	1.95009907150059e+28
1.77100000000000e+01	1.94180118894596e+28
1.77200000000000e+01	1.93355591736265e+28
1.77300000000000e+01	1.92533819769306e+28
1.77400000000000e+01	1.91717072564336e+28
1.77500000000000e+01	1.90903255822639e+28
1.77600000000000e+01	1.90093389271699e+28
1.77700000000000e+01	1.89288681369224e+28
1.77800000000000e+01	1.88486852179001e+28
1.77900000000000e+01	1.87689936083837e+28
1.78000000000000e+01	1.86896059169149e+28
1.78100000000000e+01	1.86106029060674e+28
1.78200000000000e+01	1.85321032261274e+28
1.78300000000000e+01	1.84539015901039e+28
1.78400000000000e+01	1.83760780901343e+28
1.78500000000000e+01	1.82986498527761e+28
1.78600000000000e+01	1.82217147108892e+28
1.78700000000000e+01	1.81450509127882e+28
1.78800000000000e+01	1.80687944797873e+28
1.78900000000000e+01	1.79929055626718e+28
1.79000000000000e+01	1.79174007198142e+28
1.79100000000000e+01	1.78422965188574e+28
1.79200000000000e+01	1.77675533084745e+28
1.79300000000000e+01	1.76931081859621e+28
1.79400000000000e+01	1.76191182115589e+28
1.79500000000000e+01	1.75455200094038e+28
1.79600000000000e+01	1.74721772159246e+28
1.79700000000000e+01	1.73993192425122e+28
1.79800000000000e+01	1.73267496540854e+28
1.79900000000000e+01	1.72765739538400e+28
1.80000000000000e+01	1.71827638963000e+28
1.80100000000000e+01	1.71112834556430e+28
1.80200000000000e+01	1.70402755150995e+28
1.80300000000000e+01	1.69907545459435e+28
1.80400000000000e+01	1.68991186799861e+28
1.80500000000000e+01	1.68499793194175e+28
1.80600000000000e+01	1.67800442948894e+28
1.80700000000000e+01	1.67105544274628e+28
1.80800000000000e+01	1.66210352459330e+28
1.80900000000000e+01	1.65523288780264e+28
1.81000000000000e+01	1.65041253181339e+28
1.81100000000000e+01	1.64359583509050e+28
1.81200000000000e+01	1.63681321980554e+28
1.81300000000000e+01	1.62810791223505e+28
1.81400000000000e+01	1.62141212552329e+28
1.81500000000000e+01	1.61474968247618e+28
1.81600000000000e+01	1.60812210619288e+28
1.81700000000000e+01	1.60152749757729e+28
1.81800000000000e+01	1.59495822886382e+28
1.81900000000000e+01	1.59029784638177e+28
1.82000000000000e+01	1.58192986774352e+28
1.82100000000000e+01	1.57546127916410e+28
1.82200000000000e+01	1.57084560761182e+28
1.82300000000000e+01	1.56442969932842e+28
1.82400000000000e+01	1.55625389661897e+28
1.82500000000000e+01	1.54990688357327e+28
1.82600000000000e+01	1.54536660259248e+28
1.82700000000000e+01	1.53907133693022e+28
1.82800000000000e+01	1.53107385737569e+28
1.82900000000000e+01	1.52657898449003e+28
1.83000000000000e+01	1.52038151563951e+28
1.83100000000000e+01	1.51252093156510e+28
1.83200000000000e+01	1.50639964596980e+28
1.83300000000000e+01	1.50196818337026e+28
1.83400000000000e+01	1.49423469802846e+28
1.83500000000000e+01	1.48983982766873e+28
1.83600000000000e+01	1.48219550054587e+28
1.83700000000000e+01	1.47783538523831e+28
1.83800000000000e+01	1.47027749163275e+28
1.83900000000000e+01	1.46594641940233e+28
1.84000000000000e+01	1.46004299228910e+28
1.84100000000000e+01	1.45417010761367e+28
1.84200000000000e+01	1.44677634559231e+28
1.84300000000000e+01	1.44251528557771e+28
1.84400000000000e+01	1.43673300974736e+28
1.84500000000000e+01	1.43097211643663e+28
1.84600000000000e+01	1.42524096908093e+28
1.84700000000000e+01	1.41804858334465e+28
1.84800000000000e+01	1.41238818554330e+28
1.84900000000000e+01	1.40675692535025e+28
1.85000000000000e+01	1.40114628445730e+28
1.85100000000000e+01	1.39556450048583e+28
1.85200000000000e+01	1.39001141145944e+28
1.85300000000000e+01	1.38448685151105e+28
1.85400000000000e+01	1.37899066581875e+28
1.85500000000000e+01	1.37491374217731e+28
1.85600000000000e+01	1.36945609584256e+28
1.85700000000000e+01	1.36402501181420e+28
1.85800000000000e+01	1.35725673211992e+28
1.85900000000000e+01	1.35189198272720e+28
1.86000000000000e+01	1.34654803843254e+28
1.86100000000000e+01	1.34256606059576e+28
1.86200000000000e+01	1.33594207304618e+28
1.86300000000000e+01	1.33199352687026e+28
1.86400000000000e+01	1.32673978838670e+28
1.86500000000000e+01	1.32021966199480e+28
1.86600000000000e+01	1.31503109004839e+28
1.86700000000000e+01	1.31114073104673e+28
1.86800000000000e+01	1.30599506008203e+28
1.86900000000000e+01	1.30086775016121e+28
1.87000000000000e+01	1.29576802669613e+28
1.87100000000000e+01	1.29069293970161e+28
1.87200000000000e+01	1.28564514122325e+28
1.87300000000000e+01	1.28061523940285e+28
1.87400000000000e+01	1.27440578651024e+28
1.87500000000000e+01	1.26943641933492e+28
1.87600000000000e+01	1.26449370940544e+28
1.87700000000000e+01	1.26074430511575e+28
1.87800000000000e+01	1.25583486871893e+28
1.87900000000000e+01	1.25095177322862e+28
1.88000000000000e+01	1.24494209956357e+28
1.88100000000000e+01	1.24010979344921e+28
1.88200000000000e+01	1.23530202073944e+28
1.88300000000000e+01	1.23051997929840e+28
1.88400000000000e+01	1.22575324854910e+28
1.88500000000000e+01	1.22212577980322e+28
1.88600000000000e+01	1.21630372004892e+28
1.88700000000000e+01	1.21160285183759e+28
1.88800000000000e+01	1.20693464300634e+28
1.88900000000000e+01	1.20335619372272e+28
1.89000000000000e+01	1.19871937153804e+28
1.89100000000000e+01	1.19410733146783e+28
1.89200000000000e+01	1.18846480419159e+28
1.89300000000000e+01	1.18493960873545e+28
1.89400000000000e+01	1.17935957226639e+28
1.89500000000000e+01	1.17586699492142e+28
1.89600000000000e+01	1.17034130337561e+28
1.89700000000000e+01	1.16586325394321e+28
1.89800000000000e+01	1.16140907469100e+28
1.89900000000000e+01	1.15796252926891e+28
1.90000000000000e+01	1.15353827226312e+28
1.90100000000000e+01	1.14913759607594e+28
1.90200000000000e+01	1.14378209721519e+28
1.90300000000000e+01	1.13942594049864e+28
1.90400000000000e+01	1.13509297227427e+28
1.90500000000000e+01	1.13078305675511e+28
1.90600000000000e+01	1.12742800800153e+28
1.90700000000000e+01	1.12314702027269e+28
1.90800000000000e+01	1.11796159446386e+28
1.90900000000000e+01	1.11464370615854e+28
1.91000000000000e+01	1.11042239175315e+28
1.91100000000000e+01	1.10622231720603e+28
1.91200000000000e+01	1.10113952305376e+28
1.91300000000000e+01	1.09787958938235e+28
1.91400000000000e+01	1.09373089749255e+28
1.91500000000000e+01	1.08873252116979e+28
1.91600000000000e+01	1.08463210052315e+28
1.91700000000000e+01	1.08055344116718e+28
1.91800000000000e+01	1.07734590058184e+28
1.91900000000000e+01	1.07244468002639e+28
1.92000000000000e+01	1.06842135110900e+28
1.92100000000000e+01	1.06525753209961e+28
1.92200000000000e+01	1.06043169579677e+28
1.92300000000000e+01	1.05646400357726e+28
1.92400000000000e+01	1.05332850464726e+28
1.92500000000000e+01	1.04938855192294e+28
1.92600000000000e+01	1.04466156840389e+28
1.92700000000000e+01	1.04076826350663e+28
1.92800000000000e+01	1.03768335647955e+28
1.92900000000000e+01	1.03381725372607e+28
1.93000000000000e+01	1.02996488206668e+28
1.93100000000000e+01	1.02535517490386e+28
1.93200000000000e+01	1.02154826716849e+28
1.93300000000000e+01	1.01775367702656e+28
1.93400000000000e+01	1.01474493468195e+28
1.93500000000000e+01	1.01022461099749e+28
1.93600000000000e+01	1.00648880393861e+28
1.93700000000000e+01	1.00350699117042e+28
1.93800000000000e+01	9.99055392275618e+27
1.93900000000000e+01	9.95363177428511e+27
1.94000000000000e+01	9.92416853088044e+27
1.94100000000000e+01	9.88758082496663e+27
1.94200000000000e+01	9.84397743655678e+27
1.94300000000000e+01	9.80775349271019e+27
1.94400000000000e+01	9.77869189468990e+27
1.94500000000000e+01	9.74272088174538e+27
1.94600000000000e+01	9.70002029134772e+27
1.94700000000000e+01	9.67128343286212e+27
1.94800000000000e+01	9.62898892064103e+27
1.94900000000000e+01	9.59374886084163e+27
1.95000000000000e+01	9.55861998982704e+27
1.95100000000000e+01	9.53036038606888e+27
1.95200000000000e+01	9.48886410552850e+27
1.95300000000000e+01	9.45421429159852e+27
1.95400000000000e+01	9.41975775844146e+27
1.95500000000000e+01	9.38540911259327e+27
1.95600000000000e+01	9.35765734955018e+27
1.95700000000000e+01	9.32362180220511e+27
1.95800000000000e+01	9.28969255917927e+27
1.95900000000000e+01	9.24964959024571e+27
1.96000000000000e+01	9.22229728938446e+27
1.96100000000000e+01	9.18882966450358e+27
1.96200000000000e+01	9.14932397034475e+27
1.96300000000000e+01	9.12235076388583e+27
1.96400000000000e+01	9.08927589475462e+27
1.96500000000000e+01	9.05043223074659e+27
1.96600000000000e+01	9.01773997853883e+27
1.96700000000000e+01	8.99108389277150e+27
1.96800000000000e+01	8.95862964581468e+27
1.96900000000000e+01	8.92633649051746e+27
1.97000000000000e+01	8.88833749314372e+27
1.97100000000000e+01	8.85633509485875e+27
1.97200000000000e+01	8.82434846871931e+27
1.97300000000000e+01	8.79811223993013e+27
1.97400000000000e+01	8.76608170927928e+27
1.97500000000000e+01	8.73379141375426e+27
1.97600000000000e+01	8.69549341196906e+27
1.97700000000000e+01	8.66182776870959e+27
1.97800000000000e+01	8.63194482549153e+27
1.97900000000000e+01	8.59382709641798e+27
1.98000000000000e+01	8.55136396124557e+27
1.98100000000000e+01	8.49704230544104e+27
1.98200000000000e+01	8.43833003513433e+27
1.98300000000000e+01	8.37059347031849e+27
1.98400000000000e+01	8.27332748525927e+27
1.98500000000000e+01	8.15970689405951e+27
1.98600000000000e+01	8.00246395907657e+27
1.98700000000000e+01	7.80709018367254e+27
1.98800000000000e+01	7.55969034979060e+27
1.98900000000000e+01	7.25504356739275e+27
1.99000000000000e+01	6.87813866139395e+27
1.99100000000000e+01	6.42851633325724e+27
1.99200000000000e+01	5.90599637311855e+27
1.99300000000000e+01	5.31578702368455e+27
1.99400000000000e+01	4.66899760034314e+27
1.99500000000000e+01	3.98742570933679e+27
1.99600000000000e+01	3.29323077445424e+27
1.99700000000000e+01	2.61685643471513e+27
1.99800000000000e+01	1.98810256850385e+27
1.99900000000000e+01	1.43471959382361e+27
2.00000000000000e+01	9.75008427354451e+26
