1.00000000000000e-02	2.57527376253163e+27
2.00000000000000e-02	1.03015512531027e+28
3.00000000000000e-02	2.31798035131044e+28
4.00000000000000e-02	4.12121780738960e+28
5.00000000000000e-02	6.44012347121293e+28
6.00000000000000e-02	9.27500434223178e+28
7.00000000000000e-02	1.26264416356390e+29
8.00000000000000e-02	1.64946376443321e+29
9.00000000000000e-02	2.08803956968310e+29
1.00000000000000e-01	2.57843104754985e+29
1.10000000000000e-01	3.12072622141927e+29
1.20000000000000e-01	3.71498480270559e+29
1.30000000000000e-01	4.36129704664466e+29
1.40000000000000e-01	5.05976445172743e+29
1.50000000000000e-01	5.81049972827057e+29
1.60000000000000e-01	6.61362999685273e+29
1.70000000000000e-01	7.46925789135518e+29
1.80000000000000e-01	8.37743179538471e+29
1.90000000000000e-01	9.33848280587667e+29
2.00000000000000e-01	1.03523486537747e+30
2.10000000000000e-01	1.14192949345905e+30
2.20000000000000e-01	1.25395300435007e+30
2.30000000000000e-01	1.37131328625833e+30
2.40000000000000e-01	1.49403416599155e+30
2.50000000000000e-01	1.62212996395069e+30
2.60000000000000e-01	1.75562212072152e+30
2.70000000000000e-01	1.89452822731192e+30
2.80000000000000e-01	2.03887158436196e+30
2.90000000000000e-01	2.18866735924662e+30
3.00000000000000e-01	2.34396994214415e+30
3.10000000000000e-01	2.50477249430162e+30
3.20000000000000e-01	2.67111447412595e+30
3.30000000000000e-01	2.84298639407095e+30
3.40000000000000e-01	3.02048082789396e+30
3.50000000000000e-01	3.20356622957272e+30
3.60000000000000e-01	3.39233052350339e+30
3.70000000000000e-01	3.58674137868110e+30
3.80000000000000e-01	3.78688311531192e+30
3.90000000000000e-01	3.99274180884354e+30
4.00000000000000e-01	4.20439783989877e+30
4.10000000000000e-01	4.42184696114635e+30
4.20000000000000e-01	4.64513623131193e+30
4.30000000000000e-01	4.87430834571272e+30
4.40000000000000e-01	5.10941491248952e+30
4.50000000000000e-01	5.35046320713462e+30
4.60000000000000e-01	5.59748919347886e+30
4.70000000000000e-01	5.85057512550136e+30
4.80000000000000e-01	6.10976452459125e+30
4.90000000000000e-01	6.37506324232076e+30
5.00000000000000e-01	6.64654177082740e+30
5.10000000000000e-01	6.92419191556799e+30
5.20000000000000e-01	7.20819861161966e+30
5.30000000000000e-01	7.49843219431191e+30
5.40000000000000e-01	7.79513598667616e+30
5.50000000000000e-01	8.09817020702730e+30
5.60000000000000e-01	8.40774248717226e+30
5.70000000000000e-01	8.72383135819580e+30
5.80000000000000e-01	9.04651719940030e+30
5.90000000000000e-01	9.37585131786635e+30
6.00000000000000e-01	9.71189333284043e+30
6.10000000000000e-01	1.00546523782525e+31
6.20000000000000e-01	1.04043706177920e+31
6.30000000000000e-01	1.07609084656293e+31
6.40000000000000e-01	1.11243721729062e+31
6.50000000000000e-01	1.14949368881075e+31
6.60000000000000e-01	1.18726040587574e+31
6.70000000000000e-01	1.22574783768405e+31
6.80000000000000e-01	1.26495698649284e+31
6.90000000000000e-01	1.30490389756856e+31
7.00000000000000e-01	1.34559056718265e+31
7.10000000000000e-01	1.38703415085792e+31
7.20000000000000e-01	1.42922563942803e+31
7.30000000000000e-01	1.47218011770913e+31
7.40000000000000e-01	1.51591705540723e+31
7.50000000000000e-01	1.56043769046229e+31
7.60000000000000e-01	1.60576182861829e+31
7.70000000000000e-01	1.65188904376177e+31
7.80000000000000e-01	1.69881474987369e+31
7.90000000000000e-01	1.74657814941414e+31
8.00000000000000e-01	1.79517823477343e+31
8.10000000000000e-01	1.84460520295267e+31
8.20000000000000e-01	1.89490918080427e+31
8.30000000000000e-01	1.94607217695834e+31
8.40000000000000e-01	1.99810678874095e+31
8.50000000000000e-01	2.05104324557489e+31
8.60000000000000e-01	2.10488955755478e+31
8.70000000000000e-01	2.15963511864529e+31
8.80000000000000e-01	2.21533059429817e+31
8.90000000000000e-01	2.27195534544807e+31
9.00000000000000e-01	2.32953056130808e+31
9.10000000000000e-01	2.38809175255486e+31
9.20000000000000e-01	2.44763220715141e+31
9.30000000000000e-01	2.50817655117858e+31
9.40000000000000e-01	2.56975022580530e+31
9.50000000000000e-01	2.63232369924553e+31
9.60000000000000e-01	2.69597912812527e+31
9.70000000000000e-01	2.76067370297924e+31
9.80000000000000e-01	2.82647996562731e+31
9.90000000000000e-01	2.89336272420932e+31
1.00000000000000e+00	2.96138289980782e+31
1.01000000000000e+00	3.03051697358631e+31
1.02000000000000e+00	3.10083009643793e+31
1.03000000000000e+00	3.17232914324644e+31
1.04000000000000e+00	3.24501447063310e+31
1.05000000000000e+00	3.31891337088454e+31
1.06000000000000e+00	3.39404811025173e+31
1.07000000000000e+00	3.47046810687706e+31
1.08000000000000e+00	3.54817122485792e+31
1.09000000000000e+00	3.62720390627412e+31
1.10000000000000e+00	3.70756281539241e+31
1.11000000000000e+00	3.78929095722348e+31
1.12000000000000e+00	3.87238928892751e+31
1.13000000000000e+00	3.95693372738516e+31
1.14000000000000e+00	4.04290866169372e+31
1.15000000000000e+00	4.13035435594284e+31
1.16000000000000e+00	4.21932476208676e+31
1.17000000000000e+00	4.30983775008434e+31
1.18000000000000e+00	4.40190416742152e+31
1.19000000000000e+00	4.49559284735960e+31
1.20000000000000e+00	4.59091070862426e+31
1.21000000000000e+00	4.68788192668845e+31
1.22000000000000e+00	4.78661735822732e+31
1.23000000000000e+00	4.88706653424019e+31
1.24000000000000e+00	4.98933090410998e+31
1.25000000000000e+00	5.09341462637383e+31
1.26000000000000e+00	5.19936405381379e+31
1.27000000000000e+00	5.30726249638661e+31
1.28000000000000e+00	5.41714152187981e+31
1.29000000000000e+00	5.52901162611325e+31
1.30000000000000e+00	5.64291094361944e+31
1.31000000000000e+00	5.75897977593773e+31
1.32000000000000e+00	5.87720537292667e+31
1.33000000000000e+00	5.99765706740424e+31
1.34000000000000e+00	6.12039873461366e+31
1.35000000000000e+00	6.24544878755903e+31
1.36000000000000e+00	6.37295573055704e+31
1.37000000000000e+00	6.50288082394763e+31
1.38000000000000e+00	6.63537920922828e+31
1.39000000000000e+00	6.77049850803912e+31
1.40000000000000e+00	6.90827447934565e+31
1.41000000000000e+00	7.04882918854861e+31
1.42000000000000e+00	7.19224098272677e+31
1.43000000000000e+00	7.33857657796856e+31
1.44000000000000e+00	7.48789041608377e+31
1.45000000000000e+00	7.64030104260878e+31
1.46000000000000e+00	7.79596852512566e+31
1.47000000000000e+00	7.95488035744267e+31
1.48000000000000e+00	8.11724810537820e+31
1.49000000000000e+00	8.28309542216023e+31
1.50000000000000e+00	8.45255497672363e+31
1.51000000000000e+00	8.62575913705798e+31
1.52000000000000e+00	8.80289071192539e+31
1.53000000000000e+00	8.98401079002297e+31
1.54000000000000e+00	9.16923481440982e+31
1.55000000000000e+00	9.35879708263544e+31
1.56000000000000e+00	9.55279214139943e+31
1.57000000000000e+00	9.75136639468083e+31
1.58000000000000e+00	9.95477896676777e+31
1.59000000000000e+00	1.01631465012311e+32
1.60000000000000e+00	1.03766597494050e+32
1.61000000000000e+00	1.05955624391268e+32
1.62000000000000e+00	1.08199542524180e+32
1.63000000000000e+00	1.10502484190339e+32
1.64000000000000e+00	1.12865198581053e+32
1.65000000000000e+00	1.15290730647403e+32
1.66000000000000e+00	1.17782646874066e+32
1.67000000000000e+00	1.20342361741116e+32
1.68000000000000e+00	1.22973722252492e+32
1.69000000000000e+00	1.25680214426561e+32
1.70000000000000e+00	1.28463911743675e+32
1.71000000000000e+00	1.31330125041295e+32
1.72000000000000e+00	1.34281289224537e+32
1.73000000000000e+00	1.37323242967684e+32
1.74000000000000e+00	1.40459936824097e+32
1.75000000000000e+00	1.43696537012538e+32
1.76000000000000e+00	1.47039449558656e+32
1.77000000000000e+00	1.50494102649792e+32
1.78000000000000e+00	1.54066696934816e+32
1.79000000000000e+00	1.57763759817638e+32
1.80000000000000e+00	1.61593452196416e+32
1.81000000000000e+00	1.65561192208644e+32
1.82000000000000e+00	1.69674620937196e+32
1.83000000000000e+00	1.73939557246662e+32
1.84000000000000e+00	1.78367459468998e+32
1.85000000000000e+00	1.82962587826414e+32
1.86000000000000e+00	1.87736648694440e+32
1.87000000000000e+00	1.92700111077965e+32
1.88000000000000e+00	1.97865529690816e+32
1.89000000000000e+00	2.03249341138731e+32
1.90000000000000e+00	2.08870694415749e+32
1.91000000000000e+00	2.14749454105385e+32
1.92000000000000e+00	2.20912648532848e+32
1.93000000000000e+00	2.27382825362431e+32
1.94000000000000e+00	2.34190287497705e+32
1.95000000000000e+00	2.41366228121736e+32
1.96000000000000e+00	2.48942605865417e+32
1.97000000000000e+00	2.56955870911888e+32
1.98000000000000e+00	2.65442348622040e+32
1.99000000000000e+00	2.74441651696604e+32
2.00000000000000e+00	2.84005333964380e+32
2.01000000000000e+00	2.94192564142105e+32
2.02000000000000e+00	3.05080886284789e+32
2.03000000000000e+00	3.16759370551233e+32
2.04000000000000e+00	3.29348360397103e+32
2.05000000000000e+00	3.42990872110299e+32
2.06000000000000e+00	3.57861910739288e+32
2.07000000000000e+00	3.74163738229733e+32
2.08000000000000e+00	3.92111931942509e+32
2.09000000000000e+00	4.11941659859989e+32
2.10000000000000e+00	4.33870945619344e+32
2.11000000000000e+00	4.58085032471265e+32
2.12000000000000e+00	4.84705995424050e+32
2.13000000000000e+00	5.13755472937437e+32
2.14000000000000e+00	5.45116724798711e+32
2.15000000000000e+00	5.78497745034886e+32
2.16000000000000e+00	6.13416560499495e+32
2.17000000000000e+00	6.49151841411811e+32
2.18000000000000e+00	6.84755524728182e+32
2.19000000000000e+00	7.19079370754112e+32
2.20000000000000e+00	7.50808453668821e+32
2.21000000000000e+00	7.78584900415275e+32
2.22000000000000e+00	8.01132480982677e+32
2.23000000000000e+00	8.17440051450873e+32
2.24000000000000e+00	8.26958906925158e+32
2.25000000000000e+00	8.29725420848273e+32
2.26000000000000e+00	8.26424125732151e+32
2.27000000000000e+00	8.18315344626353e+32
2.28000000000000e+00	8.07085351815764e+32
2.29000000000000e+00	7.94565408015893e+32
2.30000000000000e+00	7.82447476056433e+32
2.31000000000000e+00	7.72066855064180e+32
2.32000000000000e+00	7.64151211839168e+32
2.33000000000000e+00	7.58751855423057e+32
2.34000000000000e+00	7.55257816837645e+32
2.35000000000000e+00	7.52560750698690e+32
2.36000000000000e+00	7.49451167435557e+32
2.37000000000000e+00	7.45051442346214e+32
2.38000000000000e+00	7.39091750350947e+32
2.39000000000000e+00	7.31912546023083e+32
2.40000000000000e+00	7.24179277000588e+32
2.41000000000000e+00	7.16541438418444e+32
2.42000000000000e+00	7.09410400067948e+32
2.43000000000000e+00	7.02902207860630e+32
2.44000000000000e+00	6.96882546985553e+32
2.45000000000000e+00	6.91130813359826e+32
2.46000000000000e+00	6.85455371891103e+32
2.47000000000000e+00	6.79787779122032e+32
2.48000000000000e+00	6.74218848188518e+32
2.49000000000000e+00	6.68956239213583e+32
2.50000000000000e+00	6.64243788912350e+32
2.51000000000000e+00	6.60318707685221e+32
2.52000000000000e+00	6.57404398033212e+32
2.53000000000000e+00	6.55759308653138e+32
2.54000000000000e+00	6.55732094198995e+32
2.55000000000000e+00	6.57824912272517e+32
2.56000000000000e+00	6.62622893122536e+32
2.57000000000000e+00	6.70671304315828e+32
2.58000000000000e+00	6.82316437805966e+32
2.59000000000000e+00	6.97566085967236e+32
2.60000000000000e+00	7.16087976682534e+32
2.61000000000000e+00	7.37294971352956e+32
2.62000000000000e+00	7.60515259149500e+32
2.63000000000000e+00	7.85089118014766e+32
2.64000000000000e+00	8.10383176798241e+32
2.65000000000000e+00	8.35607694998839e+32
2.66000000000000e+00	8.59724546062350e+32
2.67000000000000e+00	8.81528320708652e+32
2.68000000000000e+00	8.99812256844688e+32
2.69000000000000e+00	9.13671977190201e+32
2.70000000000000e+00	9.22758657356280e+32
2.71000000000000e+00	9.27180963987368e+32
2.72000000000000e+00	9.27483381715749e+32
2.73000000000000e+00	9.24336942525072e+32
2.74000000000000e+00	9.18430750346582e+32
2.75000000000000e+00	9.10429142869149e+32
2.76000000000000e+00	9.00869514451837e+32
2.77000000000000e+00	8.90190004105113e+32
2.78000000000000e+00	8.78737671328435e+32
2.79000000000000e+00	8.66810697333291e+32
2.80000000000000e+00	8.54731523210121e+32
2.81000000000000e+00	8.42969659266563e+32
2.82000000000000e+00	8.32175560177833e+32
2.83000000000000e+00	8.23078784881093e+32
2.84000000000000e+00	8.16452273411235e+32
2.85000000000000e+00	8.12918776904300e+32
2.86000000000000e+00	8.12823984446613e+32
2.87000000000000e+00	8.16091931814743e+32
2.88000000000000e+00	8.22141292067842e+32
2.89000000000000e+00	8.29929092880328e+32
2.90000000000000e+00	8.37981767739987e+32
2.91000000000000e+00	8.44749691955689e+32
2.92000000000000e+00	8.48844916219459e+32
2.93000000000000e+00	8.49313048113622e+32
2.94000000000000e+00	8.45738342247700e+32
2.95000000000000e+00	8.38214904517226e+32
2.96000000000000e+00	8.27289173507900e+32
2.97000000000000e+00	8.13851244256981e+32
2.98000000000000e+00	7.99045699654606e+32
2.99000000000000e+00	7.84065793025265e+32
3.00000000000000e+00	7.69941079496272e+32
3.01000000000000e+00	7.57340485026637e+32
3.02000000000000e+00	7.46496211506196e+32
3.03000000000000e+00	7.37260517746036e+32
3.04000000000000e+00	7.29272982525549e+32
3.05000000000000e+00	7.22087951421383e+32
3.06000000000000e+00	7.15322073009337e+32
3.07000000000000e+00	7.08656319932550e+32
3.08000000000000e+00	7.01848096619564e+32
3.09000000000000e+00	6.94715530804103e+32
3.10000000000000e+00	6.87118646213148e+32
3.11000000000000e+00	6.78973660784013e+32
3.12000000000000e+00	6.70241030498344e+32
3.13000000000000e+00	6.60873346165148e+32
3.14000000000000e+00	6.50789055046070e+32
3.15000000000000e+00	6.39857332619913e+32
3.16000000000000e+00	6.27908396640115e+32
3.17000000000000e+00	6.14737822976119e+32
3.18000000000000e+00	6.00120781315922e+32
3.19000000000000e+00	5.83803715879945e+32
3.20000000000000e+00	5.65575585425573e+32
3.21000000000000e+00	5.45424920505235e+32
3.22000000000000e+00	5.23684388752887e+32
3.23000000000000e+00	5.01103632646776e+32
3.24000000000000e+00	4.78710431848611e+32
3.25000000000000e+00	4.57527340520717e+32
3.26000000000000e+00	4.38326006520667e+32
3.27000000000000e+00	4.21463246384286e+32
3.28000000000000e+00	4.06900473516688e+32
3.29000000000000e+00	3.94307659354727e+32
3.30000000000000e+00	3.83203949709942e+32
3.31000000000000e+00	3.73085578433537e+32
3.32000000000000e+00	3.63516025747948e+32
3.33000000000000e+00	3.54167916853838e+32
3.34000000000000e+00	3.44813375402256e+32
3.35000000000000e+00	3.35302813278719e+32
3.36000000000000e+00	3.25534544594051e+32
3.37000000000000e+00	3.15434017187229e+32
3.38000000000000e+00	3.04981484777719e+32
3.39000000000000e+00	2.94201290708448e+32
3.40000000000000e+00	2.83198343730783e+32
3.41000000000000e+00	2.72134970091733e+32
3.42000000000000e+00	2.61212736585769e+32
3.43000000000000e+00	2.50642452553313e+32
3.44000000000000e+00	2.40608813093939e+32
3.45000000000000e+00	2.31250723538516e+32
3.46000000000000e+00	2.22664667590996e+32
3.47000000000000e+00	2.14918148083406e+32
3.48000000000000e+00	2.08062510661751e+32
3.49000000000000e+00	2.02144530504071e+32
3.50000000000000e+00	1.97200516814892e+32
3.51000000000000e+00	1.93244861444349e+32
3.52000000000000e+00	1.90256928456812e+32
3.53000000000000e+00	1.88171616839130e+32
3.54000000000000e+00	1.86883385797085e+32
3.55000000000000e+00	1.86246017478102e+32
3.56000000000000e+00	1.86083469121023e+32
3.57000000000000e+00	1.86207700127840e+32
3.58000000000000e+00	1.86434213274463e+32
3.59000000000000e+00	1.86613415540974e+32
3.60000000000000e+00	1.86645297510288e+32
3.61000000000000e+00	1.86484756501228e+32
3.62000000000000e+00	1.86130436730233e+32
3.63000000000000e+00	1.85628303466743e+32
3.64000000000000e+00	1.85024181218865e+32
3.65000000000000e+00	1.84367660500083e+32
3.66000000000000e+00	1.83693962404140e+32
3.67000000000000e+00	1.83026784943192e+32
3.68000000000000e+00	1.82346466260668e+32
3.69000000000000e+00	1.81610358146715e+32
3.70000000000000e+00	1.80747672394010e+32
3.71000000000000e+00	1.79664331111652e+32
3.72000000000000e+00	1.78271906177164e+32
3.73000000000000e+00	1.76497493690635e+32
3.74000000000000e+00	1.74309430493254e+32
3.75000000000000e+00	1.71696187983926e+32
3.76000000000000e+00	1.68685415471439e+32
3.77000000000000e+00	1.65332021844751e+32
3.78000000000000e+00	1.61711130827601e+32
3.79000000000000e+00	1.57911089264608e+32
3.80000000000000e+00	1.54023485921951e+32
3.81000000000000e+00	1.50127177354267e+32
3.82000000000000e+00	1.46279777236474e+32
3.83000000000000e+00	1.42519146214246e+32
3.84000000000000e+00	1.38853315447692e+32
3.85000000000000e+00	1.35264230422809e+32
3.86000000000000e+00	1.31718156961767e+32
3.87000000000000e+00	1.28166688867967e+32
3.88000000000000e+00	1.24555340775361e+32
3.89000000000000e+00	1.20835901967499e+32
3.90000000000000e+00	1.16978783935946e+32
3.91000000000000e+00	1.12986271501520e+32
3.92000000000000e+00	1.08891709938745e+32
3.93000000000000e+00	1.04755248419149e+32
3.94000000000000e+00	1.00648294833621e+32
3.95000000000000e+00	9.66533401458891e+31
3.96000000000000e+00	9.28383259143191e+31
3.97000000000000e+00	8.92554028417077e+31
3.98000000000000e+00	8.59383523127924e+31
3.99000000000000e+00	8.28930857869525e+31
4.00000000000000e+00	8.01067226915856e+31
4.01000000000000e+00	7.75479332247397e+31
4.02000000000000e+00	7.51762356340625e+31
4.03000000000000e+00	7.29487351556197e+31
4.04000000000000e+00	7.08235648287263e+31
4.05000000000000e+00	6.87664897750429e+31
4.06000000000000e+00	6.67554768524212e+31
4.07000000000000e+00	6.47784796476758e+31
4.08000000000000e+00	6.28323702984338e+31
4.09000000000000e+00	6.09227274106288e+31
4.10000000000000e+00	5.90558646679903e+31
4.11000000000000e+00	5.72405141921282e+31
4.12000000000000e+00	5.54865562866254e+31
4.13000000000000e+00	5.38024752783687e+31
4.14000000000000e+00	5.21979219372107e+31
4.15000000000000e+00	5.06811278665808e+31
4.16000000000000e+00	4.92581465113505e+31
4.17000000000000e+00	4.79306559165704e+31
4.18000000000000e+00	4.66927742163040e+31
4.19000000000000e+00	4.55363476803058e+31
4.20000000000000e+00	4.44470788044352e+31
4.21000000000000e+00	4.34121437592032e+31
4.22000000000000e+00	4.24198972706654e+31
4.23000000000000e+00	4.14637168924639e+31
4.24000000000000e+00	4.05413742510656e+31
4.25000000000000e+00	3.96574601359894e+31
4.26000000000000e+00	3.88198942820551e+31
4.27000000000000e+00	3.80386065308780e+31
4.28000000000000e+00	3.73231050724815e+31
4.29000000000000e+00	3.66778846197971e+31
4.30000000000000e+00	3.61041168174036e+31
4.31000000000000e+00	3.55955572574722e+31
4.32000000000000e+00	3.51432749195628e+31
4.33000000000000e+00	3.47334181732856e+31
4.34000000000000e+00	3.43522196568999e+31
4.35000000000000e+00	3.39836944125967e+31
4.36000000000000e+00	3.36132915045809e+31
4.37000000000000e+00	3.32251962455826e+31
4.38000000000000e+00	3.28061826667153e+31
4.39000000000000e+00	3.23419018216340e+31
4.40000000000000e+00	3.18230180297889e+31
4.41000000000000e+00	3.12419896388036e+31
4.42000000000000e+00	3.05975291533119e+31
4.43000000000000e+00	2.98912251557017e+31
4.44000000000000e+00	2.91301161816212e+31
4.45000000000000e+00	2.83212917211707e+31
4.46000000000000e+00	2.74755730319325e+31
4.47000000000000e+00	2.66032173924557e+31
4.48000000000000e+00	2.57157045393353e+31
4.49000000000000e+00	2.48254608922706e+31
4.50000000000000e+00	2.39441569948765e+31
4.51000000000000e+00	2.30855181168786e+31
4.52000000000000e+00	2.22610122288036e+31
4.53000000000000e+00	2.14836158031508e+31
4.54000000000000e+00	2.07625282037961e+31
4.55000000000000e+00	2.01065954956957e+31
4.56000000000000e+00	1.95203509876107e+31
4.57000000000000e+00	1.90058825409960e+31
4.58000000000000e+00	1.85617475104748e+31
4.59000000000000e+00	1.81843107452193e+31
4.60000000000000e+00	1.78682530669094e+31
4.61000000000000e+00	1.76064757159718e+31
4.62000000000000e+00	1.73916885364216e+31
4.63000000000000e+00	1.72152853700832e+31
4.64000000000000e+00	1.70678536297001e+31
4.65000000000000e+00	1.69406211213341e+31
4.66000000000000e+00	1.68245189444359e+31
4.67000000000000e+00	1.67118844133236e+31
4.68000000000000e+00	1.65963630993552e+31
4.69000000000000e+00	1.64747315230961e+31
4.70000000000000e+00	1.63465174308110e+31
4.71000000000000e+00	1.62152875346658e+31
4.72000000000000e+00	1.60865847299763e+31
4.73000000000000e+00	1.59689843838773e+31
4.74000000000000e+00	1.58722843798897e+31
4.75000000000000e+00	1.58068169876627e+31
4.76000000000000e+00	1.57820572881729e+31
4.77000000000000e+00	1.58061795793016e+31
4.78000000000000e+00	1.58853651338177e+31
4.79000000000000e+00	1.60231353235424e+31
4.80000000000000e+00	1.62197701803142e+31
4.81000000000000e+00	1.64719532540292e+31
4.82000000000000e+00	1.67741139918871e+31
4.83000000000000e+00	1.71184311525845e+31
4.84000000000000e+00	1.74954270278011e+31
4.85000000000000e+00	1.78971368113633e+31
4.86000000000000e+00	1.83160705264199e+31
4.87000000000000e+00	1.87479194448607e+31
4.88000000000000e+00	1.91916747372432e+31
4.89000000000000e+00	1.96486101754608e+31
4.90000000000000e+00	2.01220046076991e+31
4.91000000000000e+00	2.06149552329381e+31
4.92000000000000e+00	2.11284511533468e+31
4.93000000000000e+00	2.16609074516323e+31
4.94000000000000e+00	2.22058500718672e+31
4.95000000000000e+00	2.27519565525115e+31
4.96000000000000e+00	2.32839321187973e+31
4.97000000000000e+00	2.37832376495702e+31
4.98000000000000e+00	2.42304039177991e+31
4.99000000000000e+00	2.46052892474666e+31
5.00000000000000e+00	2.48892445796002e+31
5.01000000000000e+00	2.50656146975669e+31
5.02000000000000e+00	2.51195276500066e+31
5.03000000000000e+00	2.50411907344462e+31
5.04000000000000e+00	2.48253159614597e+31
5.05000000000000e+00	2.44741433207328e+31
5.06000000000000e+00	2.39967317880188e+31
5.07000000000000e+00	2.34104673064664e+31
5.08000000000000e+00	2.27390289259596e+31
5.09000000000000e+00	2.20105376757634e+31
5.10000000000000e+00	2.12563285550993e+31
5.11000000000000e+00	2.05082802481062e+31
5.12000000000000e+00	1.97958414977735e+31
5.13000000000000e+00	1.91451561699054e+31
5.14000000000000e+00	1.85771021410850e+31
5.15000000000000e+00	1.81037305263914e+31
5.16000000000000e+00	1.77313454887265e+31
5.17000000000000e+00	1.74566855409317e+31
5.18000000000000e+00	1.72690750429423e+31
5.19000000000000e+00	1.71511889359902e+31
5.20000000000000e+00	1.70814524611196e+31
5.21000000000000e+00	1.70361741637437e+31
5.22000000000000e+00	1.69929974230160e+31
5.23000000000000e+00	1.69329439252312e+31
5.24000000000000e+00	1.68425254796955e+31
5.25000000000000e+00	1.67139995814129e+31
5.26000000000000e+00	1.65451525647260e+31
5.27000000000000e+00	1.63380163535912e+31
5.28000000000000e+00	1.60969182714174e+31
5.29000000000000e+00	1.58277867361266e+31
5.30000000000000e+00	1.55358242885718e+31
5.31000000000000e+00	1.52247977854829e+31
5.32000000000000e+00	1.48963153444351e+31
5.33000000000000e+00	1.45498003979914e+31
5.34000000000000e+00	1.41825162409085e+31
5.35000000000000e+00	1.37911692634616e+31
5.36000000000000e+00	1.33727559454847e+31
5.37000000000000e+00	1.29267397694904e+31
5.38000000000000e+00	1.24565158504827e+31
5.39000000000000e+00	1.19706009625353e+31
5.40000000000000e+00	1.14832461995970e+31
5.41000000000000e+00	1.10136205539145e+31
5.42000000000000e+00	1.05845595414777e+31
5.43000000000000e+00	1.02200038022550e+31
5.44000000000000e+00	9.94251071046722e+30
5.45000000000000e+00	9.76990521480588e+30
5.46000000000000e+00	9.71315757360828e+30
5.47000000000000e+00	9.77486210334229e+30
5.48000000000000e+00	9.94857884745141e+30
5.49000000000000e+00	1.02204593681167e+31
5.50000000000000e+00	1.05709429747856e+31
5.51000000000000e+00	1.09782795416588e+31
5.52000000000000e+00	1.14221773057412e+31
5.53000000000000e+00	1.18869982668376e+31
5.54000000000000e+00	1.23643629742629e+31
5.55000000000000e+00	1.28537568826591e+31
5.56000000000000e+00	1.33634038676562e+31
5.57000000000000e+00	1.39068065886558e+31
5.58000000000000e+00	1.45011016152504e+31
5.59000000000000e+00	1.51622833890391e+31
5.60000000000000e+00	1.59013968693369e+31
5.61000000000000e+00	1.67223806189186e+31
5.62000000000000e+00	1.76196298328085e+31
5.63000000000000e+00	1.85778520713117e+31
5.64000000000000e+00	1.95740571006541e+31
5.65000000000000e+00	2.05802526052557e+31
5.66000000000000e+00	2.15667211335870e+31
5.67000000000000e+00	2.25058569051270e+31
5.68000000000000e+00	2.33745118131903e+31
5.69000000000000e+00	2.41551596221859e+31
5.70000000000000e+00	2.48396878125684e+31
5.71000000000000e+00	2.54269021502072e+31
5.72000000000000e+00	2.59235115748270e+31
5.73000000000000e+00	2.63445959616835e+31
5.74000000000000e+00	2.67092423282373e+31
5.75000000000000e+00	2.70406997332459e+31
5.76000000000000e+00	2.73632231901742e+31
5.77000000000000e+00	2.76998943776777e+31
5.78000000000000e+00	2.80695092440397e+31
5.79000000000000e+00	2.84858307677258e+31
5.80000000000000e+00	2.89543501252648e+31
5.81000000000000e+00	2.94742542346263e+31
5.82000000000000e+00	3.00377573636932e+31
5.83000000000000e+00	3.06323365549038e+31
5.84000000000000e+00	3.12433665552315e+31
5.85000000000000e+00	3.18602615863172e+31
5.86000000000000e+00	3.24789327809113e+31
5.87000000000000e+00	3.31089197315727e+31
5.88000000000000e+00	3.37733280893072e+31
5.89000000000000e+00	3.45130242397333e+31
5.90000000000000e+00	3.53835287523915e+31
5.91000000000000e+00	3.64498796747326e+31
5.92000000000000e+00	3.77825669685315e+31
5.93000000000000e+00	3.94441244160882e+31
5.94000000000000e+00	4.14881421805835e+31
5.95000000000000e+00	4.39491153251290e+31
5.96000000000000e+00	4.68422867932850e+31
5.97000000000000e+00	5.01666319395684e+31
5.98000000000000e+00	5.39055584001737e+31
5.99000000000000e+00	5.80399451816705e+31
6.00000000000000e+00	6.25532417864701e+31
6.01000000000000e+00	6.74431065440180e+31
6.02000000000000e+00	7.27297557913987e+31
6.03000000000000e+00	7.84626041131534e+31
6.04000000000000e+00	8.47214744266167e+31
6.05000000000000e+00	9.16116549166928e+31
6.06000000000000e+00	9.92606241365511e+31
6.07000000000000e+00	1.07799376740695e+32
6.08000000000000e+00	1.17341555501188e+32
6.09000000000000e+00	1.27967979072200e+32
6.10000000000000e+00	1.39695232831599e+32
6.11000000000000e+00	1.52449869328355e+32
6.12000000000000e+00	1.66057945483328e+32
6.13000000000000e+00	1.80209158531989e+32
6.14000000000000e+00	1.94476453084397e+32
6.15000000000000e+00	2.08305791701667e+32
6.16000000000000e+00	2.21034708686765e+32
6.17000000000000e+00	2.31933819397650e+32
6.18000000000000e+00	2.40254637621024e+32
6.19000000000000e+00	2.45288039270005e+32
6.20000000000000e+00	2.46442122599518e+32
6.21000000000000e+00	2.43331755586106e+32
6.22000000000000e+00	2.35829871198420e+32
6.23000000000000e+00	2.24125280691954e+32
6.24000000000000e+00	2.08739001738388e+32
6.25000000000000e+00	1.90469139831567e+32
6.26000000000000e+00	1.70336950771153e+32
6.27000000000000e+00	1.49464885977390e+32
6.28000000000000e+00	1.28954478908357e+32
6.29000000000000e+00	1.09787154527424e+32
6.30000000000000e+00	9.27368526614471e+31
6.31000000000000e+00	7.83361073751320e+31
6.32000000000000e+00	6.68711818327098e+31
6.33000000000000e+00	5.84159552271915e+31
6.34000000000000e+00	5.28809274126441e+31
6.35000000000000e+00	5.00663883117587e+31
6.36000000000000e+00	4.97169345569175e+31
6.37000000000000e+00	5.15595884408733e+31
6.38000000000000e+00	5.53294529275473e+31
6.39000000000000e+00	6.07826246852222e+31
6.40000000000000e+00	6.77007605113728e+31
6.41000000000000e+00	7.58903429436667e+31
6.42000000000000e+00	8.51780484075591e+31
6.43000000000000e+00	9.54169491195519e+31
6.44000000000000e+00	1.06493220543718e+32
6.45000000000000e+00	1.18338069871666e+32
6.46000000000000e+00	1.30946951345859e+32
6.47000000000000e+00	1.44404449899228e+32
6.48000000000000e+00	1.58893711895161e+32
6.49000000000000e+00	1.74728856087829e+32
6.50000000000000e+00	1.92381056106210e+32
6.51000000000000e+00	2.12500949876295e+32
6.52000000000000e+00	2.35934509073324e+32
6.53000000000000e+00	2.63785786881892e+32
6.54000000000000e+00	2.97413315474187e+32
6.55000000000000e+00	3.38489455343837e+32
6.56000000000000e+00	3.88969875339014e+32
6.57000000000000e+00	4.51091565248517e+32
6.58000000000000e+00	5.27338822144485e+32
6.59000000000000e+00	6.20318690401606e+32
6.60000000000000e+00	7.32638014194164e+32
6.61000000000000e+00	8.66782579307459e+32
6.62000000000000e+00	1.02486678947919e+33
6.63000000000000e+00	1.20849589067357e+33
6.64000000000000e+00	1.41844015426840e+33
6.65000000000000e+00	1.65436284349168e+33
6.66000000000000e+00	1.91430871712342e+33
6.67000000000000e+00	2.19427748979125e+33
6.68000000000000e+00	2.48754535186218e+33
6.69000000000000e+00	2.78438022703742e+33
6.70000000000000e+00	3.07182266270767e+33
6.71000000000000e+00	3.33435663162466e+33
6.72000000000000e+00	3.55507812961691e+33
6.73000000000000e+00	3.71761476333127e+33
6.74000000000000e+00	3.80874849537426e+33
6.75000000000000e+00	3.82028602161158e+33
6.76000000000000e+00	3.75073373982337e+33
6.77000000000000e+00	3.60565361887157e+33
6.78000000000000e+00	3.39673019002624e+33
6.79000000000000e+00	3.13981992628655e+33
6.80000000000000e+00	2.85234705871987e+33
6.81000000000000e+00	2.55125586242881e+33
6.82000000000000e+00	2.25097212904378e+33
6.83000000000000e+00	1.96266879847109e+33
6.84000000000000e+00	1.69405440907312e+33
6.85000000000000e+00	1.44977021898922e+33
6.86000000000000e+00	1.23203513731057e+33
6.87000000000000e+00	1.04127894802331e+33
6.88000000000000e+00	8.76695831864801e+32
6.89000000000000e+00	7.36652084047066e+32
6.90000000000000e+00	6.18957827820475e+32
6.91000000000000e+00	5.21120370736307e+32
6.92000000000000e+00	4.40473392120739e+32
6.93000000000000e+00	3.74378760434232e+32
6.94000000000000e+00	3.20332823528765e+32
6.95000000000000e+00	2.76059276130927e+32
6.96000000000000e+00	2.39597065936740e+32
6.97000000000000e+00	2.09295103540992e+32
6.98000000000000e+00	1.83813991412847e+32
6.99000000000000e+00	1.62117298833667e+32
7.00000000000000e+00	1.43410956611762e+32
7.01000000000000e+00	1.27113238382966e+32
7.02000000000000e+00	1.12798330844774e+32
7.03000000000000e+00	1.00164380646038e+32
7.04000000000000e+00	8.89935859150073e+31
7.05000000000000e+00	7.91239300031004e+31
7.06000000000000e+00	7.04299024705924e+31
7.07000000000000e+00	6.28014961019562e+31
7.08000000000000e+00	5.61353261812332e+31
7.09000000000000e+00	5.03277534821330e+31
7.10000000000000e+00	4.52734914851814e+31
7.11000000000000e+00	4.08653668505590e+31
7.12000000000000e+00	3.69980399896553e+31
7.13000000000000e+00	3.35731130053182e+31
7.14000000000000e+00	3.05012800868212e+31
7.15000000000000e+00	2.77087760597362e+31
7.16000000000000e+00	2.51384486374775e+31
7.17000000000000e+00	2.27520750922466e+31
7.18000000000000e+00	2.05304802388713e+31
7.19000000000000e+00	1.84738355244981e+31
7.20000000000000e+00	1.65974338422675e+31
7.21000000000000e+00	1.49311271375142e+31
7.22000000000000e+00	1.35131018662020e+31
7.23000000000000e+00	1.23860764822835e+31
7.24000000000000e+00	1.15914727425684e+31
7.25000000000000e+00	1.11633788688461e+31
7.26000000000000e+00	1.11222436387713e+31
7.27000000000000e+00	1.14696645225788e+31
7.28000000000000e+00	1.21842290939290e+31
7.29000000000000e+00	1.32202512989505e+31
7.30000000000000e+00	1.45088916311061e+31
7.31000000000000e+00	1.59632166684942e+31
7.32000000000000e+00	1.74858840026127e+31
7.33000000000000e+00	1.89782840787224e+31
7.34000000000000e+00	2.03505443805142e+31
7.35000000000000e+00	2.15287674109409e+31
7.36000000000000e+00	2.24611261650874e+31
7.37000000000000e+00	2.31192909909566e+31
7.38000000000000e+00	2.34965589300068e+31
7.39000000000000e+00	2.36058401739163e+31
7.40000000000000e+00	2.34739276438344e+31
7.41000000000000e+00	2.31358975089137e+31
7.42000000000000e+00	2.26315852097700e+31
7.43000000000000e+00	2.20005381659546e+31
7.44000000000000e+00	2.12787166476442e+31
7.45000000000000e+00	2.04977997525799e+31
7.46000000000000e+00	1.96820389032289e+31
7.47000000000000e+00	1.88502047744847e+31
7.48000000000000e+00	1.80148249309505e+31
7.49000000000000e+00	1.71830312707363e+31
7.50000000000000e+00	1.63585337711332e+31
7.51000000000000e+00	1.55423468557558e+31
7.52000000000000e+00	1.47335638506739e+31
7.53000000000000e+00	1.39308505449292e+31
7.54000000000000e+00	1.31323332252018e+31
7.55000000000000e+00	1.23365359554384e+31
7.56000000000000e+00	1.15436023183033e+31
7.57000000000000e+00	1.07545610758908e+31
7.58000000000000e+00	9.97331331919901e+30
7.59000000000000e+00	9.20650677664663e+30
7.60000000000000e+00	8.46344209733503e+30
7.61000000000000e+00	7.75517400766153e+30
7.62000000000000e+00	7.09313263914015e+30
7.63000000000000e+00	6.48734982602269e+30
7.64000000000000e+00	5.94480104480795e+30
7.65000000000000e+00	5.46764406554698e+30
7.66000000000000e+00	5.05391190510696e+30
7.67000000000000e+00	4.69760714766756e+30
7.68000000000000e+00	4.39021384518068e+30
7.69000000000000e+00	4.12261551290182e+30
7.70000000000000e+00	3.88660760373744e+30
7.71000000000000e+00	3.67662797106850e+30
7.72000000000000e+00	3.49053680747931e+30
7.73000000000000e+00	3.33018664533580e+30
7.74000000000000e+00	3.20111330848133e+30
7.75000000000000e+00	3.11180464163079e+30
7.76000000000000e+00	3.07251401044918e+30
7.77000000000000e+00	3.09361451812588e+30
7.78000000000000e+00	3.18385156698831e+30
7.79000000000000e+00	3.34858311463797e+30
7.80000000000000e+00	3.58857205601394e+30
7.81000000000000e+00	3.89913941402389e+30
7.82000000000000e+00	4.27039588723248e+30
7.83000000000000e+00	4.68797528129343e+30
7.84000000000000e+00	5.13454131927709e+30
7.85000000000000e+00	5.59164942693340e+30
7.86000000000000e+00	6.04169621274191e+30
7.87000000000000e+00	6.46991413803152e+30
7.88000000000000e+00	6.86613218460284e+30
7.89000000000000e+00	7.22606148783324e+30
7.90000000000000e+00	7.55193992264562e+30
7.91000000000000e+00	7.85240457250337e+30
7.92000000000000e+00	8.14126124506661e+30
7.93000000000000e+00	8.43520332443666e+30
7.94000000000000e+00	8.75056215898550e+30
7.95000000000000e+00	9.09998751948404e+30
7.96000000000000e+00	9.48867551198638e+30
7.97000000000000e+00	9.91158662463909e+30
7.98000000000000e+00	1.03519663451536e+31
7.99000000000000e+00	1.07806049548049e+31
8.00000000000000e+00	1.11574040329312e+31
8.01000000000000e+00	1.14338272017858e+31
8.02000000000000e+00	1.15570954769294e+31
8.03000000000000e+00	1.14752630420918e+31
8.04000000000000e+00	1.11450239256497e+31
8.05000000000000e+00	1.05384182747445e+31
8.06000000000000e+00	9.65137945579456e+30
8.07000000000000e+00	8.50898673223032e+30
8.08000000000000e+00	7.16801768710234e+30
8.09000000000000e+00	5.71368986055974e+30
8.10000000000000e+00	4.25125441830676e+30
8.11000000000000e+00	2.89290445181426e+30
8.12000000000000e+00	1.74318378394798e+30
8.13000000000000e+00	8.86000719603377e+29
8.14000000000000e+00	3.75854303074394e+29
8.15000000000000e+00	2.34737701736185e+29
8.16000000000000e+00	4.54539173770308e+29
8.17000000000000e+00	1.00342161943499e+30
8.18000000000000e+00	1.83411482273794e+30
8.19000000000000e+00	2.89201638428232e+30
8.20000000000000e+00	4.12171855178454e+30
8.21000000000000e+00	5.47117233555972e+30
8.22000000000000e+00	6.89383676180794e+30
8.23000000000000e+00	8.34858890996827e+30
8.24000000000000e+00	9.79904261034008e+30
8.25000000000000e+00	1.12117073318963e+31
8.26000000000000e+00	1.25542734179073e+31
8.27000000000000e+00	1.37944773917958e+31
8.28000000000000e+00	1.48978320818271e+31
8.29000000000000e+00	1.58293530050104e+31
8.30000000000000e+00	1.65518324164222e+31
8.31000000000000e+00	1.70293683752290e+31
8.32000000000000e+00	1.72282078508658e+31
8.33000000000000e+00	1.71222364856959e+31
8.34000000000000e+00	1.66969725076604e+31
8.35000000000000e+00	1.59544306246900e+31
8.36000000000000e+00	1.49162437684306e+31
8.37000000000000e+00	1.36250897846034e+31
8.38000000000000e+00	1.21429300752556e+31
8.39000000000000e+00	1.05457867216227e+31
8.40000000000000e+00	8.91705296017836e+30
8.41000000000000e+00	7.33893732627712e+30
8.42000000000000e+00	5.88487489118541e+30
8.43000000000000e+00	4.61357231629336e+30
8.44000000000000e+00	3.56587645411872e+30
8.45000000000000e+00	2.76456114254123e+30
8.46000000000000e+00	2.21640792815063e+30
8.47000000000000e+00	1.91576569541289e+30
8.48000000000000e+00	1.84846658139696e+30
8.49000000000000e+00	1.99514361450642e+30
8.50000000000000e+00	2.33367526267507e+30
8.51000000000000e+00	2.84038750905044e+30
8.52000000000000e+00	3.49061967485541e+30
8.53000000000000e+00	4.25858428264239e+30
8.54000000000000e+00	5.11739497407482e+30
8.55000000000000e+00	6.03934197259624e+30
8.56000000000000e+00	6.99644920497520e+30
8.57000000000000e+00	7.96172367149938e+30
8.58000000000000e+00	8.91034579379917e+30
8.59000000000000e+00	9.82103583350990e+30
8.60000000000000e+00	1.06772078771762e+31
8.61000000000000e+00	1.14674421407183e+31
8.62000000000000e+00	1.21858545596546e+31
8.63000000000000e+00	1.28316670016897e+31
8.64000000000000e+00	1.34084026031479e+31
8.65000000000000e+00	1.39228055110285e+31
8.66000000000000e+00	1.43836082684796e+31
8.67000000000000e+00	1.48000966938256e+31
8.68000000000000e+00	1.51812782864993e+31
8.69000000000000e+00	1.55345623332032e+31
8.70000000000000e+00	1.58655163834561e+31
8.71000000000000e+00	1.61772582942289e+31
8.72000000000000e+00	1.64705998019841e+31
8.73000000000000e+00	1.67441119383478e+31
8.74000000000000e+00	1.69945129143959e+31
8.75000000000000e+00	1.72170484416768e+31
8.76000000000000e+00	1.74062046191958e+31
8.77000000000000e+00	1.75562353940939e+31
8.78000000000000e+00	1.76621070740622e+31
8.79000000000000e+00	1.77201293653523e+31
8.80000000000000e+00	1.77284776772128e+31
8.81000000000000e+00	1.76882548065958e+31
8.82000000000000e+00	1.76038284970259e+31
8.83000000000000e+00	1.74826931855547e+31
8.84000000000000e+00	1.73357117901447e+31
8.85000000000000e+00	1.71764514554313e+31
8.86000000000000e+00	1.70199724167518e+31
8.87000000000000e+00	1.68821826827927e+31
8.88000000000000e+00	1.67781426859327e+31
8.89000000000000e+00	1.67209207334351e+31
8.90000000000000e+00	1.67207915336502e+31
8.91000000000000e+00	1.67842065293182e+31
8.92000000000000e+00	1.69137866159067e+31
8.93000000000000e+00	1.71083239554513e+31
8.94000000000000e+00	1.73632265317751e+31
8.95000000000000e+00	1.76713922850160e+31
8.96000000000000e+00	1.80237676497090e+31
8.97000000000000e+00	1.84106671938066e+31
8.98000000000000e+00	1.88220797776696e+31
8.99000000000000e+00	1.92486348738740e+31
9.00000000000000e+00	1.96818128786227e+31
9.01000000000000e+00	2.01146124086607e+31
9.02000000000000e+00	2.05412747004968e+31
9.03000000000000e+00	2.09577027242505e+31
9.04000000000000e+00	2.13611605673513e+31
9.05000000000000e+00	2.17503231637984e+31
9.06000000000000e+00	2.21249213084085e+31
9.07000000000000e+00	2.24856036875540e+31
9.08000000000000e+00	2.28336480601113e+31
9.09000000000000e+00	2.31709053589881e+31
9.10000000000000e+00	2.34992896659575e+31
9.11000000000000e+00	2.38209039677732e+31
9.12000000000000e+00	2.41378187476491e+31
9.13000000000000e+00	2.44513864602662e+31
9.14000000000000e+00	2.47633151315991e+31
9.15000000000000e+00	2.50745720104694e+31
9.16000000000000e+00	2.53860789031657e+31
9.17000000000000e+00	2.56983680544581e+31
9.18000000000000e+00	2.60119475043337e+31
9.19000000000000e+00	2.63268111463175e+31
9.20000000000000e+00	2.66433407029600e+31
9.21000000000000e+00	2.69614513591081e+31
9.22000000000000e+00	2.72811750802637e+31
9.23000000000000e+00	2.76025360292663e+31
9.24000000000000e+00	2.79252027195195e+31
9.25000000000000e+00	2.82493837188981e+31
9.26000000000000e+00	2.85747115091220e+31
9.27000000000000e+00	2.89006933127295e+31
9.28000000000000e+00	2.92272485560126e+31
9.29000000000000e+00	2.95537491593952e+31
9.30000000000000e+00	2.98799627924347e+31
9.31000000000000e+00	3.02050119214691e+31
9.32000000000000e+00	3.05284607833150e+31
9.33000000000000e+00	3.08498838398758e+31
9.34000000000000e+00	3.11687484341462e+31
9.35000000000000e+00	3.14845668897054e+31
9.36000000000000e+00	3.17969977405533e+31
9.37000000000000e+00	3.21060105218429e+31
9.38000000000000e+00	3.24114620082190e+31
9.39000000000000e+00	3.27134241787915e+31
9.40000000000000e+00	3.30122436019816e+31
9.41000000000000e+00	3.33083492569144e+31
9.42000000000000e+00	3.36023004708505e+31
9.43000000000000e+00	3.38942472621438e+31
9.44000000000000e+00	3.41848765146709e+31
9.45000000000000e+00	3.44747273730154e+31
9.46000000000000e+00	3.47639511477135e+31
9.47000000000000e+00	3.50528432487895e+31
9.48000000000000e+00	3.53416498706549e+31
9.49000000000000e+00	3.56305780407030e+31
9.50000000000000e+00	3.59194390566181e+31
9.51000000000000e+00	3.62086369503636e+31
9.52000000000000e+00	3.64983555291375e+31
9.53000000000000e+00	3.67885248080051e+31
9.54000000000000e+00	3.70799770359801e+31
9.55000000000000e+00	3.73729288230339e+31
9.56000000000000e+00	3.76682306353436e+31
9.57000000000000e+00	3.79666270691975e+31
9.58000000000000e+00	3.82687486048458e+31
9.59000000000000e+00	3.85753551976901e+31
9.60000000000000e+00	3.88873374062156e+31
9.61000000000000e+00	3.92048083674305e+31
9.62000000000000e+00	3.95285380267278e+31
9.63000000000000e+00	3.98583381852192e+31
9.64000000000000e+00	4.01941649064172e+31
9.65000000000000e+00	4.05357744381143e+31
9.66000000000000e+00	4.08823543489361e+31
9.67000000000000e+00	4.12334093467177e+31
9.68000000000000e+00	4.15882422880910e+31
9.69000000000000e+00	4.19458321777489e+31
9.70000000000000e+00	4.23059320288144e+31
9.71000000000000e+00	4.26675951551941e+31
9.72000000000000e+00	4.30306961402711e+31
9.73000000000000e+00	4.33949644440286e+31
9.74000000000000e+00	4.37606615141262e+31
9.75000000000000e+00	4.41274701004822e+31
9.76000000000000e+00	4.44960373255389e+31
9.77000000000000e+00	4.48667789152994e+31
9.78000000000000e+00	4.52398096487001e+31
9.79000000000000e+00	4.56157258029481e+31
9.80000000000000e+00	4.59946156405571e+31
9.81000000000000e+00	4.63765299622563e+31
9.82000000000000e+00	4.67609930302899e+31
9.83000000000000e+00	4.71475221851346e+31
9.84000000000000e+00	4.75355645925811e+31
9.85000000000000e+00	4.79240471968610e+31
9.86000000000000e+00	4.83118263126043e+31
9.87000000000000e+00	4.86980245945512e+31
9.88000000000000e+00	4.90834627822568e+31
9.89000000000000e+00	4.94726954849330e+31
9.90000000000000e+00	4.98782636333590e+31
9.91000000000000e+00	5.03312064764052e+31
9.92000000000000e+00	5.08922396258418e+31
9.93000000000000e+00	5.16664238817679e+31
9.94000000000000e+00	5.28126751235508e+31
9.95000000000000e+00	5.45412961426884e+31
9.96000000000000e+00	5.70940510439456e+31
9.97000000000000e+00	6.06975628915092e+31
9.98000000000000e+00	6.54841365445991e+31
9.99000000000000e+00	7.13723346608432e+31
1.00000000000000e+01	7.79450558846754e+31
1.00100000000000e+01	8.43529921274939e+31
1.00200000000000e+01	8.91973267988184e+31
1.00300000000000e+01	9.07500406686843e+31
1.00400000000000e+01	8.77343676931676e+31
1.00500000000000e+01	8.02375114931440e+31
1.00600000000000e+01	6.97987581145097e+31
1.00700000000000e+01	5.84807436532981e+31
1.00800000000000e+01	4.78736506007692e+31
1.00900000000000e+01	3.87634576173826e+31
1.01000000000000e+01	3.13192738002828e+31
1.01100000000000e+01	2.53916611374409e+31
1.01200000000000e+01	2.07226112967835e+31
1.01300000000000e+01	1.70517866654976e+31
1.01400000000000e+01	1.41559121276182e+31
1.01500000000000e+01	1.18570013404070e+31
1.01600000000000e+01	1.00176476388633e+31
1.01700000000000e+01	8.53350784511058e+30
1.01800000000000e+01	7.32567437168699e+30
1.01900000000000e+01	6.33433693424525e+30
1.02000000000000e+01	5.51404385087290e+30
1.02100000000000e+01	4.83000330063303e+30
1.02200000000000e+01	4.25540579679478e+30
1.02300000000000e+01	3.76940545392503e+30
1.02400000000000e+01	3.35565969407509e+30
1.02500000000000e+01	3.00130340127023e+30
1.02600000000000e+01	2.69607513394479e+30
1.02700000000000e+01	2.43173075916817e+30
1.02800000000000e+01	2.20164671959176e+30
1.02900000000000e+01	2.00041808212231e+30
1.03000000000000e+01	1.82363252185624e+30
1.03100000000000e+01	1.66765425102446e+30
1.03200000000000e+01	1.52946311454887e+30
1.03300000000000e+01	1.40656294342476e+30
1.03400000000000e+01	1.29684384465240e+30
1.03500000000000e+01	1.19854811348438e+30
1.03600000000000e+01	1.11018345436080e+30
1.03700000000000e+01	1.03048488017664e+30
1.03800000000000e+01	9.58382611593149e+29
1.03900000000000e+01	8.92961738193497e+29
1.04000000000000e+01	8.33442384909330e+29
1.04100000000000e+01	7.79155050950546e+29
1.04200000000000e+01	7.29524795424917e+29
1.04300000000000e+01	6.84059719532245e+29
1.04400000000000e+01	6.42334441157240e+29
1.04500000000000e+01	6.03979276211335e+29
1.04600000000000e+01	5.68672421982331e+29
1.04700000000000e+01	5.36130455367304e+29
1.04800000000000e+01	5.06099950555056e+29
1.04900000000000e+01	4.78358464959634e+29
1.05000000000000e+01	4.52704992419504e+29
1.05100000000000e+01	4.28954267693207e+29
1.05200000000000e+01	4.06938919777613e+29
1.05300000000000e+01	3.86511396743024e+29
1.05400000000000e+01	3.67526576408339e+29
1.05500000000000e+01	3.49860757990506e+29
1.05600000000000e+01	3.33398322252778e+29
1.05700000000000e+01	3.18032815425817e+29
1.05800000000000e+01	3.03666367653054e+29
1.05900000000000e+01	2.90215892305520e+29
1.06000000000000e+01	2.77601611112066e+29
1.06100000000000e+01	2.65756507048438e+29
1.06200000000000e+01	2.54619766980781e+29
1.06300000000000e+01	2.44135142461424e+29
1.06400000000000e+01	2.34255115530663e+29
1.06500000000000e+01	2.24935141492436e+29
1.06600000000000e+01	2.16136704066310e+29
1.06700000000000e+01	2.07823615041753e+29
1.06800000000000e+01	1.99962637284789e+29
1.06900000000000e+01	1.92523444124192e+29
1.07000000000000e+01	1.85478107884553e+29
1.07100000000000e+01	1.78797994810396e+29
1.07200000000000e+01	1.72460386622737e+29
1.07300000000000e+01	1.66437991711002e+29
1.07400000000000e+01	1.60710400108839e+29
1.07500000000000e+01	1.55255014943591e+29
1.07600000000000e+01	1.50053219299831e+29
1.07700000000000e+01	1.45085818387938e+29
1.07800000000000e+01	1.40337647926449e+29
1.07900000000000e+01	1.35792747439875e+29
1.08000000000000e+01	1.31439031408008e+29
1.08100000000000e+01	1.27264822073509e+29
1.08200000000000e+01	1.23260649381864e+29
1.08300000000000e+01	1.19417456352758e+29
1.08400000000000e+01	1.15729442396588e+29
1.08500000000000e+01	1.12189863576760e+29
1.08600000000000e+01	1.08794192967376e+29
1.08700000000000e+01	1.05538376495348e+29
1.08800000000000e+01	1.02417544272274e+29
1.08900000000000e+01	9.94277682007382e+28
1.09000000000000e+01	9.65650587938660e+28
1.09100000000000e+01	9.38248348999482e+28
1.09200000000000e+01	9.12023611194466e+28
1.09300000000000e+01	8.86922687046377e+28
1.09400000000000e+01	8.62896552701483e+28
1.09500000000000e+01	8.39883482324972e+28
1.09600000000000e+01	8.17827148787823e+28
1.09700000000000e+01	7.96668041691305e+28
1.09800000000000e+01	7.76348163554683e+28
1.09900000000000e+01	7.56809001974752e+28
1.10000000000000e+01	7.38000493653688e+28
1.10100000000000e+01	7.19869355180491e+28
1.10200000000000e+01	7.02374365449251e+28
1.10300000000000e+01	6.85470083233424e+28
1.10400000000000e+01	6.69118416583152e+28
1.10500000000000e+01	6.53291446390007e+28
1.10600000000000e+01	6.37952676376910e+28
1.10700000000000e+01	6.23083467247005e+28
1.10800000000000e+01	6.08654940946133e+28
1.10900000000000e+01	5.94646400120979e+28
1.11000000000000e+01	5.81046529736201e+28
1.11100000000000e+01	5.67835145159570e+28
1.11200000000000e+01	5.54997864791929e+28
1.11300000000000e+01	5.42523778652637e+28
1.11400000000000e+01	5.30404077227259e+28
1.11500000000000e+01	5.18632881940319e+28
1.11600000000000e+01	5.07197137954463e+28
1.11700000000000e+01	4.96096361024182e+28
1.11800000000000e+01	4.85318940791227e+28
1.11900000000000e+01	4.74863809485218e+28
1.12000000000000e+01	4.64721604060301e+28
1.12100000000000e+01	4.54886904866012e+28
1.12200000000000e+01	4.45356392491850e+28
1.12300000000000e+01	4.36118041591509e+28
1.12400000000000e+01	4.27168652837329e+28
1.12500000000000e+01	4.18499795868006e+28
1.12600000000000e+01	4.10105919257049e+28
1.12700000000000e+01	4.01974388131801e+28
1.12800000000000e+01	3.94098616838169e+28
1.12900000000000e+01	3.86473430822755e+28
1.13000000000000e+01	3.79088235220050e+28
1.13100000000000e+01	3.71931718317782e+28
1.13200000000000e+01	3.64994330208804e+28
1.13300000000000e+01	3.58270968100893e+28
1.13400000000000e+01	3.51747566058399e+28
1.13500000000000e+01	3.45414052756627e+28
1.13600000000000e+01	3.39261798369487e+28
1.13700000000000e+01	3.33280922979999e+28
1.13800000000000e+01	3.27461225283668e+28
1.13900000000000e+01	3.21795003612707e+28
1.14000000000000e+01	3.16272351833732e+28
1.14100000000000e+01	3.10885834106242e+28
1.14200000000000e+01	3.05630316869439e+28
1.14300000000000e+01	3.00495840758956e+28
1.14400000000000e+01	2.95480783970224e+28
1.14500000000000e+01	2.90579194145610e+28
1.14600000000000e+01	2.85787332587619e+28
1.14700000000000e+01	2.81101376747542e+28
1.14800000000000e+01	2.76519507889794e+28
1.14900000000000e+01	2.72039551613051e+28
1.15000000000000e+01	2.67656381352863e+28
1.15100000000000e+01	2.63371224942185e+28
1.15200000000000e+01	2.59178943535753e+28
1.15300000000000e+01	2.55078343093465e+28
1.15400000000000e+01	2.51066571555633e+28
1.15500000000000e+01	2.47142749712731e+28
1.15600000000000e+01	2.43301348495275e+28
1.15700000000000e+01	2.39540681942434e+28
1.15800000000000e+01	2.35860114801331e+28
1.15900000000000e+01	2.32255394560857e+28
1.16000000000000e+01	2.28725223084495e+28
1.16100000000000e+01	2.25268466553648e+28
1.16200000000000e+01	2.21883917879870e+28
1.16300000000000e+01	2.18569621118228e+28
1.16400000000000e+01	2.15326409068778e+28
1.16500000000000e+01	2.12149048986245e+28
1.16600000000000e+01	2.09038925079479e+28
1.16700000000000e+01	2.05994796374260e+28
1.16800000000000e+01	2.03014571862852e+28
1.16900000000000e+01	2.00097850614735e+28
1.17000000000000e+01	1.97240262246719e+28
1.17100000000000e+01	1.94442483622721e+28
1.17200000000000e+01	1.91701767917786e+28
1.17300000000000e+01	1.89017044877394e+28
1.17400000000000e+01	1.86386848894197e+28
1.17500000000000e+01	1.83809699839194e+28
1.17600000000000e+01	1.81283632657664e+28
1.17700000000000e+01	1.78808954262038e+28
1.17800000000000e+01	1.76383061404879e+28
1.17900000000000e+01	1.74006840351087e+28
1.18000000000000e+01	1.71675496077048e+28
1.18100000000000e+01	1.69389992096058e+28
1.18200000000000e+01	1.67148486719199e+28
1.18300000000000e+01	1.64948101080942e+28
1.18400000000000e+01	1.62787700082378e+28
1.18500000000000e+01	1.60666294917735e+28
1.18600000000000e+01	1.58580829130781e+28
1.18700000000000e+01	1.56530549775562e+28
1.18800000000000e+01	1.54513739497720e+28
1.18900000000000e+01	1.52529421869798e+28
1.19000000000000e+01	1.50577877275157e+28
1.19100000000000e+01	1.48656804495424e+28
1.19200000000000e+01	1.46766522989584e+28
1.19300000000000e+01	1.44906744083961e+28
1.19400000000000e+01	1.43077303670197e+28
1.19500000000000e+01	1.41278595443932e+28
1.19600000000000e+01	1.39511309842518e+28
1.19700000000000e+01	1.37773034237982e+28
1.19800000000000e+01	1.36064407126549e+28
1.19900000000000e+01	1.34386568359945e+28
1.20000000000000e+01	1.32737909290258e+28
1.20100000000000e+01	1.31117711737992e+28
1.20200000000000e+01	1.29527089356073e+28
1.20300000000000e+01	1.27963653940899e+28
1.20400000000000e+01	1.26429348534405e+28
1.20500000000000e+01	1.24921784855887e+28
1.20600000000000e+01	1.23442864249474e+28
1.20700000000000e+01	1.21990200608667e+28
1.20800000000000e+01	1.20565547831334e+28
1.20900000000000e+01	1.19167683755397e+28
1.21000000000000e+01	1.17795140465778e+28
1.21100000000000e+01	1.16448311682711e+28
1.21200000000000e+01	1.15126425310245e+28
1.21300000000000e+01	1.13828366460997e+28
1.21400000000000e+01	1.12552762097486e+28
1.21500000000000e+01	1.11298921778121e+28
1.21600000000000e+01	1.10065686754014e+28
1.21700000000000e+01	1.08853231804569e+28
1.21800000000000e+01	1.07659341526626e+28
1.21900000000000e+01	1.06483346434961e+28
1.22000000000000e+01	1.05325587086630e+28
1.22100000000000e+01	1.04184735753427e+28
1.22200000000000e+01	1.03061260152285e+28
1.22300000000000e+01	1.01954882036558e+28
1.22400000000000e+01	1.00864902479055e+28
1.22500000000000e+01	9.97918327343605e+27
1.22600000000000e+01	9.87352247895939e+27
1.22700000000000e+01	9.76955122868615e+27
1.22800000000000e+01	9.66715041315349e+27
1.22900000000000e+01	9.56638718217212e+27
1.23000000000000e+01	9.46721796649213e+27
1.23100000000000e+01	9.36953338514893e+27
1.23200000000000e+01	9.27335898972122e+27
1.23300000000000e+01	9.17855190746526e+27
1.23400000000000e+01	9.08508829475632e+27
1.23500000000000e+01	8.99292675418079e+27
1.23600000000000e+01	8.90188631643052e+27
1.23700000000000e+01	8.81201101016223e+27
1.23800000000000e+01	8.72315839538238e+27
1.23900000000000e+01	8.63525604996120e+27
1.24000000000000e+01	8.54835915418488e+27
1.24100000000000e+01	8.46242672804610e+27
1.24200000000000e+01	8.37736980538719e+27
1.24300000000000e+01	8.29324900874191e+27
1.24400000000000e+01	8.21000350458020e+27
1.24500000000000e+01	8.12763440908979e+27
1.24600000000000e+01	8.04620013079203e+27
1.24700000000000e+01	7.96572247314818e+27
1.24800000000000e+01	7.88622973037831e+27
1.24900000000000e+01	7.80777077426292e+27
1.25000000000000e+01	7.73039033411784e+27
1.25100000000000e+01	7.65407182087062e+27
1.25200000000000e+01	7.57887478715318e+27
1.25300000000000e+01	7.50491717955101e+27
1.25400000000000e+01	7.43205931636622e+27
1.25500000000000e+01	7.36043462703998e+27
1.25600000000000e+01	7.29000817643442e+27
1.25700000000000e+01	7.22074432688204e+27
1.25800000000000e+01	7.15268288846642e+27
1.25900000000000e+01	7.08571307044591e+27
1.26000000000000e+01	7.01985388585141e+27
1.26100000000000e+01	6.95502133299274e+27
1.26200000000000e+01	6.89115661977966e+27
1.26300000000000e+01	6.82826456842907e+27
1.26400000000000e+01	6.76627166536084e+27
1.26500000000000e+01	6.70510878026612e+27
1.26600000000000e+01	6.64471143158708e+27
1.26700000000000e+01	6.58513830030213e+27
1.26800000000000e+01	6.52623961592821e+27
1.26900000000000e+01	6.46800106785447e+27
1.27000000000000e+01	6.41051379438805e+27
1.27100000000000e+01	6.35368267245753e+27
1.27200000000000e+01	6.29754115784479e+27
1.27300000000000e+01	6.24204184063444e+27
1.27400000000000e+01	6.18723474975496e+27
1.27500000000000e+01	6.13314320187078e+27
1.27600000000000e+01	6.07967977213085e+27
1.27700000000000e+01	6.02689573772156e+27
1.27800000000000e+01	5.97475601928803e+27
1.27900000000000e+01	5.92328990200263e+27
1.28000000000000e+01	5.87240883952790e+27
1.28100000000000e+01	5.82210624266871e+27
1.28200000000000e+01	5.77240575035041e+27
1.28300000000000e+01	5.72318930686686e+27
1.28400000000000e+01	5.67446762856237e+27
1.28500000000000e+01	5.62615626956548e+27
1.28600000000000e+01	5.57828985717653e+27
1.28700000000000e+01	5.53080820986907e+27
1.28800000000000e+01	5.48375687463137e+27
1.28900000000000e+01	5.43707204943199e+27
1.29000000000000e+01	5.39078354494978e+27
1.29100000000000e+01	5.34489509502876e+27
1.29200000000000e+01	5.29945114504641e+27
1.29300000000000e+01	5.25445237215923e+27
1.29400000000000e+01	5.20991410538255e+27
1.29500000000000e+01	5.16585622193647e+27
1.29600000000000e+01	5.12235247272838e+27
1.29700000000000e+01	5.07935245979281e+27
1.29800000000000e+01	5.03694107428428e+27
1.29900000000000e+01	4.99504807002300e+27
1.30000000000000e+01	4.95373827434457e+27
1.30100000000000e+01	4.91295731575899e+27
1.30200000000000e+01	4.87269157540398e+27
1.30300000000000e+01	4.83298234268627e+27
1.30400000000000e+01	4.79376316265287e+27
1.30500000000000e+01	4.75502393279567e+27
1.30600000000000e+01	4.71677114783002e+27
1.30700000000000e+01	4.67898094365448e+27
1.30800000000000e+01	4.64163013723360e+27
1.30900000000000e+01	4.60475690975495e+27
1.31000000000000e+01	4.56830677475626e+27
1.31100000000000e+01	4.53233758336732e+27
1.31200000000000e+01	4.49675136542533e+27
1.31300000000000e+01	4.46157446458995e+27
1.31400000000000e+01	4.42679643309947e+27
1.31500000000000e+01	4.39238655339230e+27
1.31600000000000e+01	4.35834228296881e+27
1.31700000000000e+01	4.32461540598018e+27
1.31800000000000e+01	4.29120145226541e+27
1.31900000000000e+01	4.25806908725968e+27
1.32000000000000e+01	4.22517793041783e+27
1.32100000000000e+01	4.19254999942635e+27
1.32200000000000e+01	4.16015400077188e+27
1.32300000000000e+01	4.12802694101312e+27
1.32400000000000e+01	4.09615165164764e+27
1.32500000000000e+01	4.06454922581256e+27
1.32600000000000e+01	4.03318641398732e+27
1.32700000000000e+01	4.00216032706178e+27
1.32800000000000e+01	3.97141435265654e+27
1.32900000000000e+01	3.94099466671027e+27
1.33000000000000e+01	3.91086154337569e+27
1.33100000000000e+01	3.88107169587610e+27
1.33200000000000e+01	3.85155289584572e+27
1.33300000000000e+01	3.82234246436667e+27
1.33400000000000e+01	3.79342010502386e+27
1.33500000000000e+01	3.76477941365188e+27
1.33600000000000e+01	3.73638397766315e+27
1.33700000000000e+01	3.70824246356410e+27
1.33800000000000e+01	3.68033836698232e+27
1.33900000000000e+01	3.65263848933911e+27
1.34000000000000e+01	3.62517087235577e+27
1.34100000000000e+01	3.59787282287934e+27
1.34200000000000e+01	3.57081476690954e+27
1.34300000000000e+01	3.54392246525129e+27
1.34400000000000e+01	3.51719417765689e+27
1.34500000000000e+01	3.49065793132136e+27
1.34600000000000e+01	3.46425380304464e+27
1.34700000000000e+01	3.43802271023320e+27
1.34800000000000e+01	3.41189537979255e+27
1.34900000000000e+01	3.38590251780775e+27
1.35000000000000e+01	3.36003062049734e+27
1.35100000000000e+01	3.33423273808331e+27
1.35200000000000e+01	3.30856650898847e+27
1.35300000000000e+01	3.28297180606213e+27
1.35400000000000e+01	3.25748491223466e+27
1.35500000000000e+01	3.23214167255987e+27
1.35600000000000e+01	3.20690702338639e+27
1.35700000000000e+01	3.18185878002713e+27
1.35800000000000e+01	3.15700271911334e+27
1.35900000000000e+01	3.13234291374775e+27
1.36000000000000e+01	3.10793448240907e+27
1.36100000000000e+01	3.08381372360630e+27
1.36200000000000e+01	3.06001789987433e+27
1.36300000000000e+01	3.03650384901667e+27
1.36400000000000e+01	3.01339841562661e+27
1.36500000000000e+01	2.99063200407435e+27
1.36600000000000e+01	2.96822828768945e+27
1.36700000000000e+01	2.94620923551331e+27
1.36800000000000e+01	2.92457497371552e+27
1.36900000000000e+01	2.90331087292561e+27
1.37000000000000e+01	2.88236418667352e+27
1.37100000000000e+01	2.86175147897480e+27
1.37200000000000e+01	2.84145770824147e+27
1.37300000000000e+01	2.82140487516940e+27
1.37400000000000e+01	2.80165461766689e+27
1.37500000000000e+01	2.78212898356880e+27
1.37600000000000e+01	2.76280441553174e+27
1.37700000000000e+01	2.74369860557306e+27
1.37800000000000e+01	2.72476665183174e+27
1.37900000000000e+01	2.70600458269313e+27
1.38000000000000e+01	2.68742610745952e+27
1.38100000000000e+01	2.66901790151801e+27
1.38200000000000e+01	2.65073842596492e+27
1.38300000000000e+01	2.63265381855330e+27
1.38400000000000e+01	2.61469983678972e+27
1.38500000000000e+01	2.59689684278987e+27
1.38600000000000e+01	2.57928107961254e+27
1.38700000000000e+01	2.56183978358142e+27
1.38800000000000e+01	2.54453208283766e+27
1.38900000000000e+01	2.52744326424212e+27
1.39000000000000e+01	2.51050937367305e+27
1.39100000000000e+01	2.49379167087856e+27
1.39200000000000e+01	2.47725676276892e+27
1.39300000000000e+01	2.46095449817846e+27
1.39400000000000e+01	2.44486301425288e+27
1.39500000000000e+01	2.42896591753141e+27
1.39600000000000e+01	2.41331050392087e+27
1.39700000000000e+01	2.39788239158371e+27
1.39800000000000e+01	2.38269692528116e+27
1.39900000000000e+01	2.36772687104134e+27
1.40000000000000e+01	2.35296611517526e+27
1.40100000000000e+01	2.33845825031721e+27
1.40200000000000e+01	2.32415830552663e+27
1.40300000000000e+01	2.31005647720404e+27
1.40400000000000e+01	2.29615845476081e+27
1.40500000000000e+01	2.28245830565559e+27
1.40600000000000e+01	2.26891024720907e+27
1.40700000000000e+01	2.25553039831714e+27
1.40800000000000e+01	2.24229503649524e+27
1.40900000000000e+01	2.22919009086052e+27
1.41000000000000e+01	2.21619705895662e+27
1.41100000000000e+01	2.20333162795211e+27
1.41200000000000e+01	2.19056519388194e+27
1.41300000000000e+01	2.17789778653871e+27
1.41400000000000e+01	2.16531003551197e+27
1.41500000000000e+01	2.15281067305486e+27
1.41600000000000e+01	2.14038387220683e+27
1.41700000000000e+01	2.12803825852447e+27
1.41800000000000e+01	2.11576319648075e+27
1.41900000000000e+01	2.10358918564228e+27
1.42000000000000e+01	2.09145933570129e+27
1.42100000000000e+01	2.07943090687294e+27
1.42200000000000e+01	2.06744739613152e+27
1.42300000000000e+01	2.05556542516222e+27
1.42400000000000e+01	2.04372882497348e+27
1.42500000000000e+01	2.03199353251918e+27
1.42600000000000e+01	2.02032996870538e+27
1.42700000000000e+01	2.00873012050266e+27
1.42800000000000e+01	1.99720431687223e+27
1.42900000000000e+01	1.98576764368936e+27
1.43000000000000e+01	1.97439359055816e+27
1.43100000000000e+01	1.96309990073038e+27
1.43200000000000e+01	1.95188622953542e+27
1.43300000000000e+01	1.94073412328566e+27
1.43400000000000e+01	1.92967917486104e+27
1.43500000000000e+01	1.91867506897649e+27
1.43600000000000e+01	1.90776005749345e+27
1.43700000000000e+01	1.89693084320233e+27
1.43800000000000e+01	1.88617236651877e+27
1.43900000000000e+01	1.87548139485658e+27
1.44000000000000e+01	1.86488490660413e+27
1.44100000000000e+01	1.85438188313535e+27
1.44200000000000e+01	1.84395387968334e+27
1.44300000000000e+01	1.83359988073314e+27
1.44400000000000e+01	1.82333565603064e+27
1.44500000000000e+01	1.81317663874178e+27
1.44600000000000e+01	1.80308725079610e+27
1.44700000000000e+01	1.79309007990947e+27
1.44800000000000e+01	1.78315264236678e+27
1.44900000000000e+01	1.77331415263602e+27
1.45000000000000e+01	1.76356339142032e+27
1.45100000000000e+01	1.75389196199507e+27
1.45200000000000e+01	1.74427501775950e+27
1.45300000000000e+01	1.73475815312532e+27
1.45400000000000e+01	1.72530001413623e+27
1.45500000000000e+01	1.71590872622570e+27
1.45600000000000e+01	1.70659642453717e+27
1.45700000000000e+01	1.69733847810194e+27
1.45800000000000e+01	1.68814956367960e+27
1.45900000000000e+01	1.67901220447207e+27
1.46000000000000e+01	1.66992538632022e+27
1.46100000000000e+01	1.66088834834056e+27
1.46200000000000e+01	1.65187584240556e+27
1.46300000000000e+01	1.64290636019393e+27
1.46400000000000e+01	1.63395576766844e+27
1.46500000000000e+01	1.62504087237758e+27
1.46600000000000e+01	1.61615394306697e+27
1.46700000000000e+01	1.60726823854458e+27
1.46800000000000e+01	1.59842288039090e+27
1.46900000000000e+01	1.58959518495948e+27
1.47000000000000e+01	1.58078926049712e+27
1.47100000000000e+01	1.57203437009531e+27
1.47200000000000e+01	1.56328853674446e+27
1.47300000000000e+01	1.55459555914972e+27
1.47400000000000e+01	1.54592845428825e+27
1.47500000000000e+01	1.53731533445038e+27
1.47600000000000e+01	1.52873539147125e+27
1.47700000000000e+01	1.52021233398608e+27
1.47800000000000e+01	1.51174389130457e+27
1.47900000000000e+01	1.50333846663947e+27
1.48000000000000e+01	1.49498944547228e+27
1.48100000000000e+01	1.48670857763135e+27
1.48200000000000e+01	1.47848865558803e+27
1.48300000000000e+01	1.47033661736662e+27
1.48400000000000e+01	1.46226292265290e+27
1.48500000000000e+01	1.45427354075694e+27
1.48600000000000e+01	1.44634603829982e+27
1.48700000000000e+01	1.43849019992038e+27
1.48800000000000e+01	1.43069783704442e+27
1.48900000000000e+01	1.42296707703739e+27
1.49000000000000e+01	1.41530427612469e+27
1.49100000000000e+01	1.40769232803320e+27
1.49200000000000e+01	1.40012458430904e+27
1.49300000000000e+01	1.39260875624508e+27
1.49400000000000e+01	1.38512927451027e+27
1.49500000000000e+01	1.37769434722359e+27
1.49600000000000e+01	1.37028532559424e+27
1.49700000000000e+01	1.36292803733881e+27
1.49800000000000e+01	1.35561730346325e+27
1.49900000000000e+01	1.34832143811684e+27
1.50000000000000e+01	1.34107919758064e+27
1.50100000000000e+01	1.33387967879498e+27
1.50200000000000e+01	1.32673440506906e+27
1.50300000000000e+01	1.31962492087494e+27
1.50400000000000e+01	1.31255896637390e+27
1.50500000000000e+01	1.30555513971561e+27
1.50600000000000e+01	1.29860578760874e+27
1.50700000000000e+01	1.29171239050836e+27
1.50800000000000e+01	1.28488536107314e+27
1.50900000000000e+01	1.27811276747540e+27
1.51000000000000e+01	1.27141158313787e+27
1.51100000000000e+01	1.26478012528566e+27
1.51200000000000e+01	1.25822177406878e+27
1.51300000000000e+01	1.25172359745591e+27
1.51400000000000e+01	1.24528867350083e+27
1.51500000000000e+01	1.23892721070172e+27
1.51600000000000e+01	1.23262453257274e+27
1.51700000000000e+01	1.22636658684107e+27
1.51800000000000e+01	1.22016432546029e+27
1.51900000000000e+01	1.21400468030659e+27
1.52000000000000e+01	1.20788734595855e+27
1.52100000000000e+01	1.20179514659003e+27
1.52200000000000e+01	1.19575121527665e+27
1.52300000000000e+01	1.18972716938299e+27
1.52400000000000e+01	1.18374286373346e+27
1.52500000000000e+01	1.17778557820482e+27
1.52600000000000e+01	1.17185775468344e+27
1.52700000000000e+01	1.16598175630621e+27
1.52800000000000e+01	1.16013555271000e+27
1.52900000000000e+01	1.15433539814292e+27
1.53000000000000e+01	1.14858039570685e+27
1.53100000000000e+01	1.14286922531569e+27
1.53200000000000e+01	1.13721708777304e+27
1.53300000000000e+01	1.13158440652190e+27
1.53400000000000e+01	1.12600801186427e+27
1.53500000000000e+01	1.12045903364247e+27
1.53600000000000e+01	1.11493709027621e+27
1.53700000000000e+01	1.10944864880571e+27
1.53800000000000e+01	1.10399265764365e+27
1.53900000000000e+01	1.09854885804511e+27
1.54000000000000e+01	1.09313939052633e+27
1.54100000000000e+01	1.08775564951217e+27
1.54200000000000e+01	1.08240340477437e+27
1.54300000000000e+01	1.07707233251299e+27
1.54400000000000e+01	1.07178478815283e+27
1.54500000000000e+01	1.06654054667047e+27
1.54600000000000e+01	1.06133880247387e+27
1.54700000000000e+01	1.05618928605552e+27
1.54800000000000e+01	1.05107491597321e+27
1.54900000000000e+01	1.04600350601797e+27
1.55000000000000e+01	1.04098552659862e+27
1.55100000000000e+01	1.03600250637464e+27
1.55200000000000e+01	1.03106849786996e+27
1.55300000000000e+01	1.02615190929069e+27
1.55400000000000e+01	1.02127801968629e+27
1.55500000000000e+01	1.01642085357767e+27
1.55600000000000e+01	1.01158978327613e+27
1.55700000000000e+01	1.00678074979673e+27
1.55800000000000e+01	1.00198994742558e+27
1.55900000000000e+01	9.97227283609030e+26
1.56000000000000e+01	9.92484668567590e+26
1.56100000000000e+01	9.87757239351941e+26
1.56200000000000e+01	9.83056141326499e+26
1.56300000000000e+01	9.78381945826777e+26
1.56400000000000e+01	9.73745157490114e+26
1.56500000000000e+01	9.69141212905222e+26
1.56600000000000e+01	9.64578426265071e+26
1.56700000000000e+01	9.60047165604676e+26
1.56800000000000e+01	9.55560669656123e+26
1.56900000000000e+01	9.51117360531803e+26
1.57000000000000e+01	9.46715589052313e+26
1.57100000000000e+01	9.42353604703698e+26
1.57200000000000e+01	9.38029805865382e+26
1.57300000000000e+01	9.33738494785771e+26
1.57400000000000e+01	9.29467678888643e+26
1.57500000000000e+01	9.25227742009956e+26
1.57600000000000e+01	9.21003243365208e+26
1.57700000000000e+01	9.16804138680352e+26
1.57800000000000e+01	9.12611603805200e+26
1.57900000000000e+01	9.08431917854662e+26
1.58000000000000e+01	9.04274418429198e+26
1.58100000000000e+01	9.00122114595007e+26
1.58200000000000e+01	8.95980224313780e+26
1.58300000000000e+01	8.91868516570959e+26
1.58400000000000e+01	8.87759194880339e+26
1.58500000000000e+01	8.83681098009475e+26
1.58600000000000e+01	8.79630170434960e+26
1.58700000000000e+01	8.75591823684801e+26
1.58800000000000e+01	8.71588640129518e+26
1.58900000000000e+01	8.67621212636088e+26
1.59000000000000e+01	8.63670317221279e+26
1.59100000000000e+01	8.59761848320303e+26
1.59200000000000e+01	8.55890603965958e+26
1.59300000000000e+01	8.52042363478052e+26
1.59400000000000e+01	8.48220178129679e+26
1.59500000000000e+01	8.44432086245890e+26
1.59600000000000e+01	8.40677161532759e+26
1.59700000000000e+01	8.36932777363553e+26
1.59800000000000e+01	8.33224448032185e+26
1.59900000000000e+01	8.29526214804676e+26
1.60000000000000e+01	8.25842301361120e+26
1.60100000000000e+01	8.22181984149772e+26
1.60200000000000e+01	8.18536924501439e+26
1.60300000000000e+01	8.14912569847939e+26
1.60400000000000e+01	8.11304463846561e+26
1.60500000000000e+01	8.07712833566123e+26
1.60600000000000e+01	8.04146406929391e+26
1.60700000000000e+01	8.00604761596081e+26
1.60800000000000e+01	7.97095841280868e+26
1.60900000000000e+01	7.93597599014793e+26
1.61000000000000e+01	7.90130035042799e+26
1.61100000000000e+01	7.86692017726902e+26
1.61200000000000e+01	7.83265402706193e+26
1.61300000000000e+01	7.79854278525044e+26
1.61400000000000e+01	7.76461915930383e+26
1.61500000000000e+01	7.73079805458529e+26
1.61600000000000e+01	7.69708218061411e+26
1.61700000000000e+01	7.66339351727912e+26
1.61800000000000e+01	7.62978740687460e+26
1.61900000000000e+01	7.59626398500774e+26
1.62000000000000e+01	7.56275862994165e+26
1.62100000000000e+01	7.52936262589799e+26
1.62200000000000e+01	7.49615440582286e+26
1.62300000000000e+01	7.46298131333650e+26
1.62400000000000e+01	7.43004301297477e+26
1.62500000000000e+01	7.39725307328480e+26
1.62600000000000e+01	7.36468682852033e+26
1.62700000000000e+01	7.33233479417306e+26
1.62800000000000e+01	7.30007089272810e+26
1.62900000000000e+01	7.26800263948316e+26
1.63000000000000e+01	7.23613256099081e+26
1.63100000000000e+01	7.20441185163436e+26
1.63200000000000e+01	7.17276262012037e+26
1.63300000000000e+01	7.14119966253745e+26
1.63400000000000e+01	7.10970241580384e+26
1.63500000000000e+01	7.07822889882940e+26
1.63600000000000e+01	7.04671939035662e+26
1.63700000000000e+01	7.01516217219656e+26
1.63800000000000e+01	6.98353602423459e+26
1.63900000000000e+01	6.95179872485776e+26
1.64000000000000e+01	6.91987725869489e+26
1.64100000000000e+01	6.88777151038680e+26
1.64200000000000e+01	6.85545126196873e+26
1.64300000000000e+01	6.82290627563604e+26
1.64400000000000e+01	6.79007369998112e+26
1.64500000000000e+01	6.75700957191922e+26
1.64600000000000e+01	6.72371598253334e+26
1.64700000000000e+01	6.69024272349113e+26
1.64800000000000e+01	6.65661419108966e+26
1.64900000000000e+01	6.62292793193196e+26
1.65000000000000e+01	6.58928986646301e+26
1.65100000000000e+01	6.55575967038175e+26
1.65200000000000e+01	6.52252615669121e+26
1.65300000000000e+01	6.48963694493532e+26
1.65400000000000e+01	6.45726478249158e+26
1.65500000000000e+01	6.42546984760303e+26
1.65600000000000e+01	6.39440933617609e+26
1.65700000000000e+01	6.36415416106526e+26
1.65800000000000e+01	6.33477288296453e+26
1.65900000000000e+01	6.30626596894552e+26
1.66000000000000e+01	6.27871067887677e+26
1.66100000000000e+01	6.25197979371732e+26
1.66200000000000e+01	6.22612489347773e+26
1.66300000000000e+01	6.20099899989028e+26
1.66400000000000e+01	6.17655120269251e+26
1.66500000000000e+01	6.15267147658748e+26
1.66600000000000e+01	6.12925324606404e+26
1.66700000000000e+01	6.10616111960559e+26
1.66800000000000e+01	6.08333963545832e+26
1.66900000000000e+01	6.06068460667170e+26
1.67000000000000e+01	6.03819986105839e+26
1.67100000000000e+01	6.01578785558962e+26
1.67200000000000e+01	5.99342967594808e+26
1.67300000000000e+01	5.97120088174239e+26
1.67400000000000e+01	5.94903117489102e+26
1.67500000000000e+01	5.92698034104781e+26
1.67600000000000e+01	5.90502916744248e+26
1.67700000000000e+01	5.88325390684374e+26
1.67800000000000e+01	5.86160461373010e+26
1.67900000000000e+01	5.84008438836054e+26
1.68000000000000e+01	5.81875576284570e+26
1.68100000000000e+01	5.79753947738733e+26
1.68200000000000e+01	5.77643748727883e+26
1.68300000000000e+01	5.75547375648296e+26
1.68400000000000e+01	5.73458585876694e+26
1.68500000000000e+01	5.71377698132581e+26
1.68600000000000e+01	5.69301129151367e+26
1.68700000000000e+01	5.67232490318544e+26
1.68800000000000e+01	5.65164816304719e+26
1.68900000000000e+01	5.63097916214623e+26
1.69000000000000e+01	5.61033331049085e+26
1.69100000000000e+01	5.58971605809604e+26
1.69200000000000e+01	5.56913399731859e+26
1.69300000000000e+01	5.54855087272070e+26
1.69400000000000e+01	5.52801532540955e+26
1.69500000000000e+01	5.50753988949079e+26
1.69600000000000e+01	5.48711296136085e+26
1.69700000000000e+01	5.46678077750780e+26
1.69800000000000e+01	5.44657092120051e+26
1.69900000000000e+01	5.42646129251846e+26
1.70000000000000e+01	5.40651141891182e+26
1.70100000000000e+01	5.38673695116924e+26
1.70200000000000e+01	5.36711706868765e+26
1.70300000000000e+01	5.34769327707548e+26
1.70400000000000e+01	5.32846454014994e+26
1.70500000000000e+01	5.30942965370560e+26
1.70600000000000e+01	5.29054629704912e+26
1.70700000000000e+01	5.27181381760900e+26
1.70800000000000e+01	5.25327048367884e+26
1.70900000000000e+01	5.23484806680678e+26
1.71000000000000e+01	5.21651867924151e+26
1.71100000000000e+01	5.19832400370736e+26
1.71200000000000e+01	5.18020107052005e+26
1.71300000000000e+01	5.16212615686550e+26
1.71400000000000e+01	5.14415683908615e+26
1.71500000000000e+01	5.12621590617966e+26
1.71600000000000e+01	5.10830662351203e+26
1.71700000000000e+01	5.09045446029607e+26
1.71800000000000e+01	5.07266899509082e+26
1.71900000000000e+01	5.05495355268418e+26
1.72000000000000e+01	5.03728283282679e+26
1.72100000000000e+01	5.01969865581074e+26
1.72200000000000e+01	5.00218615120024e+26
1.72300000000000e+01	4.98477256660280e+26
1.72400000000000e+01	4.96747444214703e+26
1.72500000000000e+01	4.95029541485082e+26
1.72600000000000e+01	4.93320544420931e+26
1.72700000000000e+01	4.91621877065644e+26
1.72800000000000e+01	4.89937400364408e+26
1.72900000000000e+01	4.88259230371759e+26
1.73000000000000e+01	4.86593943336033e+26
1.73100000000000e+01	4.84936445543190e+26
1.73200000000000e+01	4.83288036158695e+26
1.73300000000000e+01	4.81647993744011e+26
1.73400000000000e+01	4.80011863894647e+26
1.73500000000000e+01	4.78379689113563e+26
1.73600000000000e+01	4.76755159197334e+26
1.73700000000000e+01	4.75134263951762e+26
1.73800000000000e+01	4.73514938032044e+26
1.73900000000000e+01	4.71900610941355e+26
1.74000000000000e+01	4.70292065960502e+26
1.74100000000000e+01	4.68688372517871e+26
1.74200000000000e+01	4.67087657020542e+26
1.74300000000000e+01	4.65491191631405e+26
1.74400000000000e+01	4.63904267963079e+26
1.74500000000000e+01	4.62322265172178e+26
1.74600000000000e+01	4.60745732368976e+26
1.74700000000000e+01	4.59177746828733e+26
1.74800000000000e+01	4.57618742836066e+26
1.74900000000000e+01	4.56065998245591e+26
1.75000000000000e+01	4.54522464813395e+26
1.75100000000000e+01	4.52987946640521e+26
1.75200000000000e+01	4.51459691938858e+26
1.75300000000000e+01	4.49940060753250e+26
1.75400000000000e+01	4.48426865366477e+26
1.75500000000000e+01	4.46921383824699e+26
1.75600000000000e+01	4.45423461606844e+26
1.75700000000000e+01	4.43930445358051e+26
1.75800000000000e+01	4.42443686772144e+26
1.75900000000000e+01	4.40960615920511e+26
1.76000000000000e+01	4.39482651385609e+26
1.76100000000000e+01	4.38010348510841e+26
1.76200000000000e+01	4.36540183043980e+26
1.76300000000000e+01	4.35074207615005e+26
1.76400000000000e+01	4.33610045813945e+26
1.76500000000000e+01	4.32150304208414e+26
1.76600000000000e+01	4.30694582210440e+26
1.76700000000000e+01	4.29240536245157e+26
1.76800000000000e+01	4.27791284685138e+26
1.76900000000000e+01	4.26344466143617e+26
1.77000000000000e+01	4.24902616078335e+26
1.77100000000000e+01	4.23466301938324e+26
1.77200000000000e+01	4.22033106436922e+26
1.77300000000000e+01	4.20603039875406e+26
1.77400000000000e+01	4.19179558181089e+26
1.77500000000000e+01	4.17762097662837e+26
1.77600000000000e+01	4.16350607764090e+26
1.77700000000000e+01	4.14943140297628e+26
1.77800000000000e+01	4.13539658151403e+26
1.77900000000000e+01	4.12143038448752e+26
1.78000000000000e+01	4.10752215255365e+26
1.78100000000000e+01	4.09365288833633e+26
1.78200000000000e+01	4.07984640892623e+26
1.78300000000000e+01	4.06610261770110e+26
1.78400000000000e+01	4.05239785726508e+26
1.78500000000000e+01	4.03873236690707e+26
1.78600000000000e+01	4.02512999319846e+26
1.78700000000000e+01	4.01159578310831e+26
1.78800000000000e+01	3.99810620332163e+26
1.78900000000000e+01	3.98468469014718e+26
1.79000000000000e+01	3.97131247297099e+26
1.79100000000000e+01	3.95801750218537e+26
1.79200000000000e+01	3.94479406336611e+26
1.79300000000000e+01	3.93162301446573e+26
1.79400000000000e+01	3.91853151245246e+26
1.79500000000000e+01	3.90549525190693e+26
1.79600000000000e+01	3.89253613062815e+26
1.79700000000000e+01	3.87962980279270e+26
1.79800000000000e+01	3.86680291223185e+26
1.79900000000000e+01	3.85402152624401e+26
1.80000000000000e+01	3.84131233327430e+26
1.80100000000000e+01	3.82867426395707e+26
1.80200000000000e+01	3.81607882153934e+26
1.80300000000000e+01	3.80352062733012e+26
1.80400000000000e+01	3.79102675081564e+26
1.80500000000000e+01	3.77858722878906e+26
1.80600000000000e+01	3.76618409442741e+26
1.80700000000000e+01	3.75383038959189e+26
1.80800000000000e+01	3.74151321163757e+26
1.80900000000000e+01	3.72924570721330e+26
1.81000000000000e+01	3.71702803350380e+26
1.81100000000000e+01	3.70483804610270e+26
1.81200000000000e+01	3.69267602926650e+26
1.81300000000000e+01	3.68056442699312e+26
1.81400000000000e+01	3.66850328541070e+26
1.81500000000000e+01	3.65647514069408e+26
1.81600000000000e+01	3.64449280643421e+26
1.81700000000000e+01	3.63254346370089e+26
1.81800000000000e+01	3.62063979106004e+26
1.81900000000000e+01	3.60877357056670e+26
1.82000000000000e+01	3.59695275639450e+26
1.82100000000000e+01	3.58516455175760e+26
1.82200000000000e+01	3.57342606615815e+26
1.82300000000000e+01	3.56171540246386e+26
1.82400000000000e+01	3.55005874935861e+26
1.82500000000000e+01	3.53845136954187e+26
1.82600000000000e+01	3.52687606519636e+26
1.82700000000000e+01	3.51532828162515e+26
1.82800000000000e+01	3.50382949102309e+26
1.82900000000000e+01	3.49238403982690e+26
1.83000000000000e+01	3.48096588715832e+26
1.83100000000000e+01	3.46957502450582e+26
1.83200000000000e+01	3.45823717723204e+26
1.83300000000000e+01	3.44695214607061e+26
1.83400000000000e+01	3.43569410179388e+26
1.83500000000000e+01	3.42448857043111e+26
1.83600000000000e+01	3.41330982442678e+26
1.83700000000000e+01	3.40218765624626e+26
1.83800000000000e+01	3.39109201917615e+26
1.83900000000000e+01	3.38002722183251e+26
1.84000000000000e+01	3.36903497494175e+26
1.84100000000000e+01	3.35805230031732e+26
1.84200000000000e+01	3.34714167071685e+26
1.84300000000000e+01	3.33624037926780e+26
1.84400000000000e+01	3.32541061683435e+26
1.84500000000000e+01	3.31458994933239e+26
1.84600000000000e+01	3.30384458661774e+26
1.84700000000000e+01	3.29310376364229e+26
1.84800000000000e+01	3.28243770167649e+26
1.84900000000000e+01	3.27180071439863e+26
1.85000000000000e+01	3.26119693092058e+26
1.85100000000000e+01	3.25064236110191e+26
1.85200000000000e+01	3.24011638653441e+26
1.85300000000000e+01	3.22964342258731e+26
1.85400000000000e+01	3.21919870184919e+26
1.85500000000000e+01	3.20880233346497e+26
1.85600000000000e+01	3.19843806905682e+26
1.85700000000000e+01	3.18812172308838e+26
1.85800000000000e+01	3.17783711673495e+26
1.85900000000000e+01	3.16760415398259e+26
1.86000000000000e+01	3.15739840692689e+26
1.86100000000000e+01	3.14723972654341e+26
1.86200000000000e+01	3.13711619335885e+26
1.86300000000000e+01	3.12703517669033e+26
1.86400000000000e+01	3.11698893622690e+26
1.86500000000000e+01	3.10698891040072e+26
1.86600000000000e+01	3.09701511565387e+26
1.86700000000000e+01	3.08709528582825e+26
1.86800000000000e+01	3.07720134701885e+26
1.86900000000000e+01	3.06733724212000e+26
1.87000000000000e+01	3.05751837452935e+26
1.87100000000000e+01	3.04774854022768e+26
1.87200000000000e+01	3.03800798858471e+26
1.87300000000000e+01	3.02831603602746e+26
1.87400000000000e+01	3.01864902387287e+26
1.87500000000000e+01	3.00901482330693e+26
1.87600000000000e+01	2.99942464742059e+26
1.87700000000000e+01	2.98987827371848e+26
1.87800000000000e+01	2.98036415068086e+26
1.87900000000000e+01	2.97087817796825e+26
1.88000000000000e+01	2.96143545281566e+26
1.88100000000000e+01	2.95202056686922e+26
1.88200000000000e+01	2.94265247065748e+26
1.88300000000000e+01	2.93333091896794e+26
1.88400000000000e+01	2.92401768503097e+26
1.88500000000000e+01	2.91476962361248e+26
1.88600000000000e+01	2.90552964107451e+26
1.88700000000000e+01	2.89635434972465e+26
1.88800000000000e+01	2.88718304853121e+26
1.88900000000000e+01	2.87807982592809e+26
1.89000000000000e+01	2.86898038187331e+26
1.89100000000000e+01	2.85992981706425e+26
1.89200000000000e+01	2.85092023978518e+26
1.89300000000000e+01	2.84194042739434e+26
1.89400000000000e+01	2.83298264942198e+26
1.89500000000000e+01	2.82407294351082e+26
1.89600000000000e+01	2.81518499126618e+26
1.89700000000000e+01	2.80634471432721e+26
1.89800000000000e+01	2.79754810142196e+26
1.89900000000000e+01	2.78875439705350e+26
1.90000000000000e+01	2.78002617351419e+26
1.90100000000000e+01	2.77130439284526e+26
1.90200000000000e+01	2.76262561732596e+26
1.90300000000000e+01	2.75398962646816e+26
1.90400000000000e+01	2.74537800313561e+26
1.90500000000000e+01	2.73679064493440e+26
1.90600000000000e+01	2.72824557126543e+26
1.90700000000000e+01	2.71974256626849e+26
1.90800000000000e+01	2.71126703206111e+26
1.90900000000000e+01	2.70281518940134e+26
1.91000000000000e+01	2.69440126581938e+26
1.91100000000000e+01	2.68601441394673e+26
1.91200000000000e+01	2.67765088476208e+26
1.91300000000000e+01	2.66933205284040e+26
1.91400000000000e+01	2.66105047055929e+26
1.91500000000000e+01	2.65279537135319e+26
1.91600000000000e+01	2.64456304626419e+26
1.91700000000000e+01	2.63637110856915e+26
1.91800000000000e+01	2.62820168507584e+26
1.91900000000000e+01	2.62007231653961e+26
1.92000000000000e+01	2.61196875721090e+26
1.92100000000000e+01	2.60390490622727e+26
1.92200000000000e+01	2.59586304176807e+26
1.92300000000000e+01	2.58784659977562e+26
1.92400000000000e+01	2.57986588309510e+26
1.92500000000000e+01	2.57192773572626e+26
1.92600000000000e+01	2.56399368378604e+26
1.92700000000000e+01	2.55611926138863e+26
1.92800000000000e+01	2.54824874552759e+26
1.92900000000000e+01	2.54041669728849e+26
1.93000000000000e+01	2.53262292504850e+26
1.93100000000000e+01	2.52485004082682e+26
1.93200000000000e+01	2.51710140762271e+26
1.93300000000000e+01	2.50939404376788e+26
1.93400000000000e+01	2.50170378793762e+26
1.93500000000000e+01	2.49405448054265e+26
1.93600000000000e+01	2.48642547826743e+26
1.93700000000000e+01	2.47883708989551e+26
1.93800000000000e+01	2.47126876129826e+26
1.93900000000000e+01	2.46372041437852e+26
1.94000000000000e+01	2.45620885252038e+26
1.94100000000000e+01	2.44872041692169e+26
1.94200000000000e+01	2.44127181767326e+26
1.94300000000000e+01	2.43383936930154e+26
1.94400000000000e+01	2.42642970887228e+26
1.94500000000000e+01	2.41905944529831e+26
1.94600000000000e+01	2.41170837567287e+26
1.94700000000000e+01	2.40439306702719e+26
1.94800000000000e+01	2.39709673811995e+26
1.94900000000000e+01	2.38983919126134e+26
1.95000000000000e+01	2.38260368995299e+26
1.95100000000000e+01	2.37538685303654e+26
1.95200000000000e+01	2.36820508146911e+26
1.95300000000000e+01	2.36104503600304e+26
1.95400000000000e+01	2.35391976628509e+26
1.95500000000000e+01	2.34681598530941e+26
1.95600000000000e+01	2.33973035567946e+26
1.95700000000000e+01	2.33267911453821e+26
1.95800000000000e+01	2.32564905249885e+26
1.95900000000000e+01	2.31865631777500e+26
1.96000000000000e+01	2.31167808984597e+26
1.96100000000000e+01	2.30474011524280e+26
1.96200000000000e+01	2.29781964855890e+26
1.96300000000000e+01	2.29091662540863e+26
1.96400000000000e+01	2.28405023865509e+26
1.96500000000000e+01	2.27720108732207e+26
1.96600000000000e+01	2.27037227403837e+26
1.96700000000000e+01	2.26357653381468e+26
1.96800000000000e+01	2.25681685812077e+26
1.96900000000000e+01	2.25005809472804e+26
1.97000000000000e+01	2.24331281634737e+26
1.97100000000000e+01	2.23656845859619e+26
1.97200000000000e+01	2.22982483248684e+26
1.97300000000000e+01	2.22302191692296e+26
1.97400000000000e+01	2.21611258489238e+26
1.97500000000000e+01	2.20898693503351e+26
1.97600000000000e+01	2.20148552140525e+26
1.97700000000000e+01	2.19330879138895e+26
1.97800000000000e+01	2.18404965071062e+26
1.97900000000000e+01	2.17304835481054e+26
1.98000000000000e+01	2.15935836495891e+26
1.98100000000000e+01	2.14166196265767e+26
1.98200000000000e+01	2.11814991130348e+26
1.98300000000000e+01	2.08652967371576e+26
1.98400000000000e+01	2.04393957129732e+26
1.98500000000000e+01	1.98705683828037e+26
1.98600000000000e+01	1.91227935299902e+26
1.98700000000000e+01	1.81607096248631e+26
1.98800000000000e+01	1.69538635613455e+26
1.98900000000000e+01	1.54839681596075e+26
1.99000000000000e+01	1.37515049415256e+26
1.99100000000000e+01	1.17838848532431e+26
1.99200000000000e+01	9.64105049470759e+25
1.99300000000000e+01	7.41907599788271e+25
1.99400000000000e+01	5.24762048469735e+25
1.99500000000000e+01	3.28016380437102e+25
1.99600000000000e+01	1.67537579900854e+25
1.99700000000000e+01	5.69622860955883e+24
1.99800000000000e+01	4.46103279102126e+23
1.99900000000000e+01	9.80967687968121e+23
2.00000000000000e+01	6.29123680000744e+24
