1.00000000000000e-02	9.93372672632140e+23
2.00000000000000e-02	3.97267412280627e+24
3.00000000000000e-02	8.93549271801723e+24
4.00000000000000e-02	1.58776671710312e+25
5.00000000000000e-02	2.47937275750021e+25
6.00000000000000e-02	3.56761537231446e+25
7.00000000000000e-02	4.85161341435906e+25
8.00000000000000e-02	6.33028708346513e+25
9.00000000000000e-02	8.00248620154682e+25
1.00000000000000e-01	9.86677696293006e+25
1.10000000000000e-01	1.19216251031209e+26
1.20000000000000e-01	1.41654198729216e+26
1.30000000000000e-01	1.65962101078439e+26
1.40000000000000e-01	1.92120888669457e+26
1.50000000000000e-01	2.20107985371124e+26
1.60000000000000e-01	2.49900654591404e+26
1.70000000000000e-01	2.81475187410195e+26
1.80000000000000e-01	3.14803430183169e+26
1.90000000000000e-01	3.49858972293595e+26
2.00000000000000e-01	3.86612000989274e+26
2.10000000000000e-01	4.25033252094399e+26
2.20000000000000e-01	4.65088592834808e+26
2.30000000000000e-01	5.06745797044434e+26
2.40000000000000e-01	5.49971378451849e+26
2.50000000000000e-01	5.94725234210801e+26
2.60000000000000e-01	6.40969421023490e+26
2.70000000000000e-01	6.88672033383588e+26
2.80000000000000e-01	7.37784649928988e+26
2.90000000000000e-01	7.88268835904536e+26
3.00000000000000e-01	8.40081258323331e+26
3.10000000000000e-01	8.93179055008738e+26
3.20000000000000e-01	9.47511102552972e+26
3.30000000000000e-01	1.00303768626140e+27
3.40000000000000e-01	1.05970511363606e+27
3.50000000000000e-01	1.11746939913277e+27
3.60000000000000e-01	1.17627542485765e+27
3.70000000000000e-01	1.23607275470719e+27
3.80000000000000e-01	1.29681717664959e+27
3.90000000000000e-01	1.35843931932102e+27
4.00000000000000e-01	1.42089882586065e+27
4.10000000000000e-01	1.48413067891125e+27
4.20000000000000e-01	1.54808495688966e+27
4.30000000000000e-01	1.61270839768463e+27
4.40000000000000e-01	1.67792868666782e+27
4.50000000000000e-01	1.74369641122487e+27
4.60000000000000e-01	1.80994436393989e+27
4.70000000000000e-01	1.87662390488274e+27
4.80000000000000e-01	1.94366576265321e+27
4.90000000000000e-01	2.01100939654332e+27
5.00000000000000e-01	2.07858997609790e+27
5.10000000000000e-01	2.14634086788852e+27
5.20000000000000e-01	2.21420545236244e+27
5.30000000000000e-01	2.28212403240036e+27
5.40000000000000e-01	2.35002225484621e+27
5.50000000000000e-01	2.41783752724513e+27
5.60000000000000e-01	2.48550098619270e+27
5.70000000000000e-01	2.55295005300397e+27
5.80000000000000e-01	2.62012154639475e+27
5.90000000000000e-01	2.68693351762761e+27
6.00000000000000e-01	2.75335061285142e+27
6.10000000000000e-01	2.81926631112541e+27
6.20000000000000e-01	2.88464168126869e+27
6.30000000000000e-01	2.94939621869639e+27
6.40000000000000e-01	3.01347087879145e+27
6.50000000000000e-01	3.07680206481416e+27
6.60000000000000e-01	3.13931263409101e+27
6.70000000000000e-01	3.20093110947319e+27
6.80000000000000e-01	3.26160828747699e+27
6.90000000000000e-01	3.32126553442625e+27
7.00000000000000e-01	3.37985128066253e+27
7.10000000000000e-01	3.43727050402073e+27
7.20000000000000e-01	3.49348538905601e+27
7.30000000000000e-01	3.54842770388954e+27
7.40000000000000e-01	3.60201142545872e+27
7.50000000000000e-01	3.65420280705612e+27
7.60000000000000e-01	3.70493527377612e+27
7.70000000000000e-01	3.75411582268595e+27
7.80000000000000e-01	3.80171142023394e+27
7.90000000000000e-01	3.84766174371603e+27
8.00000000000000e-01	3.89190793550360e+27
8.10000000000000e-01	3.93436508328516e+27
8.20000000000000e-01	3.97501144572320e+27
8.30000000000000e-01	4.01376852011210e+27
8.40000000000000e-01	4.05058869313086e+27
8.50000000000000e-01	4.08542361267818e+27
8.60000000000000e-01	4.11820550896633e+27
8.70000000000000e-01	4.14889451844877e+27
8.80000000000000e-01	4.17743606659572e+27
8.90000000000000e-01	4.20379978130152e+27
9.00000000000000e-01	4.22792477322762e+27
9.10000000000000e-01	4.24973832021568e+27
9.20000000000000e-01	4.26926161699613e+27
9.30000000000000e-01	4.28639541511298e+27
9.40000000000000e-01	4.30112739393277e+27
9.50000000000000e-01	4.31342466863947e+27
9.60000000000000e-01	4.32324161170520e+27
9.70000000000000e-01	4.33054903786420e+27
9.80000000000000e-01	4.33529809937166e+27
9.90000000000000e-01	4.33748477140171e+27
1.00000000000000e+00	4.33708161414352e+27
1.01000000000000e+00	4.33405339320669e+27
1.02000000000000e+00	4.32838375584843e+27
1.03000000000000e+00	4.32005139022705e+27
1.04000000000000e+00	4.30905597126725e+27
1.05000000000000e+00	4.29535687505935e+27
1.06000000000000e+00	4.27894976494070e+27
1.07000000000000e+00	4.25984653605378e+27
1.08000000000000e+00	4.23802706141308e+27
1.09000000000000e+00	4.21349988575604e+27
1.10000000000000e+00	4.18624511338429e+27
1.11000000000000e+00	4.15629560365147e+27
1.12000000000000e+00	4.12363269588469e+27
1.13000000000000e+00	4.08828950071740e+27
1.14000000000000e+00	4.05026432741225e+27
1.15000000000000e+00	4.00958089217112e+27
1.16000000000000e+00	3.96627920634264e+27
1.17000000000000e+00	3.92035712654763e+27
1.18000000000000e+00	3.87185096474193e+27
1.19000000000000e+00	3.82078379342450e+27
1.20000000000000e+00	3.76722146604603e+27
1.21000000000000e+00	3.71118674062967e+27
1.22000000000000e+00	3.65271276380486e+27
1.23000000000000e+00	3.59187789333629e+27
1.24000000000000e+00	3.52869466178922e+27
1.25000000000000e+00	3.46327257788096e+27
1.26000000000000e+00	3.39562107207064e+27
1.27000000000000e+00	3.32581880422582e+27
1.28000000000000e+00	3.25395334050381e+27
1.29000000000000e+00	3.18010661917272e+27
1.30000000000000e+00	3.10432452705608e+27
1.31000000000000e+00	3.02670662407947e+27
1.32000000000000e+00	2.94733606945688e+27
1.33000000000000e+00	2.86633475303418e+27
1.34000000000000e+00	2.78374077781013e+27
1.35000000000000e+00	2.69972277844075e+27
1.36000000000000e+00	2.61434808876917e+27
1.37000000000000e+00	2.52773404378049e+27
1.38000000000000e+00	2.44001286145470e+27
1.39000000000000e+00	2.35128697156264e+27
1.40000000000000e+00	2.26170916082339e+27
1.41000000000000e+00	2.17139491254455e+27
1.42000000000000e+00	2.08047871989490e+27
1.43000000000000e+00	1.98912281760694e+27
1.44000000000000e+00	1.89745193873236e+27
1.45000000000000e+00	1.80564197670174e+27
1.46000000000000e+00	1.71385477554679e+27
1.47000000000000e+00	1.62223719312489e+27
1.48000000000000e+00	1.53097401682473e+27
1.49000000000000e+00	1.44024089489342e+27
1.50000000000000e+00	1.35021914127946e+27
1.51000000000000e+00	1.26110153993511e+27
1.52000000000000e+00	1.17308623736013e+27
1.53000000000000e+00	1.08636361633299e+27
1.54000000000000e+00	1.00114426783604e+27
1.55000000000000e+00	9.17665332218544e+26
1.56000000000000e+00	8.36120278234157e+26
1.57000000000000e+00	7.56749877353243e+26
1.58000000000000e+00	6.79797422261905e+26
1.59000000000000e+00	6.05491506302631e+26
1.60000000000000e+00	5.34098051261083e+26
1.61000000000000e+00	4.65866242389857e+26
1.62000000000000e+00	4.01066222742077e+26
1.63000000000000e+00	3.39973777113832e+26
1.64000000000000e+00	2.82873488067798e+26
1.65000000000000e+00	2.30056402049962e+26
1.66000000000000e+00	1.81827852726260e+26
1.67000000000000e+00	1.38499157783112e+26
1.68000000000000e+00	1.00391895660754e+26
1.69000000000000e+00	6.78424494150340e+25
1.70000000000000e+00	4.12019496177256e+25
1.71000000000000e+00	2.08406152578730e+25
1.72000000000000e+00	7.15250412733194e+24
1.73000000000000e+00	5.61867607753846e+23
1.74000000000000e+00	1.53170508074025e+24
1.75000000000000e+00	1.05736596507305e+25
1.76000000000000e+00	2.82602905507503e+25
1.77000000000000e+00	5.52391168710685e+25
1.78000000000000e+00	9.22496051808112e+25
1.79000000000000e+00	1.40139283927902e+26
1.80000000000000e+00	1.99877647607265e+26
1.81000000000000e+00	2.72576253233258e+26
1.82000000000000e+00	3.59487803593798e+26
1.83000000000000e+00	4.62021842648182e+26
1.84000000000000e+00	5.81701924045814e+26
1.85000000000000e+00	7.20187106071851e+26
1.86000000000000e+00	8.79224735764224e+26
1.87000000000000e+00	1.06060647891194e+27
1.88000000000000e+00	1.26622094549513e+27
1.89000000000000e+00	1.49806245788062e+27
1.90000000000000e+00	1.75831875877528e+27
1.91000000000000e+00	2.04972566816707e+27
1.92000000000000e+00	2.37582071628107e+27
1.93000000000000e+00	2.74171125885423e+27
1.94000000000000e+00	3.15495502382304e+27
1.95000000000000e+00	3.62669536778926e+27
1.96000000000000e+00	4.17333816954556e+27
1.97000000000000e+00	4.81852652748148e+27
1.98000000000000e+00	5.59525626557132e+27
1.99000000000000e+00	6.54875901276324e+27
2.00000000000000e+00	7.73860266719960e+27
2.01000000000000e+00	9.24149574449683e+27
2.02000000000000e+00	1.11529325190464e+28
2.03000000000000e+00	1.35890208974151e+28
2.04000000000000e+00	1.66869226484726e+28
2.05000000000000e+00	2.06034349811064e+28
2.06000000000000e+00	2.55143670039611e+28
2.07000000000000e+00	3.16135798994681e+28
2.08000000000000e+00	3.91141640701313e+28
2.09000000000000e+00	4.82474153687409e+28
2.10000000000000e+00	5.92677677371073e+28
2.11000000000000e+00	7.24550332454027e+28
2.12000000000000e+00	8.81118518737702e+28
2.13000000000000e+00	1.06552141768914e+29
2.14000000000000e+00	1.28074271795134e+29
2.15000000000000e+00	1.52898573599651e+29
2.16000000000000e+00	1.81087232805754e+29
2.17000000000000e+00	2.12430382280770e+29
2.18000000000000e+00	2.46328605739261e+29
2.19000000000000e+00	2.81704436172583e+29
2.20000000000000e+00	3.16987449313422e+29
2.21000000000000e+00	3.50248845375769e+29
2.22000000000000e+00	3.79463765175239e+29
2.23000000000000e+00	4.02910253994299e+29
2.24000000000000e+00	4.19602772616939e+29
2.25000000000000e+00	4.29588445606600e+29
2.26000000000000e+00	4.34009915614928e+29
2.27000000000000e+00	4.34932960602143e+29
2.28000000000000e+00	4.34960677847547e+29
2.29000000000000e+00	4.36848317151109e+29
2.30000000000000e+00	4.43190026383934e+29
2.31000000000000e+00	4.56368035506663e+29
2.32000000000000e+00	4.78520065784451e+29
2.33000000000000e+00	5.11740972662203e+29
2.34000000000000e+00	5.58177650154658e+29
2.35000000000000e+00	6.20184462157857e+29
2.36000000000000e+00	7.00526346814736e+29
2.37000000000000e+00	8.02659216183675e+29
2.38000000000000e+00	9.30956367550105e+29
2.39000000000000e+00	1.09090905193089e+30
2.40000000000000e+00	1.28876700922444e+30
2.41000000000000e+00	1.53076170728613e+30
2.42000000000000e+00	1.82200773419463e+30
2.43000000000000e+00	2.16487000884825e+30
2.44000000000000e+00	2.55782592957565e+30
2.45000000000000e+00	2.99463701708624e+30
2.46000000000000e+00	3.46480815830888e+30
2.47000000000000e+00	3.95524398035710e+30
2.48000000000000e+00	4.45218069903835e+30
2.49000000000000e+00	4.94281198751292e+30
2.50000000000000e+00	5.41613955041324e+30
2.51000000000000e+00	5.86286389176871e+30
2.52000000000000e+00	6.27522505350498e+30
2.53000000000000e+00	6.64733347583772e+30
2.54000000000000e+00	6.97628720602276e+30
2.55000000000000e+00	7.26263263978201e+30
2.56000000000000e+00	7.50917756536965e+30
2.57000000000000e+00	7.71806880484692e+30
2.58000000000000e+00	7.88691462445282e+30
2.59000000000000e+00	8.00654854302778e+30
2.60000000000000e+00	8.06239339719204e+30
2.61000000000000e+00	8.03871995960428e+30
2.62000000000000e+00	7.92498677538945e+30
2.63000000000000e+00	7.71950814913957e+30
2.64000000000000e+00	7.42870918776351e+30
2.65000000000000e+00	7.06453340822924e+30
2.66000000000000e+00	6.64120519844616e+30
2.67000000000000e+00	6.17538544244786e+30
2.68000000000000e+00	5.68646258749568e+30
2.69000000000000e+00	5.19717409655288e+30
2.70000000000000e+00	4.73131065698584e+30
2.71000000000000e+00	4.31034155032735e+30
2.72000000000000e+00	3.95047978844108e+30
2.73000000000000e+00	3.66171466702313e+30
2.74000000000000e+00	3.44846313762528e+30
2.75000000000000e+00	3.31114364065411e+30
2.76000000000000e+00	3.24766938489451e+30
2.77000000000000e+00	3.25465423138570e+30
2.78000000000000e+00	3.32832766026939e+30
2.79000000000000e+00	3.46558814758109e+30
2.80000000000000e+00	3.66487772812987e+30
2.81000000000000e+00	3.92751844550794e+30
2.82000000000000e+00	4.25907229915559e+30
2.83000000000000e+00	4.67014688913675e+30
2.84000000000000e+00	5.17695600757117e+30
2.85000000000000e+00	5.80085967755613e+30
2.86000000000000e+00	6.56663846781908e+30
2.87000000000000e+00	7.49903143958405e+30
2.88000000000000e+00	8.61691304291738e+30
2.89000000000000e+00	9.92614430302575e+30
2.90000000000000e+00	1.14118243297564e+31
2.91000000000000e+00	1.30346876474133e+31
2.92000000000000e+00	1.47325122015798e+31
2.93000000000000e+00	1.64286813945638e+31
2.94000000000000e+00	1.80422222039195e+31
2.95000000000000e+00	1.94994562329862e+31
2.96000000000000e+00	2.07432577202117e+31
2.97000000000000e+00	2.17415894692617e+31
2.98000000000000e+00	2.24908146334418e+31
2.99000000000000e+00	2.30102378634574e+31
3.00000000000000e+00	2.33287971545737e+31
3.01000000000000e+00	2.34710950193841e+31
3.02000000000000e+00	2.34491579105064e+31
3.03000000000000e+00	2.32635537571857e+31
3.04000000000000e+00	2.29119334016587e+31
3.05000000000000e+00	2.23997888929498e+31
3.06000000000000e+00	2.17449811372384e+31
3.07000000000000e+00	2.09780929929380e+31
3.08000000000000e+00	2.01381196462346e+31
3.09000000000000e+00	1.92671201402565e+31
3.10000000000000e+00	1.84071884610197e+31
3.11000000000000e+00	1.75963479871478e+31
3.12000000000000e+00	1.68663884709253e+31
3.13000000000000e+00	1.62383647555366e+31
3.14000000000000e+00	1.57214457447459e+31
3.15000000000000e+00	1.53127958310662e+31
3.16000000000000e+00	1.49983506973304e+31
3.17000000000000e+00	1.47549394251019e+31
3.18000000000000e+00	1.45512941549962e+31
3.19000000000000e+00	1.43501821161710e+31
3.20000000000000e+00	1.41130899826616e+31
3.21000000000000e+00	1.38104349465406e+31
3.22000000000000e+00	1.34309140861829e+31
3.23000000000000e+00	1.29854270061777e+31
3.24000000000000e+00	1.25017348477327e+31
3.25000000000000e+00	1.20111668556000e+31
3.26000000000000e+00	1.15352954004938e+31
3.27000000000000e+00	1.10806171416236e+31
3.28000000000000e+00	1.06383585202965e+31
3.29000000000000e+00	1.01910173422995e+31
3.30000000000000e+00	9.72045130219493e+30
3.31000000000000e+00	9.21433484244042e+30
3.32000000000000e+00	8.67073580804363e+30
3.33000000000000e+00	8.09780523423199e+30
3.34000000000000e+00	7.51131116067668e+30
3.35000000000000e+00	6.92981086576884e+30
3.36000000000000e+00	6.37067618781715e+30
3.37000000000000e+00	5.84722098156510e+30
3.38000000000000e+00	5.36698307908633e+30
3.39000000000000e+00	4.93169087487382e+30
3.40000000000000e+00	4.53817973803823e+30
3.41000000000000e+00	4.17920820101704e+30
3.42000000000000e+00	3.84530975912822e+30
3.43000000000000e+00	3.52619283192888e+30
3.44000000000000e+00	3.21216760462678e+30
3.45000000000000e+00	2.89549148837245e+30
3.46000000000000e+00	2.57131309962188e+30
3.47000000000000e+00	2.23876491061821e+30
3.48000000000000e+00	1.90121990670344e+30
3.49000000000000e+00	1.56583331497503e+30
3.50000000000000e+00	1.24259022305636e+30
3.51000000000000e+00	9.42998401933060e+29
3.52000000000000e+00	6.78922364948633e+29
3.53000000000000e+00	4.61642442415084e+29
3.54000000000000e+00	3.01094200997128e+29
3.55000000000000e+00	2.05244260963912e+29
3.56000000000000e+00	1.79513275066700e+29
3.57000000000000e+00	2.26352498037036e+29
3.58000000000000e+00	3.45004835948149e+29
3.59000000000000e+00	5.31571787802067e+29
3.60000000000000e+00	7.79617190588915e+29
3.61000000000000e+00	1.08102414253384e+30
3.62000000000000e+00	1.42697131047122e+30
3.63000000000000e+00	1.80866898126228e+30
3.64000000000000e+00	2.21768647720561e+30
3.65000000000000e+00	2.64589460205632e+30
3.66000000000000e+00	3.08525247047680e+30
3.67000000000000e+00	3.52738648859611e+30
3.68000000000000e+00	3.96296060985912e+30
3.69000000000000e+00	4.38144426028951e+30
3.70000000000000e+00	4.77076897572188e+30
3.71000000000000e+00	5.11849302228654e+30
3.72000000000000e+00	5.41275274742817e+30
3.73000000000000e+00	5.64398495554175e+30
3.74000000000000e+00	5.80610801823158e+30
3.75000000000000e+00	5.89739767284422e+30
3.76000000000000e+00	5.91983804338723e+30
3.77000000000000e+00	5.87913842143316e+30
3.78000000000000e+00	5.78376494024929e+30
3.79000000000000e+00	5.64429081110430e+30
3.80000000000000e+00	5.47193184898041e+30
3.81000000000000e+00	5.27847095350993e+30
3.82000000000000e+00	5.07514129344982e+30
3.83000000000000e+00	4.87311953731562e+30
3.84000000000000e+00	4.68388868787605e+30
3.85000000000000e+00	4.51899157491201e+30
3.86000000000000e+00	4.39086928703302e+30
3.87000000000000e+00	4.31134152570746e+30
3.88000000000000e+00	4.29110732374828e+30
3.89000000000000e+00	4.33853616656502e+30
3.90000000000000e+00	4.45801298243680e+30
3.91000000000000e+00	4.64926725809449e+30
3.92000000000000e+00	4.90668414206443e+30
3.93000000000000e+00	5.21946707070996e+30
3.94000000000000e+00	5.57311216466850e+30
3.95000000000000e+00	5.94999524407677e+30
3.96000000000000e+00	6.33148686830600e+30
3.97000000000000e+00	6.69841164479369e+30
3.98000000000000e+00	7.03211810704311e+30
3.99000000000000e+00	7.31546573960103e+30
4.00000000000000e+00	7.53339985969256e+30
4.01000000000000e+00	7.67522284627372e+30
4.02000000000000e+00	7.73484798519187e+30
4.03000000000000e+00	7.71313676222176e+30
4.04000000000000e+00	7.61745803354210e+30
4.05000000000000e+00	7.46137779703300e+30
4.06000000000000e+00	7.26249357812491e+30
4.07000000000000e+00	7.04023107904294e+30
4.08000000000000e+00	6.81274750595683e+30
4.09000000000000e+00	6.59538273613665e+30
4.10000000000000e+00	6.39875508165598e+30
4.11000000000000e+00	6.22891025493599e+30
4.12000000000000e+00	6.08827713318283e+30
4.13000000000000e+00	5.97625137768703e+30
4.14000000000000e+00	5.89085115058435e+30
4.15000000000000e+00	5.82942242787832e+30
4.16000000000000e+00	5.78912819756429e+30
4.17000000000000e+00	5.76719148403910e+30
4.18000000000000e+00	5.76099877507974e+30
4.19000000000000e+00	5.76774594350110e+30
4.20000000000000e+00	5.78444906331940e+30
4.21000000000000e+00	5.80779883448754e+30
4.22000000000000e+00	5.83405500190411e+30
4.23000000000000e+00	5.85936287723013e+30
4.24000000000000e+00	5.87977014590774e+30
4.25000000000000e+00	5.89153173416687e+30
4.26000000000000e+00	5.89136943571500e+30
4.27000000000000e+00	5.87641467659208e+30
4.28000000000000e+00	5.84393827450857e+30
4.29000000000000e+00	5.79191749470662e+30
4.30000000000000e+00	5.71847360545669e+30
4.31000000000000e+00	5.62299061194161e+30
4.32000000000000e+00	5.50651690271757e+30
4.33000000000000e+00	5.37203265521019e+30
4.34000000000000e+00	5.22485010002953e+30
4.35000000000000e+00	5.07146267404273e+30
4.36000000000000e+00	4.91936661317939e+30
4.37000000000000e+00	4.77550507935890e+30
4.38000000000000e+00	4.64589272033341e+30
4.39000000000000e+00	4.53499599542392e+30
4.40000000000000e+00	4.44556390502724e+30
4.41000000000000e+00	4.37879461812459e+30
4.42000000000000e+00	4.33415533582044e+30
4.43000000000000e+00	4.30995559102234e+30
4.44000000000000e+00	4.30344288613313e+30
4.45000000000000e+00	4.31104659192143e+30
4.46000000000000e+00	4.32897594150090e+30
4.47000000000000e+00	4.35343360289403e+30
4.48000000000000e+00	4.38098311670737e+30
4.49000000000000e+00	4.40873070333358e+30
4.50000000000000e+00	4.43449178001582e+30
4.51000000000000e+00	4.45685656433470e+30
4.52000000000000e+00	4.47511776236182e+30
4.53000000000000e+00	4.48925787571070e+30
4.54000000000000e+00	4.49963436080867e+30
4.55000000000000e+00	4.50680639446117e+30
4.56000000000000e+00	4.51131473686324e+30
4.57000000000000e+00	4.51345457782539e+30
4.58000000000000e+00	4.51308275974623e+30
4.59000000000000e+00	4.50993753738206e+30
4.60000000000000e+00	4.50363712385183e+30
4.61000000000000e+00	4.49380904379161e+30
4.62000000000000e+00	4.47985049261803e+30
4.63000000000000e+00	4.46137131300765e+30
4.64000000000000e+00	4.43792299686366e+30
4.65000000000000e+00	4.40927549027431e+30
4.66000000000000e+00	4.37528884207535e+30
4.67000000000000e+00	4.33636717092380e+30
4.68000000000000e+00	4.29323275820316e+30
4.69000000000000e+00	4.24730433212968e+30
4.70000000000000e+00	4.20050804051786e+30
4.71000000000000e+00	4.15561383957587e+30
4.72000000000000e+00	4.11581263235204e+30
4.73000000000000e+00	4.08472153123608e+30
4.74000000000000e+00	4.06628396788677e+30
4.75000000000000e+00	4.06424346310381e+30
4.76000000000000e+00	4.08239574613581e+30
4.77000000000000e+00	4.12487753494229e+30
4.78000000000000e+00	4.19543008837611e+30
4.79000000000000e+00	4.29808759935308e+30
4.80000000000000e+00	4.43678604614047e+30
4.81000000000000e+00	4.61416102779554e+30
4.82000000000000e+00	4.83205732169318e+30
4.83000000000000e+00	5.08995737012491e+30
4.84000000000000e+00	5.38468996078382e+30
4.85000000000000e+00	5.70966942156152e+30
4.86000000000000e+00	6.05511022196412e+30
4.87000000000000e+00	6.40793842909689e+30
4.88000000000000e+00	6.75269493793553e+30
4.89000000000000e+00	7.07179526746419e+30
4.90000000000000e+00	7.34740819683859e+30
4.91000000000000e+00	7.56240068744731e+30
4.92000000000000e+00	7.70094298395851e+30
4.93000000000000e+00	7.75107204600234e+30
4.94000000000000e+00	7.70517493957267e+30
4.95000000000000e+00	7.56126598506085e+30
4.96000000000000e+00	7.32451119800831e+30
4.97000000000000e+00	7.00653328270400e+30
4.98000000000000e+00	6.62498130879287e+30
4.99000000000000e+00	6.20081391199208e+30
5.00000000000000e+00	5.75671511214100e+30
5.01000000000000e+00	5.31450360838969e+30
5.02000000000000e+00	4.89369124355783e+30
5.03000000000000e+00	4.51073512627165e+30
5.04000000000000e+00	4.17890028056676e+30
5.05000000000000e+00	3.90876124289113e+30
5.06000000000000e+00	3.70888235238888e+30
5.07000000000000e+00	3.58692303643916e+30
5.08000000000000e+00	3.55074320432653e+30
5.09000000000000e+00	3.60943527009184e+30
5.10000000000000e+00	3.77400950557436e+30
5.11000000000000e+00	4.05766378859236e+30
5.12000000000000e+00	4.47524911086354e+30
5.13000000000000e+00	5.04215993754738e+30
5.14000000000000e+00	5.77242614574644e+30
5.15000000000000e+00	6.67646684007992e+30
5.16000000000000e+00	7.75818597094796e+30
5.17000000000000e+00	9.01253286398231e+30
5.18000000000000e+00	1.04229105173930e+31
5.19000000000000e+00	1.19605795427123e+31
5.20000000000000e+00	1.35843893140289e+31
5.21000000000000e+00	1.52445365571939e+31
5.22000000000000e+00	1.68858158392671e+31
5.23000000000000e+00	1.84533204354029e+31
5.24000000000000e+00	1.98973232060486e+31
5.25000000000000e+00	2.11766225858302e+31
5.26000000000000e+00	2.22603188379108e+31
5.27000000000000e+00	2.31276450394798e+31
5.28000000000000e+00	2.37672960272411e+31
5.29000000000000e+00	2.41774584107289e+31
5.30000000000000e+00	2.43641356955723e+31
5.31000000000000e+00	2.43398827641961e+31
5.32000000000000e+00	2.41242606217240e+31
5.33000000000000e+00	2.37397440082355e+31
5.34000000000000e+00	2.32103695733961e+31
5.35000000000000e+00	2.25606434388354e+31
5.36000000000000e+00	2.18124000503982e+31
5.37000000000000e+00	2.09866441804495e+31
5.38000000000000e+00	2.01021216703536e+31
5.39000000000000e+00	1.91787546978438e+31
5.40000000000000e+00	1.82369807825416e+31
5.41000000000000e+00	1.72989408458428e+31
5.42000000000000e+00	1.63878116187423e+31
5.43000000000000e+00	1.55272067997104e+31
5.44000000000000e+00	1.47388481064349e+31
5.45000000000000e+00	1.40405824473028e+31
5.46000000000000e+00	1.34451551767490e+31
5.47000000000000e+00	1.29593309812742e+31
5.48000000000000e+00	1.25834834445137e+31
5.49000000000000e+00	1.23122894420730e+31
5.50000000000000e+00	1.21355021384793e+31
5.51000000000000e+00	1.20388228539458e+31
5.52000000000000e+00	1.20049654225415e+31
5.53000000000000e+00	1.20144233751035e+31
5.54000000000000e+00	1.20471661804320e+31
5.55000000000000e+00	1.20829502593958e+31
5.56000000000000e+00	1.21029528915165e+31
5.57000000000000e+00	1.20906651985494e+31
5.58000000000000e+00	1.20339684740330e+31
5.59000000000000e+00	1.19260333624489e+31
5.60000000000000e+00	1.17665420013012e+31
5.61000000000000e+00	1.15627532621810e+31
5.62000000000000e+00	1.13293377876475e+31
5.63000000000000e+00	1.10877102413300e+31
5.64000000000000e+00	1.08659688177414e+31
5.65000000000000e+00	1.06962455393601e+31
5.66000000000000e+00	1.06135985333385e+31
5.67000000000000e+00	1.06536690637926e+31
5.68000000000000e+00	1.08502735031988e+31
5.69000000000000e+00	1.12334752551932e+31
5.70000000000000e+00	1.18292924812515e+31
5.71000000000000e+00	1.26572731716940e+31
5.72000000000000e+00	1.37321359151723e+31
5.73000000000000e+00	1.50632805458374e+31
5.74000000000000e+00	1.66557197558158e+31
5.75000000000000e+00	1.85105503627921e+31
5.76000000000000e+00	2.06249244928413e+31
5.77000000000000e+00	2.29917397758694e+31
5.78000000000000e+00	2.55968736920444e+31
5.79000000000000e+00	2.84194406506793e+31
5.80000000000000e+00	3.14274990796684e+31
5.81000000000000e+00	3.45783530548355e+31
5.82000000000000e+00	3.78154959067565e+31
5.83000000000000e+00	4.10697626845560e+31
5.84000000000000e+00	4.42581200348630e+31
5.85000000000000e+00	4.72871348821368e+31
5.86000000000000e+00	5.00559718891985e+31
5.87000000000000e+00	5.24637295591395e+31
5.88000000000000e+00	5.44193151834641e+31
5.89000000000000e+00	5.58515343059482e+31
5.90000000000000e+00	5.67164897881444e+31
5.91000000000000e+00	5.70128596444101e+31
5.92000000000000e+00	5.67867743547324e+31
5.93000000000000e+00	5.61399448530615e+31
5.94000000000000e+00	5.52232476139355e+31
5.95000000000000e+00	5.42337009715274e+31
5.96000000000000e+00	5.33923665695782e+31
5.97000000000000e+00	5.29326523378942e+31
5.98000000000000e+00	5.30746843877860e+31
5.99000000000000e+00	5.40132314051400e+31
6.00000000000000e+00	5.59009144428057e+31
6.01000000000000e+00	5.88416244773986e+31
6.02000000000000e+00	6.28856881821477e+31
6.03000000000000e+00	6.80339534042406e+31
6.04000000000000e+00	7.42344254872423e+31
6.05000000000000e+00	8.14001998348927e+31
6.06000000000000e+00	8.94094135044727e+31
6.07000000000000e+00	9.81265875628857e+31
6.08000000000000e+00	1.07416621371473e+32
6.09000000000000e+00	1.17158402964010e+32
6.10000000000000e+00	1.27264516772597e+32
6.11000000000000e+00	1.37697299581806e+32
6.12000000000000e+00	1.48482636875047e+32
6.13000000000000e+00	1.59711308000862e+32
6.14000000000000e+00	1.71548650431684e+32
6.15000000000000e+00	1.84229027447797e+32
6.16000000000000e+00	1.98038297224054e+32
6.17000000000000e+00	2.13303609378041e+32
6.18000000000000e+00	2.30355558359209e+32
6.19000000000000e+00	2.49518492133139e+32
6.20000000000000e+00	2.71058838828297e+32
6.21000000000000e+00	2.95172575695523e+32
6.22000000000000e+00	3.21979030504791e+32
6.23000000000000e+00	3.51487481856710e+32
6.24000000000000e+00	3.83630633334189e+32
6.25000000000000e+00	4.18263357867322e+32
6.26000000000000e+00	4.55203904500046e+32
6.27000000000000e+00	4.94228607905152e+32
6.28000000000000e+00	5.35130635266804e+32
6.29000000000000e+00	5.77706297626014e+32
6.30000000000000e+00	6.21805259659277e+32
6.31000000000000e+00	6.67310611504504e+32
6.32000000000000e+00	7.14211032209922e+32
6.33000000000000e+00	7.62556181718461e+32
6.34000000000000e+00	8.12497960816386e+32
6.35000000000000e+00	8.64286997129368e+32
6.36000000000000e+00	9.18220368721840e+32
6.37000000000000e+00	9.74704810022782e+32
6.38000000000000e+00	1.03418026016632e+33
6.39000000000000e+00	1.09716687995994e+33
6.40000000000000e+00	1.16424848120727e+33
6.41000000000000e+00	1.23621790848356e+33
6.42000000000000e+00	1.31403023821252e+33
6.43000000000000e+00	1.39898921550442e+33
6.44000000000000e+00	1.49282709350624e+33
6.45000000000000e+00	1.59779446655063e+33
6.46000000000000e+00	1.71685059609506e+33
6.47000000000000e+00	1.85381846192633e+33
6.48000000000000e+00	2.01351745182736e+33
6.49000000000000e+00	2.20211000388906e+33
6.50000000000000e+00	2.42729270364293e+33
6.51000000000000e+00	2.69881426778068e+33
6.52000000000000e+00	3.02879900503313e+33
6.53000000000000e+00	3.43235530324493e+33
6.54000000000000e+00	3.92796720376036e+33
6.55000000000000e+00	4.53818220539957e+33
6.56000000000000e+00	5.28961117995265e+33
6.57000000000000e+00	6.21307430869075e+33
6.58000000000000e+00	7.34322699296570e+33
6.59000000000000e+00	8.71786745833135e+33
6.60000000000000e+00	1.03761171916669e+34
6.61000000000000e+00	1.23573028602186e+34
6.62000000000000e+00	1.46983708339982e+34
6.63000000000000e+00	1.74317352561486e+34
6.64000000000000e+00	2.05804590544822e+34
6.65000000000000e+00	2.41539706405584e+34
6.66000000000000e+00	2.81399078562049e+34
6.67000000000000e+00	3.24943849299387e+34
6.68000000000000e+00	3.71334979547544e+34
6.69000000000000e+00	4.19234775272373e+34
6.70000000000000e+00	4.66788526648133e+34
6.71000000000000e+00	5.11668720934895e+34
6.72000000000000e+00	5.51236741974165e+34
6.73000000000000e+00	5.82880100642654e+34
6.74000000000000e+00	6.04302980092231e+34
6.75000000000000e+00	6.13924758353703e+34
6.76000000000000e+00	6.11112593596761e+34
6.77000000000000e+00	5.96324793886338e+34
6.78000000000000e+00	5.70956936484756e+34
6.79000000000000e+00	5.37124921366691e+34
6.80000000000000e+00	4.97301337664894e+34
6.81000000000000e+00	4.53985879247408e+34
6.82000000000000e+00	4.09408270035934e+34
6.83000000000000e+00	3.65361289037137e+34
6.84000000000000e+00	3.23191815833124e+34
6.85000000000000e+00	2.83799231451355e+34
6.86000000000000e+00	2.47732499408083e+34
6.87000000000000e+00	2.15257458085275e+34
6.88000000000000e+00	1.86444774478507e+34
6.89000000000000e+00	1.61214339435192e+34
6.90000000000000e+00	1.39382655728668e+34
6.91000000000000e+00	1.20686090154504e+34
6.92000000000000e+00	1.04816596748889e+34
6.93000000000000e+00	9.14424058829080e+33
6.94000000000000e+00	8.02288388887526e+33
6.95000000000000e+00	7.08540797894277e+33
6.96000000000000e+00	6.30237782021457e+33
6.97000000000000e+00	5.64763611530306e+33
6.98000000000000e+00	5.09853137926792e+33
6.99000000000000e+00	4.63602110502554e+33
7.00000000000000e+00	4.24428648289270e+33
7.01000000000000e+00	3.91037696300586e+33
7.02000000000000e+00	3.62368693042572e+33
7.03000000000000e+00	3.37566648072785e+33
7.04000000000000e+00	3.15937133251476e+33
7.05000000000000e+00	2.96912006344139e+33
7.06000000000000e+00	2.80035075502662e+33
7.07000000000000e+00	2.64929533975327e+33
7.08000000000000e+00	2.51292239935947e+33
7.09000000000000e+00	2.38862599431755e+33
7.10000000000000e+00	2.27434021440910e+33
7.11000000000000e+00	2.16826307446176e+33
7.12000000000000e+00	2.06892696957993e+33
7.13000000000000e+00	1.97510373756722e+33
7.14000000000000e+00	1.88579152090285e+33
7.15000000000000e+00	1.80018795044027e+33
7.16000000000000e+00	1.71769072609814e+33
7.17000000000000e+00	1.63790301661401e+33
7.18000000000000e+00	1.56071312351927e+33
7.19000000000000e+00	1.48620948664180e+33
7.20000000000000e+00	1.41481546396820e+33
7.21000000000000e+00	1.34719537373108e+33
7.22000000000000e+00	1.28427691211370e+33
7.23000000000000e+00	1.22719325000534e+33
7.24000000000000e+00	1.17718565746818e+33
7.25000000000000e+00	1.13551078162233e+33
7.26000000000000e+00	1.10329513991498e+33
7.27000000000000e+00	1.08132967547521e+33
7.28000000000000e+00	1.07000219423552e+33
7.29000000000000e+00	1.06907856560555e+33
7.30000000000000e+00	1.07774813286570e+33
7.31000000000000e+00	1.09456177599834e+33
7.32000000000000e+00	1.11753199108964e+33
7.33000000000000e+00	1.14432534531252e+33
7.34000000000000e+00	1.17243051935340e+33
7.35000000000000e+00	1.19943080145870e+33
7.36000000000000e+00	1.22312451453219e+33
7.37000000000000e+00	1.24178152108650e+33
7.38000000000000e+00	1.25418893335900e+33
7.39000000000000e+00	1.25969617160628e+33
7.40000000000000e+00	1.25822583316472e+33
7.41000000000000e+00	1.25019812508600e+33
7.42000000000000e+00	1.23636035471835e+33
7.43000000000000e+00	1.21772929905629e+33
7.44000000000000e+00	1.19540438598800e+33
7.45000000000000e+00	1.17045257153394e+33
7.46000000000000e+00	1.14382234955208e+33
7.47000000000000e+00	1.11628681131179e+33
7.48000000000000e+00	1.08843062471386e+33
7.49000000000000e+00	1.06061662636607e+33
7.50000000000000e+00	1.03301914504120e+33
7.51000000000000e+00	1.00564883453420e+33
7.52000000000000e+00	9.78439234716848e+32
7.53000000000000e+00	9.51219066134328e+32
7.54000000000000e+00	9.23869275498005e+32
7.55000000000000e+00	8.96261651873462e+32
7.56000000000000e+00	8.68353146767851e+32
7.57000000000000e+00	8.40225622064191e+32
7.58000000000000e+00	8.12023133292747e+32
7.59000000000000e+00	7.83999989903064e+32
7.60000000000000e+00	7.56502102994328e+32
7.61000000000000e+00	7.29918125781275e+32
7.62000000000000e+00	7.04631293375087e+32
7.63000000000000e+00	6.81038438147903e+32
7.64000000000000e+00	6.59444864257603e+32
7.65000000000000e+00	6.40070608599793e+32
7.66000000000000e+00	6.23027093353809e+32
7.67000000000000e+00	6.08313219002412e+32
7.68000000000000e+00	5.95805673590837e+32
7.69000000000000e+00	5.85317952756321e+32
7.70000000000000e+00	5.76575901574711e+32
7.71000000000000e+00	5.69307115800106e+32
7.72000000000000e+00	5.63190214926429e+32
7.73000000000000e+00	5.57952454491894e+32
7.74000000000000e+00	5.53342757678934e+32
7.75000000000000e+00	5.49135770311997e+32
7.76000000000000e+00	5.45190257820449e+32
7.77000000000000e+00	5.41379564605365e+32
7.78000000000000e+00	5.37636272105466e+32
7.79000000000000e+00	5.33923684697494e+32
7.80000000000000e+00	5.30223892344032e+32
7.81000000000000e+00	5.26536334199002e+32
7.82000000000000e+00	5.22830227831271e+32
7.83000000000000e+00	5.19084757300471e+32
7.84000000000000e+00	5.15230336383276e+32
7.85000000000000e+00	5.11178826441019e+32
7.86000000000000e+00	5.06829122087201e+32
7.87000000000000e+00	5.02052655277532e+32
7.88000000000000e+00	4.96739187961537e+32
7.89000000000000e+00	4.90795193642406e+32
7.90000000000000e+00	4.84169741507696e+32
7.91000000000000e+00	4.76874909357895e+32
7.92000000000000e+00	4.69008844892346e+32
7.93000000000000e+00	4.60752590906520e+32
7.94000000000000e+00	4.52401470639708e+32
7.95000000000000e+00	4.44365663679266e+32
7.96000000000000e+00	4.37171418171704e+32
7.97000000000000e+00	4.31442771914683e+32
7.98000000000000e+00	4.27865734573795e+32
7.99000000000000e+00	4.27140532597251e+32
8.00000000000000e+00	4.29923215958118e+32
8.01000000000000e+00	4.36731272509181e+32
8.02000000000000e+00	4.47876789549943e+32
8.03000000000000e+00	4.63398975846166e+32
8.04000000000000e+00	4.82989942082473e+32
8.05000000000000e+00	5.06013657260267e+32
8.06000000000000e+00	5.31512349845379e+32
8.07000000000000e+00	5.58274427897919e+32
8.08000000000000e+00	5.84970062068434e+32
8.09000000000000e+00	6.10273274126092e+32
8.10000000000000e+00	6.32983880983087e+32
8.11000000000000e+00	6.52166735318656e+32
8.12000000000000e+00	6.67192509880507e+32
8.13000000000000e+00	6.77813914395517e+32
8.14000000000000e+00	6.84115363346276e+32
8.15000000000000e+00	6.86469645834072e+32
8.16000000000000e+00	6.85486967639531e+32
8.17000000000000e+00	6.81896389029342e+32
8.18000000000000e+00	6.76471570019484e+32
8.19000000000000e+00	6.69942625846870e+32
8.20000000000000e+00	6.62915379558904e+32
8.21000000000000e+00	6.55849011021800e+32
8.22000000000000e+00	6.49013410673605e+32
8.23000000000000e+00	6.42490841931314e+32
8.24000000000000e+00	6.36225847416663e+32
8.25000000000000e+00	6.30037415091907e+32
8.26000000000000e+00	6.23661547537697e+32
8.27000000000000e+00	6.16793176203988e+32
8.28000000000000e+00	6.09141338754392e+32
8.29000000000000e+00	6.00438342803654e+32
8.30000000000000e+00	5.90485201051209e+32
8.31000000000000e+00	5.79183476773877e+32
8.32000000000000e+00	5.66546970627525e+32
8.33000000000000e+00	5.52725702317850e+32
8.34000000000000e+00	5.37989836936691e+32
8.35000000000000e+00	5.22743715058095e+32
8.36000000000000e+00	5.07471951801426e+32
8.37000000000000e+00	4.92690846894702e+32
8.38000000000000e+00	4.78907576305733e+32
8.39000000000000e+00	4.66552473146214e+32
8.40000000000000e+00	4.55944258144377e+32
8.41000000000000e+00	4.47279459534952e+32
8.42000000000000e+00	4.40616472924337e+32
8.43000000000000e+00	4.35907267894984e+32
8.44000000000000e+00	4.33006189260360e+32
8.45000000000000e+00	4.31723083367107e+32
8.46000000000000e+00	4.31844544658540e+32
8.47000000000000e+00	4.33166120849509e+32
8.48000000000000e+00	4.35512459377557e+32
8.49000000000000e+00	4.38736209619397e+32
8.50000000000000e+00	4.42721345331957e+32
8.51000000000000e+00	4.47360591635481e+32
8.52000000000000e+00	4.52540956670913e+32
8.53000000000000e+00	4.58134080564172e+32
8.54000000000000e+00	4.63981565076767e+32
8.55000000000000e+00	4.69911116507296e+32
8.56000000000000e+00	4.75728722430623e+32
8.57000000000000e+00	4.81243842978874e+32
8.58000000000000e+00	4.86282610515965e+32
8.59000000000000e+00	4.90704058402775e+32
8.60000000000000e+00	4.94412683216685e+32
8.61000000000000e+00	4.97363910782309e+32
8.62000000000000e+00	4.99556928711526e+32
8.63000000000000e+00	5.01046419934477e+32
8.64000000000000e+00	5.01919819534786e+32
8.65000000000000e+00	5.02290355852884e+32
8.66000000000000e+00	5.02289608892423e+32
8.67000000000000e+00	5.02048572575906e+32
8.68000000000000e+00	5.01687473216230e+32
8.69000000000000e+00	5.01309005202594e+32
8.70000000000000e+00	5.00985461360922e+32
8.71000000000000e+00	5.00747238604141e+32
8.72000000000000e+00	5.00582999790956e+32
8.73000000000000e+00	5.00435996001859e+32
8.74000000000000e+00	5.00201838409021e+32
8.75000000000000e+00	4.99744482303153e+32
8.76000000000000e+00	4.98898308713083e+32
8.77000000000000e+00	4.97495076979815e+32
8.78000000000000e+00	4.95379699026921e+32
8.79000000000000e+00	4.92423938933980e+32
8.80000000000000e+00	4.88560260647545e+32
8.81000000000000e+00	4.83783262918094e+32
8.82000000000000e+00	4.78157734393660e+32
8.83000000000000e+00	4.71827188385853e+32
8.84000000000000e+00	4.64998422499965e+32
8.85000000000000e+00	4.57928254292583e+32
8.86000000000000e+00	4.50895535085235e+32
8.87000000000000e+00	4.44175730652890e+32
8.88000000000000e+00	4.38018869568966e+32
8.89000000000000e+00	4.32621398707018e+32
8.90000000000000e+00	4.28120737756213e+32
8.91000000000000e+00	4.24579354093134e+32
8.92000000000000e+00	4.21990437482407e+32
8.93000000000000e+00	4.20295908891718e+32
8.94000000000000e+00	4.19388859935309e+32
8.95000000000000e+00	4.19136268256672e+32
8.96000000000000e+00	4.19400207050048e+32
8.97000000000000e+00	4.20036162734113e+32
8.98000000000000e+00	4.20926429123975e+32
8.99000000000000e+00	4.21965702893380e+32
9.00000000000000e+00	4.23074426273933e+32
9.01000000000000e+00	4.24193351166480e+32
9.02000000000000e+00	4.25284872563574e+32
9.03000000000000e+00	4.26329917240571e+32
9.04000000000000e+00	4.27315148489746e+32
9.05000000000000e+00	4.28239545334765e+32
9.06000000000000e+00	4.29105947293046e+32
9.07000000000000e+00	4.29921381170058e+32
9.08000000000000e+00	4.30685991956496e+32
9.09000000000000e+00	4.31407926682268e+32
9.10000000000000e+00	4.32085136715740e+32
9.11000000000000e+00	4.32717632855199e+32
9.12000000000000e+00	4.33302549951736e+32
9.13000000000000e+00	4.33833928445606e+32
9.14000000000000e+00	4.34303968304710e+32
9.15000000000000e+00	4.34712845190981e+32
9.16000000000000e+00	4.35053164646990e+32
9.17000000000000e+00	4.35327162504720e+32
9.18000000000000e+00	4.35536493852046e+32
9.19000000000000e+00	4.35690361420716e+32
9.20000000000000e+00	4.35798844514256e+32
9.21000000000000e+00	4.35877062618026e+32
9.22000000000000e+00	4.35932846358961e+32
9.23000000000000e+00	4.35977561392396e+32
9.24000000000000e+00	4.36023293579079e+32
9.25000000000000e+00	4.36075414158348e+32
9.26000000000000e+00	4.36139101259383e+32
9.27000000000000e+00	4.36215289712134e+32
9.28000000000000e+00	4.36304946838905e+32
9.29000000000000e+00	4.36405152797553e+32
9.30000000000000e+00	4.36513155260678e+32
9.31000000000000e+00	4.36627089206797e+32
9.32000000000000e+00	4.36742233566912e+32
9.33000000000000e+00	4.36853266294204e+32
9.34000000000000e+00	4.36953668601429e+32
9.35000000000000e+00	4.37040083580610e+32
9.36000000000000e+00	4.37105608146240e+32
9.37000000000000e+00	4.37150939794172e+32
9.38000000000000e+00	4.37170806050782e+32
9.39000000000000e+00	4.37162145169494e+32
9.40000000000000e+00	4.37126828175089e+32
9.41000000000000e+00	4.37065102455843e+32
9.42000000000000e+00	4.36977385961185e+32
9.43000000000000e+00	4.36865427579533e+32
9.44000000000000e+00	4.36730650939121e+32
9.45000000000000e+00	4.36579900059194e+32
9.46000000000000e+00	4.36410975954294e+32
9.47000000000000e+00	4.36229265223618e+32
9.48000000000000e+00	4.36028882174225e+32
9.49000000000000e+00	4.35815927703633e+32
9.50000000000000e+00	4.35588329506538e+32
9.51000000000000e+00	4.35349500955944e+32
9.52000000000000e+00	4.35097400995545e+32
9.53000000000000e+00	4.34836688211725e+32
9.54000000000000e+00	4.34571233777247e+32
9.55000000000000e+00	4.34309307132175e+32
9.56000000000000e+00	4.34057375670976e+32
9.57000000000000e+00	4.33827443544422e+32
9.58000000000000e+00	4.33626184656736e+32
9.59000000000000e+00	4.33471559364973e+32
9.60000000000000e+00	4.33370876788704e+32
9.61000000000000e+00	4.33331742964133e+32
9.62000000000000e+00	4.33367393069578e+32
9.63000000000000e+00	4.33477399736807e+32
9.64000000000000e+00	4.33664758286017e+32
9.65000000000000e+00	4.33931667313124e+32
9.66000000000000e+00	4.34269607568772e+32
9.67000000000000e+00	4.34674990172040e+32
9.68000000000000e+00	4.35133956281685e+32
9.69000000000000e+00	4.35635946682866e+32
9.70000000000000e+00	4.36171243573288e+32
9.71000000000000e+00	4.36725365133635e+32
9.72000000000000e+00	4.37290507869718e+32
9.73000000000000e+00	4.37858781339140e+32
9.74000000000000e+00	4.38419992266346e+32
9.75000000000000e+00	4.38973848110959e+32
9.76000000000000e+00	4.39517743305996e+32
9.77000000000000e+00	4.40049934112905e+32
9.78000000000000e+00	4.40572851294812e+32
9.79000000000000e+00	4.41093189895797e+32
9.80000000000000e+00	4.41607692976488e+32
9.81000000000000e+00	4.42119287720303e+32
9.82000000000000e+00	4.42629651241618e+32
9.83000000000000e+00	4.43142871370940e+32
9.84000000000000e+00	4.43645684187290e+32
9.85000000000000e+00	4.44146198876898e+32
9.86000000000000e+00	4.44628124901074e+32
9.87000000000000e+00	4.45100849669262e+32
9.88000000000000e+00	4.45570388051344e+32
9.89000000000000e+00	4.46108178507087e+32
9.90000000000000e+00	4.46872741141843e+32
9.91000000000000e+00	4.48242654241063e+32
9.92000000000000e+00	4.50942454122657e+32
9.93000000000000e+00	4.56224046293691e+32
9.94000000000000e+00	4.65967401149416e+32
9.95000000000000e+00	4.82672457299306e+32
9.96000000000000e+00	5.09244352342080e+32
9.97000000000000e+00	5.48518551295707e+32
9.98000000000000e+00	6.02320731222921e+32
9.99000000000000e+00	6.69978292146653e+32
1.00000000000000e+01	7.46632698340633e+32
1.00100000000000e+01	8.21740199772295e+32
1.00200000000000e+01	8.77380437521876e+32
1.00300000000000e+01	8.91264944032966e+32
1.00400000000000e+01	8.47562060645115e+32
1.00500000000000e+01	7.49347344265081e+32
1.00600000000000e+01	6.18860588678265e+32
1.00700000000000e+01	4.83749825036467e+32
1.00800000000000e+01	3.63603810948809e+32
1.00900000000000e+01	2.66565857082621e+32
1.01000000000000e+01	1.92733056122449e+32
1.01100000000000e+01	1.38533914077049e+32
1.01200000000000e+01	9.95492920821958e+31
1.01300000000000e+01	7.17891124484640e+31
1.01400000000000e+01	5.20862880974524e+31
1.01500000000000e+01	3.80854237686718e+31
1.01600000000000e+01	2.80931985352945e+31
1.01700000000000e+01	2.09163752088401e+31
1.01800000000000e+01	1.57223030695136e+31
1.01900000000000e+01	1.19312735244890e+31
1.02000000000000e+01	9.13973520838255e+30
1.02100000000000e+01	7.06549872312207e+30
1.02200000000000e+01	5.51028413294826e+30
1.02300000000000e+01	4.33382326134731e+30
1.02400000000000e+01	3.43611142781284e+30
1.02500000000000e+01	2.74535205200526e+30
1.02600000000000e+01	2.20951320921601e+30
1.02700000000000e+01	1.79063489673137e+30
1.02800000000000e+01	1.46072454550741e+30
1.02900000000000e+01	1.19904218814133e+30
1.03000000000000e+01	9.90077476016418e+29
1.03100000000000e+01	8.22119339270544e+29
1.03200000000000e+01	6.86291663418366e+29
1.03300000000000e+01	5.75800121900907e+29
1.03400000000000e+01	4.85408174241816e+29
1.03500000000000e+01	4.11063852605137e+29
1.03600000000000e+01	3.49604436593308e+29
1.03700000000000e+01	2.98549217526718e+29
1.03800000000000e+01	2.55939292897674e+29
1.03900000000000e+01	2.20217279423882e+29
1.04000000000000e+01	1.90144233232973e+29
1.04100000000000e+01	1.64725686592464e+29
1.04200000000000e+01	1.43158952221709e+29
1.04300000000000e+01	1.24794403660309e+29
1.04400000000000e+01	1.09104071664581e+29
1.04500000000000e+01	9.56557119487195e+28
1.04600000000000e+01	8.40936532780913e+28
1.04700000000000e+01	7.41238605991670e+28
1.04800000000000e+01	6.55035731943064e+28
1.04900000000000e+01	5.80299046090936e+28
1.05000000000000e+01	5.15338328836758e+28
1.05100000000000e+01	4.58731854034192e+28
1.05200000000000e+01	4.09279947409921e+28
1.05300000000000e+01	3.65968692709803e+28
1.05400000000000e+01	3.27949067899682e+28
1.05500000000000e+01	2.94488497911829e+28
1.05600000000000e+01	2.64968964424261e+28
1.05700000000000e+01	2.38869579096063e+28
1.05800000000000e+01	2.15736777301756e+28
1.05900000000000e+01	1.95189214432783e+28
1.06000000000000e+01	1.76895923092397e+28
1.06100000000000e+01	1.60577663081849e+28
1.06200000000000e+01	1.45991368310608e+28
1.06300000000000e+01	1.32930357403095e+28
1.06400000000000e+01	1.21212202526763e+28
1.06500000000000e+01	1.10682849127291e+28
1.06600000000000e+01	1.01206655757729e+28
1.06700000000000e+01	9.26660053452847e+27
1.06800000000000e+01	8.49553843471981e+27
1.06900000000000e+01	7.79862459367370e+27
1.07000000000000e+01	7.16777640772614e+27
1.07100000000000e+01	6.59587746160817e+27
1.07200000000000e+01	6.07671850122761e+27
1.07300000000000e+01	5.60483879622344e+27
1.07400000000000e+01	5.17521776189999e+27
1.07500000000000e+01	4.78358713733352e+27
1.07600000000000e+01	4.42602510720528e+27
1.07700000000000e+01	4.09920165305439e+27
1.07800000000000e+01	3.79998047128076e+27
1.07900000000000e+01	3.52575723768741e+27
1.08000000000000e+01	3.27410310103102e+27
1.08100000000000e+01	3.04294326167867e+27
1.08200000000000e+01	2.83039111143456e+27
1.08300000000000e+01	2.63479301478436e+27
1.08400000000000e+01	2.45465691372807e+27
1.08500000000000e+01	2.28865515421178e+27
1.08600000000000e+01	2.13560909712507e+27
1.08700000000000e+01	1.99443213562973e+27
1.08800000000000e+01	1.86413883224754e+27
1.08900000000000e+01	1.74381136813112e+27
1.09000000000000e+01	1.63262548305903e+27
1.09100000000000e+01	1.52985638785202e+27
1.09200000000000e+01	1.43475488038814e+27
1.09300000000000e+01	1.34667092570766e+27
1.09400000000000e+01	1.26502682883538e+27
1.09500000000000e+01	1.18924610287106e+27
1.09600000000000e+01	1.11883933198058e+27
1.09700000000000e+01	1.05333428719113e+27
1.09800000000000e+01	9.92317466992159e+26
1.09900000000000e+01	9.35408990062332e+26
1.10000000000000e+01	8.82259340890013e+26
1.10100000000000e+01	8.32579463581997e+26
1.10200000000000e+01	7.86088529846837e+26
1.10300000000000e+01	7.42540162805148e+26
1.10400000000000e+01	7.01721191871002e+26
1.10500000000000e+01	6.63442561430367e+26
1.10600000000000e+01	6.27523706558249e+26
1.10700000000000e+01	5.93800963545711e+26
1.10800000000000e+01	5.62128555708427e+26
1.10900000000000e+01	5.32378491263348e+26
1.11000000000000e+01	5.04413373990893e+26
1.11100000000000e+01	4.78127490928277e+26
1.11200000000000e+01	4.53398670454578e+26
1.11300000000000e+01	4.30138366856248e+26
1.11400000000000e+01	4.08244111067955e+26
1.11500000000000e+01	3.87629619331429e+26
1.11600000000000e+01	3.68206682404069e+26
1.11700000000000e+01	3.49908380178347e+26
1.11800000000000e+01	3.32657773458745e+26
1.11900000000000e+01	3.16387214689504e+26
1.12000000000000e+01	3.01036877397257e+26
1.12100000000000e+01	2.86553701143758e+26
1.12200000000000e+01	2.72876627668442e+26
1.12300000000000e+01	2.59961436190794e+26
1.12400000000000e+01	2.47758572142882e+26
1.12500000000000e+01	2.36224596341828e+26
1.12600000000000e+01	2.25322220112084e+26
1.12700000000000e+01	2.15009692880570e+26
1.12800000000000e+01	2.05252512445537e+26
1.12900000000000e+01	1.96014275128558e+26
1.13000000000000e+01	1.87268998307767e+26
1.13100000000000e+01	1.78982653387035e+26
1.13200000000000e+01	1.71125512986837e+26
1.13300000000000e+01	1.63677106904798e+26
1.13400000000000e+01	1.56605357810738e+26
1.13500000000000e+01	1.49893077200995e+26
1.13600000000000e+01	1.43515462384466e+26
1.13700000000000e+01	1.37452589884193e+26
1.13800000000000e+01	1.31684680988487e+26
1.13900000000000e+01	1.26196192922585e+26
1.14000000000000e+01	1.20969264689848e+26
1.14100000000000e+01	1.15989333524233e+26
1.14200000000000e+01	1.11242908203529e+26
1.14300000000000e+01	1.06718471589210e+26
1.14400000000000e+01	1.02402364129445e+26
1.14500000000000e+01	9.82862679622490e+25
1.14600000000000e+01	9.43589377542685e+25
1.14700000000000e+01	9.06123343556446e+25
1.14800000000000e+01	8.70376890716259e+25
1.14900000000000e+01	8.36261428583565e+25
1.15000000000000e+01	8.03710598877170e+25
1.15100000000000e+01	7.72650571439589e+25
1.15200000000000e+01	7.43014460533791e+25
1.15300000000000e+01	7.14714330062309e+25
1.15400000000000e+01	6.87694631974557e+25
1.15500000000000e+01	6.61886961653231e+25
1.15600000000000e+01	6.37213346733835e+25
1.15700000000000e+01	6.13625509769447e+25
1.15800000000000e+01	5.91058171458004e+25
1.15900000000000e+01	5.69453956362273e+25
1.16000000000000e+01	5.48759981578173e+25
1.16100000000000e+01	5.28936214179344e+25
1.16200000000000e+01	5.09933155114649e+25
1.16300000000000e+01	4.91710523216611e+25
1.16400000000000e+01	4.74232945199320e+25
1.16500000000000e+01	4.57464566194223e+25
1.16600000000000e+01	4.41378695835279e+25
1.16700000000000e+01	4.25944656093635e+25
1.16800000000000e+01	4.11130760292088e+25
1.16900000000000e+01	3.96920774546451e+25
1.17000000000000e+01	3.83280213187945e+25
1.17100000000000e+01	3.70185379628946e+25
1.17200000000000e+01	3.57623917617417e+25
1.17300000000000e+01	3.45564534566815e+25
1.17400000000000e+01	3.33987958968983e+25
1.17500000000000e+01	3.22873287247854e+25
1.17600000000000e+01	3.12198761834941e+25
1.17700000000000e+01	3.01945309896488e+25
1.17800000000000e+01	2.92089774454666e+25
1.17900000000000e+01	2.82616900691918e+25
1.18000000000000e+01	2.73505833495223e+25
1.18100000000000e+01	2.64737034084549e+25
1.18200000000000e+01	2.56289424205037e+25
1.18300000000000e+01	2.48151029853706e+25
1.18400000000000e+01	2.40303458820833e+25
1.18500000000000e+01	2.32731176754032e+25
1.18600000000000e+01	2.25425397877400e+25
1.18700000000000e+01	2.18372387201768e+25
1.18800000000000e+01	2.11562144975012e+25
1.18900000000000e+01	2.04987457242279e+25
1.19000000000000e+01	1.98641371166089e+25
1.19100000000000e+01	1.92513406987387e+25
1.19200000000000e+01	1.86601479625713e+25
1.19300000000000e+01	1.80899646053569e+25
1.19400000000000e+01	1.75401725515274e+25
1.19500000000000e+01	1.70100494213967e+25
1.19600000000000e+01	1.64992788428199e+25
1.19700000000000e+01	1.60071104721712e+25
1.19800000000000e+01	1.55325388016093e+25
1.19900000000000e+01	1.50755388673861e+25
1.20000000000000e+01	1.46349521028265e+25
1.20100000000000e+01	1.42101463253965e+25
1.20200000000000e+01	1.38004375801379e+25
1.20300000000000e+01	1.34050867841138e+25
1.20400000000000e+01	1.30235763648305e+25
1.20500000000000e+01	1.26550079296207e+25
1.20600000000000e+01	1.22992515985702e+25
1.20700000000000e+01	1.19552568040788e+25
1.20800000000000e+01	1.16225656045562e+25
1.20900000000000e+01	1.13010370461456e+25
1.21000000000000e+01	1.09898166229574e+25
1.21100000000000e+01	1.06883911447987e+25
1.21200000000000e+01	1.03966084795670e+25
1.21300000000000e+01	1.01139343395312e+25
1.21400000000000e+01	9.83992274163025e+24
1.21500000000000e+01	9.57428958413749e+24
1.21600000000000e+01	9.31664108290846e+24
1.21700000000000e+01	9.06683935735752e+24
1.21800000000000e+01	8.82452478275165e+24
1.21900000000000e+01	8.58940411829828e+24
1.22000000000000e+01	8.36120220043931e+24
1.22100000000000e+01	8.13992412634656e+24
1.22200000000000e+01	7.92534465021970e+24
1.22300000000000e+01	7.71719490472145e+24
1.22400000000000e+01	7.51541480024941e+24
1.22500000000000e+01	7.31973341869875e+24
1.22600000000000e+01	7.13003482874565e+24
1.22700000000000e+01	6.94619882380669e+24
1.22800000000000e+01	6.76809822246909e+24
1.22900000000000e+01	6.59547189648998e+24
1.23000000000000e+01	6.42807271917373e+24
1.23100000000000e+01	6.26591067325595e+24
1.23200000000000e+01	6.10858211523700e+24
1.23300000000000e+01	5.95606774418505e+24
1.23400000000000e+01	5.80802966153084e+24
1.23500000000000e+01	5.66427012434066e+24
1.23600000000000e+01	5.52468147183707e+24
1.23700000000000e+01	5.38901298849157e+24
1.23800000000000e+01	5.25714342727249e+24
1.23900000000000e+01	5.12885375396878e+24
1.24000000000000e+01	5.00400737431358e+24
1.24100000000000e+01	4.88248602494348e+24
1.24200000000000e+01	4.76419989902810e+24
1.24300000000000e+01	4.64900658651324e+24
1.24400000000000e+01	4.53692660375372e+24
1.24500000000000e+01	4.42778911152944e+24
1.24600000000000e+01	4.32166924057374e+24
1.24700000000000e+01	4.21836542705910e+24
1.24800000000000e+01	4.11797459711276e+24
1.24900000000000e+01	4.02046140650140e+24
1.25000000000000e+01	3.92567567072003e+24
1.25100000000000e+01	3.83368914895970e+24
1.25200000000000e+01	3.74439784562715e+24
1.25300000000000e+01	3.65780529396586e+24
1.25400000000000e+01	3.57370542590812e+24
1.25500000000000e+01	3.49215087500283e+24
1.25600000000000e+01	3.41304133221691e+24
1.25700000000000e+01	3.33618336141952e+24
1.25800000000000e+01	3.26158577269988e+24
1.25900000000000e+01	3.18909471183787e+24
1.26000000000000e+01	3.11861262492496e+24
1.26100000000000e+01	3.05002814412095e+24
1.26200000000000e+01	2.98328188728859e+24
1.26300000000000e+01	2.91823167661891e+24
1.26400000000000e+01	2.85487525545684e+24
1.26500000000000e+01	2.79308509852125e+24
1.26600000000000e+01	2.73284418527061e+24
1.26700000000000e+01	2.67403491315539e+24
1.26800000000000e+01	2.61670278574455e+24
1.26900000000000e+01	2.56077296342790e+24
1.27000000000000e+01	2.50621123652376e+24
1.27100000000000e+01	2.45300052220655e+24
1.27200000000000e+01	2.40110497234160e+24
1.27300000000000e+01	2.35050450494280e+24
1.27400000000000e+01	2.30121210636830e+24
1.27500000000000e+01	2.25318499008606e+24
1.27600000000000e+01	2.20631884976857e+24
1.27700000000000e+01	2.16067379419010e+24
1.27800000000000e+01	2.11617859561908e+24
1.27900000000000e+01	2.07281273695768e+24
1.28000000000000e+01	2.03046476704095e+24
1.28100000000000e+01	1.98915076614725e+24
1.28200000000000e+01	1.94881233700227e+24
1.28300000000000e+01	1.90945278602117e+24
1.28400000000000e+01	1.87101698451830e+24
1.28500000000000e+01	1.83342655125846e+24
1.28600000000000e+01	1.79671794771657e+24
1.28700000000000e+01	1.76084209221098e+24
1.28800000000000e+01	1.72576458955250e+24
1.28900000000000e+01	1.69149552986798e+24
1.29000000000000e+01	1.65801266040623e+24
1.29100000000000e+01	1.62528516979365e+24
1.29200000000000e+01	1.59329393363234e+24
1.29300000000000e+01	1.56204355770188e+24
1.29400000000000e+01	1.53149228529719e+24
1.29500000000000e+01	1.50165505506918e+24
1.29600000000000e+01	1.47248028746900e+24
1.29700000000000e+01	1.44398253841660e+24
1.29800000000000e+01	1.41612264577812e+24
1.29900000000000e+01	1.38890370019811e+24
1.30000000000000e+01	1.36228865700751e+24
1.30100000000000e+01	1.33628121566221e+24
1.30200000000000e+01	1.31085495256120e+24
1.30300000000000e+01	1.28599501961164e+24
1.30400000000000e+01	1.26167705376947e+24
1.30500000000000e+01	1.23789680857760e+24
1.30600000000000e+01	1.21464068934553e+24
1.30700000000000e+01	1.19188657424464e+24
1.30800000000000e+01	1.16963074618547e+24
1.30900000000000e+01	1.14786058244911e+24
1.31000000000000e+01	1.12652837100146e+24
1.31100000000000e+01	1.10568465653316e+24
1.31200000000000e+01	1.08526419067733e+24
1.31300000000000e+01	1.06528321822471e+24
1.31400000000000e+01	1.04571178266302e+24
1.31500000000000e+01	1.02655794180822e+24
1.31600000000000e+01	1.00777803348050e+24
1.31700000000000e+01	9.89372732223673e+23
1.31800000000000e+01	9.71334105527427e+23
1.31900000000000e+01	9.53647589683423e+23
1.32000000000000e+01	9.36299666804356e+23
1.32100000000000e+01	9.19276461651912e+23
1.32200000000000e+01	9.02596116248559e+23
1.32300000000000e+01	8.86237633830687e+23
1.32400000000000e+01	8.70187926351532e+23
1.32500000000000e+01	8.54455795634056e+23
1.32600000000000e+01	8.39047696584887e+23
1.32700000000000e+01	8.23950059651597e+23
1.32800000000000e+01	8.09161911378541e+23
1.32900000000000e+01	7.94687689486534e+23
1.33000000000000e+01	7.80499809146124e+23
1.33100000000000e+01	7.66623043186451e+23
1.33200000000000e+01	7.53022633390562e+23
1.33300000000000e+01	7.39704462370572e+23
1.33400000000000e+01	7.26655207029786e+23
1.33500000000000e+01	7.13873641339671e+23
1.33600000000000e+01	7.01342210819331e+23
1.33700000000000e+01	6.89054005832691e+23
1.33800000000000e+01	6.76999554846382e+23
1.33900000000000e+01	6.65184169831581e+23
1.34000000000000e+01	6.53597625803292e+23
1.34100000000000e+01	6.42229704518937e+23
1.34200000000000e+01	6.31069918977708e+23
1.34300000000000e+01	6.20126121219781e+23
1.34400000000000e+01	6.09381681660337e+23
1.34500000000000e+01	5.98833819736789e+23
1.34600000000000e+01	5.88468076414184e+23
1.34700000000000e+01	5.78301640675368e+23
1.34800000000000e+01	5.68310460135775e+23
1.34900000000000e+01	5.58496801024617e+23
1.35000000000000e+01	5.48853485416144e+23
1.35100000000000e+01	5.39368653700051e+23
1.35200000000000e+01	5.30055067506402e+23
1.35300000000000e+01	5.20895975477433e+23
1.35400000000000e+01	5.11895194020674e+23
1.35500000000000e+01	5.03046051511545e+23
1.35600000000000e+01	4.94361025405007e+23
1.35700000000000e+01	4.85824540238698e+23
1.35800000000000e+01	4.77451194565007e+23
1.35900000000000e+01	4.69226431012835e+23
1.36000000000000e+01	4.61172138563079e+23
1.36100000000000e+01	4.53275594006141e+23
1.36200000000000e+01	4.45541504131341e+23
1.36300000000000e+01	4.37968539255126e+23
1.36400000000000e+01	4.30564666588962e+23
1.36500000000000e+01	4.23319560967401e+23
1.36600000000000e+01	4.16228543924874e+23
1.36700000000000e+01	4.09301788418286e+23
1.36800000000000e+01	4.02525646108265e+23
1.36900000000000e+01	3.95899408588401e+23
1.37000000000000e+01	3.89414106984876e+23
1.37100000000000e+01	3.83073406654815e+23
1.37200000000000e+01	3.76865178579919e+23
1.37300000000000e+01	3.70779413280932e+23
1.37400000000000e+01	3.64823573954058e+23
1.37500000000000e+01	3.58980929679678e+23
1.37600000000000e+01	3.53252551372404e+23
1.37700000000000e+01	3.47629412003974e+23
1.37800000000000e+01	3.42112993732262e+23
1.37900000000000e+01	3.36701250900575e+23
1.38000000000000e+01	3.31383140538482e+23
1.38100000000000e+01	3.26169283100035e+23
1.38200000000000e+01	3.21039519576257e+23
1.38300000000000e+01	3.16007959996562e+23
1.38400000000000e+01	3.11063451416078e+23
1.38500000000000e+01	3.06207896146475e+23
1.38600000000000e+01	3.01436514784095e+23
1.38700000000000e+01	2.96753584874406e+23
1.38800000000000e+01	2.92155070236268e+23
1.38900000000000e+01	2.87641873198079e+23
1.39000000000000e+01	2.83206948951631e+23
1.39100000000000e+01	2.78851236204781e+23
1.39200000000000e+01	2.74581476083069e+23
1.39300000000000e+01	2.70389910976823e+23
1.39400000000000e+01	2.66274880680519e+23
1.39500000000000e+01	2.62244877572358e+23
1.39600000000000e+01	2.58287817440875e+23
1.39700000000000e+01	2.54406306830962e+23
1.39800000000000e+01	2.50599155921516e+23
1.39900000000000e+01	2.46868663804276e+23
1.40000000000000e+01	2.43208072812706e+23
1.40100000000000e+01	2.39620259674302e+23
1.40200000000000e+01	2.36103288511718e+23
1.40300000000000e+01	2.32650690532226e+23
1.40400000000000e+01	2.29263379774966e+23
1.40500000000000e+01	2.25937138922199e+23
1.40600000000000e+01	2.22672994438284e+23
1.40700000000000e+01	2.19469450934609e+23
1.40800000000000e+01	2.16318983046042e+23
1.40900000000000e+01	2.13224762876930e+23
1.41000000000000e+01	2.10181460553748e+23
1.41100000000000e+01	2.07190520101495e+23
1.41200000000000e+01	2.04249232283336e+23
1.41300000000000e+01	2.01354451536066e+23
1.41400000000000e+01	1.98505210425262e+23
1.41500000000000e+01	1.95702988601811e+23
1.41600000000000e+01	1.92945723807094e+23
1.41700000000000e+01	1.90231044577568e+23
1.41800000000000e+01	1.87559524580176e+23
1.41900000000000e+01	1.84930835375939e+23
1.42000000000000e+01	1.82342689448270e+23
1.42100000000000e+01	1.79795646734879e+23
1.42200000000000e+01	1.77287857784237e+23
1.42300000000000e+01	1.74818707055377e+23
1.42400000000000e+01	1.72388731403620e+23
1.42500000000000e+01	1.69996154984033e+23
1.42600000000000e+01	1.67641497500932e+23
1.42700000000000e+01	1.65323021062977e+23
1.42800000000000e+01	1.63041221011411e+23
1.42900000000000e+01	1.60795476783081e+23
1.43000000000000e+01	1.58584437658697e+23
1.43100000000000e+01	1.56406558241674e+23
1.43200000000000e+01	1.54264665056039e+23
1.43300000000000e+01	1.52155126426345e+23
1.43400000000000e+01	1.50079060812911e+23
1.43500000000000e+01	1.48035290661042e+23
1.43600000000000e+01	1.46024204937469e+23
1.43700000000000e+01	1.44044336102311e+23
1.43800000000000e+01	1.42095753834831e+23
1.43900000000000e+01	1.40178859144105e+23
1.44000000000000e+01	1.38293066856908e+23
1.44100000000000e+01	1.36437778560272e+23
1.44200000000000e+01	1.34611208844037e+23
1.44300000000000e+01	1.32815442243385e+23
1.44400000000000e+01	1.31048389191811e+23
1.44500000000000e+01	1.29310602278058e+23
1.44600000000000e+01	1.27601184844838e+23
1.44700000000000e+01	1.25918944778773e+23
1.44800000000000e+01	1.24263039191290e+23
1.44900000000000e+01	1.22635128771900e+23
1.45000000000000e+01	1.21031341682126e+23
1.45100000000000e+01	1.19454428114212e+23
1.45200000000000e+01	1.17900629667278e+23
1.45300000000000e+01	1.16371592347293e+23
1.45400000000000e+01	1.14865772431735e+23
1.45500000000000e+01	1.13382461476020e+23
1.45600000000000e+01	1.11921697939115e+23
1.45700000000000e+01	1.10481563272818e+23
1.45800000000000e+01	1.09061920188214e+23
1.45900000000000e+01	1.07662402723342e+23
1.46000000000000e+01	1.06281716159945e+23
1.46100000000000e+01	1.04919585314138e+23
1.46200000000000e+01	1.03575543585405e+23
1.46300000000000e+01	1.02248677498271e+23
1.46400000000000e+01	1.00938835746515e+23
1.46500000000000e+01	9.96447593472239e+22
1.46600000000000e+01	9.83665805792069e+22
1.46700000000000e+01	9.71051049437565e+22
1.46800000000000e+01	9.58593400970405e+22
1.46900000000000e+01	9.46289783537056e+22
1.47000000000000e+01	9.34147722896599e+22
1.47100000000000e+01	9.22159332795366e+22
1.47200000000000e+01	9.10323252946254e+22
1.47300000000000e+01	8.98646247428872e+22
1.47400000000000e+01	8.87122543917045e+22
1.47500000000000e+01	8.75764395372535e+22
1.47600000000000e+01	8.64549806106969e+22
1.47700000000000e+01	8.53500992346991e+22
1.47800000000000e+01	8.42594266264070e+22
1.47900000000000e+01	8.31849294982150e+22
1.48000000000000e+01	8.21258072390528e+22
1.48100000000000e+01	8.10824007632693e+22
1.48200000000000e+01	8.00544544740177e+22
1.48300000000000e+01	7.90426024406002e+22
1.48400000000000e+01	7.80456122926113e+22
1.48500000000000e+01	7.70647809198972e+22
1.48600000000000e+01	7.60988433657828e+22
1.48700000000000e+01	7.51481481721127e+22
1.48800000000000e+01	7.42116309527783e+22
1.48900000000000e+01	7.32898157398363e+22
1.49000000000000e+01	7.23821983340434e+22
1.49100000000000e+01	7.14871372385290e+22
1.49200000000000e+01	7.06057322078478e+22
1.49300000000000e+01	6.97359445138052e+22
1.49400000000000e+01	6.88785940648097e+22
1.49500000000000e+01	6.80331998364219e+22
1.49600000000000e+01	6.71988363906000e+22
1.49700000000000e+01	6.63761799762255e+22
1.49800000000000e+01	6.55641805279326e+22
1.49900000000000e+01	6.47635023550851e+22
1.50000000000000e+01	6.39741607352988e+22
1.50100000000000e+01	6.31951214345400e+22
1.50200000000000e+01	6.24277336578777e+22
1.50300000000000e+01	6.16705092864729e+22
1.50400000000000e+01	6.09249007910518e+22
1.50500000000000e+01	6.01892805349890e+22
1.50600000000000e+01	5.94650554107058e+22
1.50700000000000e+01	5.87514646810315e+22
1.50800000000000e+01	5.80487323269303e+22
1.50900000000000e+01	5.73563835468859e+22
1.51000000000000e+01	5.66739481364540e+22
1.51100000000000e+01	5.60025684635521e+22
1.51200000000000e+01	5.53412139074254e+22
1.51300000000000e+01	5.46898027913606e+22
1.51400000000000e+01	5.40481186441154e+22
1.51500000000000e+01	5.34164665480895e+22
1.51600000000000e+01	5.27941193663325e+22
1.51700000000000e+01	5.21808883840326e+22
1.51800000000000e+01	5.15759736108283e+22
1.51900000000000e+01	5.09803346205964e+22
1.52000000000000e+01	5.03928297391923e+22
1.52100000000000e+01	4.98138132574600e+22
1.52200000000000e+01	4.92426745781020e+22
1.52300000000000e+01	4.86791794679847e+22
1.52400000000000e+01	4.81233410439369e+22
1.52500000000000e+01	4.75750429833380e+22
1.52600000000000e+01	4.70345153368403e+22
1.52700000000000e+01	4.65008417948405e+22
1.52800000000000e+01	4.59748086156288e+22
1.52900000000000e+01	4.54557264718753e+22
1.53000000000000e+01	4.49436955697850e+22
1.53100000000000e+01	4.44382607873582e+22
1.53200000000000e+01	4.39396349715213e+22
1.53300000000000e+01	4.34469582435269e+22
1.53400000000000e+01	4.29608817657225e+22
1.53500000000000e+01	4.24811018512888e+22
1.53600000000000e+01	4.20068214944116e+22
1.53700000000000e+01	4.15387038826961e+22
1.53800000000000e+01	4.10759879879308e+22
1.53900000000000e+01	4.06185403349592e+22
1.54000000000000e+01	4.01668269534418e+22
1.54100000000000e+01	3.97210926571915e+22
1.54200000000000e+01	3.92805987029004e+22
1.54300000000000e+01	3.88455816571218e+22
1.54400000000000e+01	3.84164453741681e+22
1.54500000000000e+01	3.79926220500752e+22
1.54600000000000e+01	3.75747628025426e+22
1.54700000000000e+01	3.71624759310418e+22
1.54800000000000e+01	3.67556470957558e+22
1.54900000000000e+01	3.63540719615488e+22
1.55000000000000e+01	3.59576416826145e+22
1.55100000000000e+01	3.55666138905072e+22
1.55200000000000e+01	3.51802777810292e+22
1.55300000000000e+01	3.47988174532034e+22
1.55400000000000e+01	3.44219099806093e+22
1.55500000000000e+01	3.40494121316421e+22
1.55600000000000e+01	3.36816167041070e+22
1.55700000000000e+01	3.33178947218754e+22
1.55800000000000e+01	3.29583772684368e+22
1.55900000000000e+01	3.26032875224425e+22
1.56000000000000e+01	3.22520135867933e+22
1.56100000000000e+01	3.19049383997312e+22
1.56200000000000e+01	3.15621084421256e+22
1.56300000000000e+01	3.12233996709076e+22
1.56400000000000e+01	3.08888467533205e+22
1.56500000000000e+01	3.05585457430025e+22
1.56600000000000e+01	3.02325871412752e+22
1.56700000000000e+01	2.99105165091142e+22
1.56800000000000e+01	2.95928582076646e+22
1.56900000000000e+01	2.92792247030633e+22
1.57000000000000e+01	2.89695300788959e+22
1.57100000000000e+01	2.86639820631773e+22
1.57200000000000e+01	2.83622808325847e+22
1.57300000000000e+01	2.80642770066629e+22
1.57400000000000e+01	2.77695544164550e+22
1.57500000000000e+01	2.74784934482115e+22
1.57600000000000e+01	2.71906984687745e+22
1.57700000000000e+01	2.69061405921945e+22
1.57800000000000e+01	2.66247969995355e+22
1.57900000000000e+01	2.63463781204177e+22
1.58000000000000e+01	2.60712092495377e+22
1.58100000000000e+01	2.57988644516430e+22
1.58200000000000e+01	2.55296607314916e+22
1.58300000000000e+01	2.52635713455448e+22
1.58400000000000e+01	2.50005664293894e+22
1.58500000000000e+01	2.47406791337382e+22
1.58600000000000e+01	2.44837404530219e+22
1.58700000000000e+01	2.42297786331684e+22
1.58800000000000e+01	2.39789996924105e+22
1.58900000000000e+01	2.37311125682436e+22
1.59000000000000e+01	2.34863153956820e+22
1.59100000000000e+01	2.32443187916211e+22
1.59200000000000e+01	2.30054905968049e+22
1.59300000000000e+01	2.27694294701776e+22
1.59400000000000e+01	2.25364309539672e+22
1.59500000000000e+01	2.23061046155770e+22
1.59600000000000e+01	2.20785137983064e+22
1.59700000000000e+01	2.18534537343715e+22
1.59800000000000e+01	2.16311148793909e+22
1.59900000000000e+01	2.14114650059795e+22
1.60000000000000e+01	2.11942545940911e+22
1.60100000000000e+01	2.09794070455240e+22
1.60200000000000e+01	2.07672368453152e+22
1.60300000000000e+01	2.05573907819717e+22
1.60400000000000e+01	2.03499084305642e+22
1.60500000000000e+01	2.01451274020265e+22
1.60600000000000e+01	1.99429115515307e+22
1.60700000000000e+01	1.97431060490227e+22
1.60800000000000e+01	1.95457176695214e+22
1.60900000000000e+01	1.93510418315147e+22
1.61000000000000e+01	1.91587173445013e+22
1.61100000000000e+01	1.89689756486222e+22
1.61200000000000e+01	1.87814087730157e+22
1.61300000000000e+01	1.85959121050053e+22
1.61400000000000e+01	1.84127393146345e+22
1.61500000000000e+01	1.82313606663535e+22
1.61600000000000e+01	1.80517564267368e+22
1.61700000000000e+01	1.78741529716195e+22
1.61800000000000e+01	1.76979809861711e+22
1.61900000000000e+01	1.75236224552807e+22
1.62000000000000e+01	1.73506658515151e+22
1.62100000000000e+01	1.71795400701713e+22
1.62200000000000e+01	1.70098895460884e+22
1.62300000000000e+01	1.68418540940032e+22
1.62400000000000e+01	1.66754322096370e+22
1.62500000000000e+01	1.65108866612693e+22
1.62600000000000e+01	1.63481020930942e+22
1.62700000000000e+01	1.61872237204868e+22
1.62800000000000e+01	1.60280907496196e+22
1.62900000000000e+01	1.58706660835423e+22
1.63000000000000e+01	1.57151970009680e+22
1.63100000000000e+01	1.55614684888605e+22
1.63200000000000e+01	1.54095239905083e+22
1.63300000000000e+01	1.52590203128349e+22
1.63400000000000e+01	1.51103741232793e+22
1.63500000000000e+01	1.49629286851607e+22
1.63600000000000e+01	1.48169454444035e+22
1.63700000000000e+01	1.46719955318748e+22
1.63800000000000e+01	1.45283783248971e+22
1.63900000000000e+01	1.43855072063786e+22
1.64000000000000e+01	1.42435057219087e+22
1.64100000000000e+01	1.41022402973567e+22
1.64200000000000e+01	1.39616371157282e+22
1.64300000000000e+01	1.38215948311871e+22
1.64400000000000e+01	1.36821329664613e+22
1.64500000000000e+01	1.35431754395081e+22
1.64600000000000e+01	1.34046964405336e+22
1.64700000000000e+01	1.32670650402831e+22
1.64800000000000e+01	1.31299940358253e+22
1.64900000000000e+01	1.29940592472908e+22
1.65000000000000e+01	1.28593153640622e+22
1.65100000000000e+01	1.27258675970572e+22
1.65200000000000e+01	1.25941274591172e+22
1.65300000000000e+01	1.24641182960284e+22
1.65400000000000e+01	1.23361633349674e+22
1.65500000000000e+01	1.22105770996064e+22
1.65600000000000e+01	1.20871983800100e+22
1.65700000000000e+01	1.19664275209803e+22
1.65800000000000e+01	1.18482893672539e+22
1.65900000000000e+01	1.17327044287001e+22
1.66000000000000e+01	1.16197347229799e+22
1.66100000000000e+01	1.15093601139472e+22
1.66200000000000e+01	1.14013539798132e+22
1.66300000000000e+01	1.12956719340450e+22
1.66400000000000e+01	1.11920554971663e+22
1.66500000000000e+01	1.10904186312752e+22
1.66600000000000e+01	1.09904844775286e+22
1.66700000000000e+01	1.08920496886605e+22
1.66800000000000e+01	1.07949632134696e+22
1.66900000000000e+01	1.06990899311786e+22
1.67000000000000e+01	1.06043392870747e+22
1.67100000000000e+01	1.05106486917577e+22
1.67200000000000e+01	1.04178612619035e+22
1.67300000000000e+01	1.03259875023233e+22
1.67400000000000e+01	1.02350844043666e+22
1.67500000000000e+01	1.01451064182751e+22
1.67600000000000e+01	1.00559911431997e+22
1.67700000000000e+01	9.96790590876364e+21
1.67800000000000e+01	9.88072990114339e+21
1.67900000000000e+01	9.79438892381259e+21
1.68000000000000e+01	9.70900587940568e+21
1.68100000000000e+01	9.62459261502444e+21
1.68200000000000e+01	9.54099548712916e+21
1.68300000000000e+01	9.45820077028073e+21
1.68400000000000e+01	9.37619532253957e+21
1.68500000000000e+01	9.29496914573667e+21
1.68600000000000e+01	9.21444217434858e+21
1.68700000000000e+01	9.13453370626265e+21
1.68800000000000e+01	9.05526173068233e+21
1.68900000000000e+01	8.97656350690211e+21
1.69000000000000e+01	8.89845305292398e+21
1.69100000000000e+01	8.82091151965860e+21
1.69200000000000e+01	8.74393004991904e+21
1.69300000000000e+01	8.66750179937925e+21
1.69400000000000e+01	8.59167737171795e+21
1.69500000000000e+01	8.51645740206408e+21
1.69600000000000e+01	8.44188880342668e+21
1.69700000000000e+01	8.36804010283439e+21
1.69800000000000e+01	8.29489617952298e+21
1.69900000000000e+01	8.22252514483350e+21
1.70000000000000e+01	8.15099938842572e+21
1.70100000000000e+01	8.08029741682630e+21
1.70200000000000e+01	8.01045359836359e+21
1.70300000000000e+01	7.94151723627280e+21
1.70400000000000e+01	7.87343023927549e+21
1.70500000000000e+01	7.80622794445884e+21
1.70600000000000e+01	7.73984407354258e+21
1.70700000000000e+01	7.67428803315591e+21
1.70800000000000e+01	7.60948988108983e+21
1.70900000000000e+01	7.54543124636590e+21
1.71000000000000e+01	7.48209659454023e+21
1.71100000000000e+01	7.41940080480922e+21
1.71200000000000e+01	7.35733597847359e+21
1.71300000000000e+01	7.29588055943584e+21
1.71400000000000e+01	7.23499918915172e+21
1.71500000000000e+01	7.17471470279660e+21
1.71600000000000e+01	7.11496373505592e+21
1.71700000000000e+01	7.05575547992896e+21
1.71800000000000e+01	6.99713615637414e+21
1.71900000000000e+01	6.93908121460209e+21
1.72000000000000e+01	6.88160454317075e+21
1.72100000000000e+01	6.82470228421011e+21
1.72200000000000e+01	6.76842164818983e+21
1.72300000000000e+01	6.71273254919368e+21
1.72400000000000e+01	6.65764818440209e+21
1.72500000000000e+01	6.60318738241796e+21
1.72600000000000e+01	6.54933792589642e+21
1.72700000000000e+01	6.49609434959991e+21
1.72800000000000e+01	6.44344386852166e+21
1.72900000000000e+01	6.39137350905692e+21
1.73000000000000e+01	6.33983592620331e+21
1.73100000000000e+01	6.28884204915500e+21
1.73200000000000e+01	6.23836827234142e+21
1.73300000000000e+01	6.18838533135199e+21
1.73400000000000e+01	6.13888079534276e+21
1.73500000000000e+01	6.08983569989560e+21
1.73600000000000e+01	6.04121285323167e+21
1.73700000000000e+01	5.99302408641454e+21
1.73800000000000e+01	5.94526115243725e+21
1.73900000000000e+01	5.89792298961250e+21
1.74000000000000e+01	5.85099516279037e+21
1.74100000000000e+01	5.80447030197929e+21
1.74200000000000e+01	5.75837306240432e+21
1.74300000000000e+01	5.71269422969145e+21
1.74400000000000e+01	5.66744370190643e+21
1.74500000000000e+01	5.62260385211705e+21
1.74600000000000e+01	5.57821494142713e+21
1.74700000000000e+01	5.53423900557327e+21
1.74800000000000e+01	5.49066990352770e+21
1.74900000000000e+01	5.44753905825844e+21
1.75000000000000e+01	5.40480238748726e+21
1.75100000000000e+01	5.36247881379002e+21
1.75200000000000e+01	5.32054967003265e+21
1.75300000000000e+01	5.27899160429801e+21
1.75400000000000e+01	5.23781194206262e+21
1.75500000000000e+01	5.19700641997252e+21
1.75600000000000e+01	5.15656496512412e+21
1.75700000000000e+01	5.11645410992369e+21
1.75800000000000e+01	5.07669483257889e+21
1.75900000000000e+01	5.03727782801405e+21
1.76000000000000e+01	4.99817681607680e+21
1.76100000000000e+01	4.95940668528020e+21
1.76200000000000e+01	4.92095897823656e+21
1.76300000000000e+01	4.88281408594461e+21
1.76400000000000e+01	4.84497561140896e+21
1.76500000000000e+01	4.80745297793483e+21
1.76600000000000e+01	4.77021049713058e+21
1.76700000000000e+01	4.73326920421662e+21
1.76800000000000e+01	4.69662197722198e+21
1.76900000000000e+01	4.66025090685070e+21
1.77000000000000e+01	4.62417117531102e+21
1.77100000000000e+01	4.58838666645037e+21
1.77200000000000e+01	4.55286868270434e+21
1.77300000000000e+01	4.51763732355357e+21
1.77400000000000e+01	4.48266963686075e+21
1.77500000000000e+01	4.44798547577987e+21
1.77600000000000e+01	4.41358334206674e+21
1.77700000000000e+01	4.37944096155118e+21
1.77800000000000e+01	4.34557317099665e+21
1.77900000000000e+01	4.31198431160375e+21
1.78000000000000e+01	4.27865316865488e+21
1.78100000000000e+01	4.24559981311231e+21
1.78200000000000e+01	4.21280845321889e+21
1.78300000000000e+01	4.18030864761602e+21
1.78400000000000e+01	4.14807413669893e+21
1.78500000000000e+01	4.11614325079480e+21
1.78600000000000e+01	4.08448892272041e+21
1.78700000000000e+01	4.05315750427985e+21
1.78800000000000e+01	4.02210620844234e+21
1.78900000000000e+01	3.99136996926772e+21
1.79000000000000e+01	3.96094399021486e+21
1.79100000000000e+01	3.93082307424575e+21
1.79200000000000e+01	3.90101606588749e+21
1.79300000000000e+01	3.87152644317479e+21
1.79400000000000e+01	3.84231537528711e+21
1.79500000000000e+01	3.81342846491292e+21
1.79600000000000e+01	3.78482696115530e+21
1.79700000000000e+01	3.75650068965931e+21
1.79800000000000e+01	3.72846257160059e+21
1.79900000000000e+01	3.70070276671306e+21
1.80000000000000e+01	3.67318044692973e+21
1.80100000000000e+01	3.64592777950524e+21
1.80200000000000e+01	3.61890533544932e+21
1.80300000000000e+01	3.59210599307518e+21
1.80400000000000e+01	3.56553214087721e+21
1.80500000000000e+01	3.53916891667554e+21
1.80600000000000e+01	3.51301114839897e+21
1.80700000000000e+01	3.48706249290955e+21
1.80800000000000e+01	3.46128833328202e+21
1.80900000000000e+01	3.43572332904902e+21
1.81000000000000e+01	3.41032923358437e+21
1.81100000000000e+01	3.38514464622797e+21
1.81200000000000e+01	3.36012760384494e+21
1.81300000000000e+01	3.33531182178897e+21
1.81400000000000e+01	3.31068882166838e+21
1.81500000000000e+01	3.28626199587227e+21
1.81600000000000e+01	3.26202251507940e+21
1.81700000000000e+01	3.23799353192993e+21
1.81800000000000e+01	3.21416119238379e+21
1.81900000000000e+01	3.19053962470599e+21
1.82000000000000e+01	3.16712225520224e+21
1.82100000000000e+01	3.14390260620650e+21
1.82200000000000e+01	3.12090138863982e+21
1.82300000000000e+01	3.09809971909225e+21
1.82400000000000e+01	3.07551005689251e+21
1.82500000000000e+01	3.05311748584326e+21
1.82600000000000e+01	3.03092676743083e+21
1.82700000000000e+01	3.00892711367183e+21
1.82800000000000e+01	2.98711212392005e+21
1.82900000000000e+01	2.96547574255452e+21
1.83000000000000e+01	2.94402717503150e+21
1.83100000000000e+01	2.92275716760571e+21
1.83200000000000e+01	2.90165662753847e+21
1.83300000000000e+01	2.88071718752691e+21
1.83400000000000e+01	2.85993801454673e+21
1.83500000000000e+01	2.83932583709707e+21
1.83600000000000e+01	2.81886906470610e+21
1.83700000000000e+01	2.79857808406360e+21
1.83800000000000e+01	2.77843794868043e+21
1.83900000000000e+01	2.75845509347418e+21
1.84000000000000e+01	2.73863593876790e+21
1.84100000000000e+01	2.71896513635166e+21
1.84200000000000e+01	2.69946646040383e+21
1.84300000000000e+01	2.68011714083593e+21
1.84400000000000e+01	2.66093658465515e+21
1.84500000000000e+01	2.64190933810916e+21
1.84600000000000e+01	2.62305056824329e+21
1.84700000000000e+01	2.60434804550401e+21
1.84800000000000e+01	2.58579988246092e+21
1.84900000000000e+01	2.56740419713003e+21
1.85000000000000e+01	2.54917239638552e+21
1.85100000000000e+01	2.53108611620204e+21
1.85200000000000e+01	2.51315995997691e+21
1.85300000000000e+01	2.49536608527954e+21
1.85400000000000e+01	2.47772279939671e+21
1.85500000000000e+01	2.46022195371657e+21
1.85600000000000e+01	2.44286880267101e+21
1.85700000000000e+01	2.42564929288518e+21
1.85800000000000e+01	2.40856539800700e+21
1.85900000000000e+01	2.39161602067378e+21
1.86000000000000e+01	2.37480351496545e+21
1.86100000000000e+01	2.35812337098396e+21
1.86200000000000e+01	2.34156859382901e+21
1.86300000000000e+01	2.32514417625552e+21
1.86400000000000e+01	2.30885538799365e+21
1.86500000000000e+01	2.29268900231435e+21
1.86600000000000e+01	2.27664701801180e+21
1.86700000000000e+01	2.26073136187441e+21
1.86800000000000e+01	2.24494431593312e+21
1.86900000000000e+01	2.22926970952994e+21
1.87000000000000e+01	2.21373631400708e+21
1.87100000000000e+01	2.19831052633466e+21
1.87200000000000e+01	2.18300594126142e+21
1.87300000000000e+01	2.16783023957724e+21
1.87400000000000e+01	2.15277069069149e+21
1.87500000000000e+01	2.13782625015622e+21
1.87600000000000e+01	2.12300722677931e+21
1.87700000000000e+01	2.10829255329007e+21
1.87800000000000e+01	2.09369844059203e+21
1.87900000000000e+01	2.07921798578482e+21
1.88000000000000e+01	2.06484756565767e+21
1.88100000000000e+01	2.05059731791808e+21
1.88200000000000e+01	2.03644428056158e+21
1.88300000000000e+01	2.02240959284328e+21
1.88400000000000e+01	2.00847881792450e+21
1.88500000000000e+01	1.99465632887962e+21
1.88600000000000e+01	1.98094683884096e+21
1.88700000000000e+01	1.96733571341905e+21
1.88800000000000e+01	1.95383325227269e+21
1.88900000000000e+01	1.94043803336151e+21
1.89000000000000e+01	1.92714161298185e+21
1.89100000000000e+01	1.91394813022664e+21
1.89200000000000e+01	1.90085667239567e+21
1.89300000000000e+01	1.88787416373874e+21
1.89400000000000e+01	1.87498156476703e+21
1.89500000000000e+01	1.86219607137447e+21
1.89600000000000e+01	1.84950657226369e+21
1.89700000000000e+01	1.83691702516725e+21
1.89800000000000e+01	1.82442939832152e+21
1.89900000000000e+01	1.81202761860337e+21
1.90000000000000e+01	1.79973077314840e+21
1.90100000000000e+01	1.78751822740040e+21
1.90200000000000e+01	1.77540654365987e+21
1.90300000000000e+01	1.76338508286480e+21
1.90400000000000e+01	1.75145537960680e+21
1.90500000000000e+01	1.73961665059439e+21
1.90600000000000e+01	1.72787314892865e+21
1.90700000000000e+01	1.71621179778521e+21
1.90800000000000e+01	1.70463694480888e+21
1.90900000000000e+01	1.69315728145634e+21
1.91000000000000e+01	1.68176484456029e+21
1.91100000000000e+01	1.67045454105185e+21
1.91200000000000e+01	1.65923228358072e+21
1.91300000000000e+01	1.64809300660258e+21
1.91400000000000e+01	1.63703605906740e+21
1.91500000000000e+01	1.62606293191073e+21
1.91600000000000e+01	1.61517081576827e+21
1.91700000000000e+01	1.60436803520091e+21
1.91800000000000e+01	1.59363806582081e+21
1.91900000000000e+01	1.58299811558841e+21
1.92000000000000e+01	1.57242765516316e+21
1.92100000000000e+01	1.56194579845360e+21
1.92200000000000e+01	1.55154096573150e+21
1.92300000000000e+01	1.54121457109374e+21
1.92400000000000e+01	1.53096393495214e+21
1.92500000000000e+01	1.52079246809657e+21
1.92600000000000e+01	1.51069548914187e+21
1.92700000000000e+01	1.50067438286985e+21
1.92800000000000e+01	1.49072653948037e+21
1.92900000000000e+01	1.48085529421208e+21
1.93000000000000e+01	1.47106442101446e+21
1.93100000000000e+01	1.46133855905655e+21
1.93200000000000e+01	1.45168547982738e+21
1.93300000000000e+01	1.44211085868077e+21
1.93400000000000e+01	1.43260340380467e+21
1.93500000000000e+01	1.42317122712261e+21
1.93600000000000e+01	1.41380319486957e+21
1.93700000000000e+01	1.40451111753360e+21
1.93800000000000e+01	1.39528208896577e+21
1.93900000000000e+01	1.38612779722880e+21
1.94000000000000e+01	1.37704152751945e+21
1.94100000000000e+01	1.36801670118376e+21
1.94200000000000e+01	1.35906482542053e+21
1.94300000000000e+01	1.35017929938732e+21
1.94400000000000e+01	1.34135365579225e+21
1.94500000000000e+01	1.33259922422233e+21
1.94600000000000e+01	1.32391128876021e+21
1.94700000000000e+01	1.31527993423965e+21
1.94800000000000e+01	1.30671809968418e+21
1.94900000000000e+01	1.29822114721406e+21
1.95000000000000e+01	1.28978106316437e+21
1.95100000000000e+01	1.28140883161503e+21
1.95200000000000e+01	1.27309818034590e+21
1.95300000000000e+01	1.26484860569960e+21
1.95400000000000e+01	1.25665399597606e+21
1.95500000000000e+01	1.24852679245039e+21
1.95600000000000e+01	1.24045749091184e+21
1.95700000000000e+01	1.23244343362693e+21
1.95800000000000e+01	1.22449353603102e+21
1.95900000000000e+01	1.21659794368810e+21
1.96000000000000e+01	1.20876385215249e+21
1.96100000000000e+01	1.20098316349744e+21
1.96200000000000e+01	1.19326461805865e+21
1.96300000000000e+01	1.18559696730517e+21
1.96400000000000e+01	1.17799048775653e+21
1.96500000000000e+01	1.17043563675243e+21
1.96600000000000e+01	1.16293571532760e+21
1.96700000000000e+01	1.15549552059492e+21
1.96800000000000e+01	1.14810410445388e+21
1.96900000000000e+01	1.14076784737655e+21
1.97000000000000e+01	1.13348420936429e+21
1.97100000000000e+01	1.12624817309795e+21
1.97200000000000e+01	1.11906189445440e+21
1.97300000000000e+01	1.11192141279275e+21
1.97400000000000e+01	1.10481874970444e+21
1.97500000000000e+01	1.09773642609153e+21
1.97600000000000e+01	1.09066376077481e+21
1.97700000000000e+01	1.08355969771785e+21
1.97800000000000e+01	1.07637972664318e+21
1.97900000000000e+01	1.06903831907203e+21
1.98000000000000e+01	1.06142628567068e+21
1.98100000000000e+01	1.05336695080700e+21
1.98200000000000e+01	1.04462949753453e+21
1.98300000000000e+01	1.03488391299284e+21
1.98400000000000e+01	1.02372085567062e+21
1.98500000000000e+01	1.01059747553317e+21
1.98600000000000e+01	9.94880494244706e+20
1.98700000000000e+01	9.75800728087764e+20
1.98800000000000e+01	9.52516400443257e+20
1.98900000000000e+01	9.24124741247564e+20
1.99000000000000e+01	8.89717827996267e+20
1.99100000000000e+01	8.48469358888636e+20
1.99200000000000e+01	7.99737376685550e+20
1.99300000000000e+01	7.43176748849833e+20
1.99400000000000e+01	6.78889969179487e+20
1.99500000000000e+01	6.07570923555456e+20
1.99600000000000e+01	5.30619620176678e+20
1.99700000000000e+01	4.50215157834995e+20
1.99800000000000e+01	3.69252358293395e+20
1.99900000000000e+01	2.91125741074540e+20
2.00000000000000e+01	2.19318016650263e+20
