1.00000000000000e-02	8.54921249321324e+27
2.00000000000000e-02	3.41981875888269e+28
3.00000000000000e-02	7.69517261958395e+28
4.00000000000000e-02	1.36817095068828e+29
5.00000000000000e-02	2.13806057618225e+29
6.00000000000000e-02	3.07930837674105e+29
7.00000000000000e-02	4.19211506136109e+29
8.00000000000000e-02	5.47665356620494e+29
9.00000000000000e-02	6.93313313324253e+29
1.00000000000000e-01	8.56187307377565e+29
1.10000000000000e-01	1.03631266543308e+30
1.20000000000000e-01	1.23371518284483e+30
1.30000000000000e-01	1.44844419407260e+30
1.40000000000000e-01	1.68053955043654e+30
1.50000000000000e-01	1.93003165883456e+30
1.60000000000000e-01	2.19697623513887e+30
1.70000000000000e-01	2.48140879426430e+30
1.80000000000000e-01	2.78337770765182e+30
1.90000000000000e-01	3.10294789317290e+30
2.00000000000000e-01	3.44019913226633e+30
2.10000000000000e-01	3.79515326174234e+30
2.20000000000000e-01	4.16790003688397e+30
2.30000000000000e-01	4.55852356561325e+30
2.40000000000000e-01	4.96704775537757e+30
2.50000000000000e-01	5.39358047919973e+30
2.60000000000000e-01	5.83821056114501e+30
2.70000000000000e-01	6.30096566954865e+30
2.80000000000000e-01	6.78203417522245e+30
2.90000000000000e-01	7.28139792602277e+30
3.00000000000000e-01	7.79920952413112e+30
3.10000000000000e-01	8.33555446157213e+30
3.20000000000000e-01	8.89054581897584e+30
3.30000000000000e-01	9.46426005833952e+30
3.40000000000000e-01	1.00567410562271e+31
3.50000000000000e-01	1.06682604815408e+31
3.60000000000000e-01	1.12988455784486e+31
3.70000000000000e-01	1.19487199406527e+31
3.80000000000000e-01	1.26177745331173e+31
3.90000000000000e-01	1.33063912917151e+31
4.00000000000000e-01	1.40145489685765e+31
4.10000000000000e-01	1.47423962841206e+31
4.20000000000000e-01	1.54900425330215e+31
4.30000000000000e-01	1.62579117615466e+31
4.40000000000000e-01	1.70457225799756e+31
4.50000000000000e-01	1.78539407480961e+31
4.60000000000000e-01	1.86827045303501e+31
4.70000000000000e-01	1.95321522748821e+31
4.80000000000000e-01	2.04023028783173e+31
4.90000000000000e-01	2.12934952434764e+31
5.00000000000000e-01	2.22058778592426e+31
5.10000000000000e-01	2.31395921385925e+31
5.20000000000000e-01	2.40949280126908e+31
5.30000000000000e-01	2.50719664330430e+31
5.40000000000000e-01	2.60709323648558e+31
5.50000000000000e-01	2.70922575928674e+31
5.60000000000000e-01	2.81356311154518e+31
5.70000000000000e-01	2.92017801426878e+31
5.80000000000000e-01	3.02908874261800e+31
5.90000000000000e-01	3.14029161550549e+31
6.00000000000000e-01	3.25383046076846e+31
6.10000000000000e-01	3.36973435625009e+31
6.20000000000000e-01	3.48799184414852e+31
6.30000000000000e-01	3.60869805023630e+31
6.40000000000000e-01	3.73180061883819e+31
6.50000000000000e-01	3.85738735218407e+31
6.60000000000000e-01	3.98543032368149e+31
6.70000000000000e-01	4.11601126613514e+31
6.80000000000000e-01	4.24915266380419e+31
6.90000000000000e-01	4.38486612729078e+31
7.00000000000000e-01	4.52319093984955e+31
7.10000000000000e-01	4.66413808881433e+31
7.20000000000000e-01	4.80779550003943e+31
7.30000000000000e-01	4.95412837498492e+31
7.40000000000000e-01	5.10323559488664e+31
7.50000000000000e-01	5.25511570645087e+31
7.60000000000000e-01	5.40979323421472e+31
7.70000000000000e-01	5.56734699823747e+31
7.80000000000000e-01	5.72781325152778e+31
7.90000000000000e-01	5.89117963083260e+31
8.00000000000000e-01	6.05756243326605e+31
8.10000000000000e-01	6.22691784552041e+31
8.20000000000000e-01	6.39936651438957e+31
8.30000000000000e-01	6.57495061091934e+31
8.40000000000000e-01	6.75365650066404e+31
8.50000000000000e-01	6.93551194084450e+31
8.60000000000000e-01	7.12067273048379e+31
8.70000000000000e-01	7.30914779931888e+31
8.80000000000000e-01	7.50093680412589e+31
8.90000000000000e-01	7.69615878852858e+31
9.00000000000000e-01	7.89479563310004e+31
9.10000000000000e-01	8.09695819806118e+31
9.20000000000000e-01	8.30268425862502e+31
9.30000000000000e-01	8.51207800409874e+31
9.40000000000000e-01	8.72513642937385e+31
9.50000000000000e-01	8.94195498371122e+31
9.60000000000000e-01	9.16260154139627e+31
9.70000000000000e-01	9.38711861089459e+31
9.80000000000000e-01	9.61554826053028e+31
9.90000000000000e-01	9.84801926757038e+31
1.00000000000000e+00	1.00845972377531e+32
1.01000000000000e+00	1.03254061763440e+32
1.02000000000000e+00	1.05703328948721e+32
1.03000000000000e+00	1.08196867635513e+32
1.04000000000000e+00	1.10733828879830e+32
1.05000000000000e+00	1.13316109346648e+32
1.06000000000000e+00	1.15943528488227e+32
1.07000000000000e+00	1.18617840148340e+32
1.08000000000000e+00	1.21340195213701e+32
1.09000000000000e+00	1.24110773061590e+32
1.10000000000000e+00	1.26929787226286e+32
1.11000000000000e+00	1.29801054768225e+32
1.12000000000000e+00	1.32722347536747e+32
1.13000000000000e+00	1.35697054260583e+32
1.14000000000000e+00	1.38725210706283e+32
1.15000000000000e+00	1.41807701118866e+32
1.16000000000000e+00	1.44946926851129e+32
1.17000000000000e+00	1.48142750999007e+32
1.18000000000000e+00	1.51398092703603e+32
1.19000000000000e+00	1.54711718590050e+32
1.20000000000000e+00	1.58088011628707e+32
1.21000000000000e+00	1.61526455631112e+32
1.22000000000000e+00	1.65028798296703e+32
1.23000000000000e+00	1.68596411027571e+32
1.24000000000000e+00	1.72229914243963e+32
1.25000000000000e+00	1.75934389922210e+32
1.26000000000000e+00	1.79707608248084e+32
1.27000000000000e+00	1.83553544966604e+32
1.28000000000000e+00	1.87471941921229e+32
1.29000000000000e+00	1.91467525373822e+32
1.30000000000000e+00	1.95540102900471e+32
1.31000000000000e+00	1.99692376156632e+32
1.32000000000000e+00	2.03925260109652e+32
1.33000000000000e+00	2.08242662294518e+32
1.34000000000000e+00	2.12645985934319e+32
1.35000000000000e+00	2.17137308563911e+32
1.36000000000000e+00	2.21720015113806e+32
1.37000000000000e+00	2.26395508347389e+32
1.38000000000000e+00	2.31167421335536e+32
1.39000000000000e+00	2.36037448543850e+32
1.40000000000000e+00	2.41008745948644e+32
1.41000000000000e+00	2.46084200430505e+32
1.42000000000000e+00	2.51266685217520e+32
1.43000000000000e+00	2.56559617311533e+32
1.44000000000000e+00	2.61967397656611e+32
1.45000000000000e+00	2.67492300481161e+32
1.46000000000000e+00	2.73137215305077e+32
1.47000000000000e+00	2.78907660885064e+32
1.48000000000000e+00	2.84806746275298e+32
1.49000000000000e+00	2.90840296825736e+32
1.50000000000000e+00	2.97009830622611e+32
1.51000000000000e+00	3.03320955198140e+32
1.52000000000000e+00	3.09779933153531e+32
1.53000000000000e+00	3.16389719510158e+32
1.54000000000000e+00	3.23157091432007e+32
1.55000000000000e+00	3.30088133926949e+32
1.56000000000000e+00	3.37185999585243e+32
1.57000000000000e+00	3.44460270190294e+32
1.58000000000000e+00	3.51915284550516e+32
1.59000000000000e+00	3.59558955101388e+32
1.60000000000000e+00	3.67396430158904e+32
1.61000000000000e+00	3.75439310007226e+32
1.62000000000000e+00	3.83691615843206e+32
1.63000000000000e+00	3.92165519372543e+32
1.64000000000000e+00	4.00866630005680e+32
1.65000000000000e+00	4.09807721395242e+32
1.66000000000000e+00	4.18996512795140e+32
1.67000000000000e+00	4.28443995681220e+32
1.68000000000000e+00	4.38163415891894e+32
1.69000000000000e+00	4.48165912357608e+32
1.70000000000000e+00	4.58461819570670e+32
1.71000000000000e+00	4.69070370158749e+32
1.72000000000000e+00	4.79999851086956e+32
1.73000000000000e+00	4.91273258948291e+32
1.74000000000000e+00	5.02904222098136e+32
1.75000000000000e+00	5.14917158779672e+32
1.76000000000000e+00	5.27323202662743e+32
1.77000000000000e+00	5.40159248048159e+32
1.78000000000000e+00	5.53434932778150e+32
1.79000000000000e+00	5.67184405661313e+32
1.80000000000000e+00	5.81428443547805e+32
1.81000000000000e+00	5.96194234131211e+32
1.82000000000000e+00	6.11513083318864e+32
1.83000000000000e+00	6.27404196673459e+32
1.84000000000000e+00	6.43904197145274e+32
1.85000000000000e+00	6.61042450983942e+32
1.86000000000000e+00	6.78852258891398e+32
1.87000000000000e+00	6.97376877365094e+32
1.88000000000000e+00	7.16667244125231e+32
1.89000000000000e+00	7.36782447290924e+32
1.90000000000000e+00	7.57785936251718e+32
1.91000000000000e+00	7.79758555278908e+32
1.92000000000000e+00	8.02793234200093e+32
1.93000000000000e+00	8.26989039055542e+32
1.94000000000000e+00	8.52448355738009e+32
1.95000000000000e+00	8.79278832522758e+32
1.96000000000000e+00	9.07615157771871e+32
1.97000000000000e+00	9.37577868344551e+32
1.98000000000000e+00	9.69313505704856e+32
1.99000000000000e+00	1.00296416635315e+33
2.00000000000000e+00	1.03873225594865e+33
2.01000000000000e+00	1.07682828934956e+33
2.02000000000000e+00	1.11752760438133e+33
2.03000000000000e+00	1.16118470209550e+33
2.04000000000000e+00	1.20822898686963e+33
2.05000000000000e+00	1.25918626647669e+33
2.06000000000000e+00	1.31471013434701e+33
2.07000000000000e+00	1.37552008917584e+33
2.08000000000000e+00	1.44245302226810e+33
2.09000000000000e+00	1.51634493249387e+33
2.10000000000000e+00	1.59803166450831e+33
2.11000000000000e+00	1.68819850069010e+33
2.12000000000000e+00	1.78732646562856e+33
2.13000000000000e+00	1.89551992847765e+33
2.14000000000000e+00	2.01239240794674e+33
2.15000000000000e+00	2.13692791349090e+33
2.16000000000000e+00	2.26735978333412e+33
2.17000000000000e+00	2.40111633449458e+33
2.18000000000000e+00	2.53474234588746e+33
2.19000000000000e+00	2.66399534938253e+33
2.20000000000000e+00	2.78411119296328e+33
2.21000000000000e+00	2.88996028606240e+33
2.22000000000000e+00	2.97689566056924e+33
2.23000000000000e+00	3.04111868922294e+33
2.24000000000000e+00	3.08039925204266e+33
2.25000000000000e+00	3.09482328240068e+33
2.26000000000000e+00	3.08675964567528e+33
2.27000000000000e+00	3.06078367661277e+33
2.28000000000000e+00	3.02308001846835e+33
2.29000000000000e+00	2.98041366034579e+33
2.30000000000000e+00	2.93913697873092e+33
2.31000000000000e+00	2.90416274127287e+33
2.32000000000000e+00	2.87828240224409e+33
2.33000000000000e+00	2.86172135105433e+33
2.34000000000000e+00	2.85217051958101e+33
2.35000000000000e+00	2.84555666407172e+33
2.36000000000000e+00	2.83735106523322e+33
2.37000000000000e+00	2.82427770522082e+33
2.38000000000000e+00	2.80535886733014e+33
2.39000000000000e+00	2.78190019027734e+33
2.40000000000000e+00	2.75636729615877e+33
2.41000000000000e+00	2.73122608764047e+33
2.42000000000000e+00	2.70799338170361e+33
2.43000000000000e+00	2.68709989515556e+33
2.44000000000000e+00	2.66807157175383e+33
2.45000000000000e+00	2.65005827137556e+33
2.46000000000000e+00	2.63234417338512e+33
2.47000000000000e+00	2.61469020529654e+33
2.48000000000000e+00	2.59746903811121e+33
2.49000000000000e+00	2.58146499996140e+33
2.50000000000000e+00	2.56761849617812e+33
2.51000000000000e+00	2.55686608719808e+33
2.52000000000000e+00	2.55008371304426e+33
2.53000000000000e+00	2.54826537641455e+33
2.54000000000000e+00	2.55281772474298e+33
2.55000000000000e+00	2.56568045025188e+33
2.56000000000000e+00	2.58913310846460e+33
2.57000000000000e+00	2.62532264699374e+33
2.58000000000000e+00	2.67559093026493e+33
2.59000000000000e+00	2.73998962598576e+33
2.60000000000000e+00	2.81722787017817e+33
2.61000000000000e+00	2.90506357284718e+33
2.62000000000000e+00	3.00089385627590e+33
2.63000000000000e+00	3.10219828681428e+33
2.64000000000000e+00	3.20647135348488e+33
2.65000000000000e+00	3.31061973965763e+33
2.66000000000000e+00	3.41062993603428e+33
2.67000000000000e+00	3.50171063361625e+33
2.68000000000000e+00	3.57914717834835e+33
2.69000000000000e+00	3.63933753142069e+33
2.70000000000000e+00	3.68089530972903e+33
2.71000000000000e+00	3.70425675964430e+33
2.72000000000000e+00	3.71146982421804e+33
2.73000000000000e+00	3.70504400697724e+33
2.74000000000000e+00	3.68785893809243e+33
2.75000000000000e+00	3.66230104910460e+33
2.76000000000000e+00	3.63068318983430e+33
2.77000000000000e+00	3.59462220173091e+33
2.78000000000000e+00	3.55554792667893e+33
2.79000000000000e+00	3.51455494307750e+33
2.80000000000000e+00	3.47298572422933e+33
2.81000000000000e+00	3.43272715341543e+33
2.82000000000000e+00	3.39620634390420e+33
2.83000000000000e+00	3.36647567896722e+33
2.84000000000000e+00	3.34662763423782e+33
2.85000000000000e+00	3.33918978289776e+33
2.86000000000000e+00	3.34555444965554e+33
2.87000000000000e+00	3.36542471374363e+33
2.88000000000000e+00	3.39642051839417e+33
2.89000000000000e+00	3.43403656745950e+33
2.90000000000000e+00	3.47222998265960e+33
2.91000000000000e+00	3.50433941411026e+33
2.92000000000000e+00	3.52448003719207e+33
2.93000000000000e+00	3.52854116618244e+33
2.94000000000000e+00	3.51471048810856e+33
2.95000000000000e+00	3.48337742359053e+33
2.96000000000000e+00	3.43679137538412e+33
2.97000000000000e+00	3.37872086062931e+33
2.98000000000000e+00	3.31395543436254e+33
2.99000000000000e+00	3.24750176034434e+33
3.00000000000000e+00	3.18359668459727e+33
3.01000000000000e+00	3.12495418271852e+33
3.02000000000000e+00	3.07252153059007e+33
3.03000000000000e+00	3.02566180523674e+33
3.04000000000000e+00	2.98297658015401e+33
3.05000000000000e+00	2.94283465712023e+33
3.06000000000000e+00	2.90396326185211e+33
3.07000000000000e+00	2.86540647419905e+33
3.08000000000000e+00	2.82651191301105e+33
3.09000000000000e+00	2.78676352078325e+33
3.10000000000000e+00	2.74580423402428e+33
3.11000000000000e+00	2.70330084957129e+33
3.12000000000000e+00	2.65907805748271e+33
3.13000000000000e+00	2.61284032176355e+33
3.14000000000000e+00	2.56416935129258e+33
3.15000000000000e+00	2.51240841647289e+33
3.16000000000000e+00	2.45679890111208e+33
3.17000000000000e+00	2.39649900982837e+33
3.18000000000000e+00	2.33065808594234e+33
3.19000000000000e+00	2.25841638199564e+33
3.20000000000000e+00	2.17926250800542e+33
3.21000000000000e+00	2.09359513150596e+33
3.22000000000000e+00	2.00323893405018e+33
3.23000000000000e+00	1.91151061976916e+33
3.24000000000000e+00	1.82255705368612e+33
3.25000000000000e+00	1.74028809406978e+33
3.26000000000000e+00	1.66743043993998e+33
3.27000000000000e+00	1.60507743588945e+33
3.28000000000000e+00	1.55282646802765e+33
3.29000000000000e+00	1.50922493640563e+33
3.30000000000000e+00	1.47227634790226e+33
3.31000000000000e+00	1.43997305818837e+33
3.32000000000000e+00	1.41055111248283e+33
3.33000000000000e+00	1.38267914885736e+33
3.34000000000000e+00	1.35539483064172e+33
3.35000000000000e+00	1.32806158896777e+33
3.36000000000000e+00	1.30021751329389e+33
3.37000000000000e+00	1.27154361132083e+33
3.38000000000000e+00	1.24191405161749e+33
3.39000000000000e+00	1.21141455241256e+33
3.40000000000000e+00	1.18042703013256e+33
3.41000000000000e+00	1.14952822370604e+33
3.42000000000000e+00	1.11951228576544e+33
3.43000000000000e+00	1.09117198774310e+33
3.44000000000000e+00	1.06522534630287e+33
3.45000000000000e+00	1.04221393276859e+33
3.46000000000000e+00	1.02251599052721e+33
3.47000000000000e+00	1.00636920291075e+33
3.48000000000000e+00	9.93950488384134e+32
3.49000000000000e+00	9.85399698384781e+32
3.50000000000000e+00	9.80829585367330e+32
3.51000000000000e+00	9.80252916086434e+32
3.52000000000000e+00	9.83516593216821e+32
3.53000000000000e+00	9.90306873057607e+32
3.54000000000000e+00	1.00007289618862e+33
3.55000000000000e+00	1.01208426909799e+33
3.56000000000000e+00	1.02549272229084e+33
3.57000000000000e+00	1.03935761577687e+33
3.58000000000000e+00	1.05278230271977e+33
3.59000000000000e+00	1.06506476841702e+33
3.60000000000000e+00	1.07575558170371e+33
3.61000000000000e+00	1.08474626512392e+33
3.62000000000000e+00	1.09215775096078e+33
3.63000000000000e+00	1.09826921541729e+33
3.64000000000000e+00	1.10342934108378e+33
3.65000000000000e+00	1.10787784462671e+33
3.66000000000000e+00	1.11180947042770e+33
3.67000000000000e+00	1.11525264379018e+33
3.68000000000000e+00	1.11804020237100e+33
3.69000000000000e+00	1.11981870624044e+33
3.70000000000000e+00	1.12004707286544e+33
3.71000000000000e+00	1.11809575827264e+33
3.72000000000000e+00	1.11339116638067e+33
3.73000000000000e+00	1.10550575237715e+33
3.74000000000000e+00	1.09422147807810e+33
3.75000000000000e+00	1.07958650692643e+33
3.76000000000000e+00	1.06187927660405e+33
3.77000000000000e+00	1.04156083824815e+33
3.78000000000000e+00	1.01927276411012e+33
3.79000000000000e+00	9.95676721904281e+32
3.80000000000000e+00	9.71507794138664e+32
3.81000000000000e+00	9.47339848932958e+32
3.82000000000000e+00	9.23596443143431e+32
3.83000000000000e+00	9.00543296006988e+32
3.84000000000000e+00	8.78228358876706e+32
3.85000000000000e+00	8.56550159969013e+32
3.86000000000000e+00	8.35258126381295e+32
3.87000000000000e+00	8.14015646760241e+32
3.88000000000000e+00	7.92500242930316e+32
3.89000000000000e+00	7.70411978968847e+32
3.90000000000000e+00	7.47627833043821e+32
3.91000000000000e+00	7.24208035032777e+32
3.92000000000000e+00	7.00424593362750e+32
3.93000000000000e+00	6.76688689420950e+32
3.94000000000000e+00	6.53520810322834e+32
3.95000000000000e+00	6.31428894484386e+32
3.96000000000000e+00	6.10873382058515e+32
3.97000000000000e+00	5.92167788852254e+32
3.98000000000000e+00	5.75501400008572e+32
3.99000000000000e+00	5.60865421856066e+32
4.00000000000000e+00	5.48118165529329e+32
4.01000000000000e+00	5.36965744255836e+32
4.02000000000000e+00	5.27035787329256e+32
4.03000000000000e+00	5.17925817566658e+32
4.04000000000000e+00	5.09238607926234e+32
4.05000000000000e+00	5.00663817091855e+32
4.06000000000000e+00	4.91972723979394e+32
4.07000000000000e+00	4.83070904589841e+32
4.08000000000000e+00	4.73949441387300e+32
4.09000000000000e+00	4.64671915128646e+32
4.10000000000000e+00	4.55336437182453e+32
4.11000000000000e+00	4.46062781809414e+32
4.12000000000000e+00	4.36957965735117e+32
4.13000000000000e+00	4.28136708465450e+32
4.14000000000000e+00	4.19707047174034e+32
4.15000000000000e+00	4.11759799913492e+32
4.16000000000000e+00	4.04367065104093e+32
4.17000000000000e+00	3.97541439510612e+32
4.18000000000000e+00	3.91274387649428e+32
4.19000000000000e+00	3.85502070258193e+32
4.20000000000000e+00	3.80131674745651e+32
4.21000000000000e+00	3.75064393752472e+32
4.22000000000000e+00	3.70213027030356e+32
4.23000000000000e+00	3.65526934059129e+32
4.24000000000000e+00	3.60986741724745e+32
4.25000000000000e+00	3.56614882812544e+32
4.26000000000000e+00	3.52477973410495e+32
4.27000000000000e+00	3.48640463444195e+32
4.28000000000000e+00	3.45170561629761e+32
4.29000000000000e+00	3.42090638324001e+32
4.30000000000000e+00	3.39389723799879e+32
4.31000000000000e+00	3.36999907784308e+32
4.32000000000000e+00	3.34831123637267e+32
4.33000000000000e+00	3.32771228107827e+32
4.34000000000000e+00	3.30685425202749e+32
4.35000000000000e+00	3.28458878049661e+32
4.36000000000000e+00	3.25966791014149e+32
4.37000000000000e+00	3.23093234211765e+32
4.38000000000000e+00	3.19735759332804e+32
4.39000000000000e+00	3.15816793520898e+32
4.40000000000000e+00	3.11291744260456e+32
4.41000000000000e+00	3.06148778377948e+32
4.42000000000000e+00	3.00424255735248e+32
4.43000000000000e+00	2.94180966890862e+32
4.44000000000000e+00	2.87494888844525e+32
4.45000000000000e+00	2.80448249842044e+32
4.46000000000000e+00	2.73127524349831e+32
4.47000000000000e+00	2.65619716072796e+32
4.48000000000000e+00	2.58023038948802e+32
4.49000000000000e+00	2.50443887650743e+32
4.50000000000000e+00	2.42995061190464e+32
4.51000000000000e+00	2.35796383652340e+32
4.52000000000000e+00	2.28965242368211e+32
4.53000000000000e+00	2.22617174834479e+32
4.54000000000000e+00	2.16845145309128e+32
4.55000000000000e+00	2.11723706935538e+32
4.56000000000000e+00	2.07292065713073e+32
4.57000000000000e+00	2.03564366791860e+32
4.58000000000000e+00	2.00511670444164e+32
4.59000000000000e+00	1.98086123395995e+32
4.60000000000000e+00	1.96214084574765e+32
4.61000000000000e+00	1.94813503338719e+32
4.62000000000000e+00	1.93791710582130e+32
4.63000000000000e+00	1.93049032601165e+32
4.64000000000000e+00	1.92479079531627e+32
4.65000000000000e+00	1.91979155740779e+32
4.66000000000000e+00	1.91449217863109e+32
4.67000000000000e+00	1.90794552034300e+32
4.68000000000000e+00	1.89932518336093e+32
4.69000000000000e+00	1.88803473337996e+32
4.70000000000000e+00	1.87379734373774e+32
4.71000000000000e+00	1.85664515464247e+32
4.72000000000000e+00	1.83713104124558e+32
4.73000000000000e+00	1.81608423421451e+32
4.74000000000000e+00	1.79471706212455e+32
4.75000000000000e+00	1.77434327250692e+32
4.76000000000000e+00	1.75635589725370e+32
4.77000000000000e+00	1.74197596585448e+32
4.78000000000000e+00	1.73230852670367e+32
4.79000000000000e+00	1.72806629722311e+32
4.80000000000000e+00	1.72975546264468e+32
4.81000000000000e+00	1.73744355251054e+32
4.82000000000000e+00	1.75084430222230e+32
4.83000000000000e+00	1.76936579709309e+32
4.84000000000000e+00	1.79224804757651e+32
4.85000000000000e+00	1.81858615467283e+32
4.86000000000000e+00	1.84758302235400e+32
4.87000000000000e+00	1.87852166287786e+32
4.88000000000000e+00	1.91102094522665e+32
4.89000000000000e+00	1.94497746662925e+32
4.90000000000000e+00	1.98053725343460e+32
4.91000000000000e+00	2.01788731034886e+32
4.92000000000000e+00	2.05731739725521e+32
4.93000000000000e+00	2.09881291495990e+32
4.94000000000000e+00	2.14201197988110e+32
4.95000000000000e+00	2.18627766399069e+32
4.96000000000000e+00	2.23042653303499e+32
4.97000000000000e+00	2.27313366008123e+32
4.98000000000000e+00	2.31277060493768e+32
4.99000000000000e+00	2.34772611325616e+32
5.00000000000000e+00	2.37633344285875e+32
5.01000000000000e+00	2.39710200846436e+32
5.02000000000000e+00	2.40867692610664e+32
5.03000000000000e+00	2.41002986679916e+32
5.04000000000000e+00	2.40057372400450e+32
5.05000000000000e+00	2.38029071709384e+32
5.06000000000000e+00	2.34991296539609e+32
5.07000000000000e+00	2.31081984301157e+32
5.08000000000000e+00	2.26495872862168e+32
5.09000000000000e+00	2.21477746996921e+32
5.10000000000000e+00	2.16306075205310e+32
5.11000000000000e+00	2.11254143958154e+32
5.12000000000000e+00	2.06590297546521e+32
5.13000000000000e+00	2.02549850127500e+32
5.14000000000000e+00	1.99309195165248e+32
5.15000000000000e+00	1.96993699047113e+32
5.16000000000000e+00	1.95651218279963e+32
5.17000000000000e+00	1.95248983613392e+32
5.18000000000000e+00	1.95676268454169e+32
5.19000000000000e+00	1.96756508412272e+32
5.20000000000000e+00	1.98255042142802e+32
5.21000000000000e+00	1.99911540205482e+32
5.22000000000000e+00	2.01461099646449e+32
5.23000000000000e+00	2.02670272670425e+32
5.24000000000000e+00	2.03357486092108e+32
5.25000000000000e+00	2.03397527987497e+32
5.26000000000000e+00	2.02728606179863e+32
5.27000000000000e+00	2.01338368356962e+32
5.28000000000000e+00	1.99267783080820e+32
5.29000000000000e+00	1.96583139171079e+32
5.30000000000000e+00	1.93381548268673e+32
5.31000000000000e+00	1.89759180280800e+32
5.32000000000000e+00	1.85823466066437e+32
5.33000000000000e+00	1.81660677854023e+32
5.34000000000000e+00	1.77353054865650e+32
5.35000000000000e+00	1.72953375319180e+32
5.36000000000000e+00	1.68505934153428e+32
5.37000000000000e+00	1.64058864204643e+32
5.38000000000000e+00	1.59669667115169e+32
5.39000000000000e+00	1.55423924956257e+32
5.40000000000000e+00	1.51452223188270e+32
5.41000000000000e+00	1.47928067290571e+32
5.42000000000000e+00	1.45058576048817e+32
5.43000000000000e+00	1.43079985354068e+32
5.44000000000000e+00	1.42212679262742e+32
5.45000000000000e+00	1.42648151492271e+32
5.46000000000000e+00	1.44505105517207e+32
5.47000000000000e+00	1.47807718936672e+32
5.48000000000000e+00	1.52474892587149e+32
5.49000000000000e+00	1.58332938042868e+32
5.50000000000000e+00	1.65126244160949e+32
5.51000000000000e+00	1.72558537353611e+32
5.52000000000000e+00	1.80349095866535e+32
5.53000000000000e+00	1.88273512276724e+32
5.54000000000000e+00	1.96194338590578e+32
5.55000000000000e+00	2.04080559343098e+32
5.56000000000000e+00	2.12018845963929e+32
5.57000000000000e+00	2.20171883279821e+32
5.58000000000000e+00	2.28767438521709e+32
5.59000000000000e+00	2.38022722631105e+32
5.60000000000000e+00	2.48133890276492e+32
5.61000000000000e+00	2.59203683341594e+32
5.62000000000000e+00	2.71214655281690e+32
5.63000000000000e+00	2.84038262949604e+32
5.64000000000000e+00	2.97424984455654e+32
5.65000000000000e+00	3.11057534601869e+32
5.66000000000000e+00	3.24555697035396e+32
5.67000000000000e+00	3.37570162166221e+32
5.68000000000000e+00	3.49795753085012e+32
5.69000000000000e+00	3.61011269182395e+32
5.70000000000000e+00	3.71119438200086e+32
5.71000000000000e+00	3.80158574197795e+32
5.72000000000000e+00	3.88294595200979e+32
5.73000000000000e+00	3.95807802067678e+32
5.74000000000000e+00	4.03063636785742e+32
5.75000000000000e+00	4.10473278517462e+32
5.76000000000000e+00	4.18440827882752e+32
5.77000000000000e+00	4.27307351319395e+32
5.78000000000000e+00	4.37288095556245e+32
5.79000000000000e+00	4.48465681525288e+32
5.80000000000000e+00	4.60772418955621e+32
5.81000000000000e+00	4.73995756967372e+32
5.82000000000000e+00	4.87822442613521e+32
5.83000000000000e+00	5.01887548074046e+32
5.84000000000000e+00	5.15878293161931e+32
5.85000000000000e+00	5.29581220618077e+32
5.86000000000000e+00	5.42995395995441e+32
5.87000000000000e+00	5.56351923261202e+32
5.88000000000000e+00	5.70186893042153e+32
5.89000000000000e+00	5.85260853158601e+32
5.90000000000000e+00	6.02575648764666e+32
5.91000000000000e+00	6.23167436181958e+32
5.92000000000000e+00	6.48063888687492e+32
5.93000000000000e+00	6.78109569552685e+32
5.94000000000000e+00	7.13860012076227e+32
5.95000000000000e+00	7.55576597271725e+32
5.96000000000000e+00	8.03162527824183e+32
5.97000000000000e+00	8.56271666014968e+32
5.98000000000000e+00	9.14405956088318e+32
5.99000000000000e+00	9.77029713279806e+32
6.00000000000000e+00	1.04371278894767e+33
6.01000000000000e+00	1.11429608706972e+33
6.02000000000000e+00	1.18900104898392e+33
6.03000000000000e+00	1.26843520600609e+33
6.04000000000000e+00	1.35364800974846e+33
6.05000000000000e+00	1.44601590112505e+33
6.06000000000000e+00	1.54712845934911e+33
6.07000000000000e+00	1.65857847303926e+33
6.08000000000000e+00	1.78161767252317e+33
6.09000000000000e+00	1.91688350791430e+33
6.10000000000000e+00	2.06411659002540e+33
6.11000000000000e+00	2.22186536160256e+33
6.12000000000000e+00	2.38722314767559e+33
6.13000000000000e+00	2.55580357115216e+33
6.14000000000000e+00	2.72172415239716e+33
6.15000000000000e+00	2.87774489755320e+33
6.16000000000000e+00	3.01562560992598e+33
6.17000000000000e+00	3.12649979667413e+33
6.18000000000000e+00	3.20174447225137e+33
6.19000000000000e+00	3.23356274465457e+33
6.20000000000000e+00	3.21597887943153e+33
6.21000000000000e+00	3.14572108178209e+33
6.22000000000000e+00	3.02296913414700e+33
6.23000000000000e+00	2.85170277609285e+33
6.24000000000000e+00	2.63958064225404e+33
6.25000000000000e+00	2.39736556723818e+33
6.26000000000000e+00	2.13794019456152e+33
6.27000000000000e+00	1.87480079550290e+33
6.28000000000000e+00	1.62083965910426e+33
6.29000000000000e+00	1.38701870381927e+33
6.30000000000000e+00	1.18168955466844e+33
6.31000000000000e+00	1.01015149963615e+33
6.32000000000000e+00	8.74863274841532e+32
6.33000000000000e+00	7.75810745349195e+32
6.34000000000000e+00	7.11211395406707e+32
6.35000000000000e+00	6.78156956241476e+32
6.36000000000000e+00	6.73224064258788e+32
6.37000000000000e+00	6.92946531726168e+32
6.38000000000000e+00	7.34082021964280e+32
6.39000000000000e+00	7.93769804149490e+32
6.40000000000000e+00	8.69538311081647e+32
6.41000000000000e+00	9.59301277852482e+32
6.42000000000000e+00	1.06130992611947e+33
6.43000000000000e+00	1.17417173123349e+33
6.44000000000000e+00	1.29696024978578e+33
6.45000000000000e+00	1.42927636705759e+33
6.46000000000000e+00	1.57141963761026e+33
6.47000000000000e+00	1.72469036770911e+33
6.48000000000000e+00	1.89141890772768e+33
6.49000000000000e+00	2.07543369724235e+33
6.50000000000000e+00	2.28216472412497e+33
6.51000000000000e+00	2.51894335626030e+33
6.52000000000000e+00	2.79552919691971e+33
6.53000000000000e+00	3.12429408371745e+33
6.54000000000000e+00	3.52078188420576e+33
6.55000000000000e+00	4.00382659713837e+33
6.56000000000000e+00	4.59579407396633e+33
6.57000000000000e+00	5.32206248590558e+33
6.58000000000000e+00	6.21084016386695e+33
6.59000000000000e+00	7.29145951561061e+33
6.60000000000000e+00	8.59349041956132e+33
6.61000000000000e+00	1.01444175002590e+34
6.62000000000000e+00	1.19673143143313e+34
6.63000000000000e+00	1.40782420283529e+34
6.64000000000000e+00	1.64835549155961e+34
6.65000000000000e+00	1.91755757174998e+34
6.66000000000000e+00	2.21284319987773e+34
6.67000000000000e+00	2.52922526517513e+34
6.68000000000000e+00	2.85874878984829e+34
6.69000000000000e+00	3.19007742158781e+34
6.70000000000000e+00	3.50844476273640e+34
6.71000000000000e+00	3.79631491996419e+34
6.72000000000000e+00	4.03486748117687e+34
6.73000000000000e+00	4.20617953105836e+34
6.74000000000000e+00	4.29583105184049e+34
6.75000000000000e+00	4.29536612390082e+34
6.76000000000000e+00	4.20392313308271e+34
6.77000000000000e+00	4.02851617981748e+34
6.78000000000000e+00	3.78293340911689e+34
6.79000000000000e+00	3.48550512216717e+34
6.80000000000000e+00	3.15620119573759e+34
6.81000000000000e+00	2.81389705892722e+34
6.82000000000000e+00	2.47471277456298e+34
6.83000000000000e+00	2.15077573799854e+34
6.84000000000000e+00	1.85035921312647e+34
6.85000000000000e+00	1.57824534733928e+34
6.86000000000000e+00	1.33658600137588e+34
6.87000000000000e+00	1.12559511504840e+34
6.88000000000000e+00	9.44140802599091e+33
6.89000000000000e+00	7.90202871748393e+33
6.90000000000000e+00	6.61209640404632e+33
6.91000000000000e+00	5.54280150692460e+33
6.92000000000000e+00	4.66373410464342e+33
6.93000000000000e+00	3.94511332414952e+33
6.94000000000000e+00	3.35890838490051e+33
6.95000000000000e+00	2.87979456711144e+33
6.96000000000000e+00	2.48592802963867e+33
6.97000000000000e+00	2.15921584703686e+33
6.98000000000000e+00	1.88501017093818e+33
6.99000000000000e+00	1.65194846438949e+33
7.00000000000000e+00	1.45146335141798e+33
7.01000000000000e+00	1.27724817299531e+33
7.02000000000000e+00	1.12473547727677e+33
7.03000000000000e+00	9.90682901903542e+32
7.04000000000000e+00	8.72731583964080e+32
7.05000000000000e+00	7.69122688743038e+32
7.06000000000000e+00	6.78448485309832e+32
7.07000000000000e+00	5.99461149903354e+32
7.08000000000000e+00	5.30965959917550e+32
7.09000000000000e+00	4.71760824922520e+32
7.10000000000000e+00	4.20628328664720e+32
7.11000000000000e+00	3.76356846322697e+32
7.12000000000000e+00	3.37781935489207e+32
7.13000000000000e+00	3.03828803921177e+32
7.14000000000000e+00	2.73561771633456e+32
7.15000000000000e+00	2.46216851177221e+32
7.16000000000000e+00	2.21233346495756e+32
7.17000000000000e+00	1.98255159257514e+32
7.18000000000000e+00	1.77133084114028e+32
7.19000000000000e+00	1.57905807721455e+32
7.20000000000000e+00	1.40766517736988e+32
7.21000000000000e+00	1.26032097014118e+32
7.22000000000000e+00	1.14094342657178e+32
7.23000000000000e+00	1.05361672690260e+32
7.24000000000000e+00	1.00205492043084e+32
7.25000000000000e+00	9.88984791542099e+31
7.26000000000000e+00	1.01551551270171e+32
7.27000000000000e+00	1.08061385539915e+32
7.28000000000000e+00	1.18081323837226e+32
7.29000000000000e+00	1.31005583806398e+32
7.30000000000000e+00	1.46001212419036e+32
7.31000000000000e+00	1.62069822319404e+32
7.32000000000000e+00	1.78126617057133e+32
7.33000000000000e+00	1.93124596396079e+32
7.34000000000000e+00	2.06137741182725e+32
7.35000000000000e+00	2.16466999050970e+32
7.36000000000000e+00	2.23670668452828e+32
7.37000000000000e+00	2.27587278009329e+32
7.38000000000000e+00	2.28300880159161e+32
7.39000000000000e+00	2.26094789664031e+32
7.40000000000000e+00	2.21388171889107e+32
7.41000000000000e+00	2.14674395442453e+32
7.42000000000000e+00	2.06460181174513e+32
7.43000000000000e+00	1.97222789011796e+32
7.44000000000000e+00	1.87385144706838e+32
7.45000000000000e+00	1.77294100831472e+32
7.46000000000000e+00	1.67221245885834e+32
7.47000000000000e+00	1.57369230951639e+32
7.48000000000000e+00	1.47881878312083e+32
7.49000000000000e+00	1.38860512526283e+32
7.50000000000000e+00	1.30380160763508e+32
7.51000000000000e+00	1.22493901270622e+32
7.52000000000000e+00	1.15243394962613e+32
7.53000000000000e+00	1.08653439273250e+32
7.54000000000000e+00	1.02737826169835e+32
7.55000000000000e+00	9.74875291002806e+31
7.56000000000000e+00	9.28777475180443e+31
7.57000000000000e+00	8.88669030227800e+31
7.58000000000000e+00	8.54076197381724e+31
7.59000000000000e+00	8.24487002116355e+31
7.60000000000000e+00	7.99448263483951e+31
7.61000000000000e+00	7.78605996154172e+31
7.62000000000000e+00	7.61573328310124e+31
7.63000000000000e+00	7.47906846297715e+31
7.64000000000000e+00	7.37031126218778e+31
7.65000000000000e+00	7.28131218273838e+31
7.66000000000000e+00	7.20274543332660e+31
7.67000000000000e+00	7.12438054101106e+31
7.68000000000000e+00	7.03679060348183e+31
7.69000000000000e+00	6.93286240638050e+31
7.70000000000000e+00	6.80944141780795e+31
7.71000000000000e+00	6.66831190259426e+31
7.72000000000000e+00	6.51653715064349e+31
7.73000000000000e+00	6.36656887258640e+31
7.74000000000000e+00	6.23502495914002e+31
7.75000000000000e+00	6.14138675131646e+31
7.76000000000000e+00	6.10608341153816e+31
7.77000000000000e+00	6.14795334263277e+31
7.78000000000000e+00	6.28191074716469e+31
7.79000000000000e+00	6.51676602579886e+31
7.80000000000000e+00	6.85374391517647e+31
7.81000000000000e+00	7.28584302176422e+31
7.82000000000000e+00	7.79827784076341e+31
7.83000000000000e+00	8.36989080493669e+31
7.84000000000000e+00	8.97589606831928e+31
7.85000000000000e+00	9.59012201698578e+31
7.86000000000000e+00	1.01882544722682e+32
7.87000000000000e+00	1.07506260825712e+32
7.88000000000000e+00	1.12647065221439e+32
7.89000000000000e+00	1.17268199775723e+32
7.90000000000000e+00	1.21416568069888e+32
7.91000000000000e+00	1.25230280985573e+32
7.92000000000000e+00	1.28907557610270e+32
7.93000000000000e+00	1.32670090501434e+32
7.94000000000000e+00	1.36721130508695e+32
7.95000000000000e+00	1.41190134819336e+32
7.96000000000000e+00	1.46095796733018e+32
7.97000000000000e+00	1.51307824575867e+32
7.98000000000000e+00	1.56529131553647e+32
7.99000000000000e+00	1.61310115177078e+32
8.00000000000000e+00	1.65066824606158e+32
8.01000000000000e+00	1.67141048083316e+32
8.02000000000000e+00	1.66853037655056e+32
8.03000000000000e+00	1.63590694035540e+32
8.04000000000000e+00	1.56905441675718e+32
8.05000000000000e+00	1.46593744607036e+32
8.06000000000000e+00	1.32789070810551e+32
8.07000000000000e+00	1.16002749451127e+32
8.08000000000000e+00	9.71308099943016e+31
8.09000000000000e+00	7.73826060734205e+31
8.10000000000000e+00	5.81639737956624e+31
8.11000000000000e+00	4.09045284824212e+31
8.12000000000000e+00	2.68837567498313e+31
8.13000000000000e+00	1.70813414783040e+31
8.14000000000000e+00	1.20839297844278e+31
8.15000000000000e+00	1.20602858664869e+31
8.16000000000000e+00	1.68004587273395e+31
8.17000000000000e+00	2.57993326987227e+31
8.18000000000000e+00	3.83603630414246e+31
8.19000000000000e+00	5.36961321163850e+31
8.20000000000000e+00	7.10095543421796e+31
8.21000000000000e+00	8.95506488952031e+31
8.22000000000000e+00	1.08644504193504e+32
8.23000000000000e+00	1.27697440869764e+32
8.24000000000000e+00	1.46192455315119e+32
8.25000000000000e+00	1.63672168053578e+32
8.26000000000000e+00	1.79708862748671e+32
8.27000000000000e+00	1.93909105776634e+32
8.28000000000000e+00	2.05873143066626e+32
8.29000000000000e+00	2.15216039267883e+32
8.30000000000000e+00	2.21557120099101e+32
8.31000000000000e+00	2.24563817241582e+32
8.32000000000000e+00	2.23960303111708e+32
8.33000000000000e+00	2.19590014931069e+32
8.34000000000000e+00	2.11455648730164e+32
8.35000000000000e+00	1.99772456354503e+32
8.36000000000000e+00	1.84981123035636e+32
8.37000000000000e+00	1.67746236567201e+32
8.38000000000000e+00	1.48915562941076e+32
8.39000000000000e+00	1.29457752325285e+32
8.40000000000000e+00	1.10363407033472e+32
8.41000000000000e+00	9.25593254977734e+31
8.42000000000000e+00	7.68219109919072e+31
8.43000000000000e+00	6.37307294615365e+31
8.44000000000000e+00	5.36450545274617e+31
8.45000000000000e+00	4.67179486046068e+31
8.46000000000000e+00	4.29330326310567e+31
8.47000000000000e+00	4.21536217170848e+31
8.48000000000000e+00	4.41668054842860e+31
8.49000000000000e+00	4.87226295926259e+31
8.50000000000000e+00	5.55544580097010e+31
8.51000000000000e+00	6.43854754404380e+31
8.52000000000000e+00	7.49273877899744e+31
8.53000000000000e+00	8.68714432756964e+31
8.54000000000000e+00	9.98839473574182e+31
8.55000000000000e+00	1.13605357141518e+32
8.56000000000000e+00	1.27661995215944e+32
8.57000000000000e+00	1.41679602971949e+32
8.58000000000000e+00	1.55303855611958e+32
8.59000000000000e+00	1.68223437604983e+32
8.60000000000000e+00	1.80188036563127e+32
8.61000000000000e+00	1.91015308122570e+32
8.62000000000000e+00	2.00606807874971e+32
8.63000000000000e+00	2.08937297285657e+32
8.64000000000000e+00	2.16050585941785e+32
8.65000000000000e+00	2.22050609010004e+32
8.66000000000000e+00	2.27072269624371e+32
8.67000000000000e+00	2.31290016577187e+32
8.68000000000000e+00	2.34869312070229e+32
8.69000000000000e+00	2.37984587223562e+32
8.70000000000000e+00	2.40778995174645e+32
8.71000000000000e+00	2.43382034481452e+32
8.72000000000000e+00	2.45878041823923e+32
8.73000000000000e+00	2.48327517578764e+32
8.74000000000000e+00	2.50746715835618e+32
8.75000000000000e+00	2.53103271384718e+32
8.76000000000000e+00	2.55346741440748e+32
8.77000000000000e+00	2.57383239883146e+32
8.78000000000000e+00	2.59110222506757e+32
8.79000000000000e+00	2.60406086882007e+32
8.80000000000000e+00	2.61161674422852e+32
8.81000000000000e+00	2.61286435354950e+32
8.82000000000000e+00	2.60728565353511e+32
8.83000000000000e+00	2.59491858231668e+32
8.84000000000000e+00	2.57627302096051e+32
8.85000000000000e+00	2.55253838240127e+32
8.86000000000000e+00	2.52545803950157e+32
8.87000000000000e+00	2.49720770957467e+32
8.88000000000000e+00	2.47016543825950e+32
8.89000000000000e+00	2.44676255535668e+32
8.90000000000000e+00	2.42927143758199e+32
8.91000000000000e+00	2.41965438611093e+32
8.92000000000000e+00	2.41915219367549e+32
8.93000000000000e+00	2.42847896812076e+32
8.94000000000000e+00	2.44772879837398e+32
8.95000000000000e+00	2.47625937177436e+32
8.96000000000000e+00	2.51293614089453e+32
8.97000000000000e+00	2.55619366664932e+32
8.98000000000000e+00	2.60438800263628e+32
8.99000000000000e+00	2.65567891445989e+32
9.00000000000000e+00	2.70832534636190e+32
9.01000000000000e+00	2.76089603665813e+32
9.02000000000000e+00	2.81209067930443e+32
9.03000000000000e+00	2.86108857650501e+32
9.04000000000000e+00	2.90737994626882e+32
9.05000000000000e+00	2.95071409050117e+32
9.06000000000000e+00	2.99119932958703e+32
9.07000000000000e+00	3.02916434426190e+32
9.08000000000000e+00	3.06505305289911e+32
9.09000000000000e+00	3.09930488550465e+32
9.10000000000000e+00	3.13261723043872e+32
9.11000000000000e+00	3.16542337228979e+32
9.12000000000000e+00	3.19832943750302e+32
9.13000000000000e+00	3.23172300666618e+32
9.14000000000000e+00	3.26604413687892e+32
9.15000000000000e+00	3.30175862160226e+32
9.16000000000000e+00	3.33920862061531e+32
9.17000000000000e+00	3.37891379556169e+32
9.18000000000000e+00	3.42136017917897e+32
9.19000000000000e+00	3.46710690994811e+32
9.20000000000000e+00	3.51692038326170e+32
9.21000000000000e+00	3.57147763094344e+32
9.22000000000000e+00	3.63146135228875e+32
9.23000000000000e+00	3.69744069131055e+32
9.24000000000000e+00	3.76991905510695e+32
9.25000000000000e+00	3.84888518188234e+32
9.26000000000000e+00	3.93419101009122e+32
9.27000000000000e+00	4.02492740550110e+32
9.28000000000000e+00	4.11965011346088e+32
9.29000000000000e+00	4.21605627643324e+32
9.30000000000000e+00	4.31123515931244e+32
9.31000000000000e+00	4.40140274140592e+32
9.32000000000000e+00	4.48227212758383e+32
9.33000000000000e+00	4.54909233285422e+32
9.34000000000000e+00	4.59716044484156e+32
9.35000000000000e+00	4.62194023270286e+32
9.36000000000000e+00	4.61975692083244e+32
9.37000000000000e+00	4.58809067746749e+32
9.38000000000000e+00	4.52582182934148e+32
9.39000000000000e+00	4.43363325127880e+32
9.40000000000000e+00	4.31404884833750e+32
9.41000000000000e+00	4.17125354280218e+32
9.42000000000000e+00	4.01112661798705e+32
9.43000000000000e+00	3.84034318401822e+32
9.44000000000000e+00	3.66643783942151e+32
9.45000000000000e+00	3.49654713555167e+32
9.46000000000000e+00	3.33741090465122e+32
9.47000000000000e+00	3.19453133944832e+32
9.48000000000000e+00	3.07192002585023e+32
9.49000000000000e+00	2.97204275255161e+32
9.50000000000000e+00	2.89580961673841e+32
9.51000000000000e+00	2.84285468449682e+32
9.52000000000000e+00	2.81186351784520e+32
9.53000000000000e+00	2.80099011230486e+32
9.54000000000000e+00	2.80829081456377e+32
9.55000000000000e+00	2.83200148884799e+32
9.56000000000000e+00	2.87085313568378e+32
9.57000000000000e+00	2.92405218565084e+32
9.58000000000000e+00	2.99136558634752e+32
9.59000000000000e+00	3.07288994644979e+32
9.60000000000000e+00	3.16878309124101e+32
9.61000000000000e+00	3.27907284515751e+32
9.62000000000000e+00	3.40329163838511e+32
9.63000000000000e+00	3.54030707216962e+32
9.64000000000000e+00	3.68813770361854e+32
9.65000000000000e+00	3.84402724512079e+32
9.66000000000000e+00	4.00442703123453e+32
9.67000000000000e+00	4.16539746953769e+32
9.68000000000000e+00	4.32263322660037e+32
9.69000000000000e+00	4.47224850572527e+32
9.70000000000000e+00	4.61047874497987e+32
9.71000000000000e+00	4.73446988480469e+32
9.72000000000000e+00	4.84236750015523e+32
9.73000000000000e+00	4.93304700362524e+32
9.74000000000000e+00	5.00679657154046e+32
9.75000000000000e+00	5.06444360802260e+32
9.76000000000000e+00	5.10758683797954e+32
9.77000000000000e+00	5.13852374447146e+32
9.78000000000000e+00	5.15972949382876e+32
9.79000000000000e+00	5.17357688898676e+32
9.80000000000000e+00	5.18242671458840e+32
9.81000000000000e+00	5.18843291644931e+32
9.82000000000000e+00	5.19314771988634e+32
9.83000000000000e+00	5.19796039316174e+32
9.84000000000000e+00	5.20380272427968e+32
9.85000000000000e+00	5.21110106370829e+32
9.86000000000000e+00	5.22024664966084e+32
9.87000000000000e+00	5.23131034806907e+32
9.88000000000000e+00	5.24456692347315e+32
9.89000000000000e+00	5.26035322425662e+32
9.90000000000000e+00	5.28022762957785e+32
9.91000000000000e+00	5.30717532943024e+32
9.92000000000000e+00	5.34802808137681e+32
9.93000000000000e+00	5.41402790094573e+32
9.94000000000000e+00	5.52246988266450e+32
9.95000000000000e+00	5.69652762730974e+32
9.96000000000000e+00	5.96302496594605e+32
9.97000000000000e+00	6.34844386642844e+32
9.98000000000000e+00	6.87033436023378e+32
9.99000000000000e+00	7.52396297587144e+32
1.00000000000000e+01	8.26758286691684e+32
1.00100000000000e+01	9.00649600571061e+32
1.00200000000000e+01	9.57567177393671e+32
1.00300000000000e+01	9.76324714730948e+32
1.00400000000000e+01	9.41061543872909e+32
1.00500000000000e+01	8.53424555219825e+32
1.00600000000000e+01	7.33322907410107e+32
1.00700000000000e+01	6.05979950138507e+32
1.00800000000000e+01	4.89434480868536e+32
1.00900000000000e+01	3.91531152176530e+32
1.01000000000000e+01	3.13051434787283e+32
1.01100000000000e+01	2.51557057749276e+32
1.01200000000000e+01	2.03752094015260e+32
1.01300000000000e+01	1.66569930957761e+32
1.01400000000000e+01	1.37499353142867e+32
1.01500000000000e+01	1.14593642850625e+32
1.01600000000000e+01	9.63816566024549e+31
1.01700000000000e+01	8.17693723422848e+31
1.01800000000000e+01	6.99331994363856e+31
1.01900000000000e+01	6.02615068263870e+31
1.02000000000000e+01	5.22881100798558e+31
1.02100000000000e+01	4.56618760890500e+31
1.02200000000000e+01	4.01130574721992e+31
1.02300000000000e+01	3.54319950735150e+31
1.02400000000000e+01	3.14568862945861e+31
1.02500000000000e+01	2.80604071815286e+31
1.02600000000000e+01	2.51400169734734e+31
1.02700000000000e+01	2.26148391377874e+31
1.02800000000000e+01	2.04208742491109e+31
1.02900000000000e+01	1.85043245609526e+31
1.03000000000000e+01	1.68229503084516e+31
1.03100000000000e+01	1.53413030821139e+31
1.03200000000000e+01	1.40302789958568e+31
1.03300000000000e+01	1.28657643370832e+31
1.03400000000000e+01	1.18276914522504e+31
1.03500000000000e+01	1.08990838338257e+31
1.03600000000000e+01	1.00658376253812e+31
1.03700000000000e+01	9.31582025555602e+30
1.03800000000000e+01	8.63891594075192e+30
1.03900000000000e+01	8.02635030531149e+30
1.04000000000000e+01	7.47073704740223e+30
1.04100000000000e+01	6.96561860464050e+30
1.04200000000000e+01	6.50552234519140e+30
1.04300000000000e+01	6.08562709879748e+30
1.04400000000000e+01	5.70176681442977e+30
1.04500000000000e+01	5.35030000621531e+30
1.04600000000000e+01	5.02798597073745e+30
1.04700000000000e+01	4.73196847912918e+30
1.04800000000000e+01	4.45970316315076e+30
1.04900000000000e+01	4.20891513228289e+30
1.05000000000000e+01	3.97753912544424e+30
1.05100000000000e+01	3.76375445693454e+30
1.05200000000000e+01	3.56587575199954e+30
1.05300000000000e+01	3.38241418790163e+30
1.05400000000000e+01	3.21200753201941e+30
1.05500000000000e+01	3.05343739850928e+30
1.05600000000000e+01	2.90562654777705e+30
1.05700000000000e+01	2.76758921867638e+30
1.05800000000000e+01	2.63845524969815e+30
1.05900000000000e+01	2.51745706179257e+30
1.06000000000000e+01	2.40391975893183e+30
1.06100000000000e+01	2.29722991274132e+30
1.06200000000000e+01	2.19685845202372e+30
1.06300000000000e+01	2.10233452602854e+30
1.06400000000000e+01	2.01322734297833e+30
1.06500000000000e+01	1.92915706776781e+30
1.06600000000000e+01	1.84977844074484e+30
1.06700000000000e+01	1.77476856310280e+30
1.06800000000000e+01	1.70383101636799e+30
1.06900000000000e+01	1.63668788211438e+30
1.07000000000000e+01	1.57309113683908e+30
1.07100000000000e+01	1.51279001860297e+30
1.07200000000000e+01	1.45556234713614e+30
1.07300000000000e+01	1.40120127529860e+30
1.07400000000000e+01	1.34951646972009e+30
1.07500000000000e+01	1.30032521223817e+30
1.07600000000000e+01	1.25347360079870e+30
1.07700000000000e+01	1.20881804471176e+30
1.07800000000000e+01	1.16622306349829e+30
1.07900000000000e+01	1.12557956651507e+30
1.08000000000000e+01	1.08678760639981e+30
1.08100000000000e+01	1.04975610208705e+30
1.08200000000000e+01	1.01440843965082e+30
1.08300000000000e+01	9.80672954252713e+29
1.08400000000000e+01	9.48483070659568e+29
1.08500000000000e+01	9.17774055687512e+29
1.08600000000000e+01	8.88484669762088e+29
1.08700000000000e+01	8.60550336605621e+29
1.08800000000000e+01	8.33905399228729e+29
1.08900000000000e+01	8.08482323772755e+29
1.09000000000000e+01	7.84213486787429e+29
1.09100000000000e+01	7.61023891590444e+29
1.09200000000000e+01	7.38840376042732e+29
1.09300000000000e+01	7.17593521890426e+29
1.09400000000000e+01	6.97212369689994e+29
1.09500000000000e+01	6.77633535391843e+29
1.09600000000000e+01	6.58792398221831e+29
1.09700000000000e+01	6.40636754632060e+29
1.09800000000000e+01	6.23117099125338e+29
1.09900000000000e+01	6.06196342071388e+29
1.10000000000000e+01	5.89836247576030e+29
1.10100000000000e+01	5.74012300213754e+29
1.10200000000000e+01	5.58702913344603e+29
1.10300000000000e+01	5.43888645770493e+29
1.10400000000000e+01	5.29559528924270e+29
1.10500000000000e+01	5.15701711673849e+29
1.10600000000000e+01	5.02304246096133e+29
1.10700000000000e+01	4.89357282765383e+29
1.10800000000000e+01	4.76848180683565e+29
1.10900000000000e+01	4.64764240187497e+29
1.11000000000000e+01	4.53091968767249e+29
1.11100000000000e+01	4.41817785519539e+29
1.11200000000000e+01	4.30926823452436e+29
1.11300000000000e+01	4.20402704095910e+29
1.11400000000000e+01	4.10232192021778e+29
1.11500000000000e+01	4.00401473358544e+29
1.11600000000000e+01	3.90895347623204e+29
1.11700000000000e+01	3.81702151781939e+29
1.11800000000000e+01	3.72810432786297e+29
1.11900000000000e+01	3.64208524294511e+29
1.12000000000000e+01	3.55886488640274e+29
1.12100000000000e+01	3.47832734628635e+29
1.12200000000000e+01	3.40039794545963e+29
1.12300000000000e+01	3.32497466871558e+29
1.12400000000000e+01	3.25195431010648e+29
1.12500000000000e+01	3.18125616103427e+29
1.12600000000000e+01	3.11277720776461e+29
1.12700000000000e+01	3.04641498657860e+29
1.12800000000000e+01	2.98207942182678e+29
1.12900000000000e+01	2.91966470152402e+29
1.13000000000000e+01	2.85907140921114e+29
1.13100000000000e+01	2.80020390148824e+29
1.13200000000000e+01	2.74295836664774e+29
1.13300000000000e+01	2.68725535627354e+29
1.13400000000000e+01	2.63299746648010e+29
1.13500000000000e+01	2.58011526965430e+29
1.13600000000000e+01	2.52853515225222e+29
1.13700000000000e+01	2.47820278036880e+29
1.13800000000000e+01	2.42906894839530e+29
1.13900000000000e+01	2.38108991413263e+29
1.14000000000000e+01	2.33424887264204e+29
1.14100000000000e+01	2.28851045806099e+29
1.14200000000000e+01	2.24387277456629e+29
1.14300000000000e+01	2.20032937224390e+29
1.14400000000000e+01	2.15786735679442e+29
1.14500000000000e+01	2.11650226206558e+29
1.14600000000000e+01	2.07622029800396e+29
1.14700000000000e+01	2.03703456386285e+29
1.14800000000000e+01	1.99892944880594e+29
1.14900000000000e+01	1.96189930412003e+29
1.15000000000000e+01	1.92591732099102e+29
1.15100000000000e+01	1.89097181464199e+29
1.15200000000000e+01	1.85701878316194e+29
1.15300000000000e+01	1.82403009298333e+29
1.15400000000000e+01	1.79195484826710e+29
1.15500000000000e+01	1.76074930193533e+29
1.15600000000000e+01	1.73035272929171e+29
1.15700000000000e+01	1.70072973262784e+29
1.15800000000000e+01	1.67183011954067e+29
1.15900000000000e+01	1.64360965007203e+29
1.16000000000000e+01	1.61603762510776e+29
1.16100000000000e+01	1.58907805101551e+29
1.16200000000000e+01	1.56269923421371e+29
1.16300000000000e+01	1.53689201209553e+29
1.16400000000000e+01	1.51162826933255e+29
1.16500000000000e+01	1.48689078081138e+29
1.16600000000000e+01	1.46267553854590e+29
1.16700000000000e+01	1.43895773576831e+29
1.16800000000000e+01	1.41573040520358e+29
1.16900000000000e+01	1.39297649658745e+29
1.17000000000000e+01	1.37069470565824e+29
1.17100000000000e+01	1.34886896093298e+29
1.17200000000000e+01	1.32748235620146e+29
1.17300000000000e+01	1.30653775448833e+29
1.17400000000000e+01	1.28600882656239e+29
1.17500000000000e+01	1.26589715807487e+29
1.17600000000000e+01	1.24619117034308e+29
1.17700000000000e+01	1.22687092445951e+29
1.17800000000000e+01	1.20792851884465e+29
1.17900000000000e+01	1.18935477722808e+29
1.18000000000000e+01	1.17113452472356e+29
1.18100000000000e+01	1.15325543534944e+29
1.18200000000000e+01	1.13570933982978e+29
1.18300000000000e+01	1.11848727324068e+29
1.18400000000000e+01	1.10158024250332e+29
1.18500000000000e+01	1.08498778452945e+29
1.18600000000000e+01	1.06869892529662e+29
1.18700000000000e+01	1.05272221836633e+29
1.18800000000000e+01	1.03705164636279e+29
1.18900000000000e+01	1.02169673050821e+29
1.19000000000000e+01	1.00665468939863e+29
1.19100000000000e+01	9.91934598685935e+28
1.19200000000000e+01	9.77536234833815e+28
1.19300000000000e+01	9.63461922931975e+28
1.19400000000000e+01	9.49709940678411e+28
1.19500000000000e+01	9.36278291492374e+28
1.19600000000000e+01	9.23159571917332e+28
1.19700000000000e+01	9.10344302330158e+28
1.19800000000000e+01	8.97824069665711e+28
1.19900000000000e+01	8.85580554567650e+28
1.20000000000000e+01	8.73603369252221e+28
1.20100000000000e+01	8.61874857924303e+28
1.20200000000000e+01	8.50381486556519e+28
1.20300000000000e+01	8.39107630609866e+28
1.20400000000000e+01	8.28040401090080e+28
1.20500000000000e+01	8.17163168982754e+28
1.20600000000000e+01	8.06466580778961e+28
1.20700000000000e+01	7.95939980647355e+28
1.20800000000000e+01	7.85569798937881e+28
1.20900000000000e+01	7.75352809880346e+28
1.21000000000000e+01	7.65278202266798e+28
1.21100000000000e+01	7.55344158619514e+28
1.21200000000000e+01	7.45542166610639e+28
1.21300000000000e+01	7.35875111887915e+28
1.21400000000000e+01	7.26337785250181e+28
1.21500000000000e+01	7.16934723513499e+28
1.21600000000000e+01	7.07664908154227e+28
1.21700000000000e+01	6.98533885737902e+28
1.21800000000000e+01	6.89542328147969e+28
1.21900000000000e+01	6.80700117365702e+28
1.22000000000000e+01	6.72010080671710e+28
1.22100000000000e+01	6.63475075761146e+28
1.22200000000000e+01	6.55099193336614e+28
1.22300000000000e+01	6.46886066951797e+28
1.22400000000000e+01	6.38838149207080e+28
1.22500000000000e+01	6.30953958466832e+28
1.22600000000000e+01	6.23229747442929e+28
1.22700000000000e+01	6.15667093589264e+28
1.22800000000000e+01	6.08257907513159e+28
1.22900000000000e+01	6.00996950219175e+28
1.23000000000000e+01	5.93875002786298e+28
1.23100000000000e+01	5.86883877843663e+28
1.23200000000000e+01	5.80013466195728e+28
1.23300000000000e+01	5.73258735364484e+28
1.23400000000000e+01	5.66604573345843e+28
1.23500000000000e+01	5.60047420856597e+28
1.23600000000000e+01	5.53574546373514e+28
1.23700000000000e+01	5.47184725165330e+28
1.23800000000000e+01	5.40867195184787e+28
1.23900000000000e+01	5.34621281157537e+28
1.24000000000000e+01	5.28444803896552e+28
1.24100000000000e+01	5.22335984382962e+28
1.24200000000000e+01	5.16299771681949e+28
1.24300000000000e+01	5.10332336045226e+28
1.24400000000000e+01	5.04440723006918e+28
1.24500000000000e+01	4.98628012716303e+28
1.24600000000000e+01	4.92895857285785e+28
1.24700000000000e+01	4.87250848676107e+28
1.24800000000000e+01	4.81693442850012e+28
1.24900000000000e+01	4.76225806365602e+28
1.25000000000000e+01	4.70852756006610e+28
1.25100000000000e+01	4.65573134876733e+28
1.25200000000000e+01	4.60386276994305e+28
1.25300000000000e+01	4.55290453285767e+28
1.25400000000000e+01	4.50285034885732e+28
1.25500000000000e+01	4.45365661450933e+28
1.25600000000000e+01	4.40530924668805e+28
1.25700000000000e+01	4.35776221042982e+28
1.25800000000000e+01	4.31096371138222e+28
1.25900000000000e+01	4.26490170327311e+28
1.26000000000000e+01	4.21950380480512e+28
1.26100000000000e+01	4.17475863127645e+28
1.26200000000000e+01	4.13062209403017e+28
1.26300000000000e+01	4.08708615947594e+28
1.26400000000000e+01	4.04412703953397e+28
1.26500000000000e+01	4.00176867312784e+28
1.26600000000000e+01	3.95997175495064e+28
1.26700000000000e+01	3.91877992223836e+28
1.26800000000000e+01	3.87821781329101e+28
1.26900000000000e+01	3.83827298818457e+28
1.27000000000000e+01	3.79899509209051e+28
1.27100000000000e+01	3.76036560024423e+28
1.27200000000000e+01	3.72240410207709e+28
1.27300000000000e+01	3.68508266648938e+28
1.27400000000000e+01	3.64839931885578e+28
1.27500000000000e+01	3.61232153449831e+28
1.27600000000000e+01	3.57680295081274e+28
1.27700000000000e+01	3.54177712827486e+28
1.27800000000000e+01	3.50723747141593e+28
1.27900000000000e+01	3.47309306630564e+28
1.28000000000000e+01	3.43932213998957e+28
1.28100000000000e+01	3.40586145453409e+28
1.28200000000000e+01	3.37269850321993e+28
1.28300000000000e+01	3.33980420757852e+28
1.28400000000000e+01	3.30717760879802e+28
1.28500000000000e+01	3.27480801490745e+28
1.28600000000000e+01	3.24271184589685e+28
1.28700000000000e+01	3.21091957378934e+28
1.28800000000000e+01	3.17944672043142e+28
1.28900000000000e+01	3.14832604260853e+28
1.29000000000000e+01	3.11759615734919e+28
1.29100000000000e+01	3.08730037456654e+28
1.29200000000000e+01	3.05745411017515e+28
1.29300000000000e+01	3.02809064772910e+28
1.29400000000000e+01	2.99923314088082e+28
1.29500000000000e+01	2.97089084355354e+28
1.29600000000000e+01	2.94306031366271e+28
1.29700000000000e+01	2.91575079932369e+28
1.29800000000000e+01	2.88893299381790e+28
1.29900000000000e+01	2.86258865499099e+28
1.30000000000000e+01	2.83668849157707e+28
1.30100000000000e+01	2.81120194483280e+28
1.30200000000000e+01	2.78607493577552e+28
1.30300000000000e+01	2.76128794824795e+28
1.30400000000000e+01	2.73680108833053e+28
1.30500000000000e+01	2.71257049075948e+28
1.30600000000000e+01	2.68856187586903e+28
1.30700000000000e+01	2.66476110654698e+28
1.30800000000000e+01	2.64114488107409e+28
1.30900000000000e+01	2.61769590643817e+28
1.31000000000000e+01	2.59441378642598e+28
1.31100000000000e+01	2.57129068254321e+28
1.31200000000000e+01	2.54833253936693e+28
1.31300000000000e+01	2.52555786766767e+28
1.31400000000000e+01	2.50297478545012e+28
1.31500000000000e+01	2.48058890006166e+28
1.31600000000000e+01	2.45844125824024e+28
1.31700000000000e+01	2.43652619581303e+28
1.31800000000000e+01	2.41487168200277e+28
1.31900000000000e+01	2.39347278923018e+28
1.32000000000000e+01	2.37235471417278e+28
1.32100000000000e+01	2.35152341548927e+28
1.32200000000000e+01	2.33095855428498e+28
1.32300000000000e+01	2.31067030233805e+28
1.32400000000000e+01	2.29064610926028e+28
1.32500000000000e+01	2.27088044715186e+28
1.32600000000000e+01	2.25136023806485e+28
1.32700000000000e+01	2.23207679128554e+28
1.32800000000000e+01	2.21300817047133e+28
1.32900000000000e+01	2.19414664506735e+28
1.33000000000000e+01	2.17548258114641e+28
1.33100000000000e+01	2.15700288662304e+28
1.33200000000000e+01	2.13870607171487e+28
1.33300000000000e+01	2.12056800329291e+28
1.33400000000000e+01	2.10259008678529e+28
1.33500000000000e+01	2.08477653558825e+28
1.33600000000000e+01	2.06711499504257e+28
1.33700000000000e+01	2.04959626887833e+28
1.33800000000000e+01	2.03222101725312e+28
1.33900000000000e+01	2.01499478690507e+28
1.34000000000000e+01	1.99791576855241e+28
1.34100000000000e+01	1.98096957713879e+28
1.34200000000000e+01	1.96415956347393e+28
1.34300000000000e+01	1.94747603361285e+28
1.34400000000000e+01	1.93091429711473e+28
1.34500000000000e+01	1.91447611851340e+28
1.34600000000000e+01	1.89813543459749e+28
1.34700000000000e+01	1.88189671864616e+28
1.34800000000000e+01	1.86575920981315e+28
1.34900000000000e+01	1.84970761294088e+28
1.35000000000000e+01	1.83375979290828e+28
1.35100000000000e+01	1.81790922747162e+28
1.35200000000000e+01	1.80217124739509e+28
1.35300000000000e+01	1.78657356927117e+28
1.35400000000000e+01	1.77112676959432e+28
1.35500000000000e+01	1.75586318239768e+28
1.35600000000000e+01	1.74080242499501e+28
1.35700000000000e+01	1.72596722370670e+28
1.35800000000000e+01	1.71137877742052e+28
1.35900000000000e+01	1.69705782753720e+28
1.36000000000000e+01	1.68301993352562e+28
1.36100000000000e+01	1.66926340156519e+28
1.36200000000000e+01	1.65578020707897e+28
1.36300000000000e+01	1.64257846264999e+28
1.36400000000000e+01	1.62963381514427e+28
1.36500000000000e+01	1.61693977139603e+28
1.36600000000000e+01	1.60446812917153e+28
1.36700000000000e+01	1.59220774196813e+28
1.36800000000000e+01	1.58013245758061e+28
1.36900000000000e+01	1.56822942699410e+28
1.37000000000000e+01	1.55647036004645e+28
1.37100000000000e+01	1.54485042555395e+28
1.37200000000000e+01	1.53334869943996e+28
1.37300000000000e+01	1.52195723393868e+28
1.37400000000000e+01	1.51066903492926e+28
1.37500000000000e+01	1.49947717827109e+28
1.37600000000000e+01	1.48837768161594e+28
1.37700000000000e+01	1.47736896921590e+28
1.37800000000000e+01	1.46645819526337e+28
1.37900000000000e+01	1.45562711034414e+28
1.38000000000000e+01	1.44489120491171e+28
1.38100000000000e+01	1.43424563271830e+28
1.38200000000000e+01	1.42368207259430e+28
1.38300000000000e+01	1.41320499809681e+28
1.38400000000000e+01	1.40281465758440e+28
1.38500000000000e+01	1.39251622074393e+28
1.38600000000000e+01	1.38229623216648e+28
1.38700000000000e+01	1.37216781136506e+28
1.38800000000000e+01	1.36212017703062e+28
1.38900000000000e+01	1.35215715394547e+28
1.39000000000000e+01	1.34228542125498e+28
1.39100000000000e+01	1.33249739751576e+28
1.39200000000000e+01	1.32280185964657e+28
1.39300000000000e+01	1.31319588347442e+28
1.39400000000000e+01	1.30367545072375e+28
1.39500000000000e+01	1.29425447189115e+28
1.39600000000000e+01	1.28492300122516e+28
1.39700000000000e+01	1.27568491473041e+28
1.39800000000000e+01	1.26654019006964e+28
1.39900000000000e+01	1.25748941608108e+28
1.40000000000000e+01	1.24852042478997e+28
1.40100000000000e+01	1.23964929730037e+28
1.40200000000000e+01	1.23085833380603e+28
1.40300000000000e+01	1.22215384719374e+28
1.40400000000000e+01	1.21353402079096e+28
1.40500000000000e+01	1.20499341407943e+28
1.40600000000000e+01	1.19653047970032e+28
1.40700000000000e+01	1.18815079618676e+28
1.40800000000000e+01	1.17985140944365e+28
1.40900000000000e+01	1.17162674116255e+28
1.41000000000000e+01	1.16348585341130e+28
1.41100000000000e+01	1.15542610190319e+28
1.41200000000000e+01	1.14744094073509e+28
1.41300000000000e+01	1.13953590186909e+28
1.41400000000000e+01	1.13170479573073e+28
1.41500000000000e+01	1.12395163624548e+28
1.41600000000000e+01	1.11626115157620e+28
1.41700000000000e+01	1.10864488465921e+28
1.41800000000000e+01	1.10108337968884e+28
1.41900000000000e+01	1.09358197739272e+28
1.42000000000000e+01	1.08613285197768e+28
1.42100000000000e+01	1.07873768590299e+28
1.42200000000000e+01	1.07138527271743e+28
1.42300000000000e+01	1.06408083496393e+28
1.42400000000000e+01	1.05682051401535e+28
1.42500000000000e+01	1.04959930837683e+28
1.42600000000000e+01	1.04242308183970e+28
1.42700000000000e+01	1.03528369555742e+28
1.42800000000000e+01	1.02819262541387e+28
1.42900000000000e+01	1.02114798213064e+28
1.43000000000000e+01	1.01414431069712e+28
1.43100000000000e+01	1.00718985422383e+28
1.43200000000000e+01	1.00027960713662e+28
1.43300000000000e+01	9.93421170861965e+27
1.43400000000000e+01	9.86609423542786e+27
1.43500000000000e+01	9.79851264931569e+27
1.43600000000000e+01	9.73145040133109e+27
1.43700000000000e+01	9.66490582981678e+27
1.43800000000000e+01	9.59892124962921e+27
1.43900000000000e+01	9.53349839898635e+27
1.44000000000000e+01	9.46863138179832e+27
1.44100000000000e+01	9.40428748941532e+27
1.44200000000000e+01	9.34051332457375e+27
1.44300000000000e+01	9.27730201179188e+27
1.44400000000000e+01	9.21457375060815e+27
1.44500000000000e+01	9.15243568097062e+27
1.44600000000000e+01	9.09077485041892e+27
1.44700000000000e+01	9.02961117503529e+27
1.44800000000000e+01	8.96889860933196e+27
1.44900000000000e+01	8.90865271944742e+27
1.45000000000000e+01	8.84886713875230e+27
1.45100000000000e+01	8.78953165521875e+27
1.45200000000000e+01	8.73061383834738e+27
1.45300000000000e+01	8.67214009649839e+27
1.45400000000000e+01	8.61404448141068e+27
1.45500000000000e+01	8.55640697982497e+27
1.45600000000000e+01	8.49916733372062e+27
1.45700000000000e+01	8.44230497722678e+27
1.45800000000000e+01	8.38586575357704e+27
1.45900000000000e+01	8.32975530291123e+27
1.46000000000000e+01	8.27398390779130e+27
1.46100000000000e+01	8.21856763409391e+27
1.46200000000000e+01	8.16346661366762e+27
1.46300000000000e+01	8.10862592448192e+27
1.46400000000000e+01	8.05409300834377e+27
1.46500000000000e+01	7.99985052008967e+27
1.46600000000000e+01	7.94587214070917e+27
1.46700000000000e+01	7.89220557423848e+27
1.46800000000000e+01	7.83880196568964e+27
1.46900000000000e+01	7.78570352565916e+27
1.47000000000000e+01	7.73292786051210e+27
1.47100000000000e+01	7.68046135109890e+27
1.47200000000000e+01	7.62834030154467e+27
1.47300000000000e+01	7.57658195903663e+27
1.47400000000000e+01	7.52514516535914e+27
1.47500000000000e+01	7.47409883132512e+27
1.47600000000000e+01	7.42345328217085e+27
1.47700000000000e+01	7.37322916309063e+27
1.47800000000000e+01	7.32338924061647e+27
1.47900000000000e+01	7.27400179437614e+27
1.48000000000000e+01	7.22509716817500e+27
1.48100000000000e+01	7.17666395409622e+27
1.48200000000000e+01	7.12875394161010e+27
1.48300000000000e+01	7.08131472611660e+27
1.48400000000000e+01	7.03439191370933e+27
1.48500000000000e+01	6.98798842692993e+27
1.48600000000000e+01	6.94206509963504e+27
1.48700000000000e+01	6.89664561137335e+27
1.48800000000000e+01	6.85165441094779e+27
1.48900000000000e+01	6.80711482050450e+27
1.49000000000000e+01	6.76297764339883e+27
1.49100000000000e+01	6.71924038412540e+27
1.49200000000000e+01	6.67586952524355e+27
1.49300000000000e+01	6.63280494862900e+27
1.49400000000000e+01	6.59010745900669e+27
1.49500000000000e+01	6.54771284259292e+27
1.49600000000000e+01	6.50566295787322e+27
1.49700000000000e+01	6.46392554014653e+27
1.49800000000000e+01	6.42250983372460e+27
1.49900000000000e+01	6.38146713762492e+27
1.50000000000000e+01	6.34078106523072e+27
1.50100000000000e+01	6.30043967249670e+27
1.50200000000000e+01	6.26044683992501e+27
1.50300000000000e+01	6.22084081382703e+27
1.50400000000000e+01	6.18160252491904e+27
1.50500000000000e+01	6.14275153308745e+27
1.50600000000000e+01	6.10427865562339e+27
1.50700000000000e+01	6.06613672470990e+27
1.50800000000000e+01	6.02840019758230e+27
1.50900000000000e+01	5.99102515624463e+27
1.51000000000000e+01	5.95397561437565e+27
1.51100000000000e+01	5.91728217663219e+27
1.51200000000000e+01	5.88093909650715e+27
1.51300000000000e+01	5.84492953737745e+27
1.51400000000000e+01	5.80920748442039e+27
1.51500000000000e+01	5.77379219802381e+27
1.51600000000000e+01	5.73870328089317e+27
1.51700000000000e+01	5.70386656275057e+27
1.51800000000000e+01	5.66929541614555e+27
1.51900000000000e+01	5.63502235021714e+27
1.52000000000000e+01	5.60096640263556e+27
1.52100000000000e+01	5.56720127401392e+27
1.52200000000000e+01	5.53367089982885e+27
1.52300000000000e+01	5.50039139956566e+27
1.52400000000000e+01	5.46734604913687e+27
1.52500000000000e+01	5.43456749521002e+27
1.52600000000000e+01	5.40202672686035e+27
1.52700000000000e+01	5.36972967777603e+27
1.52800000000000e+01	5.33766245824241e+27
1.52900000000000e+01	5.30585785697792e+27
1.53000000000000e+01	5.27427555489386e+27
1.53100000000000e+01	5.24294322884852e+27
1.53200000000000e+01	5.21180982158826e+27
1.53300000000000e+01	5.18091902574987e+27
1.53400000000000e+01	5.15022197619145e+27
1.53500000000000e+01	5.11976383446679e+27
1.53600000000000e+01	5.08949975600408e+27
1.53700000000000e+01	5.05948220914469e+27
1.53800000000000e+01	5.02964504774537e+27
1.53900000000000e+01	5.00006172651563e+27
1.54000000000000e+01	4.97068200408123e+27
1.54100000000000e+01	4.94156328272067e+27
1.54200000000000e+01	4.91267154153429e+27
1.54300000000000e+01	4.88402129793939e+27
1.54400000000000e+01	4.85557504631255e+27
1.54500000000000e+01	4.82739440158276e+27
1.54600000000000e+01	4.79945667250282e+27
1.54700000000000e+01	4.77171393209848e+27
1.54800000000000e+01	4.74418989963461e+27
1.54900000000000e+01	4.71684533075837e+27
1.55000000000000e+01	4.68970030725880e+27
1.55100000000000e+01	4.66275092076682e+27
1.55200000000000e+01	4.63595552790516e+27
1.55300000000000e+01	4.60934738795749e+27
1.55400000000000e+01	4.58287427463847e+27
1.55500000000000e+01	4.55657468707367e+27
1.55600000000000e+01	4.53042767566366e+27
1.55700000000000e+01	4.50444694262364e+27
1.55800000000000e+01	4.47864635410084e+27
1.55900000000000e+01	4.45298648492114e+27
1.56000000000000e+01	4.42752309245913e+27
1.56100000000000e+01	4.40224396998678e+27
1.56200000000000e+01	4.37716758148229e+27
1.56300000000000e+01	4.35227073011028e+27
1.56400000000000e+01	4.32759463251493e+27
1.56500000000000e+01	4.30309897861437e+27
1.56600000000000e+01	4.27881883556082e+27
1.56700000000000e+01	4.25473487534164e+27
1.56800000000000e+01	4.23084953010775e+27
1.56900000000000e+01	4.20713894270476e+27
1.57000000000000e+01	4.18360282154928e+27
1.57100000000000e+01	4.16021589322595e+27
1.57200000000000e+01	4.13696658060539e+27
1.57300000000000e+01	4.11385825603146e+27
1.57400000000000e+01	4.09087254130952e+27
1.57500000000000e+01	4.06799462535640e+27
1.57600000000000e+01	4.04522611463424e+27
1.57700000000000e+01	4.02257143583231e+27
1.57800000000000e+01	4.00003745582915e+27
1.57900000000000e+01	3.97762134068392e+27
1.58000000000000e+01	3.95535964853873e+27
1.58100000000000e+01	3.93321655959817e+27
1.58200000000000e+01	3.91122762976630e+27
1.58300000000000e+01	3.88938655615233e+27
1.58400000000000e+01	3.86771998952568e+27
1.58500000000000e+01	3.84620540672589e+27
1.58600000000000e+01	3.82486574769827e+27
1.58700000000000e+01	3.80369789338309e+27
1.58800000000000e+01	3.78268727057748e+27
1.58900000000000e+01	3.76183977095656e+27
1.59000000000000e+01	3.74115035061072e+27
1.59100000000000e+01	3.72062416909394e+27
1.59200000000000e+01	3.70023189069808e+27
1.59300000000000e+01	3.67997953094150e+27
1.59400000000000e+01	3.65986034831931e+27
1.59500000000000e+01	3.63985457889522e+27
1.59600000000000e+01	3.61998871351972e+27
1.59700000000000e+01	3.60024450780514e+27
1.59800000000000e+01	3.58061070679714e+27
1.59900000000000e+01	3.56108418878161e+27
1.60000000000000e+01	3.54167606963892e+27
1.60100000000000e+01	3.52239671413447e+27
1.60200000000000e+01	3.50323686371328e+27
1.60300000000000e+01	3.48420851051084e+27
1.60400000000000e+01	3.46530813412586e+27
1.60500000000000e+01	3.44656572815248e+27
1.60600000000000e+01	3.42794157175615e+27
1.60700000000000e+01	3.40946717011066e+27
1.60800000000000e+01	3.39112531232321e+27
1.60900000000000e+01	3.37292066507078e+27
1.61000000000000e+01	3.35482393820377e+27
1.61100000000000e+01	3.33683730659375e+27
1.61200000000000e+01	3.31894824460474e+27
1.61300000000000e+01	3.30113600543183e+27
1.61400000000000e+01	3.28338265783922e+27
1.61500000000000e+01	3.26568971284819e+27
1.61600000000000e+01	3.24805345068719e+27
1.61700000000000e+01	3.23047298780538e+27
1.61800000000000e+01	3.21293102304296e+27
1.61900000000000e+01	3.19547353560306e+27
1.62000000000000e+01	3.17806442416905e+27
1.62100000000000e+01	3.16073869022649e+27
1.62200000000000e+01	3.14352060061878e+27
1.62300000000000e+01	3.12639150069556e+27
1.62400000000000e+01	3.10937200962907e+27
1.62500000000000e+01	3.09246518239953e+27
1.62600000000000e+01	3.07568912340534e+27
1.62700000000000e+01	3.05901736633845e+27
1.62800000000000e+01	3.04246971914305e+27
1.62900000000000e+01	3.02604159714234e+27
1.63000000000000e+01	3.00968961648026e+27
1.63100000000000e+01	2.99343704644328e+27
1.63200000000000e+01	2.97725360285866e+27
1.63300000000000e+01	2.96111230643790e+27
1.63400000000000e+01	2.94501979963579e+27
1.63500000000000e+01	2.92895736997334e+27
1.63600000000000e+01	2.91290864378389e+27
1.63700000000000e+01	2.89686928081199e+27
1.63800000000000e+01	2.88082946054090e+27
1.63900000000000e+01	2.86476221789341e+27
1.64000000000000e+01	2.84868848952347e+27
1.64100000000000e+01	2.83263290321792e+27
1.64200000000000e+01	2.81657039259372e+27
1.64300000000000e+01	2.80053535821353e+27
1.64400000000000e+01	2.78455370518675e+27
1.64500000000000e+01	2.76863858401938e+27
1.64600000000000e+01	2.75281768713082e+27
1.64700000000000e+01	2.73714052740255e+27
1.64800000000000e+01	2.72163209796331e+27
1.64900000000000e+01	2.70634785802591e+27
1.65000000000000e+01	2.69129130682746e+27
1.65100000000000e+01	2.67651418616549e+27
1.65200000000000e+01	2.66204966842770e+27
1.65300000000000e+01	2.64790806600898e+27
1.65400000000000e+01	2.63410412156759e+27
1.65500000000000e+01	2.62066351685859e+27
1.65600000000000e+01	2.60756544757681e+27
1.65700000000000e+01	2.59481543527481e+27
1.65800000000000e+01	2.58239334793827e+27
1.65900000000000e+01	2.57027277418974e+27
1.66000000000000e+01	2.55842352176434e+27
1.66100000000000e+01	2.54680105953111e+27
1.66200000000000e+01	2.53538010272933e+27
1.66300000000000e+01	2.52410705168342e+27
1.66400000000000e+01	2.51295130514166e+27
1.66500000000000e+01	2.50187627015549e+27
1.66600000000000e+01	2.49085284141021e+27
1.66700000000000e+01	2.47985580120928e+27
1.66800000000000e+01	2.46887818490040e+27
1.66900000000000e+01	2.45789769478815e+27
1.67000000000000e+01	2.44692387381736e+27
1.67100000000000e+01	2.43596604436179e+27
1.67200000000000e+01	2.42502119256470e+27
1.67300000000000e+01	2.41410902368514e+27
1.67400000000000e+01	2.40322235853634e+27
1.67500000000000e+01	2.39238133200130e+27
1.67600000000000e+01	2.38159243150329e+27
1.67700000000000e+01	2.37086712490425e+27
1.67800000000000e+01	2.36021265347760e+27
1.67900000000000e+01	2.34960234362012e+27
1.68000000000000e+01	2.33906088666182e+27
1.68100000000000e+01	2.32856910098731e+27
1.68200000000000e+01	2.31812397661272e+27
1.68300000000000e+01	2.30771964823582e+27
1.68400000000000e+01	2.29733950624396e+27
1.68500000000000e+01	2.28699933091555e+27
1.68600000000000e+01	2.27666717660119e+27
1.68700000000000e+01	2.26635837356428e+27
1.68800000000000e+01	2.25605825336804e+27
1.68900000000000e+01	2.24576544722848e+27
1.69000000000000e+01	2.23549107129523e+27
1.69100000000000e+01	2.22522737030252e+27
1.69200000000000e+01	2.21497967762969e+27
1.69300000000000e+01	2.20477164825695e+27
1.69400000000000e+01	2.19459671211779e+27
1.69500000000000e+01	2.18448629309671e+27
1.69600000000000e+01	2.17442322607145e+27
1.69700000000000e+01	2.16443946286019e+27
1.69800000000000e+01	2.15453085821809e+27
1.69900000000000e+01	2.14472765839451e+27
1.70000000000000e+01	2.13500308938932e+27
1.70100000000000e+01	2.12537779716649e+27
1.70200000000000e+01	2.11584019493689e+27
1.70300000000000e+01	2.10638985323750e+27
1.70400000000000e+01	2.09701512601718e+27
1.70500000000000e+01	2.08771062744021e+27
1.70600000000000e+01	2.07847463361651e+27
1.70700000000000e+01	2.06929333631298e+27
1.70800000000000e+01	2.06016051667607e+27
1.70900000000000e+01	2.05106227848858e+27
1.71000000000000e+01	2.04199937620801e+27
1.71100000000000e+01	2.03297749352138e+27
1.71200000000000e+01	2.02398159274068e+27
1.71300000000000e+01	2.01503281193603e+27
1.71400000000000e+01	2.00611468606456e+27
1.71500000000000e+01	1.99723442185644e+27
1.71600000000000e+01	1.98839175556989e+27
1.71700000000000e+01	1.97960936525325e+27
1.71800000000000e+01	1.97086462300847e+27
1.71900000000000e+01	1.96217525258069e+27
1.72000000000000e+01	1.95353302151804e+27
1.72100000000000e+01	1.94496253386896e+27
1.72200000000000e+01	1.93643838511651e+27
1.72300000000000e+01	1.92796767984414e+27
1.72400000000000e+01	1.91954442973050e+27
1.72500000000000e+01	1.91117817196420e+27
1.72600000000000e+01	1.90285836259828e+27
1.72700000000000e+01	1.89457841023088e+27
1.72800000000000e+01	1.88633715759595e+27
1.72900000000000e+01	1.87813181635650e+27
1.73000000000000e+01	1.86995879099386e+27
1.73100000000000e+01	1.86181130939882e+27
1.73200000000000e+01	1.85368326795405e+27
1.73300000000000e+01	1.84558103498986e+27
1.73400000000000e+01	1.83750257820332e+27
1.73500000000000e+01	1.82944648036614e+27
1.73600000000000e+01	1.82141408312219e+27
1.73700000000000e+01	1.81339516269297e+27
1.73800000000000e+01	1.80539951934147e+27
1.73900000000000e+01	1.79741791179596e+27
1.74000000000000e+01	1.78947003247949e+27
1.74100000000000e+01	1.78153846840973e+27
1.74200000000000e+01	1.77362411729404e+27
1.74300000000000e+01	1.76574588187799e+27
1.74400000000000e+01	1.75788754972803e+27
1.74500000000000e+01	1.75005920417387e+27
1.74600000000000e+01	1.74226239841231e+27
1.74700000000000e+01	1.73449036795331e+27
1.74800000000000e+01	1.72675344465870e+27
1.74900000000000e+01	1.71905334554306e+27
1.75000000000000e+01	1.71139215147779e+27
1.75100000000000e+01	1.70376357438700e+27
1.75200000000000e+01	1.69617748031743e+27
1.75300000000000e+01	1.68862726724335e+27
1.75400000000000e+01	1.68113070861863e+27
1.75500000000000e+01	1.67367181509308e+27
1.75600000000000e+01	1.66625142586068e+27
1.75700000000000e+01	1.65888602006971e+27
1.75800000000000e+01	1.65155767900548e+27
1.75900000000000e+01	1.64427359601877e+27
1.76000000000000e+01	1.63702438299453e+27
1.76100000000000e+01	1.62981622609067e+27
1.76200000000000e+01	1.62264764718439e+27
1.76300000000000e+01	1.61551636883000e+27
1.76400000000000e+01	1.60841312743154e+27
1.76500000000000e+01	1.60134463123071e+27
1.76600000000000e+01	1.59430986927065e+27
1.76700000000000e+01	1.58730059742954e+27
1.76800000000000e+01	1.58032437426325e+27
1.76900000000000e+01	1.57338131124919e+27
1.77000000000000e+01	1.56646233318124e+27
1.77100000000000e+01	1.55957717324791e+27
1.77200000000000e+01	1.55272522912772e+27
1.77300000000000e+01	1.54589944103542e+27
1.77400000000000e+01	1.53910886694160e+27
1.77500000000000e+01	1.53235361939856e+27
1.77600000000000e+01	1.52563570856469e+27
1.77700000000000e+01	1.51894932249880e+27
1.77800000000000e+01	1.51229517532139e+27
1.77900000000000e+01	1.50569118274793e+27
1.78000000000000e+01	1.49912421861166e+27
1.78100000000000e+01	1.49260295259984e+27
1.78200000000000e+01	1.48612271148805e+27
1.78300000000000e+01	1.47969121739841e+27
1.78400000000000e+01	1.47330947461765e+27
1.78500000000000e+01	1.46697074015431e+27
1.78600000000000e+01	1.46068218099565e+27
1.78700000000000e+01	1.45444379557113e+27
1.78800000000000e+01	1.44824671873590e+27
1.78900000000000e+01	1.44210560246253e+27
1.79000000000000e+01	1.43599669124367e+27
1.79100000000000e+01	1.42994120345072e+27
1.79200000000000e+01	1.42392251982178e+27
1.79300000000000e+01	1.41793889252348e+27
1.79400000000000e+01	1.41199674439549e+27
1.79500000000000e+01	1.40609370716503e+27
1.79600000000000e+01	1.40022794111443e+27
1.79700000000000e+01	1.39438969163257e+27
1.79800000000000e+01	1.38858439024542e+27
1.79900000000000e+01	1.38280920235394e+27
1.80000000000000e+01	1.37705515529494e+27
1.80100000000000e+01	1.37132645329879e+27
1.80200000000000e+01	1.36561444428160e+27
1.80300000000000e+01	1.35992444823875e+27
1.80400000000000e+01	1.35425539994441e+27
1.80500000000000e+01	1.34859920683316e+27
1.80600000000000e+01	1.34296235309776e+27
1.80700000000000e+01	1.33734523896991e+27
1.80800000000000e+01	1.33174115597912e+27
1.80900000000000e+01	1.32615893136039e+27
1.81000000000000e+01	1.32059226470983e+27
1.81100000000000e+01	1.31505041506968e+27
1.81200000000000e+01	1.30953542161426e+27
1.81300000000000e+01	1.30404929532671e+27
1.81400000000000e+01	1.29858696179986e+27
1.81500000000000e+01	1.29315102396639e+27
1.81600000000000e+01	1.28774918625252e+27
1.81700000000000e+01	1.28238425735891e+27
1.81800000000000e+01	1.27705619487259e+27
1.81900000000000e+01	1.27175911437543e+27
1.82000000000000e+01	1.26650059412368e+27
1.82100000000000e+01	1.26127320583120e+27
1.82200000000000e+01	1.25608280078585e+27
1.82300000000000e+01	1.25092207977481e+27
1.82400000000000e+01	1.24579609916979e+27
1.82500000000000e+01	1.24070358992329e+27
1.82600000000000e+01	1.23564194364694e+27
1.82700000000000e+01	1.23060338359698e+27
1.82800000000000e+01	1.22558528072207e+27
1.82900000000000e+01	1.22059281027856e+27
1.83000000000000e+01	1.21562470219485e+27
1.83100000000000e+01	1.21067932594989e+27
1.83200000000000e+01	1.20574927285426e+27
1.83300000000000e+01	1.20083419219496e+27
1.83400000000000e+01	1.19594019182816e+27
1.83500000000000e+01	1.19106869026800e+27
1.83600000000000e+01	1.18621929660465e+27
1.83700000000000e+01	1.18138680002762e+27
1.83800000000000e+01	1.17657163693187e+27
1.83900000000000e+01	1.17178129058539e+27
1.84000000000000e+01	1.16701645825796e+27
1.84100000000000e+01	1.16227680811557e+27
1.84200000000000e+01	1.15755607436751e+27
1.84300000000000e+01	1.15285417956253e+27
1.84400000000000e+01	1.14817682807181e+27
1.84500000000000e+01	1.14352324583758e+27
1.84600000000000e+01	1.13888604566225e+27
1.84700000000000e+01	1.13427129330664e+27
1.84800000000000e+01	1.12967784851307e+27
1.84900000000000e+01	1.12509961714567e+27
1.85000000000000e+01	1.12053594873795e+27
1.85100000000000e+01	1.11599329872447e+27
1.85200000000000e+01	1.11147238502205e+27
1.85300000000000e+01	1.10697292896306e+27
1.85400000000000e+01	1.10248925447852e+27
1.85500000000000e+01	1.09802216129057e+27
1.85600000000000e+01	1.09357779782466e+27
1.85700000000000e+01	1.08915669611036e+27
1.85800000000000e+01	1.08475288686650e+27
1.85900000000000e+01	1.08037248826904e+27
1.86000000000000e+01	1.07600940047104e+27
1.86100000000000e+01	1.07166997434576e+27
1.86200000000000e+01	1.06735344354130e+27
1.86300000000000e+01	1.06305456190782e+27
1.86400000000000e+01	1.05877343533766e+27
1.86500000000000e+01	1.05452143831394e+27
1.86600000000000e+01	1.05028163944735e+27
1.86700000000000e+01	1.04607167938497e+27
1.86800000000000e+01	1.04188023352769e+27
1.86900000000000e+01	1.03770780402099e+27
1.87000000000000e+01	1.03355996196975e+27
1.87100000000000e+01	1.02943695078697e+27
1.87200000000000e+01	1.02533274529371e+27
1.87300000000000e+01	1.02125324711810e+27
1.87400000000000e+01	1.01719227814674e+27
1.87500000000000e+01	1.01315523231918e+27
1.87600000000000e+01	1.00913650273438e+27
1.87700000000000e+01	1.00514070800991e+27
1.87800000000000e+01	1.00116191584913e+27
1.87900000000000e+01	9.97205376631005e+26
1.88000000000000e+01	9.93270546633998e+26
1.88100000000000e+01	9.89351294377853e+26
1.88200000000000e+01	9.85452866846570e+26
1.88300000000000e+01	9.81568948860080e+26
1.88400000000000e+01	9.77699251913707e+26
1.88500000000000e+01	9.73855105066277e+26
1.88600000000000e+01	9.70019220898967e+26
1.88700000000000e+01	9.66207954815838e+26
1.88800000000000e+01	9.62410110758532e+26
1.88900000000000e+01	9.58626001199566e+26
1.89000000000000e+01	9.54860883510580e+26
1.89100000000000e+01	9.51114720627314e+26
1.89200000000000e+01	9.47381998559783e+26
1.89300000000000e+01	9.43662727498590e+26
1.89400000000000e+01	9.39961999554164e+26
1.89500000000000e+01	9.36280357197089e+26
1.89600000000000e+01	9.32611645528851e+26
1.89700000000000e+01	9.28961838408597e+26
1.89800000000000e+01	9.25324538470806e+26
1.89900000000000e+01	9.21706024152591e+26
1.90000000000000e+01	9.18099975326288e+26
1.90100000000000e+01	9.14512364822607e+26
1.90200000000000e+01	9.10937854383430e+26
1.90300000000000e+01	9.07381530869145e+26
1.90400000000000e+01	9.03837806096549e+26
1.90500000000000e+01	9.00312897990482e+26
1.90600000000000e+01	8.96805950485428e+26
1.90700000000000e+01	8.93311984188117e+26
1.90800000000000e+01	8.89831322829011e+26
1.90900000000000e+01	8.86369203011971e+26
1.91000000000000e+01	8.82925012758474e+26
1.91100000000000e+01	8.79494082778906e+26
1.91200000000000e+01	8.76076425258121e+26
1.91300000000000e+01	8.72676642559354e+26
1.91400000000000e+01	8.69295559456679e+26
1.91500000000000e+01	8.65927436697886e+26
1.91600000000000e+01	8.62572575570325e+26
1.91700000000000e+01	8.59236063294288e+26
1.91800000000000e+01	8.55917838444017e+26
1.91900000000000e+01	8.52612709887256e+26
1.92000000000000e+01	8.49325905652532e+26
1.92100000000000e+01	8.46051917215379e+26
1.92200000000000e+01	8.42790550208333e+26
1.92300000000000e+01	8.39552154715159e+26
1.92400000000000e+01	8.36320826320060e+26
1.92500000000000e+01	8.33106857795648e+26
1.92600000000000e+01	8.29909427601776e+26
1.92700000000000e+01	8.26723297221606e+26
1.92800000000000e+01	8.23553748403256e+26
1.92900000000000e+01	8.20394872418473e+26
1.93000000000000e+01	8.17247093517076e+26
1.93100000000000e+01	8.14119931043728e+26
1.93200000000000e+01	8.10998355955264e+26
1.93300000000000e+01	8.07892723663976e+26
1.93400000000000e+01	8.04802262522062e+26
1.93500000000000e+01	8.01722664538017e+26
1.93600000000000e+01	7.98658833440098e+26
1.93700000000000e+01	7.95605712178685e+26
1.93800000000000e+01	7.92563362693020e+26
1.93900000000000e+01	7.89536639334395e+26
1.94000000000000e+01	7.86525556362014e+26
1.94100000000000e+01	7.83525611263769e+26
1.94200000000000e+01	7.80536605485212e+26
1.94300000000000e+01	7.77563585227758e+26
1.94400000000000e+01	7.74606059532546e+26
1.94500000000000e+01	7.71659815846042e+26
1.94600000000000e+01	7.68724879180926e+26
1.94700000000000e+01	7.65805945836930e+26
1.94800000000000e+01	7.62902715498062e+26
1.94900000000000e+01	7.60010692567987e+26
1.95000000000000e+01	7.57130055599035e+26
1.95100000000000e+01	7.54264866197925e+26
1.95200000000000e+01	7.51410841004200e+26
1.95300000000000e+01	7.48572226134680e+26
1.95400000000000e+01	7.45744495995434e+26
1.95500000000000e+01	7.42931861828980e+26
1.95600000000000e+01	7.40129814986489e+26
1.95700000000000e+01	7.37342784248247e+26
1.95800000000000e+01	7.34565819638772e+26
1.95900000000000e+01	7.31803338958472e+26
1.96000000000000e+01	7.29050903731912e+26
1.96100000000000e+01	7.26308410569970e+26
1.96200000000000e+01	7.23584527203114e+26
1.96300000000000e+01	7.20865642304677e+26
1.96400000000000e+01	7.18160668231012e+26
1.96500000000000e+01	7.15469736865002e+26
1.96600000000000e+01	7.12783636791079e+26
1.96700000000000e+01	7.10115676242776e+26
1.96800000000000e+01	7.07456907424339e+26
1.96900000000000e+01	7.04807086146854e+26
1.97000000000000e+01	7.02158530750284e+26
1.97100000000000e+01	6.99519173969642e+26
1.97200000000000e+01	6.96872182587617e+26
1.97300000000000e+01	6.94213994916472e+26
1.97400000000000e+01	6.91520221307652e+26
1.97500000000000e+01	6.88753950326008e+26
1.97600000000000e+01	6.85850395310863e+26
1.97700000000000e+01	6.82713028098925e+26
1.97800000000000e+01	6.79190132801217e+26
1.97900000000000e+01	6.75051395368838e+26
1.98000000000000e+01	6.69953427867483e+26
1.98100000000000e+01	6.63426096563554e+26
1.98200000000000e+01	6.54833986749110e+26
1.98300000000000e+01	6.43359838784343e+26
1.98400000000000e+01	6.28011587322998e+26
1.98500000000000e+01	6.07658759008004e+26
1.98600000000000e+01	5.81116058843480e+26
1.98700000000000e+01	5.47315094564082e+26
1.98800000000000e+01	5.05479319445012e+26
1.98900000000000e+01	4.55412389636363e+26
1.99000000000000e+01	3.97727526829179e+26
1.99100000000000e+01	3.34061858006242e+26
1.99200000000000e+01	2.67131006423221e+26
1.99300000000000e+01	2.00588014547357e+26
1.99400000000000e+01	1.38627375657065e+26
1.99500000000000e+01	8.53634765863962e+25
1.99600000000000e+01	4.40871118345409e+25
1.99700000000000e+01	1.65783115049009e+25
1.99800000000000e+01	2.68165436990591e+24
1.99900000000000e+01	3.16381391345977e+23
2.00000000000000e+01	5.96408159597511e+24
