1.00000000000000e-02	2.02091840898325e+26
2.00000000000000e-02	8.08329341652038e+26
3.00000000000000e-02	1.81861182501082e+27
4.00000000000000e-02	3.23275539808930e+27
5.00000000000000e-02	5.05052529699926e+27
6.00000000000000e-02	7.27160119739669e+27
7.00000000000000e-02	9.89562255124690e+27
8.00000000000000e-02	1.29219514842891e+28
9.00000000000000e-02	1.63503438730633e+28
1.00000000000000e-01	2.01800987629137e+28
1.10000000000000e-01	2.44103382659994e+28
1.20000000000000e-01	2.90405510522896e+28
1.30000000000000e-01	3.40700395206317e+28
1.40000000000000e-01	3.94974749129697e+28
1.50000000000000e-01	4.53223153496685e+28
1.60000000000000e-01	5.15430351387759e+28
1.70000000000000e-01	5.81593449160856e+28
1.80000000000000e-01	6.51692855613378e+28
1.90000000000000e-01	7.25723635769048e+28
2.00000000000000e-01	8.03666316374458e+28
2.10000000000000e-01	8.85505037602776e+28
2.20000000000000e-01	9.71239000161524e+28
2.30000000000000e-01	1.06083692567457e+29
2.40000000000000e-01	1.15429490816982e+29
2.50000000000000e-01	1.25158650537093e+29
2.60000000000000e-01	1.35269612338112e+29
2.70000000000000e-01	1.45761498351535e+29
2.80000000000000e-01	1.56631807775988e+29
2.90000000000000e-01	1.67877750145440e+29
3.00000000000000e-01	1.79499582480393e+29
3.10000000000000e-01	1.91492472799079e+29
3.20000000000000e-01	2.03857296566255e+29
3.30000000000000e-01	2.16587825137225e+29
3.40000000000000e-01	2.29685911371913e+29
3.50000000000000e-01	2.43146830888205e+29
3.60000000000000e-01	2.56968899443114e+29
3.70000000000000e-01	2.71149311844272e+29
3.80000000000000e-01	2.85685326375046e+29
3.90000000000000e-01	3.00576381030661e+29
4.00000000000000e-01	3.15814801337223e+29
4.10000000000000e-01	3.31403800987738e+29
4.20000000000000e-01	3.47336310776184e+29
4.30000000000000e-01	3.63611035948092e+29
4.40000000000000e-01	3.80225608048804e+29
4.50000000000000e-01	3.97176036736024e+29
4.60000000000000e-01	4.14458030352592e+29
4.70000000000000e-01	4.32069612241011e+29
4.80000000000000e-01	4.50009053758609e+29
4.90000000000000e-01	4.68272211434989e+29
5.00000000000000e-01	4.86853645037971e+29
5.10000000000000e-01	5.05751667316217e+29
5.20000000000000e-01	5.24964082325109e+29
5.30000000000000e-01	5.44481088803879e+29
5.40000000000000e-01	5.64306868618846e+29
5.50000000000000e-01	5.84433425305822e+29
5.60000000000000e-01	6.04862412355973e+29
5.70000000000000e-01	6.25578822443120e+29
5.80000000000000e-01	6.46586929741053e+29
5.90000000000000e-01	6.67884423765348e+29
6.00000000000000e-01	6.89462809552817e+29
6.10000000000000e-01	7.11318235354188e+29
6.20000000000000e-01	7.33446595677752e+29
6.30000000000000e-01	7.55842725617585e+29
6.40000000000000e-01	7.78509997246450e+29
6.50000000000000e-01	8.01434801422163e+29
6.60000000000000e-01	8.24614913342669e+29
6.70000000000000e-01	8.48047897642267e+29
6.80000000000000e-01	8.71724020096475e+29
6.90000000000000e-01	8.95649247487899e+29
7.00000000000000e-01	9.19805161904512e+29
7.10000000000000e-01	9.44200801600913e+29
7.20000000000000e-01	9.68819644548879e+29
7.30000000000000e-01	9.93657802113584e+29
7.40000000000000e-01	1.01872124496633e+30
7.50000000000000e-01	1.04399270354905e+30
7.60000000000000e-01	1.06948040593520e+30
7.70000000000000e-01	1.09516546615530e+30
7.80000000000000e-01	1.12104974910767e+30
7.90000000000000e-01	1.14712035785542e+30
8.00000000000000e-01	1.17337628068926e+30
8.10000000000000e-01	1.19981796652479e+30
8.20000000000000e-01	1.22644039774978e+30
8.30000000000000e-01	1.25322428418518e+30
8.40000000000000e-01	1.28017312233054e+30
8.50000000000000e-01	1.30729016879466e+30
8.60000000000000e-01	1.33455393897977e+30
8.70000000000000e-01	1.36196155843566e+30
8.80000000000000e-01	1.38950961642908e+30
8.90000000000000e-01	1.41719739369521e+30
9.00000000000000e-01	1.44501676567606e+30
9.10000000000000e-01	1.47294732483896e+30
9.20000000000000e-01	1.50100843505165e+30
9.30000000000000e-01	1.52916989456781e+30
9.40000000000000e-01	1.55744656361300e+30
9.50000000000000e-01	1.58580780754331e+30
9.60000000000000e-01	1.61426665477522e+30
9.70000000000000e-01	1.64281852645917e+30
9.80000000000000e-01	1.67143948017351e+30
9.90000000000000e-01	1.70012416844683e+30
1.00000000000000e+00	1.72889737027423e+30
1.01000000000000e+00	1.75770821188435e+30
1.02000000000000e+00	1.78657139011873e+30
1.03000000000000e+00	1.81548861758188e+30
1.04000000000000e+00	1.84443865858689e+30
1.05000000000000e+00	1.87342199339192e+30
1.06000000000000e+00	1.90242855156788e+30
1.07000000000000e+00	1.93145513301644e+30
1.08000000000000e+00	1.96047424390639e+30
1.09000000000000e+00	1.98951494016945e+30
1.10000000000000e+00	2.01854682985414e+30
1.11000000000000e+00	2.04754773545711e+30
1.12000000000000e+00	2.07654337837657e+30
1.13000000000000e+00	2.10550589496459e+30
1.14000000000000e+00	2.13444151566582e+30
1.15000000000000e+00	2.16333093207568e+30
1.16000000000000e+00	2.19216345589956e+30
1.17000000000000e+00	2.22094445523989e+30
1.18000000000000e+00	2.24965617776230e+30
1.19000000000000e+00	2.27828715045603e+30
1.20000000000000e+00	2.30684463057456e+30
1.21000000000000e+00	2.33530100065496e+30
1.22000000000000e+00	2.36367285716105e+30
1.23000000000000e+00	2.39192429481743e+30
1.24000000000000e+00	2.42007200637265e+30
1.25000000000000e+00	2.44807420619647e+30
1.26000000000000e+00	2.47596848261267e+30
1.27000000000000e+00	2.50370903840424e+30
1.28000000000000e+00	2.53129437079909e+30
1.29000000000000e+00	2.55873382996066e+30
1.30000000000000e+00	2.58600687088964e+30
1.31000000000000e+00	2.61308868794873e+30
1.32000000000000e+00	2.64000730769880e+30
1.33000000000000e+00	2.66670885352515e+30
1.34000000000000e+00	2.69321948699591e+30
1.35000000000000e+00	2.71951043954455e+30
1.36000000000000e+00	2.74559022486384e+30
1.37000000000000e+00	2.77143548397911e+30
1.38000000000000e+00	2.79702619994787e+30
1.39000000000000e+00	2.82237806514924e+30
1.40000000000000e+00	2.84746446238387e+30
1.41000000000000e+00	2.87229249851588e+30
1.42000000000000e+00	2.89682791278121e+30
1.43000000000000e+00	2.92106825141302e+30
1.44000000000000e+00	2.94503016864407e+30
1.45000000000000e+00	2.96866534340862e+30
1.46000000000000e+00	2.99197857681276e+30
1.47000000000000e+00	3.01496135580161e+30
1.48000000000000e+00	3.03760007525622e+30
1.49000000000000e+00	3.05988894860100e+30
1.50000000000000e+00	3.08180756950369e+30
1.51000000000000e+00	3.10335773952340e+30
1.52000000000000e+00	3.12451929903831e+30
1.53000000000000e+00	3.14527414222905e+30
1.54000000000000e+00	3.16562887443331e+30
1.55000000000000e+00	3.18553554152964e+30
1.56000000000000e+00	3.20502324960373e+30
1.57000000000000e+00	3.22407149188507e+30
1.58000000000000e+00	3.24262782100882e+30
1.59000000000000e+00	3.26073808619596e+30
1.60000000000000e+00	3.27834083329949e+30
1.61000000000000e+00	3.29544042725587e+30
1.62000000000000e+00	3.31200428047194e+30
1.63000000000000e+00	3.32804117267553e+30
1.64000000000000e+00	3.34351155397318e+30
1.65000000000000e+00	3.35842602680804e+30
1.66000000000000e+00	3.37274255418126e+30
1.67000000000000e+00	3.38643812586996e+30
1.68000000000000e+00	3.39953524198186e+30
1.69000000000000e+00	3.41199544711554e+30
1.70000000000000e+00	3.42380646896409e+30
1.71000000000000e+00	3.43499157075351e+30
1.72000000000000e+00	3.44553299186380e+30
1.73000000000000e+00	3.45544240446769e+30
1.74000000000000e+00	3.46471413193239e+30
1.75000000000000e+00	3.47337562781473e+30
1.76000000000000e+00	3.48143058650278e+30
1.77000000000000e+00	3.48891321152856e+30
1.78000000000000e+00	3.49581938254616e+30
1.79000000000000e+00	3.50217110064024e+30
1.80000000000000e+00	3.50794268439995e+30
1.81000000000000e+00	3.51309444992726e+30
1.82000000000000e+00	3.51755835524206e+30
1.83000000000000e+00	3.52124599752347e+30
1.84000000000000e+00	3.52401898982951e+30
1.85000000000000e+00	3.52565593458393e+30
1.86000000000000e+00	3.52598390055076e+30
1.87000000000000e+00	3.52483051482868e+30
1.88000000000000e+00	3.52198945791240e+30
1.89000000000000e+00	3.51737878319489e+30
1.90000000000000e+00	3.51106751351861e+30
1.91000000000000e+00	3.50328127497409e+30
1.92000000000000e+00	3.49447142282648e+30
1.93000000000000e+00	3.48533966442074e+30
1.94000000000000e+00	3.47683156562819e+30
1.95000000000000e+00	3.47007760482311e+30
1.96000000000000e+00	3.46638757694143e+30
1.97000000000000e+00	3.46711715833718e+30
1.98000000000000e+00	3.47348879086717e+30
1.99000000000000e+00	3.48638074407634e+30
2.00000000000000e+00	3.50622484372138e+30
2.01000000000000e+00	3.53275414587393e+30
2.02000000000000e+00	3.56479687797211e+30
2.03000000000000e+00	3.60024442048063e+30
2.04000000000000e+00	3.63593573808830e+30
2.05000000000000e+00	3.66776469438883e+30
2.06000000000000e+00	3.69067450254317e+30
2.07000000000000e+00	3.69912984244715e+30
2.08000000000000e+00	3.68731694072242e+30
2.09000000000000e+00	3.64956821094443e+30
2.10000000000000e+00	3.58091742356551e+30
2.11000000000000e+00	3.47749215637287e+30
2.12000000000000e+00	3.33717021258208e+30
2.13000000000000e+00	3.15976833006376e+30
2.14000000000000e+00	2.94746363465012e+30
2.15000000000000e+00	2.70467515616917e+30
2.16000000000000e+00	2.43789751867477e+30
2.17000000000000e+00	2.15511690231200e+30
2.18000000000000e+00	1.86487413026652e+30
2.19000000000000e+00	1.57528467528827e+30
2.20000000000000e+00	1.29302216930123e+30
2.21000000000000e+00	1.02276382948234e+30
2.22000000000000e+00	7.67686224284099e+29
2.23000000000000e+00	5.31202792596402e+29
2.24000000000000e+00	3.19789857535116e+29
2.25000000000000e+00	1.46490681131118e+29
2.26000000000000e+00	3.42332552612351e+28
2.27000000000000e+00	1.85303215943363e+28
2.28000000000000e+00	1.49862358298557e+29
2.29000000000000e+00	4.96417397039621e+29
2.30000000000000e+00	1.14763492842785e+30
2.31000000000000e+00	2.21793453798825e+30
2.32000000000000e+00	3.84772396248023e+30
2.33000000000000e+00	6.19763698153166e+30
2.34000000000000e+00	9.43081815229789e+30
2.35000000000000e+00	1.36822438717643e+31
2.36000000000000e+00	1.90203062655552e+31
2.37000000000000e+00	2.54143543337911e+31
2.38000000000000e+00	3.27217491848955e+31
2.39000000000000e+00	4.06977730535964e+31
2.40000000000000e+00	4.90260305372354e+31
2.41000000000000e+00	5.73476160576428e+31
2.42000000000000e+00	6.52972511686127e+31
2.43000000000000e+00	7.25389813581317e+31
2.44000000000000e+00	7.87878642830239e+31
2.45000000000000e+00	8.38361294898028e+31
2.46000000000000e+00	8.75608636038730e+31
2.47000000000000e+00	8.99143979397573e+31
2.48000000000000e+00	9.09086319175687e+31
2.49000000000000e+00	9.05945066994327e+31
2.50000000000000e+00	8.90386543873801e+31
2.51000000000000e+00	8.63263571703793e+31
2.52000000000000e+00	8.25693457016740e+31
2.53000000000000e+00	7.79165314215979e+31
2.54000000000000e+00	7.25621750064521e+31
2.55000000000000e+00	6.67260224675383e+31
2.56000000000000e+00	6.06286128729776e+31
2.57000000000000e+00	5.44643842765904e+31
2.58000000000000e+00	4.83870274792278e+31
2.59000000000000e+00	4.25306930938165e+31
2.60000000000000e+00	3.70306542403769e+31
2.61000000000000e+00	3.20395477486928e+31
2.62000000000000e+00	2.77248319400201e+31
2.63000000000000e+00	2.42362133228743e+31
2.64000000000000e+00	2.16790556246149e+31
2.65000000000000e+00	2.00973245370148e+31
2.66000000000000e+00	1.94763363613728e+31
2.67000000000000e+00	1.97513822202794e+31
2.68000000000000e+00	2.08176839832137e+31
2.69000000000000e+00	2.25374919156205e+31
2.70000000000000e+00	2.47511177078423e+31
2.71000000000000e+00	2.72935689469098e+31
2.72000000000000e+00	3.00080541229582e+31
2.73000000000000e+00	3.27574087747946e+31
2.74000000000000e+00	3.54303766222828e+31
2.75000000000000e+00	3.79472820896992e+31
2.76000000000000e+00	4.02582587092780e+31
2.77000000000000e+00	4.23510715066103e+31
2.78000000000000e+00	4.42517954230407e+31
2.79000000000000e+00	4.60311575636820e+31
2.80000000000000e+00	4.78039226273734e+31
2.81000000000000e+00	4.97343598054993e+31
2.82000000000000e+00	5.20273066594566e+31
2.83000000000000e+00	5.49217485015640e+31
2.84000000000000e+00	5.86806709831632e+31
2.85000000000000e+00	6.35765080338538e+31
2.86000000000000e+00	6.98733779602947e+31
2.87000000000000e+00	7.77951442099709e+31
2.88000000000000e+00	8.74884253655567e+31
2.89000000000000e+00	9.89708540291027e+31
2.90000000000000e+00	1.12088306243504e+32
2.91000000000000e+00	1.26510020361836e+32
2.92000000000000e+00	1.41755041775566e+32
2.93000000000000e+00	1.57258966105138e+32
2.94000000000000e+00	1.72462493262495e+32
2.95000000000000e+00	1.86870403211178e+32
2.96000000000000e+00	2.00125173029459e+32
2.97000000000000e+00	2.12051435692945e+32
2.98000000000000e+00	2.22658157479186e+32
2.99000000000000e+00	2.32086634088777e+32
3.00000000000000e+00	2.40514761150710e+32
3.01000000000000e+00	2.48079280345196e+32
3.02000000000000e+00	2.54836437697528e+32
3.03000000000000e+00	2.60797833955571e+32
3.04000000000000e+00	2.65996810763582e+32
3.05000000000000e+00	2.70527076738538e+32
3.06000000000000e+00	2.74574132359077e+32
3.07000000000000e+00	2.78366323843008e+32
3.08000000000000e+00	2.82143546280932e+32
3.09000000000000e+00	2.86093601670611e+32
3.10000000000000e+00	2.90355428426681e+32
3.11000000000000e+00	2.94988538050173e+32
3.12000000000000e+00	2.99950104843280e+32
3.13000000000000e+00	3.05099104226500e+32
3.14000000000000e+00	3.10174756804135e+32
3.15000000000000e+00	3.14820435407018e+32
3.16000000000000e+00	3.18624910792833e+32
3.17000000000000e+00	3.21123825450754e+32
3.18000000000000e+00	3.21846195563036e+32
3.19000000000000e+00	3.20354179333560e+32
3.20000000000000e+00	3.16323164703497e+32
3.21000000000000e+00	3.09695357499942e+32
3.22000000000000e+00	3.00781481996312e+32
3.23000000000000e+00	2.90270019030504e+32
3.24000000000000e+00	2.79061543893124e+32
3.25000000000000e+00	2.68035606190315e+32
3.26000000000000e+00	2.57833704423930e+32
3.27000000000000e+00	2.48813038658295e+32
3.28000000000000e+00	2.41040355586289e+32
3.29000000000000e+00	2.34421581299186e+32
3.30000000000000e+00	2.28792797285175e+32
3.31000000000000e+00	2.24014651492864e+32
3.32000000000000e+00	2.20020068344512e+32
3.33000000000000e+00	2.16801392068008e+32
3.34000000000000e+00	2.14384387789787e+32
3.35000000000000e+00	2.12765426611839e+32
3.36000000000000e+00	2.11893328172706e+32
3.37000000000000e+00	2.11632620221268e+32
3.38000000000000e+00	2.11783967569938e+32
3.39000000000000e+00	2.12094598150421e+32
3.40000000000000e+00	2.12293531122331e+32
3.41000000000000e+00	2.12111633304759e+32
3.42000000000000e+00	2.11288988428683e+32
3.43000000000000e+00	2.09589748007061e+32
3.44000000000000e+00	2.06800472379182e+32
3.45000000000000e+00	2.02731685206858e+32
3.46000000000000e+00	1.97240515960393e+32
3.47000000000000e+00	1.90252376409783e+32
3.48000000000000e+00	1.81783381195018e+32
3.49000000000000e+00	1.71930746996908e+32
3.50000000000000e+00	1.60875602282062e+32
3.51000000000000e+00	1.48835786964861e+32
3.52000000000000e+00	1.36053301298437e+32
3.53000000000000e+00	1.22777002926433e+32
3.54000000000000e+00	1.09251535005493e+32
3.55000000000000e+00	9.57230437112936e+31
3.56000000000000e+00	8.24253379502233e+31
3.57000000000000e+00	6.95918227698002e+31
3.58000000000000e+00	5.74428059764535e+31
3.59000000000000e+00	4.61795794839942e+31
3.60000000000000e+00	3.59775604174082e+31
3.61000000000000e+00	2.69730614904530e+31
3.62000000000000e+00	1.92647719044636e+31
3.63000000000000e+00	1.29128613349508e+31
3.64000000000000e+00	7.94922050572661e+30
3.65000000000000e+00	4.37858344536913e+30
3.66000000000000e+00	2.18058699133964e+30
3.67000000000000e+00	1.30667106659920e+30
3.68000000000000e+00	1.67468664305807e+30
3.69000000000000e+00	3.16207621626587e+30
3.70000000000000e+00	5.60061037792127e+30
3.71000000000000e+00	8.77587407712176e+30
3.72000000000000e+00	1.24350782711727e+31
3.73000000000000e+00	1.63043389064042e+31
3.74000000000000e+00	2.01111534482980e+31
3.75000000000000e+00	2.36074444198750e+31
3.76000000000000e+00	2.65907483031915e+31
3.77000000000000e+00	2.89141004873104e+31
3.78000000000000e+00	3.04944359054541e+31
3.79000000000000e+00	3.13087969490678e+31
3.80000000000000e+00	3.13879285201907e+31
3.81000000000000e+00	3.08064389183088e+31
3.82000000000000e+00	2.96702233708208e+31
3.83000000000000e+00	2.81102828658222e+31
3.84000000000000e+00	2.62737848570040e+31
3.85000000000000e+00	2.43217868746218e+31
3.86000000000000e+00	2.24217657081730e+31
3.87000000000000e+00	2.07422089682194e+31
3.88000000000000e+00	1.94429851418830e+31
3.89000000000000e+00	1.86614416719562e+31
3.90000000000000e+00	1.85018897896546e+31
3.91000000000000e+00	1.90217872395785e+31
3.92000000000000e+00	2.02269880073598e+31
3.93000000000000e+00	2.20716683845677e+31
3.94000000000000e+00	2.44680210523216e+31
3.95000000000000e+00	2.72980332610208e+31
3.96000000000000e+00	3.04289652851980e+31
3.97000000000000e+00	3.37206916288267e+31
3.98000000000000e+00	3.70378069424915e+31
3.99000000000000e+00	4.02480126488204e+31
4.00000000000000e+00	4.32262470334974e+31
4.01000000000000e+00	4.58588679992949e+31
4.02000000000000e+00	4.80480292769837e+31
4.03000000000000e+00	4.97248860971780e+31
4.04000000000000e+00	5.08529546977045e+31
4.05000000000000e+00	5.14368902714803e+31
4.06000000000000e+00	5.15196738911820e+31
4.07000000000000e+00	5.11724276091301e+31
4.08000000000000e+00	5.04819632492328e+31
4.09000000000000e+00	4.95361843064244e+31
4.10000000000000e+00	4.84112927786506e+31
4.11000000000000e+00	4.71677915181098e+31
4.12000000000000e+00	4.58473435026139e+31
4.13000000000000e+00	4.44779995031552e+31
4.14000000000000e+00	4.30803876759659e+31
4.15000000000000e+00	4.16686202782870e+31
4.16000000000000e+00	4.02592419902922e+31
4.17000000000000e+00	3.88679323176272e+31
4.18000000000000e+00	3.75130629214647e+31
4.19000000000000e+00	3.62151486525467e+31
4.20000000000000e+00	3.49972541854981e+31
4.21000000000000e+00	3.38787569713341e+31
4.22000000000000e+00	3.28800053375591e+31
4.23000000000000e+00	3.20151457967773e+31
4.24000000000000e+00	3.12968536874766e+31
4.25000000000000e+00	3.07279483205009e+31
4.26000000000000e+00	3.03098279614547e+31
4.27000000000000e+00	3.00350859138857e+31
4.28000000000000e+00	2.98906298515003e+31
4.29000000000000e+00	2.98561999869774e+31
4.30000000000000e+00	2.99030017330660e+31
4.31000000000000e+00	2.99992056782619e+31
4.32000000000000e+00	3.01106871390957e+31
4.33000000000000e+00	3.02097695183349e+31
4.34000000000000e+00	3.02768046580641e+31
4.35000000000000e+00	3.03040876837880e+31
4.36000000000000e+00	3.02964692354922e+31
4.37000000000000e+00	3.02675593772948e+31
4.38000000000000e+00	3.02369618953367e+31
4.39000000000000e+00	3.02308341981720e+31
4.40000000000000e+00	3.02758878456508e+31
4.41000000000000e+00	3.03992230468144e+31
4.42000000000000e+00	3.06244652516287e+31
4.43000000000000e+00	3.09705520359291e+31
4.44000000000000e+00	3.14487641244598e+31
4.45000000000000e+00	3.20608704034956e+31
4.46000000000000e+00	3.27990481551686e+31
4.47000000000000e+00	3.36465747172558e+31
4.48000000000000e+00	3.45827328198793e+31
4.49000000000000e+00	3.55801093085972e+31
4.50000000000000e+00	3.66131597482849e+31
4.51000000000000e+00	3.76580854431483e+31
4.52000000000000e+00	3.86940725977787e+31
4.53000000000000e+00	3.97079485119579e+31
4.54000000000000e+00	4.06916791491913e+31
4.55000000000000e+00	4.16426981670868e+31
4.56000000000000e+00	4.25591055707317e+31
4.57000000000000e+00	4.34387067622511e+31
4.58000000000000e+00	4.42772186854702e+31
4.59000000000000e+00	4.50679868704190e+31
4.60000000000000e+00	4.58001380657292e+31
4.61000000000000e+00	4.64629216502474e+31
4.62000000000000e+00	4.70429706098428e+31
4.63000000000000e+00	4.75256073136596e+31
4.64000000000000e+00	4.78982359593878e+31
4.65000000000000e+00	4.81530806576440e+31
4.66000000000000e+00	4.82864349481275e+31
4.67000000000000e+00	4.83026935210617e+31
4.68000000000000e+00	4.82183682508240e+31
4.69000000000000e+00	4.80566310008628e+31
4.70000000000000e+00	4.78558016951213e+31
4.71000000000000e+00	4.76590347764428e+31
4.72000000000000e+00	4.75198987420054e+31
4.73000000000000e+00	4.74899628314965e+31
4.74000000000000e+00	4.76211902034783e+31
4.75000000000000e+00	4.79594221036103e+31
4.76000000000000e+00	4.85453010515049e+31
4.77000000000000e+00	4.94143709957125e+31
4.78000000000000e+00	5.06003277579127e+31
4.79000000000000e+00	5.21349281423524e+31
4.80000000000000e+00	5.40470814402327e+31
4.81000000000000e+00	5.63654138549403e+31
4.82000000000000e+00	5.91067030488057e+31
4.83000000000000e+00	6.22745304476191e+31
4.84000000000000e+00	6.58521390977154e+31
4.85000000000000e+00	6.97945286031246e+31
4.86000000000000e+00	7.40233958667915e+31
4.87000000000000e+00	7.84306248587470e+31
4.88000000000000e+00	8.28782337313949e+31
4.89000000000000e+00	8.71941272326324e+31
4.90000000000000e+00	9.11943783458451e+31
4.91000000000000e+00	9.46775109860231e+31
4.92000000000000e+00	9.74425257643309e+31
4.93000000000000e+00	9.93069894633264e+31
4.94000000000000e+00	1.00119926273305e+32
4.95000000000000e+00	9.97803793212156e+31
4.96000000000000e+00	9.82596558967236e+31
4.97000000000000e+00	9.56050710771966e+31
4.98000000000000e+00	9.19424126033274e+31
4.99000000000000e+00	8.74539719865649e+31
5.00000000000000e+00	8.23626188407384e+31
5.01000000000000e+00	7.69023322766964e+31
5.02000000000000e+00	7.13018677077371e+31
5.03000000000000e+00	6.57708323379986e+31
5.04000000000000e+00	6.04909481823908e+31
5.05000000000000e+00	5.56199655884546e+31
5.06000000000000e+00	5.12929517291918e+31
5.07000000000000e+00	4.76308950643608e+31
5.08000000000000e+00	4.47503064559562e+31
5.09000000000000e+00	4.27743014773967e+31
5.10000000000000e+00	4.18400690874880e+31
5.11000000000000e+00	4.21060642269221e+31
5.12000000000000e+00	4.37493216161551e+31
5.13000000000000e+00	4.69595899771175e+31
5.14000000000000e+00	5.19227874039635e+31
5.15000000000000e+00	5.88004468695604e+31
5.16000000000000e+00	6.77036727165398e+31
5.17000000000000e+00	7.86649240620418e+31
5.18000000000000e+00	9.16139196163916e+31
5.19000000000000e+00	1.06361492504382e+32
5.20000000000000e+00	1.22590581206438e+32
5.21000000000000e+00	1.39885389496111e+32
5.22000000000000e+00	1.57754393025003e+32
5.23000000000000e+00	1.75667054360440e+32
5.24000000000000e+00	1.93116200878160e+32
5.25000000000000e+00	2.09636827020009e+32
5.26000000000000e+00	2.24827416088837e+32
5.27000000000000e+00	2.38356777732272e+32
5.28000000000000e+00	2.49971518776096e+32
5.29000000000000e+00	2.59486706053858e+32
5.30000000000000e+00	2.66793106635625e+32
5.31000000000000e+00	2.71854904332900e+32
5.32000000000000e+00	2.74718784164551e+32
5.33000000000000e+00	2.75486939210314e+32
5.34000000000000e+00	2.74321057430042e+32
5.35000000000000e+00	2.71421059822746e+32
5.36000000000000e+00	2.67011961171870e+32
5.37000000000000e+00	2.61345058732340e+32
5.38000000000000e+00	2.54717763975016e+32
5.39000000000000e+00	2.47459561570330e+32
5.40000000000000e+00	2.39951594624169e+32
5.41000000000000e+00	2.32619172284354e+32
5.42000000000000e+00	2.25925406657898e+32
5.43000000000000e+00	2.20331504762204e+32
5.44000000000000e+00	2.16266679075078e+32
5.45000000000000e+00	2.14078869425715e+32
5.46000000000000e+00	2.14004234998293e+32
5.47000000000000e+00	2.16137106584836e+32
5.48000000000000e+00	2.20419701221470e+32
5.49000000000000e+00	2.26658717964983e+32
5.50000000000000e+00	2.34530963609475e+32
5.51000000000000e+00	2.43643317388173e+32
5.52000000000000e+00	2.53549119154040e+32
5.53000000000000e+00	2.63802356154032e+32
5.54000000000000e+00	2.73974864917313e+32
5.55000000000000e+00	2.83690278766500e+32
5.56000000000000e+00	2.92633114410595e+32
5.57000000000000e+00	3.00558402980695e+32
5.58000000000000e+00	3.07309627114755e+32
5.59000000000000e+00	3.12824941830501e+32
5.60000000000000e+00	3.17147165843890e+32
5.61000000000000e+00	3.20437280531722e+32
5.62000000000000e+00	3.22971525421042e+32
5.63000000000000e+00	3.25139637836372e+32
5.64000000000000e+00	3.27449695482572e+32
5.65000000000000e+00	3.30498471972721e+32
5.66000000000000e+00	3.34973369823298e+32
5.67000000000000e+00	3.41600475186422e+32
5.68000000000000e+00	3.51136057785689e+32
5.69000000000000e+00	3.64312530437776e+32
5.70000000000000e+00	3.81826068652650e+32
5.71000000000000e+00	4.04288426111326e+32
5.72000000000000e+00	4.32234138572393e+32
5.73000000000000e+00	4.66095453869529e+32
5.74000000000000e+00	5.06193877755984e+32
5.75000000000000e+00	5.52731581762328e+32
5.76000000000000e+00	6.05774308589258e+32
5.77000000000000e+00	6.65201930567806e+32
5.78000000000000e+00	7.30666784750474e+32
5.79000000000000e+00	8.01546095165997e+32
5.80000000000000e+00	8.76878746650942e+32
5.81000000000000e+00	9.55360226834375e+32
5.82000000000000e+00	1.03529452049841e+33
5.83000000000000e+00	1.11462161614293e+33
5.84000000000000e+00	1.19097902558238e+33
5.85000000000000e+00	1.26178107682091e+33
5.86000000000000e+00	1.32439731602909e+33
5.87000000000000e+00	1.37629555089448e+33
5.88000000000000e+00	1.41536618797818e+33
5.89000000000000e+00	1.44012772603319e+33
5.90000000000000e+00	1.44999427963034e+33
5.91000000000000e+00	1.44546878833850e+33
5.92000000000000e+00	1.42826864302057e+33
5.93000000000000e+00	1.40136532059897e+33
5.94000000000000e+00	1.36877823225506e+33
5.95000000000000e+00	1.33536927404794e+33
5.96000000000000e+00	1.30650181635308e+33
5.97000000000000e+00	1.28757441722176e+33
5.98000000000000e+00	1.28372333735181e+33
5.99000000000000e+00	1.29945297923572e+33
6.00000000000000e+00	1.33841956459448e+33
6.01000000000000e+00	1.40328848111736e+33
6.02000000000000e+00	1.49569937706119e+33
6.03000000000000e+00	1.61625336057525e+33
6.04000000000000e+00	1.76457306301385e+33
6.05000000000000e+00	1.93934968724283e+33
6.06000000000000e+00	2.13846360300540e+33
6.07000000000000e+00	2.35916013290367e+33
6.08000000000000e+00	2.59813360129121e+33
6.09000000000000e+00	2.85167045536182e+33
6.10000000000000e+00	3.11607815430826e+33
6.11000000000000e+00	3.38784541828259e+33
6.12000000000000e+00	3.66404972848041e+33
6.13000000000000e+00	3.94267422817549e+33
6.14000000000000e+00	4.22299544339805e+33
6.15000000000000e+00	4.50583520977633e+33
6.16000000000000e+00	4.79399011676114e+33
6.17000000000000e+00	5.09205612593809e+33
6.18000000000000e+00	5.40648024187704e+33
6.19000000000000e+00	5.74534036559137e+33
6.20000000000000e+00	6.11775962259368e+33
6.21000000000000e+00	6.53305158613222e+33
6.22000000000000e+00	7.00005616347661e+33
6.23000000000000e+00	7.52617290148391e+33
6.24000000000000e+00	8.11675211973787e+33
6.25000000000000e+00	8.77473615955742e+33
6.26000000000000e+00	9.50060572422517e+33
6.27000000000000e+00	1.02921086255763e+34
6.28000000000000e+00	1.11454395176558e+34
6.29000000000000e+00	1.20551085170007e+34
6.30000000000000e+00	1.30154578523763e+34
6.31000000000000e+00	1.40213284087233e+34
6.32000000000000e+00	1.50681629642040e+34
6.33000000000000e+00	1.61542482120942e+34
6.34000000000000e+00	1.72798218536342e+34
6.35000000000000e+00	1.84479340197916e+34
6.36000000000000e+00	1.96651090692897e+34
6.37000000000000e+00	2.09407090718540e+34
6.38000000000000e+00	2.22862610945114e+34
6.39000000000000e+00	2.37167195924922e+34
6.40000000000000e+00	2.52498084321102e+34
6.41000000000000e+00	2.69072592908632e+34
6.42000000000000e+00	2.87150835832752e+34
6.43000000000000e+00	3.07065051529935e+34
6.44000000000000e+00	3.29240234638002e+34
6.45000000000000e+00	3.54227930274982e+34
6.46000000000000e+00	3.82744961489159e+34
6.47000000000000e+00	4.15711440238361e+34
6.48000000000000e+00	4.54310375590489e+34
6.49000000000000e+00	5.00045013359109e+34
6.50000000000000e+00	5.54817259667873e+34
6.51000000000000e+00	6.21023936155598e+34
6.52000000000000e+00	7.01669738629472e+34
6.53000000000000e+00	8.00518662549308e+34
6.54000000000000e+00	9.22175590973282e+34
6.55000000000000e+00	1.07224144985078e+35
6.56000000000000e+00	1.25739607990464e+35
6.57000000000000e+00	1.48535895205378e+35
6.58000000000000e+00	1.76480655562483e+35
6.59000000000000e+00	2.10517263426494e+35
6.60000000000000e+00	2.51633121411745e+35
6.61000000000000e+00	3.00808974928196e+35
6.62000000000000e+00	3.58979924838799e+35
6.63000000000000e+00	4.26938502775748e+35
6.64000000000000e+00	5.05266060187223e+35
6.65000000000000e+00	5.94191311053806e+35
6.66000000000000e+00	6.93390809562961e+35
6.67000000000000e+00	8.01795594646562e+35
6.68000000000000e+00	9.17278031686125e+35
6.69000000000000e+00	1.03655524422811e+36
6.70000000000000e+00	1.15493448274279e+36
6.71000000000000e+00	1.26664503679845e+36
6.72000000000000e+00	1.36514247484404e+36
6.73000000000000e+00	1.44388974528743e+36
6.74000000000000e+00	1.49717873311664e+36
6.75000000000000e+00	1.52115559587633e+36
6.76000000000000e+00	1.51432067777854e+36
6.77000000000000e+00	1.47779091966999e+36
6.78000000000000e+00	1.41511676339012e+36
6.79000000000000e+00	1.33158610406015e+36
6.80000000000000e+00	1.23327981490251e+36
6.81000000000000e+00	1.12639548085398e+36
6.82000000000000e+00	1.01638740967987e+36
6.83000000000000e+00	9.07698284031539e+35
6.84000000000000e+00	8.03596493493449e+35
6.85000000000000e+00	7.06314836672064e+35
6.86000000000000e+00	6.17188553808219e+35
6.87000000000000e+00	5.36879000586637e+35
6.88000000000000e+00	4.65573361270102e+35
6.89000000000000e+00	4.03072153965320e+35
6.90000000000000e+00	3.48942232894924e+35
6.91000000000000e+00	3.02552380946222e+35
6.92000000000000e+00	2.63151239098689e+35
6.93000000000000e+00	2.29928504800360e+35
6.94000000000000e+00	2.02060366783558e+35
6.95000000000000e+00	1.78757596803136e+35
6.96000000000000e+00	1.59290395764574e+35
6.97000000000000e+00	1.43007949431278e+35
6.98000000000000e+00	1.29348682568509e+35
6.99000000000000e+00	1.17837056968281e+35
7.00000000000000e+00	1.08077835992901e+35
7.01000000000000e+00	9.97471350057380e+34
7.02000000000000e+00	9.25826229605106e+34
7.03000000000000e+00	8.63718756229782e+34
7.04000000000000e+00	8.09433187994863e+34
7.05000000000000e+00	7.61587992080088e+34
7.06000000000000e+00	7.19069932784477e+34
7.07000000000000e+00	6.80973608943484e+34
7.08000000000000e+00	6.46562439759695e+34
7.09000000000000e+00	6.15224052438348e+34
7.10000000000000e+00	5.86443407223923e+34
7.11000000000000e+00	5.59803474225773e+34
7.12000000000000e+00	5.34936273451733e+34
7.13000000000000e+00	5.11549376182825e+34
7.14000000000000e+00	4.89390945912925e+34
7.15000000000000e+00	4.68264231122683e+34
7.16000000000000e+00	4.48016135921484e+34
7.17000000000000e+00	4.28533707505943e+34
7.18000000000000e+00	4.09769992217951e+34
7.19000000000000e+00	3.91719983072766e+34
7.20000000000000e+00	3.74435192525265e+34
7.21000000000000e+00	3.58020957297796e+34
7.22000000000000e+00	3.42632292386075e+34
7.23000000000000e+00	3.28466533858240e+34
7.24000000000000e+00	3.15746630340963e+34
7.25000000000000e+00	3.04702983792025e+34
7.26000000000000e+00	2.95543218856975e+34
7.27000000000000e+00	2.88440609567322e+34
7.28000000000000e+00	2.83487432582871e+34
7.29000000000000e+00	2.80680408317285e+34
7.30000000000000e+00	2.79903844731248e+34
7.31000000000000e+00	2.80921681233297e+34
7.32000000000000e+00	2.83398231752797e+34
7.33000000000000e+00	2.86919462344347e+34
7.34000000000000e+00	2.91009685003456e+34
7.35000000000000e+00	2.95200358372988e+34
7.36000000000000e+00	2.99046938281359e+34
7.37000000000000e+00	3.02174146090759e+34
7.38000000000000e+00	3.04289086237968e+34
7.39000000000000e+00	3.05208930092208e+34
7.40000000000000e+00	3.04859370998344e+34
7.41000000000000e+00	3.03259687552576e+34
7.42000000000000e+00	3.00510220149663e+34
7.43000000000000e+00	2.96761537136293e+34
7.44000000000000e+00	2.92205695672808e+34
7.45000000000000e+00	2.87023234880655e+34
7.46000000000000e+00	2.81392693911187e+34
7.47000000000000e+00	2.75462297319084e+34
7.48000000000000e+00	2.69344299699143e+34
7.49000000000000e+00	2.63119363895059e+34
7.50000000000000e+00	2.56833666928828e+34
7.51000000000000e+00	2.50509223194737e+34
7.52000000000000e+00	2.44142995132294e+34
7.53000000000000e+00	2.37730493706274e+34
7.54000000000000e+00	2.31266776618407e+34
7.55000000000000e+00	2.24754395659866e+34
7.56000000000000e+00	2.18209987551487e+34
7.57000000000000e+00	2.11672110007752e+34
7.58000000000000e+00	2.05191082194052e+34
7.59000000000000e+00	1.98838390784476e+34
7.60000000000000e+00	1.92692792213835e+34
7.61000000000000e+00	1.86839186309639e+34
7.62000000000000e+00	1.81366972040375e+34
7.63000000000000e+00	1.76346567083786e+34
7.64000000000000e+00	1.71833403671350e+34
7.65000000000000e+00	1.67858968647668e+34
7.66000000000000e+00	1.64426878951993e+34
7.67000000000000e+00	1.61517440449415e+34
7.68000000000000e+00	1.59083946617312e+34
7.69000000000000e+00	1.57060395224997e+34
7.70000000000000e+00	1.55372319202676e+34
7.71000000000000e+00	1.53941836007149e+34
7.72000000000000e+00	1.52692051725635e+34
7.73000000000000e+00	1.51553380097360e+34
7.74000000000000e+00	1.50465016260553e+34
7.75000000000000e+00	1.49380640404881e+34
7.76000000000000e+00	1.48262750494449e+34
7.77000000000000e+00	1.47091482004152e+34
7.78000000000000e+00	1.45860462480417e+34
7.79000000000000e+00	1.44567867236769e+34
7.80000000000000e+00	1.43222328543519e+34
7.81000000000000e+00	1.41834701741075e+34
7.82000000000000e+00	1.40414147480484e+34
7.83000000000000e+00	1.38968495238878e+34
7.84000000000000e+00	1.37501416811163e+34
7.85000000000000e+00	1.36008048849923e+34
7.86000000000000e+00	1.34483095337227e+34
7.87000000000000e+00	1.32917041265854e+34
7.88000000000000e+00	1.31297967049687e+34
7.89000000000000e+00	1.29617876097731e+34
7.90000000000000e+00	1.27872096752918e+34
7.91000000000000e+00	1.26065933579679e+34
7.92000000000000e+00	1.24212634664687e+34
7.93000000000000e+00	1.22338867709528e+34
7.94000000000000e+00	1.20487556179855e+34
7.95000000000000e+00	1.18717103555113e+34
7.96000000000000e+00	1.17103200720511e+34
7.97000000000000e+00	1.15739081151853e+34
7.98000000000000e+00	1.14725716142203e+34
7.99000000000000e+00	1.14170149416684e+34
8.00000000000000e+00	1.14174295565818e+34
8.01000000000000e+00	1.14820650989619e+34
8.02000000000000e+00	1.16163315052402e+34
8.03000000000000e+00	1.18215877387106e+34
8.04000000000000e+00	1.20941193494474e+34
8.05000000000000e+00	1.24245576104407e+34
8.06000000000000e+00	1.27985792883877e+34
8.07000000000000e+00	1.31976349046466e+34
8.08000000000000e+00	1.36006248874150e+34
8.09000000000000e+00	1.39858264086595e+34
8.10000000000000e+00	1.43334526833882e+34
8.11000000000000e+00	1.46270318530763e+34
8.12000000000000e+00	1.48552309015262e+34
8.13000000000000e+00	1.50122433412978e+34
8.14000000000000e+00	1.50980426051197e+34
8.15000000000000e+00	1.51173608661205e+34
8.16000000000000e+00	1.50792891442804e+34
8.17000000000000e+00	1.49953216330046e+34
8.18000000000000e+00	1.48779996146557e+34
8.19000000000000e+00	1.47395509358160e+34
8.20000000000000e+00	1.45904547107174e+34
8.21000000000000e+00	1.44386922247256e+34
8.22000000000000e+00	1.42892454387188e+34
8.23000000000000e+00	1.41441936639517e+34
8.24000000000000e+00	1.40033500315737e+34
8.25000000000000e+00	1.38643714837535e+34
8.26000000000000e+00	1.37240557242652e+34
8.27000000000000e+00	1.35788079018968e+34
8.28000000000000e+00	1.34249511761253e+34
8.29000000000000e+00	1.32599084856404e+34
8.30000000000000e+00	1.30819409951818e+34
8.31000000000000e+00	1.28908784271445e+34
8.32000000000000e+00	1.26878752782022e+34
8.33000000000000e+00	1.24761080871387e+34
8.34000000000000e+00	1.22600188642253e+34
8.35000000000000e+00	1.20453563315355e+34
8.36000000000000e+00	1.18386384335248e+34
8.37000000000000e+00	1.16460484418478e+34
8.38000000000000e+00	1.14728990820835e+34
8.39000000000000e+00	1.13229496921215e+34
8.40000000000000e+00	1.11982489030581e+34
8.41000000000000e+00	1.10989633771605e+34
8.42000000000000e+00	1.10239173042634e+34
8.43000000000000e+00	1.09709608589017e+34
8.44000000000000e+00	1.09375640031989e+34
8.45000000000000e+00	1.09213313330712e+34
8.46000000000000e+00	1.09204357502200e+34
8.47000000000000e+00	1.09337473890881e+34
8.48000000000000e+00	1.09609373926954e+34
8.49000000000000e+00	1.10021655696579e+34
8.50000000000000e+00	1.10577374489307e+34
8.51000000000000e+00	1.11275736033247e+34
8.52000000000000e+00	1.12107849506445e+34
8.53000000000000e+00	1.13055965906700e+34
8.54000000000000e+00	1.14089054220500e+34
8.55000000000000e+00	1.15167167246872e+34
8.56000000000000e+00	1.16244068251474e+34
8.57000000000000e+00	1.17268888149929e+34
8.58000000000000e+00	1.18195190962069e+34
8.59000000000000e+00	1.18982398185794e+34
8.60000000000000e+00	1.19600032993526e+34
8.61000000000000e+00	1.20031263985410e+34
8.62000000000000e+00	1.20273160690165e+34
8.63000000000000e+00	1.20335222528106e+34
8.64000000000000e+00	1.20239895781326e+34
8.65000000000000e+00	1.20018602441485e+34
8.66000000000000e+00	1.19708751331238e+34
8.67000000000000e+00	1.19350893421443e+34
8.68000000000000e+00	1.18982935587073e+34
8.69000000000000e+00	1.18640324696248e+34
8.70000000000000e+00	1.18349871758595e+34
8.71000000000000e+00	1.18128634424690e+34
8.72000000000000e+00	1.17982112051132e+34
8.73000000000000e+00	1.17903206930835e+34
8.74000000000000e+00	1.17873144384331e+34
8.75000000000000e+00	1.17863392804405e+34
8.76000000000000e+00	1.17836727014339e+34
8.77000000000000e+00	1.17753392913758e+34
8.78000000000000e+00	1.17572476359692e+34
8.79000000000000e+00	1.17259246617662e+34
8.80000000000000e+00	1.16788152159968e+34
8.81000000000000e+00	1.16146188961787e+34
8.82000000000000e+00	1.15335052024399e+34
8.83000000000000e+00	1.14372498681357e+34
8.84000000000000e+00	1.13288457778692e+34
8.85000000000000e+00	1.12124071230528e+34
8.86000000000000e+00	1.10926924830164e+34
8.87000000000000e+00	1.09745962375154e+34
8.88000000000000e+00	1.08625721765117e+34
8.89000000000000e+00	1.07604471286145e+34
8.90000000000000e+00	1.06710245647506e+34
8.91000000000000e+00	1.05959236087953e+34
8.92000000000000e+00	1.05357123066126e+34
8.93000000000000e+00	1.04898993446684e+34
8.94000000000000e+00	1.04572483012650e+34
8.95000000000000e+00	1.04360016991995e+34
8.96000000000000e+00	1.04241311367176e+34
8.97000000000000e+00	1.04196383259282e+34
8.98000000000000e+00	1.04206251083092e+34
8.99000000000000e+00	1.04255248204966e+34
9.00000000000000e+00	1.04329527766125e+34
9.01000000000000e+00	1.04419547410929e+34
9.02000000000000e+00	1.04517798342066e+34
9.03000000000000e+00	1.04618579695647e+34
9.04000000000000e+00	1.04717437018481e+34
9.05000000000000e+00	1.04811020833641e+34
9.06000000000000e+00	1.04896323531151e+34
9.07000000000000e+00	1.04971078159063e+34
9.08000000000000e+00	1.05032299927036e+34
9.09000000000000e+00	1.05077170628812e+34
9.10000000000000e+00	1.05103223434382e+34
9.11000000000000e+00	1.05109374564272e+34
9.12000000000000e+00	1.05094120557101e+34
9.13000000000000e+00	1.05057596597570e+34
9.14000000000000e+00	1.04999838331816e+34
9.15000000000000e+00	1.04923773045877e+34
9.16000000000000e+00	1.04830104040378e+34
9.17000000000000e+00	1.04722812650982e+34
9.18000000000000e+00	1.04605017175849e+34
9.19000000000000e+00	1.04479834705426e+34
9.20000000000000e+00	1.04351406689486e+34
9.21000000000000e+00	1.04222052324749e+34
9.22000000000000e+00	1.04093694521071e+34
9.23000000000000e+00	1.03968603704136e+34
9.24000000000000e+00	1.03847019093504e+34
9.25000000000000e+00	1.03729685946388e+34
9.26000000000000e+00	1.03614780616125e+34
9.27000000000000e+00	1.03502464142226e+34
9.28000000000000e+00	1.03391806265570e+34
9.29000000000000e+00	1.03281535864192e+34
9.30000000000000e+00	1.03170989349714e+34
9.31000000000000e+00	1.03059269854751e+34
9.32000000000000e+00	1.02944715218347e+34
9.33000000000000e+00	1.02827212108807e+34
9.34000000000000e+00	1.02706688044705e+34
9.35000000000000e+00	1.02581842761010e+34
9.36000000000000e+00	1.02452194294407e+34
9.37000000000000e+00	1.02319089980820e+34
9.38000000000000e+00	1.02181478797839e+34
9.39000000000000e+00	1.02040261217941e+34
9.40000000000000e+00	1.01896632116451e+34
9.41000000000000e+00	1.01751055887499e+34
9.42000000000000e+00	1.01605157661201e+34
9.43000000000000e+00	1.01459592983990e+34
9.44000000000000e+00	1.01316047908890e+34
9.45000000000000e+00	1.01174520406700e+34
9.46000000000000e+00	1.01036229058646e+34
9.47000000000000e+00	1.00901164269259e+34
9.48000000000000e+00	1.00770743416724e+34
9.49000000000000e+00	1.00643266296346e+34
9.50000000000000e+00	1.00520080434727e+34
9.51000000000000e+00	1.00401481758909e+34
9.52000000000000e+00	1.00287556937146e+34
9.53000000000000e+00	1.00178975523198e+34
9.54000000000000e+00	1.00077073290748e+34
9.55000000000000e+00	9.99823315449920e+33
9.56000000000000e+00	2.92990007000592e+32
9.57000000000000e+00	2.90113045480538e+32
9.58000000000000e+00	9.97581045949317e+33
9.59000000000000e+00	9.97071405156815e+33
9.60000000000000e+00	9.96705228038133e+33
9.61000000000000e+00	9.96471817190537e+33
9.62000000000000e+00	9.96378937047578e+33
9.63000000000000e+00	2.72319817412177e+32
9.64000000000000e+00	2.69245892672288e+32
9.65000000000000e+00	2.66142510147076e+32
9.66000000000000e+00	9.97140780940530e+33
9.67000000000000e+00	9.97508132203917e+33
9.68000000000000e+00	9.97904326892361e+33
9.69000000000000e+00	9.98298772018084e+33
9.70000000000000e+00	9.98678481563587e+33
9.71000000000000e+00	9.99029567540080e+33
9.72000000000000e+00	2.44344836714334e+32
9.73000000000000e+00	2.41306140937164e+32
9.74000000000000e+00	9.99828735195485e+33
9.75000000000000e+00	1.00001660077616e+34
9.76000000000000e+00	1.00017665824601e+34
9.77000000000000e+00	1.00031195547648e+34
9.78000000000000e+00	1.00043622855480e+34
9.79000000000000e+00	1.00055909788504e+34
9.80000000000000e+00	2.20786096117477e+32
9.81000000000000e+00	1.00079124896574e+34
9.82000000000000e+00	1.00089505127091e+34
9.83000000000000e+00	1.00097376722955e+34
9.84000000000000e+00	1.00102219756234e+34
9.85000000000000e+00	1.00101381401904e+34
9.86000000000000e+00	1.00093883948586e+34
9.87000000000000e+00	1.00078704933597e+34
9.88000000000000e+00	1.00059194428841e+34
9.89000000000000e+00	1.96593789413241e+32
9.90000000000000e+00	1.94725065696898e+32
9.91000000000000e+00	1.00145329776016e+34
9.92000000000000e+00	1.00420025607293e+34
9.93000000000000e+00	1.01050692937479e+34
9.94000000000000e+00	1.02290205554025e+34
9.95000000000000e+00	1.04462720537920e+34
9.96000000000000e+00	1.07913999906026e+34
9.97000000000000e+00	1.12929606834643e+34
9.98000000000000e+00	1.19607162828077e+34
9.99000000000000e+00	5.64535169987570e+32
1.00000000000000e+01	1.36485887149956e+34
1.00100000000000e+01	9.13647284429626e+32
1.00200000000000e+01	1.05247771982520e+33
1.00300000000000e+01	1.08044600958300e+33
1.00400000000000e+01	9.53850257796121e+32
1.00500000000000e+01	7.02946681993435e+32
1.00600000000000e+01	4.20902415330934e+32
1.00700000000000e+01	1.96948720310362e+32
1.00800000000000e+01	6.84630415875295e+31
1.00900000000000e+01	2.54798454260617e+31
1.01000000000000e+01	3.81244148809281e+31
1.01100000000000e+01	7.73861521298926e+31
1.01200000000000e+01	1.23106306671479e+32
1.01300000000000e+01	1.64136608398796e+32
1.01400000000000e+01	1.95800837579549e+32
1.01500000000000e+01	2.17227288006395e+32
1.01600000000000e+01	2.29441128944601e+32
1.01700000000000e+01	2.34165013977638e+32
1.01800000000000e+01	2.33210562606547e+32
1.01900000000000e+01	2.28188044052151e+32
1.02000000000000e+01	2.20404621158665e+32
1.02100000000000e+01	2.10881732822605e+32
1.02200000000000e+01	2.00371584218778e+32
1.02300000000000e+01	1.89424117366760e+32
1.02400000000000e+01	1.78423726659961e+32
1.02500000000000e+01	1.67629492436066e+32
1.02600000000000e+01	1.57212699990071e+32
1.02700000000000e+01	1.47279303096293e+32
1.02800000000000e+01	1.37885752824493e+32
1.02900000000000e+01	1.29056573383543e+32
1.03000000000000e+01	1.20795463744706e+32
1.03100000000000e+01	1.13091045696194e+32
1.03200000000000e+01	1.05921718652399e+32
1.03300000000000e+01	9.92566024785915e+31
1.03400000000000e+01	9.30700756110216e+31
1.03500000000000e+01	8.73273553839388e+31
1.03600000000000e+01	8.19974580203749e+31
1.03700000000000e+01	7.70501578902670e+31
1.03800000000000e+01	7.24557933932528e+31
1.03900000000000e+01	6.81872181171494e+31
1.04000000000000e+01	6.42199026513829e+31
1.04100000000000e+01	6.05305223709461e+31
1.04200000000000e+01	5.70983071200862e+31
1.04300000000000e+01	5.39032878684260e+31
1.04400000000000e+01	5.09291859224042e+31
1.04500000000000e+01	4.81607901206856e+31
1.04600000000000e+01	4.55823595603268e+31
1.04700000000000e+01	4.31800607907560e+31
1.04800000000000e+01	4.09426419580611e+31
1.04900000000000e+01	3.88572047516645e+31
1.05000000000000e+01	3.69131574535431e+31
1.05100000000000e+01	3.50995641433413e+31
1.05200000000000e+01	3.34063507194229e+31
1.05300000000000e+01	3.18240802772088e+31
1.05400000000000e+01	3.03438324664042e+31
1.05500000000000e+01	2.89572608186674e+31
1.05600000000000e+01	2.76570159900124e+31
1.05700000000000e+01	2.64352636598828e+31
1.05800000000000e+01	2.52861635117768e+31
1.05900000000000e+01	2.42034357798864e+31
1.06000000000000e+01	2.31821717198095e+31
1.06100000000000e+01	2.22173351403869e+31
1.06200000000000e+01	2.13053068560579e+31
1.06300000000000e+01	2.04419649094929e+31
1.06400000000000e+01	1.96245481614363e+31
1.06500000000000e+01	1.88497723050473e+31
1.06600000000000e+01	1.81150242090006e+31
1.06700000000000e+01	1.74181063392234e+31
1.06800000000000e+01	1.67566159404769e+31
1.06900000000000e+01	1.61283216802992e+31
1.07000000000000e+01	1.55314387220578e+31
1.07100000000000e+01	1.49637384714189e+31
1.07200000000000e+01	1.44234441584454e+31
1.07300000000000e+01	1.39086581045093e+31
1.07400000000000e+01	1.34178668843679e+31
1.07500000000000e+01	1.29493252425763e+31
1.07600000000000e+01	1.25015652997189e+31
1.07700000000000e+01	1.20730993978408e+31
1.07800000000000e+01	1.16629945054815e+31
1.07900000000000e+01	1.12698565612034e+31
1.08000000000000e+01	1.08929833438861e+31
1.08100000000000e+01	1.05314606816766e+31
1.08200000000000e+01	1.01847607006133e+31
1.08300000000000e+01	9.85220408413594e+30
1.08400000000000e+01	9.53348289007715e+30
1.08500000000000e+01	9.22818805835732e+30
1.08600000000000e+01	8.93596552235721e+30
1.08700000000000e+01	8.65646211813340e+30
1.08800000000000e+01	8.38948807256676e+30
1.08900000000000e+01	8.13436952895285e+30
1.09000000000000e+01	7.89073652641376e+30
1.09100000000000e+01	7.65809289051556e+30
1.09200000000000e+01	7.43584500363514e+30
1.09300000000000e+01	7.22349531422104e+30
1.09400000000000e+01	7.02015430918352e+30
1.09500000000000e+01	6.82510598015784e+30
1.09600000000000e+01	6.63798462887503e+30
1.09700000000000e+01	6.45802244557042e+30
1.09800000000000e+01	6.28459261884689e+30
1.09900000000000e+01	6.11714165676933e+30
1.10000000000000e+01	5.95526379918983e+30
1.10100000000000e+01	5.79865123475551e+30
1.10200000000000e+01	5.64694780797535e+30
1.10300000000000e+01	5.49996748680207e+30
1.10400000000000e+01	5.35748085635822e+30
1.10500000000000e+01	5.21931367617056e+30
1.10600000000000e+01	5.08542175002733e+30
1.10700000000000e+01	4.95567922503089e+30
1.10800000000000e+01	4.82997417750751e+30
1.10900000000000e+01	4.70833438604810e+30
1.11000000000000e+01	4.59047505347454e+30
1.11100000000000e+01	4.47633755189914e+30
1.11200000000000e+01	4.36592952307020e+30
1.11300000000000e+01	4.25899195791108e+30
1.11400000000000e+01	4.15546632669559e+30
1.11500000000000e+01	4.05520730752044e+30
1.11600000000000e+01	3.95814150480413e+30
1.11700000000000e+01	3.86419586153289e+30
1.11800000000000e+01	3.77319904031087e+30
1.11900000000000e+01	3.68514713565435e+30
1.12000000000000e+01	3.59993004216629e+30
1.12100000000000e+01	3.51744339300718e+30
1.12200000000000e+01	3.43763366897465e+30
1.12300000000000e+01	3.36039604629641e+30
1.12400000000000e+01	3.28565602379929e+30
1.12500000000000e+01	3.21330744185884e+30
1.12600000000000e+01	3.14331351370835e+30
1.12700000000000e+01	3.07556852534515e+30
1.12800000000000e+01	3.00995090818520e+30
1.12900000000000e+01	2.94636176271181e+30
1.13000000000000e+01	2.88475628636158e+30
1.13100000000000e+01	2.82503760289785e+30
1.13200000000000e+01	2.76708767235759e+30
1.13300000000000e+01	2.71079385105073e+30
1.13400000000000e+01	2.65611112930493e+30
1.13500000000000e+01	2.60294095683392e+30
1.13600000000000e+01	2.55120389597863e+30
1.13700000000000e+01	2.50085870129041e+30
1.13800000000000e+01	2.45173112517570e+30
1.13900000000000e+01	2.40386498095223e+30
1.14000000000000e+01	2.35717118015521e+30
1.14100000000000e+01	2.31158304362361e+30
1.14200000000000e+01	2.26706611940133e+30
1.14300000000000e+01	2.22361888266660e+30
1.14400000000000e+01	2.18119889056341e+30
1.14500000000000e+01	2.13978478738634e+30
1.14600000000000e+01	2.09941016562311e+30
1.14700000000000e+01	2.06002473674001e+30
1.14800000000000e+01	2.02164415187288e+30
1.14900000000000e+01	1.98428017932458e+30
1.15000000000000e+01	1.94791310383505e+30
1.15100000000000e+01	1.91249657647841e+30
1.15200000000000e+01	1.87807951785029e+30
1.15300000000000e+01	1.84456377494135e+30
1.15400000000000e+01	1.81194462750776e+30
1.15500000000000e+01	1.78018999316831e+30
1.15600000000000e+01	1.74920371605114e+30
1.15700000000000e+01	1.71898904928108e+30
1.15800000000000e+01	1.68951171777650e+30
1.15900000000000e+01	1.66067491422389e+30
1.16000000000000e+01	1.63248622822624e+30
1.16100000000000e+01	1.60489208094187e+30
1.16200000000000e+01	1.57787190801243e+30
1.16300000000000e+01	1.55143596605173e+30
1.16400000000000e+01	1.52551232224951e+30
1.16500000000000e+01	1.50014376100294e+30
1.16600000000000e+01	1.47530559735536e+30
1.16700000000000e+01	1.45099097224731e+30
1.16800000000000e+01	1.42721969194919e+30
1.16900000000000e+01	1.40393828987563e+30
1.17000000000000e+01	1.38119718973335e+30
1.17100000000000e+01	1.35896563168372e+30
1.17200000000000e+01	1.33723868294964e+30
1.17300000000000e+01	1.31600158409009e+30
1.17400000000000e+01	1.29525381648040e+30
1.17500000000000e+01	1.27500212187908e+30
1.17600000000000e+01	1.25518692215563e+30
1.17700000000000e+01	1.23583782113674e+30
1.17800000000000e+01	1.21692080409597e+30
1.17900000000000e+01	1.19840936665520e+30
1.18000000000000e+01	1.18028744722775e+30
1.18100000000000e+01	1.16252560505462e+30
1.18200000000000e+01	1.14512473591325e+30
1.18300000000000e+01	1.12804584613523e+30
1.18400000000000e+01	1.11128697514817e+30
1.18500000000000e+01	1.09484932504678e+30
1.18600000000000e+01	1.07867984452497e+30
1.18700000000000e+01	1.06279009203074e+30
1.18800000000000e+01	1.04720055832125e+30
1.18900000000000e+01	1.03185772833366e+30
1.19000000000000e+01	1.01680909678086e+30
1.19100000000000e+01	1.00204179726868e+30
1.19200000000000e+01	9.87523787475630e+29
1.19300000000000e+01	9.73310800003759e+29
1.19400000000000e+01	9.59368592189406e+29
1.19500000000000e+01	9.45729207453417e+29
1.19600000000000e+01	9.32373746552692e+29
1.19700000000000e+01	9.19293769661041e+29
1.19800000000000e+01	9.06515849697485e+29
1.19900000000000e+01	8.93999951933253e+29
1.20000000000000e+01	8.81771076269183e+29
1.20100000000000e+01	8.69789679161799e+29
1.20200000000000e+01	8.58085148426513e+29
1.20300000000000e+01	8.46614290336883e+29
1.20400000000000e+01	8.35396851674278e+29
1.20500000000000e+01	8.24391041111134e+29
1.20600000000000e+01	8.13621716585851e+29
1.20700000000000e+01	8.03063963561363e+29
1.20800000000000e+01	7.92718294058133e+29
1.20900000000000e+01	7.82569446307166e+29
1.21000000000000e+01	7.72618575197275e+29
1.21100000000000e+01	7.62853428042144e+29
1.21200000000000e+01	7.53267428400464e+29
1.21300000000000e+01	7.43855041217144e+29
1.21400000000000e+01	7.34606105937717e+29
1.21500000000000e+01	7.25515881071237e+29
1.21600000000000e+01	7.16580632590332e+29
1.21700000000000e+01	7.07785739919423e+29
1.21800000000000e+01	6.99136180457005e+29
1.21900000000000e+01	6.90618151239556e+29
1.22000000000000e+01	6.82235582009077e+29
1.22100000000000e+01	6.73985497842555e+29
1.22200000000000e+01	6.65859701580029e+29
1.22300000000000e+01	6.57865548865762e+29
1.22400000000000e+01	6.49995801430021e+29
1.22500000000000e+01	6.42249922325051e+29
1.22600000000000e+01	6.34632945724213e+29
1.22700000000000e+01	6.27137280936823e+29
1.22800000000000e+01	6.19765223623287e+29
1.22900000000000e+01	6.12506764644367e+29
1.23000000000000e+01	6.05361945871065e+29
1.23100000000000e+01	5.98330175808504e+29
1.23200000000000e+01	5.91396061702709e+29
1.23300000000000e+01	5.84561890200206e+29
1.23400000000000e+01	5.77817953484391e+29
1.23500000000000e+01	5.71156980281692e+29
1.23600000000000e+01	5.64576129710403e+29
1.23700000000000e+01	5.58069143672838e+29
1.23800000000000e+01	5.51633574252807e+29
1.23900000000000e+01	5.45269291404016e+29
1.24000000000000e+01	5.38967731415062e+29
1.24100000000000e+01	5.32731120395755e+29
1.24200000000000e+01	5.26563877560781e+29
1.24300000000000e+01	5.20466438977378e+29
1.24400000000000e+01	5.14438883113693e+29
1.24500000000000e+01	5.08486102348423e+29
1.24600000000000e+01	5.02611615657422e+29
1.24700000000000e+01	4.96820130613761e+29
1.24800000000000e+01	4.91114077277643e+29
1.24900000000000e+01	4.85497222087775e+29
1.25000000000000e+01	4.79973925608882e+29
1.25100000000000e+01	4.74549440747104e+29
1.25200000000000e+01	4.69221196144790e+29
1.25300000000000e+01	4.63994687425318e+29
1.25400000000000e+01	4.58864589151375e+29
1.25500000000000e+01	4.53836379583082e+29
1.25600000000000e+01	4.48902305908303e+29
1.25700000000000e+01	4.44064043789612e+29
1.25800000000000e+01	4.39314487771000e+29
1.25900000000000e+01	4.34649876593112e+29
1.26000000000000e+01	4.30067666254686e+29
1.26100000000000e+01	4.25558900940551e+29
1.26200000000000e+01	4.21121786131285e+29
1.26300000000000e+01	4.16751344252920e+29
1.26400000000000e+01	4.12440288154308e+29
1.26500000000000e+01	4.08186704176941e+29
1.26600000000000e+01	4.03986515373753e+29
1.26700000000000e+01	3.99836067005650e+29
1.26800000000000e+01	3.95734143772733e+29
1.26900000000000e+01	3.91678917233030e+29
1.27000000000000e+01	3.87670480768022e+29
1.27100000000000e+01	3.83705662119472e+29
1.27200000000000e+01	3.79785540978720e+29
1.27300000000000e+01	3.75912890606180e+29
1.27400000000000e+01	3.72084049633355e+29
1.27500000000000e+01	3.68298698799247e+29
1.27600000000000e+01	3.64559645089330e+29
1.27700000000000e+01	3.60865898700417e+29
1.27800000000000e+01	3.57212164708682e+29
1.27900000000000e+01	3.53602391888530e+29
1.28000000000000e+01	3.50030353688854e+29
1.28100000000000e+01	3.46499183442739e+29
1.28200000000000e+01	3.43002345907349e+29
1.28300000000000e+01	3.39539407867537e+29
1.28400000000000e+01	3.36111027861747e+29
1.28500000000000e+01	3.32715780234617e+29
1.28600000000000e+01	3.29348830805353e+29
1.28700000000000e+01	3.26014954916767e+29
1.28800000000000e+01	3.22715123960148e+29
1.28900000000000e+01	3.19446045053083e+29
1.29000000000000e+01	3.16211886746190e+29
1.29100000000000e+01	3.13014433069331e+29
1.29200000000000e+01	3.09853026290691e+29
1.29300000000000e+01	3.06732653227210e+29
1.29400000000000e+01	3.03653391579821e+29
1.29500000000000e+01	3.00617190834499e+29
1.29600000000000e+01	2.97624854084752e+29
1.29700000000000e+01	2.94676799771758e+29
1.29800000000000e+01	2.91772402266281e+29
1.29900000000000e+01	2.88910921835683e+29
1.30000000000000e+01	2.86094698548483e+29
1.30100000000000e+01	2.83320007826749e+29
1.30200000000000e+01	2.80584530372389e+29
1.30300000000000e+01	2.77887395209147e+29
1.30400000000000e+01	2.75230512210287e+29
1.30500000000000e+01	2.72607483074265e+29
1.30600000000000e+01	2.70021165205456e+29
1.30700000000000e+01	2.67466131629331e+29
1.30800000000000e+01	2.64946115165756e+29
1.30900000000000e+01	2.62457679334546e+29
1.31000000000000e+01	2.60000653880047e+29
1.31100000000000e+01	2.57573439029757e+29
1.31200000000000e+01	2.55175649039071e+29
1.31300000000000e+01	2.52803804856692e+29
1.31400000000000e+01	2.50458739432124e+29
1.31500000000000e+01	2.48138358310076e+29
1.31600000000000e+01	2.45839544227460e+29
1.31700000000000e+01	2.43561874175208e+29
1.31800000000000e+01	2.41305222025431e+29
1.31900000000000e+01	2.39066913738876e+29
1.32000000000000e+01	2.36848523820489e+29
1.32100000000000e+01	2.34649049296866e+29
1.32200000000000e+01	2.32468173151937e+29
1.32300000000000e+01	2.30307197775161e+29
1.32400000000000e+01	2.28169680648098e+29
1.32500000000000e+01	2.26051577812887e+29
1.32600000000000e+01	2.23959200826094e+29
1.32700000000000e+01	2.21888611862031e+29
1.32800000000000e+01	2.19844255057464e+29
1.32900000000000e+01	2.17822299789240e+29
1.33000000000000e+01	2.15826129602164e+29
1.33100000000000e+01	2.13852776679410e+29
1.33200000000000e+01	2.11902339371307e+29
1.33300000000000e+01	2.09972396945476e+29
1.33400000000000e+01	2.08064704309078e+29
1.33500000000000e+01	2.06174620863275e+29
1.33600000000000e+01	2.04305202500300e+29
1.33700000000000e+01	2.02453549199034e+29
1.33800000000000e+01	2.00619877894853e+29
1.33900000000000e+01	1.98802056091898e+29
1.34000000000000e+01	1.97000437230490e+29
1.34100000000000e+01	1.95215436741036e+29
1.34200000000000e+01	1.93445277098674e+29
1.34300000000000e+01	1.91691343985741e+29
1.34400000000000e+01	1.89952384027893e+29
1.34500000000000e+01	1.88225906152278e+29
1.34600000000000e+01	1.86514032247149e+29
1.34700000000000e+01	1.84814454674129e+29
1.34800000000000e+01	1.83127232529483e+29
1.34900000000000e+01	1.81450668886740e+29
1.35000000000000e+01	1.79785847718569e+29
1.35100000000000e+01	1.78132812991449e+29
1.35200000000000e+01	1.76491499665577e+29
1.35300000000000e+01	1.74861112204069e+29
1.35400000000000e+01	1.73245929161438e+29
1.35500000000000e+01	1.71642768710939e+29
1.35600000000000e+01	1.70056608451104e+29
1.35700000000000e+01	1.68488974938274e+29
1.35800000000000e+01	1.66940278096479e+29
1.35900000000000e+01	1.65412850510668e+29
1.36000000000000e+01	1.63907920111560e+29
1.36100000000000e+01	1.62427751993823e+29
1.36200000000000e+01	1.60973718137732e+29
1.36300000000000e+01	1.59545996531165e+29
1.36400000000000e+01	1.58145720598757e+29
1.36500000000000e+01	1.56771157456833e+29
1.36600000000000e+01	1.55423301857676e+29
1.36700000000000e+01	1.54101600727846e+29
1.36800000000000e+01	1.52802790040789e+29
1.36900000000000e+01	1.51529062431863e+29
1.37000000000000e+01	1.50274734566594e+29
1.37100000000000e+01	1.49040439920003e+29
1.37200000000000e+01	1.47824305541334e+29
1.37300000000000e+01	1.46625028062047e+29
1.37400000000000e+01	1.45440444320432e+29
1.37500000000000e+01	1.44271171317981e+29
1.37600000000000e+01	1.43113697965485e+29
1.37700000000000e+01	1.41968973072304e+29
1.37800000000000e+01	1.40835934250491e+29
1.37900000000000e+01	1.39713587414290e+29
1.38000000000000e+01	1.38604155487392e+29
1.38100000000000e+01	1.37504640189577e+29
1.38200000000000e+01	1.36416230742783e+29
1.38300000000000e+01	1.35340167562377e+29
1.38400000000000e+01	1.34274102549330e+29
1.38500000000000e+01	1.33220051836063e+29
1.38600000000000e+01	1.32178375104532e+29
1.38700000000000e+01	1.31147961303150e+29
1.38800000000000e+01	1.30130130526907e+29
1.38900000000000e+01	1.29124331030168e+29
1.39000000000000e+01	1.28131540486447e+29
1.39100000000000e+01	1.27152681576724e+29
1.39200000000000e+01	1.26186249009978e+29
1.39300000000000e+01	1.25233378698097e+29
1.39400000000000e+01	1.24293784709722e+29
1.39500000000000e+01	1.23368073379029e+29
1.39600000000000e+01	1.22455467514145e+29
1.39700000000000e+01	1.21556789152585e+29
1.39800000000000e+01	1.20671514270276e+29
1.39900000000000e+01	1.19797781916937e+29
1.40000000000000e+01	1.18937204986679e+29
1.40100000000000e+01	1.18087341368102e+29
1.40200000000000e+01	1.17249376713693e+29
1.40300000000000e+01	1.16421445292633e+29
1.40400000000000e+01	1.15602121826132e+29
1.40500000000000e+01	1.14792166242128e+29
1.40600000000000e+01	1.13989393526515e+29
1.40700000000000e+01	1.13194048810845e+29
1.40800000000000e+01	1.12405416381973e+29
1.40900000000000e+01	1.11623057560939e+29
1.41000000000000e+01	1.10846445246846e+29
1.41100000000000e+01	1.10074463144320e+29
1.41200000000000e+01	1.09308421601396e+29
1.41300000000000e+01	1.08547275146976e+29
1.41400000000000e+01	1.07790683685596e+29
1.41500000000000e+01	1.07040145552155e+29
1.41600000000000e+01	1.06294110480907e+29
1.41700000000000e+01	1.05553026305387e+29
1.41800000000000e+01	1.04818634001010e+29
1.41900000000000e+01	1.04088706296861e+29
1.42000000000000e+01	1.03363953621815e+29
1.42100000000000e+01	1.02645248660464e+29
1.42200000000000e+01	1.01931973816770e+29
1.42300000000000e+01	1.01224015452243e+29
1.42400000000000e+01	1.00522182238270e+29
1.42500000000000e+01	9.98258611046294e+28
1.42600000000000e+01	9.91356686408405e+28
1.42700000000000e+01	9.84504944705464e+28
1.42800000000000e+01	9.77721622457446e+28
1.42900000000000e+01	9.70987760929302e+28
1.43000000000000e+01	9.64318329701303e+28
1.43100000000000e+01	9.57697438498638e+28
1.43200000000000e+01	9.51140117195884e+28
1.43300000000000e+01	9.44630755611637e+28
1.43400000000000e+01	9.38187385512367e+28
1.43500000000000e+01	9.31799370328958e+28
1.43600000000000e+01	9.25459183208631e+28
1.43700000000000e+01	9.19189044525683e+28
1.43800000000000e+01	9.12966774470530e+28
1.43900000000000e+01	9.06809650969990e+28
1.44000000000000e+01	9.00711308126792e+28
1.44100000000000e+01	8.94669781670277e+28
1.44200000000000e+01	8.88685551089547e+28
1.44300000000000e+01	8.82770221499275e+28
1.44400000000000e+01	8.76905407449973e+28
1.44500000000000e+01	8.71103662125713e+28
1.44600000000000e+01	8.65353428689071e+28
1.44700000000000e+01	8.59665558786096e+28
1.44800000000000e+01	8.54028461122211e+28
1.44900000000000e+01	8.48447396850426e+28
1.45000000000000e+01	8.42920453148395e+28
1.45100000000000e+01	8.37436378889498e+28
1.45200000000000e+01	8.31999039220017e+28
1.45300000000000e+01	8.26610649042195e+28
1.45400000000000e+01	8.21260129666284e+28
1.45500000000000e+01	8.15957841307473e+28
1.45600000000000e+01	8.10683340305681e+28
1.45700000000000e+01	8.05453667009564e+28
1.45800000000000e+01	8.00248824164196e+28
1.45900000000000e+01	7.95070470133192e+28
1.46000000000000e+01	7.89924050746731e+28
1.46100000000000e+01	7.84796540113671e+28
1.46200000000000e+01	7.79685507389712e+28
1.46300000000000e+01	7.74603288683908e+28
1.46400000000000e+01	7.69526951018386e+28
1.46500000000000e+01	7.64479797057597e+28
1.46600000000000e+01	7.59445034076304e+28
1.46700000000000e+01	7.54431064633027e+28
1.46800000000000e+01	7.49437554116936e+28
1.46900000000000e+01	7.44465526792096e+28
1.47000000000000e+01	7.39523942045541e+28
1.47100000000000e+01	7.34602142372409e+28
1.47200000000000e+01	7.29718430793422e+28
1.47300000000000e+01	7.24862713154892e+28
1.47400000000000e+01	7.20038443408478e+28
1.47500000000000e+01	7.15246382091187e+28
1.47600000000000e+01	7.10490800454978e+28
1.47700000000000e+01	7.05769038927224e+28
1.47800000000000e+01	7.01087829471616e+28
1.47900000000000e+01	6.96445586730904e+28
1.48000000000000e+01	6.91850934731749e+28
1.48100000000000e+01	6.87296211015136e+28
1.48200000000000e+01	6.82791815051836e+28
1.48300000000000e+01	6.78332353574486e+28
1.48400000000000e+01	6.73922487986757e+28
1.48500000000000e+01	6.69557334088668e+28
1.48600000000000e+01	6.65245938828650e+28
1.48700000000000e+01	6.60983611788624e+28
1.48800000000000e+01	6.56764650382432e+28
1.48900000000000e+01	6.52589823073098e+28
1.49000000000000e+01	6.48453800297187e+28
1.49100000000000e+01	6.44354741305579e+28
1.49200000000000e+01	6.40294375054612e+28
1.49300000000000e+01	6.36266394368925e+28
1.49400000000000e+01	6.32267398988105e+28
1.49500000000000e+01	6.28302529146616e+28
1.49600000000000e+01	6.24364610652786e+28
1.49700000000000e+01	6.20454019037598e+28
1.49800000000000e+01	6.16578593554332e+28
1.49900000000000e+01	6.12733533560846e+28
1.50000000000000e+01	6.08911846240129e+28
1.50100000000000e+01	6.05129040612585e+28
1.50200000000000e+01	6.01372262104967e+28
1.50300000000000e+01	5.97649380736593e+28
1.50400000000000e+01	5.93957585030337e+28
1.50500000000000e+01	5.90294689199206e+28
1.50600000000000e+01	5.86672530347810e+28
1.50700000000000e+01	5.83078981948949e+28
1.50800000000000e+01	5.79513680114023e+28
1.50900000000000e+01	5.75988087690812e+28
1.51000000000000e+01	5.72494445767045e+28
1.51100000000000e+01	5.69036670335097e+28
1.51200000000000e+01	5.65606093004921e+28
1.51300000000000e+01	5.62208823861827e+28
1.51400000000000e+01	5.58843437295555e+28
1.51500000000000e+01	5.55505764579369e+28
1.51600000000000e+01	5.52197203810108e+28
1.51700000000000e+01	5.48907341759450e+28
1.51800000000000e+01	5.45646697078490e+28
1.51900000000000e+01	5.42403683580940e+28
1.52000000000000e+01	5.39182774054313e+28
1.52100000000000e+01	5.35977307921660e+28
1.52200000000000e+01	5.32794990447391e+28
1.52300000000000e+01	5.29631986656930e+28
1.52400000000000e+01	5.26489241680490e+28
1.52500000000000e+01	5.23369394905423e+28
1.52600000000000e+01	5.20269135673329e+28
1.52700000000000e+01	5.17194524169110e+28
1.52800000000000e+01	5.14144150880348e+28
1.52900000000000e+01	5.11115161877314e+28
1.53000000000000e+01	5.08113176726092e+28
1.53100000000000e+01	5.05135390276649e+28
1.53200000000000e+01	5.02176549956958e+28
1.53300000000000e+01	4.99240116114016e+28
1.53400000000000e+01	4.96325305440434e+28
1.53500000000000e+01	4.93429256009593e+28
1.53600000000000e+01	4.90549970130242e+28
1.53700000000000e+01	4.87685913599428e+28
1.53800000000000e+01	4.84845339623465e+28
1.53900000000000e+01	4.82020783037657e+28
1.54000000000000e+01	4.79213512436625e+28
1.54100000000000e+01	4.76426196953272e+28
1.54200000000000e+01	4.73661303378874e+28
1.54300000000000e+01	4.70915587051345e+28
1.54400000000000e+01	4.68196648635298e+28
1.54500000000000e+01	4.65498232190351e+28
1.54600000000000e+01	4.62827572626607e+28
1.54700000000000e+01	4.60175663164003e+28
1.54800000000000e+01	4.57549182830081e+28
1.54900000000000e+01	4.54942930318909e+28
1.55000000000000e+01	4.52359597763214e+28
1.55100000000000e+01	4.49790443192172e+28
1.55200000000000e+01	4.47238586223622e+28
1.55300000000000e+01	4.44699871485583e+28
1.55400000000000e+01	4.42179710554653e+28
1.55500000000000e+01	4.39671130707332e+28
1.55600000000000e+01	4.37176296969884e+28
1.55700000000000e+01	4.34695870044492e+28
1.55800000000000e+01	4.32228599426629e+28
1.55900000000000e+01	4.29775724573386e+28
1.56000000000000e+01	4.27336075172600e+28
1.56100000000000e+01	4.24917749374716e+28
1.56200000000000e+01	4.22514051704792e+28
1.56300000000000e+01	4.20134403836428e+28
1.56400000000000e+01	4.17768314808126e+28
1.56500000000000e+01	4.15428246073493e+28
1.56600000000000e+01	4.13106563030697e+28
1.56700000000000e+01	4.10808067109047e+28
1.56800000000000e+01	4.08531402348261e+28
1.56900000000000e+01	4.06277378624858e+28
1.57000000000000e+01	4.04041179748735e+28
1.57100000000000e+01	4.01823474523978e+28
1.57200000000000e+01	3.99619422438355e+28
1.57300000000000e+01	3.97435404044195e+28
1.57400000000000e+01	3.95262037418837e+28
1.57500000000000e+01	3.93104140282767e+28
1.57600000000000e+01	3.90955147908719e+28
1.57700000000000e+01	3.88818867402001e+28
1.57800000000000e+01	3.86695428846437e+28
1.57900000000000e+01	3.84583926615320e+28
1.58000000000000e+01	3.82479997662923e+28
1.58100000000000e+01	3.80392558706198e+28
1.58200000000000e+01	3.78320145553522e+28
1.58300000000000e+01	3.76261807606023e+28
1.58400000000000e+01	3.74215769724342e+28
1.58500000000000e+01	3.72187145270774e+28
1.58600000000000e+01	3.70171132220419e+28
1.58700000000000e+01	3.68175690817826e+28
1.58800000000000e+01	3.66194134359177e+28
1.58900000000000e+01	3.64229428890296e+28
1.59000000000000e+01	3.62281271072111e+28
1.59100000000000e+01	3.60347676076332e+28
1.59200000000000e+01	3.58429555705958e+28
1.59300000000000e+01	3.56529405236014e+28
1.59400000000000e+01	3.54646428295757e+28
1.59500000000000e+01	3.52772110402809e+28
1.59600000000000e+01	3.50913487020747e+28
1.59700000000000e+01	3.49066834725244e+28
1.59800000000000e+01	3.47231791722445e+28
1.59900000000000e+01	3.45406793145684e+28
1.60000000000000e+01	3.43594797477792e+28
1.60100000000000e+01	3.41785778761447e+28
1.60200000000000e+01	3.39993704319664e+28
1.60300000000000e+01	3.38207179566015e+28
1.60400000000000e+01	3.36434166622638e+28
1.60500000000000e+01	3.34675040063359e+28
1.60600000000000e+01	3.32925499891188e+28
1.60700000000000e+01	3.31192666112443e+28
1.60800000000000e+01	3.29473000423682e+28
1.60900000000000e+01	3.27764306108755e+28
1.61000000000000e+01	3.26071255932426e+28
1.61100000000000e+01	3.24385633348295e+28
1.61200000000000e+01	3.22710482075268e+28
1.61300000000000e+01	3.21044926749124e+28
1.61400000000000e+01	3.19385405232752e+28
1.61500000000000e+01	3.17731399506478e+28
1.61600000000000e+01	3.16083079834624e+28
1.61700000000000e+01	3.14435150885100e+28
1.61800000000000e+01	3.12791029175853e+28
1.61900000000000e+01	3.11151759091426e+28
1.62000000000000e+01	3.09515672343083e+28
1.62100000000000e+01	3.07885131600028e+28
1.62200000000000e+01	3.06261087583673e+28
1.62300000000000e+01	3.04645688687096e+28
1.62400000000000e+01	3.03037978805940e+28
1.62500000000000e+01	3.01443454772768e+28
1.62600000000000e+01	2.99855170487027e+28
1.62700000000000e+01	2.98280677917710e+28
1.62800000000000e+01	2.96716395547439e+28
1.62900000000000e+01	2.95160189855303e+28
1.63000000000000e+01	2.93612210997045e+28
1.63100000000000e+01	2.92074062762929e+28
1.63200000000000e+01	2.90539455248353e+28
1.63300000000000e+01	2.89011285516887e+28
1.63400000000000e+01	2.87486032471613e+28
1.63500000000000e+01	2.85959136625896e+28
1.63600000000000e+01	2.84433924804906e+28
1.63700000000000e+01	2.82906203667889e+28
1.63800000000000e+01	2.81372092018864e+28
1.63900000000000e+01	2.79833256705029e+28
1.64000000000000e+01	2.78286606533191e+28
1.64100000000000e+01	2.76732085560736e+28
1.64200000000000e+01	2.75170118093847e+28
1.64300000000000e+01	2.73599250374463e+28
1.64400000000000e+01	2.72025853038594e+28
1.64500000000000e+01	2.70444477780133e+28
1.64600000000000e+01	2.68864733741285e+28
1.64700000000000e+01	2.67286610826969e+28
1.64800000000000e+01	2.65717442871138e+28
1.64900000000000e+01	2.64159543979276e+28
1.65000000000000e+01	2.62618434676410e+28
1.65100000000000e+01	2.61103891667537e+28
1.65200000000000e+01	2.59614232761863e+28
1.65300000000000e+01	2.58159928622131e+28
1.65400000000000e+01	2.56745808163227e+28
1.65500000000000e+01	2.55369831864368e+28
1.65600000000000e+01	2.54037233291610e+28
1.65700000000000e+01	2.52751035865599e+28
1.65800000000000e+01	2.51506637225575e+28
1.65900000000000e+01	2.50305721629627e+28
1.66000000000000e+01	2.49144886464953e+28
1.66100000000000e+01	2.48019496040777e+28
1.66200000000000e+01	2.46928321059805e+28
1.66300000000000e+01	2.45861408553685e+28
1.66400000000000e+01	2.44816197451768e+28
1.66500000000000e+01	2.43788468777514e+28
1.66600000000000e+01	2.42772720348449e+28
1.66700000000000e+01	2.41762688906417e+28
1.66800000000000e+01	2.40759223775661e+28
1.66900000000000e+01	2.39756284221443e+28
1.67000000000000e+01	2.38755307477533e+28
1.67100000000000e+01	2.37755667307100e+28
1.67200000000000e+01	2.36756212518914e+28
1.67300000000000e+01	2.35757966027431e+28
1.67400000000000e+01	2.34761607846494e+28
1.67500000000000e+01	2.33769006687598e+28
1.67600000000000e+01	2.32780051614368e+28
1.67700000000000e+01	2.31795957209533e+28
1.67800000000000e+01	2.30815788615210e+28
1.67900000000000e+01	2.29839715225709e+28
1.68000000000000e+01	2.28868003794202e+28
1.68100000000000e+01	2.27899158264609e+28
1.68200000000000e+01	2.26932176957701e+28
1.68300000000000e+01	2.25966598975967e+28
1.68400000000000e+01	2.25002694056634e+28
1.68500000000000e+01	2.24038427675048e+28
1.68600000000000e+01	2.23074587689687e+28
1.68700000000000e+01	2.22109912606475e+28
1.68800000000000e+01	2.21143873835034e+28
1.68900000000000e+01	2.20177147557665e+28
1.69000000000000e+01	2.19210579840274e+28
1.69100000000000e+01	2.18244197959196e+28
1.69200000000000e+01	2.17278429418258e+28
1.69300000000000e+01	2.16315725110400e+28
1.69400000000000e+01	2.15356057489318e+28
1.69500000000000e+01	2.14400765565261e+28
1.69600000000000e+01	2.13451668813890e+28
1.69700000000000e+01	2.12510820571363e+28
1.69800000000000e+01	2.11578629843100e+28
1.69900000000000e+01	2.10656212109097e+28
1.70000000000000e+01	2.09744664976354e+28
1.70100000000000e+01	2.08845235929622e+28
1.70200000000000e+01	2.07957553401272e+28
1.70300000000000e+01	2.07081436022543e+28
1.70400000000000e+01	2.06217389792050e+28
1.70500000000000e+01	2.05363102556755e+28
1.70600000000000e+01	2.04519437005292e+28
1.70700000000000e+01	2.03684905903047e+28
1.70800000000000e+01	2.02859292116990e+28
1.70900000000000e+01	2.02039748259835e+28
1.71000000000000e+01	2.01227165580518e+28
1.71100000000000e+01	2.00419751658526e+28
1.71200000000000e+01	1.99617109957997e+28
1.71300000000000e+01	1.98819334659136e+28
1.71400000000000e+01	1.98024071145261e+28
1.71500000000000e+01	1.97233379569847e+28
1.71600000000000e+01	1.96445665508167e+28
1.71700000000000e+01	1.95662437805177e+28
1.71800000000000e+01	1.94881221937797e+28
1.71900000000000e+01	1.94104655035715e+28
1.72000000000000e+01	1.93330401185279e+28
1.72100000000000e+01	1.92561008131931e+28
1.72200000000000e+01	1.91795343152810e+28
1.72300000000000e+01	1.91034353018114e+28
1.72400000000000e+01	1.90276219743302e+28
1.72500000000000e+01	1.89522711724997e+28
1.72600000000000e+01	1.88772926070686e+28
1.72700000000000e+01	1.88026298341899e+28
1.72800000000000e+01	1.87283046593677e+28
1.72900000000000e+01	1.86542484336889e+28
1.73000000000000e+01	1.85804456464609e+28
1.73100000000000e+01	1.85069846619195e+28
1.73200000000000e+01	1.84337119287989e+28
1.73300000000000e+01	1.83606446309721e+28
1.73400000000000e+01	1.82877378789013e+28
1.73500000000000e+01	1.82150176885546e+28
1.73600000000000e+01	1.81424432714968e+28
1.73700000000000e+01	1.80700464305753e+28
1.73800000000000e+01	1.79979026860507e+28
1.73900000000000e+01	1.79258641213860e+28
1.74000000000000e+01	1.78541145511272e+28
1.74100000000000e+01	1.77825977921484e+28
1.74200000000000e+01	1.77113127738765e+28
1.74300000000000e+01	1.76403081825584e+28
1.74400000000000e+01	1.75695784514935e+28
1.74500000000000e+01	1.74991654744628e+28
1.74600000000000e+01	1.74291796327575e+28
1.74700000000000e+01	1.73594244324832e+28
1.74800000000000e+01	1.72900358172613e+28
1.74900000000000e+01	1.72210937499914e+28
1.75000000000000e+01	1.71524964235028e+28
1.75100000000000e+01	1.70841728463827e+28
1.75200000000000e+01	1.70162652845290e+28
1.75300000000000e+01	1.69486823256310e+28
1.75400000000000e+01	1.68813875992672e+28
1.75500000000000e+01	1.68143630041133e+28
1.75600000000000e+01	1.67475756137142e+28
1.75700000000000e+01	1.66810998129152e+28
1.75800000000000e+01	1.66147199191970e+28
1.75900000000000e+01	1.65485188396929e+28
1.76000000000000e+01	1.64824485008114e+28
1.76100000000000e+01	1.64166159634091e+28
1.76200000000000e+01	1.63508258230018e+28
1.76300000000000e+01	1.62852460549601e+28
1.76400000000000e+01	1.62197195748404e+28
1.76500000000000e+01	1.61544171664195e+28
1.76600000000000e+01	1.60891679812776e+28
1.76700000000000e+01	1.60241890831732e+28
1.76800000000000e+01	1.59592925250393e+28
1.76900000000000e+01	1.58946904148282e+28
1.77000000000000e+01	1.58302914154192e+28
1.77100000000000e+01	1.57661023521284e+28
1.77200000000000e+01	1.57020606731206e+28
1.77300000000000e+01	1.56383518418994e+28
1.77400000000000e+01	1.55748791387766e+28
1.77500000000000e+01	1.55115613174869e+28
1.77600000000000e+01	1.54485817012327e+28
1.77700000000000e+01	1.53858602216320e+28
1.77800000000000e+01	1.53233853208103e+28
1.77900000000000e+01	1.52610959852007e+28
1.78000000000000e+01	1.51991482733448e+28
1.78100000000000e+01	1.51374835258472e+28
1.78200000000000e+01	1.50761112965578e+28
1.78300000000000e+01	1.50149754307057e+28
1.78400000000000e+01	1.49542324443311e+28
1.78500000000000e+01	1.48938392658977e+28
1.78600000000000e+01	1.48337219519912e+28
1.78700000000000e+01	1.47740741523084e+28
1.78800000000000e+01	1.47147502334031e+28
1.78900000000000e+01	1.46559214449024e+28
1.79000000000000e+01	1.45975000915710e+28
1.79100000000000e+01	1.45394393996374e+28
1.79200000000000e+01	1.44817899801496e+28
1.79300000000000e+01	1.44246565318627e+28
1.79400000000000e+01	1.43678467233969e+28
1.79500000000000e+01	1.43114328811632e+28
1.79600000000000e+01	1.42554852471592e+28
1.79700000000000e+01	1.41997967510848e+28
1.79800000000000e+01	1.41444391136469e+28
1.79900000000000e+01	1.40893930925914e+28
1.80000000000000e+01	1.40346133965467e+28
1.80100000000000e+01	1.39800866706599e+28
1.80200000000000e+01	1.39257746144475e+28
1.80300000000000e+01	1.38716573985448e+28
1.80400000000000e+01	1.38177326018047e+28
1.80500000000000e+01	1.37638982780190e+28
1.80600000000000e+01	1.37102990468574e+28
1.80700000000000e+01	1.36567773126462e+28
1.80800000000000e+01	1.36034826282926e+28
1.80900000000000e+01	1.35502899718942e+28
1.81000000000000e+01	1.34972615989638e+28
1.81100000000000e+01	1.34444863779661e+28
1.81200000000000e+01	1.33918404971587e+28
1.81300000000000e+01	1.33394102707528e+28
1.81400000000000e+01	1.32872052835192e+28
1.81500000000000e+01	1.32351847432301e+28
1.81600000000000e+01	1.31834882621454e+28
1.81700000000000e+01	1.31320563887291e+28
1.81800000000000e+01	1.30808407713612e+28
1.81900000000000e+01	1.30298989256504e+28
1.82000000000000e+01	1.29793249158038e+28
1.82100000000000e+01	1.29289647459383e+28
1.82200000000000e+01	1.28788831145405e+28
1.82300000000000e+01	1.28290708193581e+28
1.82400000000000e+01	1.27794581407768e+28
1.82500000000000e+01	1.27301807744130e+28
1.82600000000000e+01	1.26811564550766e+28
1.82700000000000e+01	1.26322917752561e+28
1.82800000000000e+01	1.25836520445916e+28
1.82900000000000e+01	1.25352189453698e+28
1.83000000000000e+01	1.24869890447488e+28
1.83100000000000e+01	1.24389606563598e+28
1.83200000000000e+01	1.23911217221409e+28
1.83300000000000e+01	1.23434619858924e+28
1.83400000000000e+01	1.22959150336505e+28
1.83500000000000e+01	1.22485447786337e+28
1.83600000000000e+01	1.22014528777537e+28
1.83700000000000e+01	1.21543969797067e+28
1.83800000000000e+01	1.21076192520343e+28
1.83900000000000e+01	1.20610543349494e+28
1.84000000000000e+01	1.20147059507797e+28
1.84100000000000e+01	1.19685192158593e+28
1.84200000000000e+01	1.19225522900787e+28
1.84300000000000e+01	1.18768286219436e+28
1.84400000000000e+01	1.18313458561742e+28
1.84500000000000e+01	1.17860883020701e+28
1.84600000000000e+01	1.17410072271038e+28
1.84700000000000e+01	1.16961544923182e+28
1.84800000000000e+01	1.16516050360350e+28
1.84900000000000e+01	1.16072168322875e+28
1.85000000000000e+01	1.15629732633941e+28
1.85100000000000e+01	1.15190172465757e+28
1.85200000000000e+01	1.14751969492153e+28
1.85300000000000e+01	1.14316556991146e+28
1.85400000000000e+01	1.13882438357825e+28
1.85500000000000e+01	1.13450150275422e+28
1.85600000000000e+01	1.13019129100569e+28
1.85700000000000e+01	1.12590707589006e+28
1.85800000000000e+01	1.12163320577257e+28
1.85900000000000e+01	1.11737875441816e+28
1.86000000000000e+01	1.11314152159188e+28
1.86100000000000e+01	1.10892279927288e+28
1.86200000000000e+01	1.10471499083147e+28
1.86300000000000e+01	1.10052598914640e+28
1.86400000000000e+01	1.09635589915962e+28
1.86500000000000e+01	1.09220367065087e+28
1.86600000000000e+01	1.08806936668995e+28
1.86700000000000e+01	1.08394878445322e+28
1.86800000000000e+01	1.07984621030546e+28
1.86900000000000e+01	1.07576164442721e+28
1.87000000000000e+01	1.07169729297211e+28
1.87100000000000e+01	1.06764556982919e+28
1.87200000000000e+01	1.06361819735156e+28
1.87300000000000e+01	1.05960448553578e+28
1.87400000000000e+01	1.05560860204448e+28
1.87500000000000e+01	1.05162630781836e+28
1.87600000000000e+01	1.04766282639983e+28
1.87700000000000e+01	1.04372441032898e+28
1.87800000000000e+01	1.03979199573483e+28
1.87900000000000e+01	1.03588556465396e+28
1.88000000000000e+01	1.03199133491129e+28
1.88100000000000e+01	1.02812180283129e+28
1.88200000000000e+01	1.02425915077060e+28
1.88300000000000e+01	1.02042100940961e+28
1.88400000000000e+01	1.01659480648510e+28
1.88500000000000e+01	1.01279396440973e+28
1.88600000000000e+01	1.00899977424548e+28
1.88700000000000e+01	1.00522969239571e+28
1.88800000000000e+01	1.00147231288428e+28
1.88900000000000e+01	9.97732683296679e+27
1.89000000000000e+01	9.94011752771933e+27
1.89100000000000e+01	9.90309424805859e+27
1.89200000000000e+01	9.86618470170473e+27
1.89300000000000e+01	9.82945953202406e+27
1.89400000000000e+01	9.79290754155709e+27
1.89500000000000e+01	9.75648779425069e+27
1.89600000000000e+01	9.72029995831398e+27
1.89700000000000e+01	9.68417234882393e+27
1.89800000000000e+01	9.64827482796337e+27
1.89900000000000e+01	9.61250660647118e+27
1.90000000000000e+01	9.57696631902242e+27
1.90100000000000e+01	9.54148404234586e+27
1.90200000000000e+01	9.50622802868679e+27
1.90300000000000e+01	9.48026657637505e+27
1.90400000000000e+01	9.43614349225307e+27
1.90500000000000e+01	9.40135283823434e+27
1.90600000000000e+01	9.37564725788552e+27
1.90700000000000e+01	9.34107863221206e+27
1.90800000000000e+01	9.29784053881432e+27
1.90900000000000e+01	9.26362072233386e+27
1.91000000000000e+01	9.22957104307801e+27
1.91100000000000e+01	9.20434232523637e+27
1.91200000000000e+01	9.17056790966826e+27
1.91300000000000e+01	9.13690362418794e+27
1.91400000000000e+01	9.10340672669710e+27
1.91500000000000e+01	9.06166136705771e+27
1.91600000000000e+01	9.02849958407265e+27
1.91700000000000e+01	9.00378741335194e+27
1.91800000000000e+01	8.96266886870970e+27
1.91900000000000e+01	8.93810779233948e+27
1.92000000000000e+01	8.89736653348637e+27
1.92100000000000e+01	8.86496265123742e+27
1.92200000000000e+01	8.83266287440604e+27
1.92300000000000e+01	8.80845820248447e+27
1.92400000000000e+01	8.77642091694439e+27
1.92500000000000e+01	8.74455176223517e+27
1.92600000000000e+01	8.71277529393846e+27
1.92700000000000e+01	8.68110046510710e+27
1.92800000000000e+01	8.64964745605479e+27
1.92900000000000e+01	8.61069359006821e+27
1.93000000000000e+01	8.58708793399354e+27
1.93100000000000e+01	8.54849643169827e+27
1.93200000000000e+01	8.51760531441975e+27
1.93300000000000e+01	8.49426273060095e+27
1.93400000000000e+01	8.46362370117236e+27
1.93500000000000e+01	8.43309040560834e+27
1.93600000000000e+01	8.39542307490588e+27
1.93700000000000e+01	8.36523350916580e+27
1.93800000000000e+01	8.33515649928209e+27
1.93900000000000e+01	8.31229670580130e+27
1.94000000000000e+01	8.28241164139320e+27
1.94100000000000e+01	8.25266543606978e+27
1.94200000000000e+01	8.21610159747356e+27
1.94300000000000e+01	8.19358550217265e+27
1.94400000000000e+01	8.16423300038981e+27
1.94500000000000e+01	8.13498057229466e+27
1.94600000000000e+01	8.10587253571400e+27
1.94700000000000e+01	8.07691672387090e+27
1.94800000000000e+01	8.04145556392489e+27
1.94900000000000e+01	8.01277865074423e+27
1.95000000000000e+01	7.98424297565424e+27
1.95100000000000e+01	7.96230387147590e+27
1.95200000000000e+01	7.92749605712460e+27
1.95300000000000e+01	7.89928383313655e+27
1.95400000000000e+01	7.87127121408549e+27
1.95500000000000e+01	7.84966340308317e+27
1.95600000000000e+01	7.82177750216516e+27
1.95700000000000e+01	7.79402893823167e+27
1.95800000000000e+01	7.76023846064104e+27
1.95900000000000e+01	7.73890595272785e+27
1.96000000000000e+01	7.71152203153668e+27
1.96100000000000e+01	7.68428116068783e+27
1.96200000000000e+01	7.65110786498733e+27
1.96300000000000e+01	7.63010668749282e+27
1.96400000000000e+01	7.59723282840226e+27
1.96500000000000e+01	7.57048050158941e+27
1.96600000000000e+01	7.54385147580613e+27
1.96700000000000e+01	7.52311841035484e+27
1.96800000000000e+01	7.49090842589284e+27
1.96900000000000e+01	7.46458533552839e+27
1.97000000000000e+01	7.43836523860133e+27
1.97100000000000e+01	7.41228184059351e+27
1.97200000000000e+01	7.38620010459051e+27
1.97300000000000e+01	7.36015990207595e+27
1.97400000000000e+01	7.33961407878346e+27
1.97500000000000e+01	7.31329579225802e+27
1.97600000000000e+01	7.28109545948887e+27
1.97700000000000e+01	7.25364832854144e+27
1.97800000000000e+01	7.23026646929382e+27
1.97900000000000e+01	7.19930931465591e+27
1.98000000000000e+01	7.16487152007784e+27
1.98100000000000e+01	7.11997025194246e+27
1.98200000000000e+01	7.07253813537555e+27
1.98300000000000e+01	7.01891731994278e+27
1.98400000000000e+01	6.94460707524862e+27
1.98500000000000e+01	6.84934291110948e+27
1.98600000000000e+01	6.72203939853512e+27
1.98700000000000e+01	6.56503832387549e+27
1.98800000000000e+01	6.36602429133580e+27
1.98900000000000e+01	6.11761938873456e+27
1.99000000000000e+01	5.81689061304456e+27
1.99100000000000e+01	5.45239871412201e+27
1.99200000000000e+01	5.02452090770289e+27
1.99300000000000e+01	4.54203914947045e+27
1.99400000000000e+01	4.01070816813921e+27
1.99500000000000e+01	3.44493894561760e+27
1.99600000000000e+01	2.86461909886384e+27
1.99700000000000e+01	2.29389200816842e+27
1.99800000000000e+01	1.75766914736007e+27
1.99900000000000e+01	1.28019632964244e+27
2.00000000000000e+01	8.79071814285830e+26
