1.00000000000000e-02	3.44830233249904e+15
2.00000000000000e-02	2.15705087493808e+14
3.00000000000000e-02	4.26701201810590e+13
4.00000000000000e-02	1.35283585145718e+13
5.00000000000000e-02	5.55556813490904e+12
6.00000000000000e-02	2.68766955662089e+12
7.00000000000000e-02	1.45616367100622e+12
8.00000000000000e-02	8.57252054404843e+11
9.00000000000000e-02	5.37782407737207e+11
1.00000000000000e-01	3.54759348328283e+11
1.10000000000000e-01	2.43759628307175e+11
1.20000000000000e-01	1.73239246942635e+11
1.30000000000000e-01	1.26670458089065e+11
1.40000000000000e-01	9.48974426589326e+10
1.50000000000000e-01	7.26023230404440e+10
1.60000000000000e-01	5.65742627788777e+10
1.70000000000000e-01	4.48042757192941e+10
1.80000000000000e-01	3.59969216114880e+10
1.90000000000000e-01	2.92962103435365e+10
2.00000000000000e-01	2.41210950875308e+10
2.10000000000000e-01	2.00701922234902e+10
2.20000000000000e-01	1.68604174287864e+10
2.30000000000000e-01	1.42887666813407e+10
2.40000000000000e-01	1.22072363897376e+10
2.50000000000000e-01	1.05067109393117e+10
2.60000000000000e-01	9.10558008564621e+09
2.70000000000000e-01	7.94181206604916e+09
2.80000000000000e-01	6.96818993755289e+09
2.90000000000000e-01	6.14790285284097e+09
3.00000000000000e-01	5.45257017240659e+09
3.10000000000000e-01	4.85951367556813e+09
3.20000000000000e-01	4.35089880102340e+09
3.30000000000000e-01	3.91243997003983e+09
3.40000000000000e-01	3.53258643800456e+09
3.50000000000000e-01	3.20197231498992e+09
3.60000000000000e-01	2.91294851265361e+09
3.70000000000000e-01	2.65925892733816e+09
3.80000000000000e-01	2.43569277788104e+09
3.90000000000000e-01	2.23795581737259e+09
4.00000000000000e-01	2.06244716051058e+09
4.10000000000000e-01	1.90613691911652e+09
4.20000000000000e-01	1.76650484550990e+09
4.30000000000000e-01	1.64138404243780e+09
4.40000000000000e-01	1.52894865407888e+09
4.50000000000000e-01	1.42763305903662e+09
4.60000000000000e-01	1.33609732156051e+09
4.70000000000000e-01	1.25319003234576e+09
4.80000000000000e-01	1.17793386166145e+09
4.90000000000000e-01	1.10944496670411e+09
5.00000000000000e-01	1.04699670277064e+09
5.10000000000000e-01	9.89920003015986e+08
5.20000000000000e-01	9.37683156185820e+08
5.30000000000000e-01	8.89742217155113e+08
5.40000000000000e-01	8.45694803194216e+08
5.50000000000000e-01	8.05149120899213e+08
5.60000000000000e-01	7.67747266333211e+08
5.70000000000000e-01	7.33203113480571e+08
5.80000000000000e-01	7.01261180853959e+08
5.90000000000000e-01	6.71661848105958e+08
6.00000000000000e-01	6.44210235392129e+08
6.10000000000000e-01	6.18700886046655e+08
6.20000000000000e-01	5.94981457509058e+08
6.30000000000000e-01	5.72894699703331e+08
6.40000000000000e-01	5.52311963097734e+08
6.50000000000000e-01	5.33096440821674e+08
6.60000000000000e-01	5.15148395650996e+08
6.70000000000000e-01	4.98354699961793e+08
6.80000000000000e-01	4.82644328317470e+08
6.90000000000000e-01	4.67929306894059e+08
7.00000000000000e-01	4.54133533427885e+08
7.10000000000000e-01	4.41188490998014e+08
7.20000000000000e-01	4.29030052924833e+08
7.30000000000000e-01	4.17615178156868e+08
7.40000000000000e-01	4.06878974453596e+08
7.50000000000000e-01	3.96788000833501e+08
7.60000000000000e-01	3.87286564794231e+08
7.70000000000000e-01	3.78349632161203e+08
7.80000000000000e-01	3.69932912818777e+08
7.90000000000000e-01	3.62007258956116e+08
8.00000000000000e-01	3.54541538442894e+08
8.10000000000000e-01	3.47507252869793e+08
8.20000000000000e-01	3.40884868687862e+08
8.30000000000000e-01	3.34644441438187e+08
8.40000000000000e-01	3.28776850587337e+08
8.50000000000000e-01	3.23246555421162e+08
8.60000000000000e-01	3.18045563444573e+08
8.70000000000000e-01	3.13155712111779e+08
8.80000000000000e-01	3.08557644619369e+08
8.90000000000000e-01	3.04245909721151e+08
9.00000000000000e-01	3.00201820654823e+08
9.10000000000000e-01	2.96413851686031e+08
9.20000000000000e-01	2.92875000123002e+08
9.30000000000000e-01	2.89574254587492e+08
9.40000000000000e-01	2.86502769322386e+08
9.50000000000000e-01	2.83647753335435e+08
9.60000000000000e-01	2.81004608817427e+08
9.70000000000000e-01	2.78569856955479e+08
9.80000000000000e-01	2.76335272106943e+08
9.90000000000000e-01	2.74291515731340e+08
1.00000000000000e+00	2.72442884857389e+08
1.01000000000000e+00	2.70773727313143e+08
1.02000000000000e+00	2.69282237388198e+08
1.03000000000000e+00	2.67975041773263e+08
1.04000000000000e+00	2.66840013048302e+08
1.05000000000000e+00	2.65880427424662e+08
1.06000000000000e+00	2.65096034207361e+08
1.07000000000000e+00	2.64496774079316e+08
1.08000000000000e+00	2.64080671783094e+08
1.09000000000000e+00	2.63853869493256e+08
1.10000000000000e+00	2.63842256124503e+08
1.11000000000000e+00	2.64050193862633e+08
1.12000000000000e+00	2.64502110628009e+08
1.13000000000000e+00	2.65222372684266e+08
1.14000000000000e+00	2.66244760545720e+08
1.15000000000000e+00	2.67593681445096e+08
1.16000000000000e+00	2.69308771061500e+08
1.17000000000000e+00	2.71435663963847e+08
1.18000000000000e+00	2.74015918824596e+08
1.19000000000000e+00	2.77110995774466e+08
1.20000000000000e+00	2.80788675549819e+08
1.21000000000000e+00	2.85133774203222e+08
1.22000000000000e+00	2.90254628362183e+08
1.23000000000000e+00	2.96297219559860e+08
1.24000000000000e+00	3.03421379524544e+08
1.25000000000000e+00	3.11836330235919e+08
1.26000000000000e+00	3.21766872046972e+08
1.27000000000000e+00	3.33482137901085e+08
1.28000000000000e+00	3.47219953848152e+08
1.29000000000000e+00	3.63241470512169e+08
1.30000000000000e+00	3.81722578757070e+08
1.31000000000000e+00	4.02767896988347e+08
1.32000000000000e+00	4.26365160831741e+08
1.33000000000000e+00	4.52337289451284e+08
1.34000000000000e+00	4.80338733775081e+08
1.35000000000000e+00	5.09847734728402e+08
1.36000000000000e+00	5.40153558445758e+08
1.37000000000000e+00	5.70434169346047e+08
1.38000000000000e+00	5.99722999308880e+08
1.39000000000000e+00	6.27011690280736e+08
1.40000000000000e+00	6.51309133052779e+08
1.41000000000000e+00	6.71631086676202e+08
1.42000000000000e+00	6.87133351055920e+08
1.43000000000000e+00	6.97099284657270e+08
1.44000000000000e+00	7.00994594964257e+08
1.45000000000000e+00	6.98477201035000e+08
1.46000000000000e+00	6.89448905325000e+08
1.47000000000000e+00	6.73979076457905e+08
1.48000000000000e+00	6.52407171108098e+08
1.49000000000000e+00	6.25230272434318e+08
1.50000000000000e+00	5.93117289301242e+08
1.51000000000000e+00	5.56885955699816e+08
1.52000000000000e+00	5.17464168665248e+08
1.53000000000000e+00	4.75886764910455e+08
1.54000000000000e+00	4.33234181310324e+08
1.55000000000000e+00	3.90633719235475e+08
1.56000000000000e+00	3.49220881749913e+08
1.57000000000000e+00	3.10049352544912e+08
1.58000000000000e+00	2.74047613870237e+08
1.59000000000000e+00	2.41933170453933e+08
1.60000000000000e+00	2.14154602602007e+08
1.61000000000000e+00	1.90867573640524e+08
1.62000000000000e+00	1.71897526672309e+08
1.63000000000000e+00	1.56784185220000e+08
1.64000000000000e+00	1.44838613739340e+08
1.65000000000000e+00	1.35240069955184e+08
1.66000000000000e+00	1.27113749573901e+08
1.67000000000000e+00	1.19680644151778e+08
1.68000000000000e+00	1.12348294303106e+08
1.69000000000000e+00	1.04834737506385e+08
1.70000000000000e+00	9.72140335395239e+07
1.71000000000000e+00	8.99481300353318e+07
1.72000000000000e+00	8.38572486403528e+07
1.73000000000000e+00	8.00975033671656e+07
1.74000000000000e+00	8.01060727545187e+07
1.75000000000000e+00	8.55178977990430e+07
1.76000000000000e+00	9.81100573673034e+07
1.77000000000000e+00	1.19715276834143e+08
1.78000000000000e+00	1.52213694887853e+08
1.79000000000000e+00	1.97451639828613e+08
1.80000000000000e+00	2.57204880406964e+08
1.81000000000000e+00	3.33073340792593e+08
1.82000000000000e+00	4.26400938990710e+08
1.83000000000000e+00	5.38250784826833e+08
1.84000000000000e+00	6.69448949603944e+08
1.85000000000000e+00	8.20704881918034e+08
1.86000000000000e+00	9.92383864820412e+08
1.87000000000000e+00	1.18450518233462e+09
1.88000000000000e+00	1.39644982015736e+09
1.89000000000000e+00	1.62694027971451e+09
1.90000000000000e+00	1.87414592426422e+09
1.91000000000000e+00	2.13558719771729e+09
1.92000000000000e+00	2.40853933821198e+09
1.93000000000000e+00	2.68981775775802e+09
1.94000000000000e+00	2.97620541517248e+09
1.95000000000000e+00	3.26428450540427e+09
1.96000000000000e+00	3.55060652195712e+09
1.97000000000000e+00	3.83178060222797e+09
1.98000000000000e+00	4.10439089578692e+09
1.99000000000000e+00	4.36497391612612e+09
2.00000000000000e+00	4.60978650312599e+09
2.01000000000000e+00	4.83457210429096e+09
2.02000000000000e+00	5.03451026571323e+09
2.03000000000000e+00	5.20422171903966e+09
2.04000000000000e+00	5.33754123848918e+09
2.05000000000000e+00	5.42799892909293e+09
2.06000000000000e+00	5.46898280171944e+09
2.07000000000000e+00	5.45390852941488e+09
2.08000000000000e+00	5.37703460623710e+09
2.09000000000000e+00	5.23397502336214e+09
2.10000000000000e+00	5.02308135775084e+09
2.11000000000000e+00	4.74706683190933e+09
2.12000000000000e+00	4.41396648458013e+09
2.13000000000000e+00	4.03791666623248e+09
2.14000000000000e+00	3.63780299330907e+09
2.15000000000000e+00	3.23427059767794e+09
2.16000000000000e+00	2.84650714013967e+09
2.17000000000000e+00	2.48905874631917e+09
2.18000000000000e+00	2.17081050715565e+09
2.19000000000000e+00	1.89499543195250e+09
2.20000000000000e+00	1.66081354866229e+09
2.21000000000000e+00	1.46492132909380e+09
2.22000000000000e+00	1.30294928619488e+09
2.23000000000000e+00	1.17065749232515e+09
2.24000000000000e+00	1.06435756828368e+09
2.25000000000000e+00	9.81136923638995e+08
2.26000000000000e+00	9.18550663907441e+08
2.27000000000000e+00	8.74383601464760e+08
2.28000000000000e+00	8.46479989277426e+08
2.29000000000000e+00	8.32650840183530e+08
2.30000000000000e+00	8.30536267041055e+08
2.31000000000000e+00	8.37437705311921e+08
2.32000000000000e+00	8.50143338292634e+08
2.33000000000000e+00	8.64828073305736e+08
2.34000000000000e+00	8.77209772482126e+08
2.35000000000000e+00	8.83070188664095e+08
2.36000000000000e+00	8.78829383942073e+08
2.37000000000000e+00	8.62164653322909e+08
2.38000000000000e+00	8.32288248415101e+08
2.39000000000000e+00	7.89824592084490e+08
2.40000000000000e+00	7.36535211964416e+08
2.41000000000000e+00	6.74977840432654e+08
2.42000000000000e+00	6.08170374962174e+08
2.43000000000000e+00	5.39255818576385e+08
2.44000000000000e+00	4.71138479757511e+08
2.45000000000000e+00	4.06289623525491e+08
2.46000000000000e+00	3.46544449898646e+08
2.47000000000000e+00	2.93128343521379e+08
2.48000000000000e+00	2.46673511250235e+08
2.49000000000000e+00	2.07331136233344e+08
2.50000000000000e+00	1.74847194769806e+08
2.51000000000000e+00	1.48672732368719e+08
2.52000000000000e+00	1.28046703299878e+08
2.53000000000000e+00	1.12095693003085e+08
2.54000000000000e+00	9.99213180288686e+07
2.55000000000000e+00	9.06796211138686e+07
2.56000000000000e+00	8.36170916112853e+07
2.57000000000000e+00	7.80801312849200e+07
2.58000000000000e+00	7.34867895251583e+07
2.59000000000000e+00	6.92653907231496e+07
2.60000000000000e+00	6.48173700874175e+07
2.61000000000000e+00	5.95229094423200e+07
2.62000000000000e+00	5.28325857361433e+07
2.63000000000000e+00	4.44716621976688e+07
2.64000000000000e+00	3.46951821667883e+07
2.65000000000000e+00	2.44099190441637e+07
2.66000000000000e+00	1.50451359952998e+07
2.67000000000000e+00	8.15142501847225e+06
2.68000000000000e+00	5.02078036108692e+06
2.69000000000000e+00	6.54379369427825e+06
2.70000000000000e+00	1.33245019981561e+07
2.71000000000000e+00	2.58989468233619e+07
2.72000000000000e+00	4.49327230121226e+07
2.73000000000000e+00	7.13447628854284e+07
2.74000000000000e+00	1.06334432409505e+08
2.75000000000000e+00	1.51337641525718e+08
2.76000000000000e+00	2.07914628268846e+08
2.77000000000000e+00	2.77564872425977e+08
2.78000000000000e+00	3.61510603661526e+08
2.79000000000000e+00	4.60504166073557e+08
2.80000000000000e+00	5.74634972779828e+08
2.81000000000000e+00	7.03230509624017e+08
2.82000000000000e+00	8.44779386238631e+08
2.83000000000000e+00	9.96930758525023e+08
2.84000000000000e+00	1.15650849460063e+09
2.85000000000000e+00	1.31966801267162e+09
2.86000000000000e+00	1.48210875516721e+09
2.87000000000000e+00	1.63935546595242e+09
2.88000000000000e+00	1.78714926254371e+09
2.89000000000000e+00	1.92169653165090e+09
2.90000000000000e+00	2.03995452946238e+09
2.91000000000000e+00	2.13978447853984e+09
2.92000000000000e+00	2.21983755181130e+09
2.93000000000000e+00	2.27974171161355e+09
2.94000000000000e+00	2.31985925067863e+09
2.95000000000000e+00	2.34138683892830e+09
2.96000000000000e+00	2.34642190375400e+09
2.97000000000000e+00	2.33763731017207e+09
2.98000000000000e+00	2.31837270688324e+09
2.99000000000000e+00	2.29199598163012e+09
3.00000000000000e+00	2.26166386105140e+09
3.01000000000000e+00	2.22978608630271e+09
3.02000000000000e+00	2.19791462412610e+09
3.03000000000000e+00	2.16681528998282e+09
3.04000000000000e+00	2.13669166420719e+09
3.05000000000000e+00	2.10746133180815e+09
3.06000000000000e+00	2.07895814396231e+09
3.07000000000000e+00	2.05117629185900e+09
3.08000000000000e+00	2.02421583507338e+09
3.09000000000000e+00	1.99809735773398e+09
3.10000000000000e+00	1.97274544187521e+09
3.11000000000000e+00	1.94780110257542e+09
3.12000000000000e+00	1.92241334322666e+09
3.13000000000000e+00	1.89528267827495e+09
3.14000000000000e+00	1.86461609735181e+09
3.15000000000000e+00	1.82830882429834e+09
3.16000000000000e+00	1.78436665178579e+09
3.17000000000000e+00	1.73113201089337e+09
3.18000000000000e+00	1.66772866492751e+09
3.19000000000000e+00	1.59429478171155e+09
3.20000000000000e+00	1.51183097044947e+09
3.21000000000000e+00	1.42200553988449e+09
3.22000000000000e+00	1.32678742727067e+09
3.23000000000000e+00	1.22813453919564e+09
3.24000000000000e+00	1.12797123689713e+09
3.25000000000000e+00	1.02810977672426e+09
3.26000000000000e+00	9.30358156994872e+08
3.27000000000000e+00	8.36561403337094e+08
3.28000000000000e+00	7.48487575676128e+08
3.29000000000000e+00	6.67801900046860e+08
3.30000000000000e+00	5.95891596125007e+08
3.31000000000000e+00	5.33772218093243e+08
3.32000000000000e+00	4.82039018131968e+08
3.33000000000000e+00	4.40800617747229e+08
3.34000000000000e+00	4.09749507200732e+08
3.35000000000000e+00	3.88160483544807e+08
3.36000000000000e+00	3.74987210594960e+08
3.37000000000000e+00	3.68891668554696e+08
3.38000000000000e+00	3.68284633225196e+08
3.39000000000000e+00	3.71414298242664e+08
3.40000000000000e+00	3.76437880276731e+08
3.41000000000000e+00	3.81545361717242e+08
3.42000000000000e+00	3.85104519130441e+08
3.43000000000000e+00	3.85783055684474e+08
3.44000000000000e+00	3.82648524139924e+08
3.45000000000000e+00	3.75222281577926e+08
3.46000000000000e+00	3.63488048000797e+08
3.47000000000000e+00	3.47841792172016e+08
3.48000000000000e+00	3.29012166592998e+08
3.49000000000000e+00	3.07933851677003e+08
3.50000000000000e+00	2.85639723582225e+08
3.51000000000000e+00	2.63125178199493e+08
3.52000000000000e+00	2.41262084986323e+08
3.53000000000000e+00	2.20724016713005e+08
3.54000000000000e+00	2.01975394418713e+08
3.55000000000000e+00	1.85257723100395e+08
3.56000000000000e+00	1.70642884666693e+08
3.57000000000000e+00	1.58072258058532e+08
3.58000000000000e+00	1.47418857413177e+08
3.59000000000000e+00	1.38529783162335e+08
3.60000000000000e+00	1.31270550984054e+08
3.61000000000000e+00	1.25544127124048e+08
3.62000000000000e+00	1.21308104449606e+08
3.63000000000000e+00	1.18575080714945e+08
3.64000000000000e+00	1.17409039315825e+08
3.65000000000000e+00	1.17907185388116e+08
3.66000000000000e+00	1.20179954633542e+08
3.67000000000000e+00	1.24321996745998e+08
3.68000000000000e+00	1.30384035207843e+08
3.69000000000000e+00	1.38349889759018e+08
3.70000000000000e+00	1.48110843476171e+08
3.71000000000000e+00	1.59464153238538e+08
3.72000000000000e+00	1.72122751044770e+08
3.73000000000000e+00	1.85742979233087e+08
3.74000000000000e+00	1.99969015142164e+08
3.75000000000000e+00	2.14483304988918e+08
3.76000000000000e+00	2.29046154859210e+08
3.77000000000000e+00	2.43506047601795e+08
3.78000000000000e+00	2.57804564956100e+08
3.79000000000000e+00	2.71947122985232e+08
3.80000000000000e+00	2.85960061958013e+08
3.81000000000000e+00	2.99866429732116e+08
3.82000000000000e+00	3.13649986580923e+08
3.83000000000000e+00	3.27241341377713e+08
3.84000000000000e+00	3.40492147686869e+08
3.85000000000000e+00	3.53195087426988e+08
3.86000000000000e+00	3.65090098999395e+08
3.87000000000000e+00	3.75875831009183e+08
3.88000000000000e+00	3.85271154304966e+08
3.89000000000000e+00	3.93026017880524e+08
3.90000000000000e+00	3.98967839746285e+08
3.91000000000000e+00	4.03021157023267e+08
3.92000000000000e+00	4.05215832037491e+08
3.93000000000000e+00	4.05684577231552e+08
3.94000000000000e+00	4.04652690701163e+08
3.95000000000000e+00	4.02406128752168e+08
3.96000000000000e+00	3.99282011345913e+08
3.97000000000000e+00	3.95644525696138e+08
3.98000000000000e+00	3.91852803295784e+08
3.99000000000000e+00	3.88238730020755e+08
4.00000000000000e+00	3.85053899558049e+08
4.01000000000000e+00	3.82427698083202e+08
4.02000000000000e+00	3.80302190261389e+08
4.03000000000000e+00	3.78397014304466e+08
4.04000000000000e+00	3.76207397523982e+08
4.05000000000000e+00	3.73056746175784e+08
4.06000000000000e+00	3.68174422653881e+08
4.07000000000000e+00	3.60856504212781e+08
4.08000000000000e+00	3.50610713732337e+08
4.09000000000000e+00	3.37313637236379e+08
4.10000000000000e+00	3.21296841650947e+08
4.11000000000000e+00	3.03340283864624e+08
4.12000000000000e+00	2.84565291733808e+08
4.13000000000000e+00	2.66237596200584e+08
4.14000000000000e+00	2.49506020554341e+08
4.15000000000000e+00	2.35146878685784e+08
4.16000000000000e+00	2.23388562867724e+08
4.17000000000000e+00	2.13875130849736e+08
4.18000000000000e+00	2.05769829778310e+08
4.19000000000000e+00	1.97980716677614e+08
4.20000000000000e+00	1.89449625516324e+08
4.21000000000000e+00	1.79394949860793e+08
4.22000000000000e+00	1.67469576177961e+08
4.23000000000000e+00	1.53778889535135e+08
4.24000000000000e+00	1.38817115215061e+08
4.25000000000000e+00	1.23293909424093e+08
4.26000000000000e+00	1.07968276711771e+08
4.27000000000000e+00	9.34935412488919e+07
4.28000000000000e+00	8.03303861417281e+07
4.29000000000000e+00	6.87225120706916e+07
4.30000000000000e+00	5.87270375010198e+07
4.31000000000000e+00	5.02753953722507e+07
4.32000000000000e+00	4.32404438860336e+07
4.33000000000000e+00	3.74897557668814e+07
4.34000000000000e+00	3.29261297847574e+07
4.35000000000000e+00	2.95069639440846e+07
4.36000000000000e+00	2.72429044463099e+07
4.37000000000000e+00	2.61878728698124e+07
4.38000000000000e+00	2.64243640461919e+07
4.39000000000000e+00	2.80464461301647e+07
4.40000000000000e+00	3.11629356813879e+07
4.41000000000000e+00	3.59065860505871e+07
4.42000000000000e+00	4.24649831100038e+07
4.43000000000000e+00	5.10987314514691e+07
4.44000000000000e+00	6.21259037155051e+07
4.45000000000000e+00	7.58596694986148e+07
4.46000000000000e+00	9.24646533930767e+07
4.47000000000000e+00	1.11790364456986e+08
4.48000000000000e+00	1.33218602165385e+08
4.49000000000000e+00	1.55601903102473e+08
4.50000000000000e+00	1.77356842138455e+08
4.51000000000000e+00	1.96695477076295e+08
4.52000000000000e+00	2.11958512799040e+08
4.53000000000000e+00	2.21939248339558e+08
4.54000000000000e+00	2.26090133052512e+08
4.55000000000000e+00	2.24581416940701e+08
4.56000000000000e+00	2.18174870891636e+08
4.57000000000000e+00	2.08002228332102e+08
4.58000000000000e+00	1.95298639365896e+08
4.59000000000000e+00	1.81191381320472e+08
4.60000000000000e+00	1.66563524604719e+08
4.61000000000000e+00	1.52029449693572e+08
4.62000000000000e+00	1.37965468386341e+08
4.63000000000000e+00	1.24595293309431e+08
4.64000000000000e+00	1.12072100226329e+08
4.65000000000000e+00	1.00541888273461e+08
4.66000000000000e+00	9.01667548235264e+07
4.67000000000000e+00	8.11220713160499e+07
4.68000000000000e+00	7.35709831702553e+07
4.69000000000000e+00	6.76323906963905e+07
4.70000000000000e+00	6.33540394085015e+07
4.71000000000000e+00	6.07034451033954e+07
4.72000000000000e+00	5.95704210707785e+07
4.73000000000000e+00	5.97796130791497e+07
4.74000000000000e+00	6.11158074706626e+07
4.75000000000000e+00	6.33423227212241e+07
4.76000000000000e+00	6.62244363115322e+07
4.77000000000000e+00	6.95458839724277e+07
4.78000000000000e+00	7.31197113777512e+07
4.79000000000000e+00	7.67902696302950e+07
4.80000000000000e+00	8.04354140312628e+07
4.81000000000000e+00	8.39578545182224e+07
4.82000000000000e+00	8.72793195431428e+07
4.83000000000000e+00	9.03327304154256e+07
4.84000000000000e+00	9.30515983820262e+07
4.85000000000000e+00	9.53806365487021e+07
4.86000000000000e+00	9.72598900999367e+07
4.87000000000000e+00	9.86290677809020e+07
4.88000000000000e+00	9.94319069893797e+07
4.89000000000000e+00	9.96123278970236e+07
4.90000000000000e+00	9.91261080299555e+07
4.91000000000000e+00	9.79401915501009e+07
4.92000000000000e+00	9.60451266441805e+07
4.93000000000000e+00	9.34618460723035e+07
4.94000000000000e+00	9.02394261388443e+07
4.95000000000000e+00	8.64655010021370e+07
4.96000000000000e+00	8.22524895529168e+07
4.97000000000000e+00	7.77401176437185e+07
4.98000000000000e+00	7.30827801142990e+07
4.99000000000000e+00	6.84380225621737e+07
5.00000000000000e+00	6.39612965747291e+07
5.01000000000000e+00	5.97930998714645e+07
5.02000000000000e+00	5.60506274951030e+07
5.03000000000000e+00	5.28217503838293e+07
5.04000000000000e+00	5.01584687130815e+07
5.05000000000000e+00	4.80726305829999e+07
5.06000000000000e+00	4.65342334208273e+07
5.07000000000000e+00	4.54743441696261e+07
5.08000000000000e+00	4.47902745549635e+07
5.09000000000000e+00	4.43533898652299e+07
5.10000000000000e+00	4.40209967655359e+07
5.11000000000000e+00	4.36502529466601e+07
5.12000000000000e+00	4.31118603056137e+07
5.13000000000000e+00	4.23047219925236e+07
5.14000000000000e+00	4.11661529470951e+07
5.15000000000000e+00	3.96760074319474e+07
5.16000000000000e+00	3.78558228088539e+07
5.17000000000000e+00	3.57627706097741e+07
5.18000000000000e+00	3.34772570161504e+07
5.19000000000000e+00	3.10900103133160e+07
5.20000000000000e+00	2.86918416472188e+07
5.21000000000000e+00	2.63618620991951e+07
5.22000000000000e+00	2.41638035777914e+07
5.23000000000000e+00	2.21437962317923e+07
5.24000000000000e+00	2.03311857198707e+07
5.25000000000000e+00	1.87407110168271e+07
5.26000000000000e+00	1.73766245646654e+07
5.27000000000000e+00	1.62346965469681e+07
5.28000000000000e+00	1.53062240540750e+07
5.29000000000000e+00	1.45791042400277e+07
5.30000000000000e+00	1.40405036947959e+07
5.31000000000000e+00	1.36776891334061e+07
5.32000000000000e+00	1.34791311983487e+07
5.33000000000000e+00	1.34350095949082e+07
5.34000000000000e+00	1.35364713975810e+07
5.35000000000000e+00	1.37756329378891e+07
5.36000000000000e+00	1.41447361490969e+07
5.37000000000000e+00	1.46351426578115e+07
5.38000000000000e+00	1.52360094686990e+07
5.39000000000000e+00	1.59340462842824e+07
5.40000000000000e+00	1.67123009903195e+07
5.41000000000000e+00	1.75497580834177e+07
5.42000000000000e+00	1.84230323660246e+07
5.43000000000000e+00	1.93056567162487e+07
5.44000000000000e+00	2.01709588451210e+07
5.45000000000000e+00	2.09925295310045e+07
5.46000000000000e+00	2.17465319419106e+07
5.47000000000000e+00	2.24106622101227e+07
5.48000000000000e+00	2.29650388261849e+07
5.49000000000000e+00	2.33910480188653e+07
5.50000000000000e+00	2.36695008914640e+07
5.51000000000000e+00	2.37816720391802e+07
5.52000000000000e+00	2.37087104210964e+07
5.53000000000000e+00	2.34333731409798e+07
5.54000000000000e+00	2.29421176460715e+07
5.55000000000000e+00	2.22278426810659e+07
5.56000000000000e+00	2.12936070285357e+07
5.57000000000000e+00	2.01546717552160e+07
5.58000000000000e+00	1.88399336646657e+07
5.59000000000000e+00	1.73932408989446e+07
5.60000000000000e+00	1.58703890213901e+07
5.61000000000000e+00	1.43388293960197e+07
5.62000000000000e+00	1.28712880569723e+07
5.63000000000000e+00	1.15440697958386e+07
5.64000000000000e+00	1.04308863087928e+07
5.65000000000000e+00	9.59907338542924e+06
5.66000000000000e+00	9.10424404923944e+06
5.67000000000000e+00	8.98637266520859e+06
5.68000000000000e+00	9.26452342098266e+06
5.69000000000000e+00	9.93340737520375e+06
5.70000000000000e+00	1.09623060209005e+07
5.71000000000000e+00	1.22953001181605e+07
5.72000000000000e+00	1.38560330412779e+07
5.73000000000000e+00	1.55550547095384e+07
5.74000000000000e+00	1.72972755462302e+07
5.75000000000000e+00	1.89934092391043e+07
5.76000000000000e+00	2.05671060838953e+07
5.77000000000000e+00	2.19616811575563e+07
5.78000000000000e+00	2.31429733664287e+07
5.79000000000000e+00	2.40995074044214e+07
5.80000000000000e+00	2.48392536433800e+07
5.81000000000000e+00	2.53856244448359e+07
5.82000000000000e+00	2.57711233607741e+07
5.83000000000000e+00	2.60339281882659e+07
5.84000000000000e+00	2.62131571612267e+07
5.85000000000000e+00	2.63474389530570e+07
5.86000000000000e+00	2.64720975269038e+07
5.87000000000000e+00	2.66191364329485e+07
5.88000000000000e+00	2.68160809835448e+07
5.89000000000000e+00	2.70833841187424e+07
5.90000000000000e+00	2.74357453906092e+07
5.91000000000000e+00	2.78773220199211e+07
5.92000000000000e+00	2.84029185001279e+07
5.93000000000000e+00	2.89956137395356e+07
5.94000000000000e+00	2.96288321027691e+07
5.95000000000000e+00	3.02656150521566e+07
5.96000000000000e+00	3.08628089069891e+07
5.97000000000000e+00	3.13736161359336e+07
5.98000000000000e+00	3.17496984151991e+07
5.99000000000000e+00	3.19456703694056e+07
6.00000000000000e+00	3.19217199756661e+07
6.01000000000000e+00	3.16450167455772e+07
6.02000000000000e+00	3.10937049575054e+07
6.03000000000000e+00	3.02570060398687e+07
6.04000000000000e+00	2.91369619436472e+07
6.05000000000000e+00	2.77494320852387e+07
6.06000000000000e+00	2.61238721054842e+07
6.07000000000000e+00	2.43034009990604e+07
6.08000000000000e+00	2.23442666223899e+07
6.09000000000000e+00	2.03149147899297e+07
6.10000000000000e+00	1.82928182734459e+07
6.11000000000000e+00	1.63605745308670e+07
6.12000000000000e+00	1.45992514824240e+07
6.13000000000000e+00	1.30815352529113e+07
6.14000000000000e+00	1.18635978337021e+07
6.15000000000000e+00	1.09801777087606e+07
6.16000000000000e+00	1.04404644560007e+07
6.17000000000000e+00	1.02283047269560e+07
6.18000000000000e+00	1.03059732359668e+07
6.19000000000000e+00	1.06186516054852e+07
6.20000000000000e+00	1.11021858868091e+07
6.21000000000000e+00	1.16892332813242e+07
6.22000000000000e+00	1.23155814252265e+07
6.23000000000000e+00	1.29235775885563e+07
6.24000000000000e+00	1.34651113822623e+07
6.25000000000000e+00	1.39024185276787e+07
6.26000000000000e+00	1.42080196537818e+07
6.27000000000000e+00	1.43640014230728e+07
6.28000000000000e+00	1.43613580711575e+07
6.29000000000000e+00	1.41980839723387e+07
6.30000000000000e+00	1.38789003745202e+07
6.31000000000000e+00	1.34138169894557e+07
6.32000000000000e+00	1.28173629953516e+07
6.33000000000000e+00	1.21087834526253e+07
6.34000000000000e+00	1.13100598034973e+07
6.35000000000000e+00	1.04466247471743e+07
6.36000000000000e+00	9.54480229654248e+06
6.37000000000000e+00	8.63072013951075e+06
6.38000000000000e+00	7.72937294504658e+06
6.39000000000000e+00	6.86242298442316e+06
6.40000000000000e+00	6.04745102426990e+06
6.41000000000000e+00	5.29723242203978e+06
6.42000000000000e+00	4.61944895309494e+06
6.43000000000000e+00	4.01692346177070e+06
6.44000000000000e+00	3.48830137287466e+06
6.45000000000000e+00	3.02921320028029e+06
6.46000000000000e+00	2.63355884578033e+06
6.47000000000000e+00	2.29485317112302e+06
6.48000000000000e+00	2.00747988432657e+06
6.49000000000000e+00	1.76774668964062e+06
6.50000000000000e+00	1.57450714292759e+06
6.51000000000000e+00	1.42935743298639e+06
6.52000000000000e+00	1.33632823727445e+06
6.53000000000000e+00	1.30097983620233e+06
6.54000000000000e+00	1.32912986431726e+06
6.55000000000000e+00	1.42528410543224e+06
6.56000000000000e+00	1.59101514158558e+06
6.57000000000000e+00	1.82365316056008e+06
6.58000000000000e+00	2.11562432090086e+06
6.59000000000000e+00	2.45447145711345e+06
6.60000000000000e+00	2.82382283066999e+06
6.61000000000000e+00	3.20486860296969e+06
6.62000000000000e+00	3.57832044176569e+06
6.63000000000000e+00	3.92627060764042e+06
6.64000000000000e+00	4.23381415686191e+06
6.65000000000000e+00	4.49008513998660e+06
6.66000000000000e+00	4.68871515082872e+06
6.67000000000000e+00	4.82756083643757e+06
6.68000000000000e+00	4.90809372279635e+06
6.69000000000000e+00	4.93436850056341e+06
6.70000000000000e+00	4.91199545487992e+06
6.71000000000000e+00	4.84722280437745e+06
6.72000000000000e+00	4.74617152771923e+06
6.73000000000000e+00	4.61441451120171e+06
6.74000000000000e+00	4.45663618996200e+06
6.75000000000000e+00	4.27661031159604e+06
6.76000000000000e+00	4.07735515995710e+06
6.77000000000000e+00	3.86125103848255e+06
6.78000000000000e+00	3.63028901428522e+06
6.79000000000000e+00	3.38635819815431e+06
6.80000000000000e+00	3.13138450717961e+06
6.81000000000000e+00	2.86754573354331e+06
6.82000000000000e+00	2.59732942557073e+06
6.83000000000000e+00	2.32371934015696e+06
6.84000000000000e+00	2.05026653165684e+06
6.85000000000000e+00	1.78126543583774e+06
6.86000000000000e+00	1.52198741277035e+06
6.87000000000000e+00	1.27892944214316e+06
6.88000000000000e+00	1.06015479547992e+06
6.89000000000000e+00	8.75635021293824e+05
6.90000000000000e+00	7.37615413344998e+05
6.91000000000000e+00	6.60898861408118e+05
6.92000000000000e+00	6.63065154145394e+05
6.93000000000000e+00	7.64486524965283e+05
6.94000000000000e+00	9.88154212849851e+05
6.95000000000000e+00	1.35922778294232e+06
6.96000000000000e+00	1.90424689284582e+06
6.97000000000000e+00	2.64990742638084e+06
6.98000000000000e+00	3.62140886723792e+06
6.99000000000000e+00	4.84036228900864e+06
7.00000000000000e+00	6.32237161156174e+06
7.01000000000000e+00	8.07439604423189e+06
7.02000000000000e+00	1.00921874411516e+07
7.03000000000000e+00	1.23577296218377e+07
7.04000000000000e+00	1.48377476831483e+07
7.05000000000000e+00	1.74827832728796e+07
7.06000000000000e+00	2.02278520192877e+07
7.07000000000000e+00	2.29950024500904e+07
7.08000000000000e+00	2.56965644543291e+07
7.09000000000000e+00	2.82419222757249e+07
7.10000000000000e+00	3.05441739978934e+07
7.11000000000000e+00	3.25265553953373e+07
7.12000000000000e+00	3.41295383874604e+07
7.13000000000000e+00	3.53130236633523e+07
7.14000000000000e+00	3.60607744658337e+07
7.15000000000000e+00	3.63775104236103e+07
7.16000000000000e+00	3.62894144982529e+07
7.17000000000000e+00	3.58398428522455e+07
7.18000000000000e+00	3.50873036644119e+07
7.19000000000000e+00	3.41017650674318e+07
7.20000000000000e+00	3.29607600694198e+07
7.21000000000000e+00	3.17450196150933e+07
7.22000000000000e+00	3.05344599263716e+07
7.23000000000000e+00	2.94031821865578e+07
7.24000000000000e+00	2.84165025018615e+07
7.25000000000000e+00	2.76278127953286e+07
7.26000000000000e+00	2.70769009040042e+07
7.27000000000000e+00	2.67890597105038e+07
7.28000000000000e+00	2.67774898513941e+07
7.29000000000000e+00	2.70435160161837e+07
7.30000000000000e+00	2.75804473375557e+07
7.31000000000000e+00	2.83746063027887e+07
7.32000000000000e+00	2.94073168897559e+07
7.33000000000000e+00	3.06561786513182e+07
7.34000000000000e+00	3.20931148478113e+07
7.35000000000000e+00	3.36852219602030e+07
7.36000000000000e+00	3.53908552708276e+07
7.37000000000000e+00	3.71596720327823e+07
7.38000000000000e+00	3.89303972689782e+07
7.39000000000000e+00	4.06298379870393e+07
7.40000000000000e+00	4.21752094219002e+07
7.41000000000000e+00	4.34743885321553e+07
7.42000000000000e+00	4.44293450576237e+07
7.43000000000000e+00	4.49411744615291e+07
7.44000000000000e+00	4.49148134020992e+07
7.45000000000000e+00	4.42662150539043e+07
7.46000000000000e+00	4.29314474088405e+07
7.47000000000000e+00	4.08779241179014e+07
7.48000000000000e+00	3.81146788537362e+07
7.49000000000000e+00	3.47000408987741e+07
7.50000000000000e+00	3.07459900733204e+07
7.51000000000000e+00	2.64144724228199e+07
7.52000000000000e+00	2.19043581100247e+07
7.53000000000000e+00	1.74332501054109e+07
7.54000000000000e+00	1.32138633332186e+07
7.55000000000000e+00	9.43148128918621e+06
7.56000000000000e+00	6.22594459238474e+06
7.57000000000000e+00	3.68223608668621e+06
7.58000000000000e+00	1.82928750943423e+06
7.59000000000000e+00	6.47179991765838e+05
7.60000000000000e+00	7.91490794389260e+04
7.61000000000000e+00	4.57013317527323e+04
7.62000000000000e+00	4.57553620237853e+05
7.63000000000000e+00	1.22582179859208e+06
7.64000000000000e+00	2.26860845693956e+06
7.65000000000000e+00	3.51423112335910e+06
7.66000000000000e+00	4.90194504831458e+06
7.67000000000000e+00	6.38110950486976e+06
7.68000000000000e+00	7.90973502227577e+06
7.69000000000000e+00	9.45278809679973e+06
7.70000000000000e+00	1.09812196790008e+07
7.71000000000000e+00	1.24712528816696e+07
7.72000000000000e+00	1.39040780610025e+07
7.73000000000000e+00	1.52661396245699e+07
7.74000000000000e+00	1.65498685934045e+07
7.75000000000000e+00	1.77533597404661e+07
7.76000000000000e+00	1.88810808119971e+07
7.77000000000000e+00	1.99433188132271e+07
7.78000000000000e+00	2.09563502002261e+07
7.79000000000000e+00	2.19421720111188e+07
7.80000000000000e+00	2.29273400515698e+07
7.81000000000000e+00	2.39440004518185e+07
7.82000000000000e+00	2.50268345213519e+07
7.83000000000000e+00	2.62124837621537e+07
7.84000000000000e+00	2.75349880688694e+07
7.85000000000000e+00	2.90251988657455e+07
7.86000000000000e+00	3.07042569853394e+07
7.87000000000000e+00	3.25834023777943e+07
7.88000000000000e+00	3.46596503999670e+07
7.89000000000000e+00	3.69136573749960e+07
7.90000000000000e+00	3.93102251745021e+07
7.91000000000000e+00	4.17949921963047e+07
7.92000000000000e+00	4.42974874589875e+07
7.93000000000000e+00	4.67295031376542e+07
7.94000000000000e+00	4.89889038079760e+07
7.95000000000000e+00	5.09625952951361e+07
7.96000000000000e+00	5.25321947775954e+07
7.97000000000000e+00	5.35826967623341e+07
7.98000000000000e+00	5.40161583298771e+07
7.99000000000000e+00	5.37657357140086e+07
8.00000000000000e+00	5.28085341617254e+07
8.01000000000000e+00	5.11776914575279e+07
8.02000000000000e+00	4.89651221605460e+07
8.03000000000000e+00	4.63170622703547e+07
8.04000000000000e+00	4.34203723087153e+07
8.05000000000000e+00	4.04811094155362e+07
8.06000000000000e+00	3.77002001289763e+07
8.07000000000000e+00	3.52514597551581e+07
8.08000000000000e+00	3.32618755035362e+07
8.09000000000000e+00	3.18009165976651e+07
8.10000000000000e+00	3.08777280136914e+07
8.11000000000000e+00	3.04432945735478e+07
8.12000000000000e+00	3.03980163603087e+07
8.13000000000000e+00	3.06052037502767e+07
8.14000000000000e+00	3.09061794679237e+07
8.15000000000000e+00	3.11400532915384e+07
8.16000000000000e+00	3.11609030070066e+07
8.17000000000000e+00	3.08571713327050e+07
8.18000000000000e+00	3.01626884607708e+07
8.19000000000000e+00	2.90606063345567e+07
8.20000000000000e+00	2.75793727851523e+07
8.21000000000000e+00	2.57846750997935e+07
8.22000000000000e+00	2.37631623695855e+07
8.23000000000000e+00	2.16093611760607e+07
8.24000000000000e+00	1.94136995424172e+07
8.25000000000000e+00	1.72543938007995e+07
8.26000000000000e+00	1.51919289621923e+07
8.27000000000000e+00	1.32701877431715e+07
8.28000000000000e+00	1.15167270997844e+07
8.29000000000000e+00	9.94514393789815e+06
8.30000000000000e+00	8.55916134697302e+06
8.31000000000000e+00	7.35363638085023e+06
8.32000000000000e+00	6.31825072620379e+06
8.33000000000000e+00	5.43850274624254e+06
8.34000000000000e+00	4.69773956713295e+06
8.35000000000000e+00	4.07869472317367e+06
8.36000000000000e+00	3.56422554380947e+06
8.37000000000000e+00	3.13845915974665e+06
8.38000000000000e+00	2.78704999179008e+06
8.39000000000000e+00	2.49746708483621e+06
8.40000000000000e+00	2.25906768219092e+06
8.41000000000000e+00	2.06278665073413e+06
8.42000000000000e+00	1.90099763913324e+06
8.43000000000000e+00	1.76723630909459e+06
8.44000000000000e+00	1.65590912021569e+06
8.45000000000000e+00	1.56212832473874e+06
8.46000000000000e+00	1.48157865365652e+06
8.47000000000000e+00	1.41050953360694e+06
8.48000000000000e+00	1.34569051848056e+06
8.49000000000000e+00	1.28444296697628e+06
8.50000000000000e+00	1.22462985537288e+06
8.51000000000000e+00	1.16465060016460e+06
8.52000000000000e+00	1.10333290314549e+06
8.53000000000000e+00	1.03996063523446e+06
8.54000000000000e+00	9.74172813685576e+05
8.55000000000000e+00	9.05992012801536e+05
8.56000000000000e+00	8.35823750413705e+05
8.57000000000000e+00	7.64447198244692e+05
8.58000000000000e+00	6.92985783832137e+05
8.59000000000000e+00	6.22799856002764e+05
8.60000000000000e+00	5.55334795803448e+05
8.61000000000000e+00	4.91934464577505e+05
8.62000000000000e+00	4.33682035883942e+05
8.63000000000000e+00	3.81299106387227e+05
8.64000000000000e+00	3.35099463135420e+05
8.65000000000000e+00	2.95006454913734e+05
8.66000000000000e+00	2.60646495618562e+05
8.67000000000000e+00	2.31440367118195e+05
8.68000000000000e+00	2.06729390792264e+05
8.69000000000000e+00	1.85836949543052e+05
8.70000000000000e+00	1.68131060128510e+05
8.71000000000000e+00	1.53059795880130e+05
8.72000000000000e+00	1.40139704869719e+05
8.73000000000000e+00	1.28973099487354e+05
8.74000000000000e+00	1.19219805987835e+05
8.75000000000000e+00	1.10608398007468e+05
8.76000000000000e+00	1.02915041913887e+05
8.77000000000000e+00	9.59769275729853e+04
8.78000000000000e+00	8.96787301173518e+04
8.79000000000000e+00	8.39569249263412e+04
8.80000000000000e+00	7.87944576833037e+04
8.81000000000000e+00	7.42140919898727e+04
8.82000000000000e+00	7.02704504307051e+04
8.83000000000000e+00	6.70364236241479e+04
8.84000000000000e+00	6.45893085091577e+04
8.85000000000000e+00	6.30010254495270e+04
8.86000000000000e+00	6.23213045037100e+04
8.87000000000000e+00	6.25705694693448e+04
8.88000000000000e+00	6.37267634743797e+04
8.89000000000000e+00	6.57271831721801e+04
8.90000000000000e+00	6.84665067544272e+04
8.91000000000000e+00	7.18086807082117e+04
8.92000000000000e+00	7.55885905837639e+04
8.93000000000000e+00	7.96358446191524e+04
8.94000000000000e+00	8.37838979609690e+04
8.95000000000000e+00	8.78840308576011e+04
8.96000000000000e+00	9.18297271512366e+04
8.97000000000000e+00	9.55588248521903e+04
8.98000000000000e+00	9.90625197611781e+04
8.99000000000000e+00	1.02395734469224e+05
9.00000000000000e+00	1.05668705662963e+05
9.01000000000000e+00	1.09043010433177e+05
9.02000000000000e+00	1.12723636402920e+05
9.03000000000000e+00	1.16929730502660e+05
9.04000000000000e+00	1.21885422375742e+05
9.05000000000000e+00	1.27792834785070e+05
9.06000000000000e+00	1.34801285427716e+05
9.07000000000000e+00	1.42997804214980e+05
9.08000000000000e+00	1.52381472558914e+05
9.09000000000000e+00	1.62858211867102e+05
9.10000000000000e+00	1.74242051502010e+05
9.11000000000000e+00	1.86267867879459e+05
9.12000000000000e+00	1.98606978226283e+05
9.13000000000000e+00	2.10907310779560e+05
9.14000000000000e+00	2.22812835360698e+05
9.15000000000000e+00	2.33996112665144e+05
9.16000000000000e+00	2.44194491631118e+05
9.17000000000000e+00	2.53219793188327e+05
9.18000000000000e+00	2.60973549096806e+05
9.19000000000000e+00	2.67441694250335e+05
9.20000000000000e+00	2.72685873550167e+05
9.21000000000000e+00	2.76824402496996e+05
9.22000000000000e+00	2.80009866333651e+05
9.23000000000000e+00	2.82411846866530e+05
9.24000000000000e+00	2.84184125530887e+05
9.25000000000000e+00	2.85465356191654e+05
9.26000000000000e+00	2.86342294023155e+05
9.27000000000000e+00	2.86878280031548e+05
9.28000000000000e+00	2.87082786414059e+05
9.29000000000000e+00	2.86943949251735e+05
9.30000000000000e+00	2.86427223377347e+05
9.31000000000000e+00	2.85500198659025e+05
9.32000000000000e+00	2.84129487477021e+05
9.33000000000000e+00	2.82304479003291e+05
9.34000000000000e+00	2.80039206813808e+05
9.35000000000000e+00	2.77373498931012e+05
9.36000000000000e+00	2.74375814248917e+05
9.37000000000000e+00	2.71125269011156e+05
9.38000000000000e+00	2.67723276208337e+05
9.39000000000000e+00	2.64277804616485e+05
9.40000000000000e+00	2.60880356999877e+05
9.41000000000000e+00	2.57628401963768e+05
9.42000000000000e+00	2.54591516192265e+05
9.43000000000000e+00	2.51825656895791e+05
9.44000000000000e+00	2.49365717195622e+05
9.45000000000000e+00	2.47226164681527e+05
9.46000000000000e+00	2.45410838807666e+05
9.47000000000000e+00	2.43897836166522e+05
9.48000000000000e+00	2.42666787887945e+05
9.49000000000000e+00	2.41681928677476e+05
9.50000000000000e+00	2.40906365409131e+05
9.51000000000000e+00	2.40299712177603e+05
9.52000000000000e+00	2.39819794253690e+05
9.53000000000000e+00	2.39427927611368e+05
9.54000000000000e+00	2.39083379782712e+05
9.55000000000000e+00	2.38760235782206e+05
9.56000000000000e+00	2.38436233210092e+05
9.57000000000000e+00	2.38108322997099e+05
9.58000000000000e+00	2.37770229598652e+05
9.59000000000000e+00	2.37427252666127e+05
9.60000000000000e+00	2.37073652776662e+05
9.61000000000000e+00	2.36711027209006e+05
9.62000000000000e+00	2.36327734189129e+05
9.63000000000000e+00	2.35915433622521e+05
9.64000000000000e+00	2.35474288756220e+05
9.65000000000000e+00	2.34997092027249e+05
9.66000000000000e+00	2.34491909553926e+05
9.67000000000000e+00	2.33960936269244e+05
9.68000000000000e+00	2.33413637683345e+05
9.69000000000000e+00	2.32854845947844e+05
9.70000000000000e+00	2.32286291014273e+05
9.71000000000000e+00	2.31716023475334e+05
9.72000000000000e+00	2.31144524921682e+05
9.73000000000000e+00	2.30568165533492e+05
9.74000000000000e+00	2.29993180864906e+05
9.75000000000000e+00	2.29414802131595e+05
9.76000000000000e+00	2.28835428812050e+05
9.77000000000000e+00	2.28252229113181e+05
9.78000000000000e+00	2.27664402921316e+05
9.79000000000000e+00	2.27075254139053e+05
9.80000000000000e+00	2.26480036138063e+05
9.81000000000000e+00	2.25882590285157e+05
9.82000000000000e+00	2.25283563656005e+05
9.83000000000000e+00	2.24680876618301e+05
9.84000000000000e+00	2.24073958202526e+05
9.85000000000000e+00	2.23466660284749e+05
9.86000000000000e+00	2.22855294323556e+05
9.87000000000000e+00	2.22243599478873e+05
9.88000000000000e+00	2.21632953447178e+05
9.89000000000000e+00	2.21035751578793e+05
9.90000000000000e+00	2.20475979127583e+05
9.91000000000000e+00	2.20004517606700e+05
9.92000000000000e+00	2.19720007751051e+05
9.93000000000000e+00	2.19778007526160e+05
9.94000000000000e+00	2.20399818664443e+05
9.95000000000000e+00	2.21838818701542e+05
9.96000000000000e+00	2.24299922099803e+05
9.97000000000000e+00	2.27825105081907e+05
9.98000000000000e+00	2.32189695045873e+05
9.99000000000000e+00	2.36868573471486e+05
1.00000000000000e+01	2.41163996343778e+05
1.00100000000000e+01	2.44450311309066e+05
1.00200000000000e+01	2.46298797559241e+05
1.00300000000000e+01	2.46425220848086e+05
1.00400000000000e+01	2.44288308531562e+05
1.00500000000000e+01	2.38820097849435e+05
1.00600000000000e+01	2.28983031330235e+05
1.00700000000000e+01	2.14660032867477e+05
1.00800000000000e+01	1.96839734095488e+05
1.00900000000000e+01	1.77081388687171e+05
1.01000000000000e+01	1.56920814995717e+05
1.01100000000000e+01	1.37539745546374e+05
1.01200000000000e+01	1.19678267375157e+05
1.01300000000000e+01	1.03702877927536e+05
1.01400000000000e+01	8.96999692356035e+04
1.01500000000000e+01	7.75902842352314e+04
1.01600000000000e+01	6.72065170569801e+04
1.01700000000000e+01	5.83444337049082e+04
1.01800000000000e+01	5.07976124670941e+04
1.01900000000000e+01	4.43720959035749e+04
1.02000000000000e+01	3.88951387168583e+04
1.02100000000000e+01	3.42166723244416e+04
1.02200000000000e+01	3.02107677816042e+04
1.02300000000000e+01	2.67691762046601e+04
1.02400000000000e+01	2.38027361333165e+04
1.02500000000000e+01	2.12374046686787e+04
1.02600000000000e+01	1.90110935726869e+04
1.02700000000000e+01	1.70720147997494e+04
1.02800000000000e+01	1.53776341076707e+04
1.02900000000000e+01	1.38918519877737e+04
1.03000000000000e+01	1.25848496109703e+04
1.03100000000000e+01	1.14314301135141e+04
1.03200000000000e+01	1.04101061503942e+04
1.03300000000000e+01	9.50344467850772e+03
1.03400000000000e+01	8.69589806896530e+03
1.03500000000000e+01	7.97463259230164e+03
1.03600000000000e+01	7.32871196232447e+03
1.03700000000000e+01	6.74875180724647e+03
1.03800000000000e+01	6.22655780827541e+03
1.03900000000000e+01	5.75525427884818e+03
1.04000000000000e+01	5.32890251060383e+03
1.04100000000000e+01	4.94227656562847e+03
1.04200000000000e+01	4.59100258567715e+03
1.04300000000000e+01	4.27110390210084e+03
1.04400000000000e+01	3.97929539338665e+03
1.04500000000000e+01	3.71256430897104e+03
1.04600000000000e+01	3.46831864379259e+03
1.04700000000000e+01	3.24434118927189e+03
1.04800000000000e+01	3.03857537361326e+03
1.04900000000000e+01	2.84931331125955e+03
1.05000000000000e+01	2.67488346900456e+03
1.05100000000000e+01	2.51401709501071e+03
1.05200000000000e+01	2.36535463661088e+03
1.05300000000000e+01	2.22783216880180e+03
1.05400000000000e+01	2.10043893220775e+03
1.05500000000000e+01	1.98230057911488e+03
1.05600000000000e+01	1.87258091197670e+03
1.05700000000000e+01	1.77054553182704e+03
1.05800000000000e+01	1.67557070455883e+03
1.05900000000000e+01	1.58701662825226e+03
1.06000000000000e+01	1.50439810012204e+03
1.06100000000000e+01	1.42723207291753e+03
1.06200000000000e+01	1.35504071529244e+03
1.06300000000000e+01	1.28746658419538e+03
1.06400000000000e+01	1.22413137066725e+03
1.06500000000000e+01	1.16472448641337e+03
1.06600000000000e+01	1.10891773894440e+03
1.06700000000000e+01	1.05647255313359e+03
1.06800000000000e+01	1.00712584700169e+03
1.06900000000000e+01	9.60670044604595e+02
1.07000000000000e+01	9.16867278563976e+02
1.07100000000000e+01	8.75562618446482e+02
1.07200000000000e+01	8.36574454246375e+02
1.07300000000000e+01	7.99745903429509e+02
1.07400000000000e+01	7.64935671372559e+02
1.07500000000000e+01	7.32021431021781e+02
1.07600000000000e+01	7.00870735342585e+02
1.07700000000000e+01	6.71385786209136e+02
1.07800000000000e+01	6.43460510574966e+02
1.07900000000000e+01	6.16996458599389e+02
1.08000000000000e+01	5.91915342904874e+02
1.08100000000000e+01	5.68113036728262e+02
1.08200000000000e+01	5.45530619300163e+02
1.08300000000000e+01	5.24077223577313e+02
1.08400000000000e+01	5.03697937648658e+02
1.08500000000000e+01	4.84318095284047e+02
1.08600000000000e+01	4.65878163913165e+02
1.08700000000000e+01	4.48327578445841e+02
1.08800000000000e+01	4.31597743262533e+02
1.08900000000000e+01	4.15644760449198e+02
1.09000000000000e+01	4.00429628352088e+02
1.09100000000000e+01	3.85896556640203e+02
1.09200000000000e+01	3.72017294662591e+02
1.09300000000000e+01	3.58747267185669e+02
1.09400000000000e+01	3.46050698730406e+02
1.09500000000000e+01	3.33899401681049e+02
1.09600000000000e+01	3.22255266855518e+02
1.09700000000000e+01	3.11104345547825e+02
1.09800000000000e+01	3.00418118404448e+02
1.09900000000000e+01	2.90165924219789e+02
1.10000000000000e+01	2.80332569324946e+02
1.10100000000000e+01	2.70898830816000e+02
1.10200000000000e+01	2.61848479885808e+02
1.10300000000000e+01	2.53166887571718e+02
1.10400000000000e+01	2.44843217992294e+02
1.10500000000000e+01	2.36856837495053e+02
1.10600000000000e+01	2.29201621044147e+02
1.10700000000000e+01	2.21862551541680e+02
1.10800000000000e+01	2.14832300842763e+02
1.10900000000000e+01	2.08092518570755e+02
1.11000000000000e+01	2.01633496705438e+02
1.11100000000000e+01	1.95446868574631e+02
1.11200000000000e+01	1.89511156724484e+02
1.11300000000000e+01	1.83818645384486e+02
1.11400000000000e+01	1.78356184575012e+02
1.11500000000000e+01	1.73110500730560e+02
1.11600000000000e+01	1.68069251699534e+02
1.11700000000000e+01	1.63224597508896e+02
1.11800000000000e+01	1.58558962362596e+02
1.11900000000000e+01	1.54065119908049e+02
1.12000000000000e+01	1.49730386447170e+02
1.12100000000000e+01	1.45552183816308e+02
1.12200000000000e+01	1.41519663190761e+02
1.12300000000000e+01	1.37625167572067e+02
1.12400000000000e+01	1.33861717203854e+02
1.12500000000000e+01	1.30222640602977e+02
1.12600000000000e+01	1.26705552532522e+02
1.12700000000000e+01	1.23301662758282e+02
1.12800000000000e+01	1.20008842567826e+02
1.12900000000000e+01	1.16823834509396e+02
1.13000000000000e+01	1.13739320651838e+02
1.13100000000000e+01	1.10752834019186e+02
1.13200000000000e+01	1.07860386318693e+02
1.13300000000000e+01	1.05059257826724e+02
1.13400000000000e+01	1.02343017531988e+02
1.13500000000000e+01	9.97127897765710e+01
1.13600000000000e+01	9.71612098908182e+01
1.13700000000000e+01	9.46882509272092e+01
1.13800000000000e+01	9.22889612432538e+01
1.13900000000000e+01	8.99610870097961e+01
1.14000000000000e+01	8.77026521560830e+01
1.14100000000000e+01	8.55114927817450e+01
1.14200000000000e+01	8.33831404939997e+01
1.14300000000000e+01	8.13192011196481e+01
1.14400000000000e+01	7.93145203464593e+01
1.14500000000000e+01	7.73687999886689e+01
1.14600000000000e+01	7.54798546984640e+01
1.14700000000000e+01	7.36456512438266e+01
1.14800000000000e+01	7.18644297300019e+01
1.14900000000000e+01	7.01344562730776e+01
1.15000000000000e+01	6.84531789233469e+01
1.15100000000000e+01	6.68196320494298e+01
1.15200000000000e+01	6.52325094733572e+01
1.15300000000000e+01	6.36907659521513e+01
1.15400000000000e+01	6.21915710684769e+01
1.15500000000000e+01	6.07368832265590e+01
1.15600000000000e+01	5.93231908526162e+01
1.15700000000000e+01	5.79508126341334e+01
1.15800000000000e+01	5.66193995591107e+01
1.15900000000000e+01	5.53267042879651e+01
1.16000000000000e+01	5.40739340395583e+01
1.16100000000000e+01	5.28586578696463e+01
1.16200000000000e+01	5.16802456323284e+01
1.16300000000000e+01	5.05377792197689e+01
1.16400000000000e+01	4.94285413168961e+01
1.16500000000000e+01	4.83522296099306e+01
1.16600000000000e+01	4.73078826372529e+01
1.16700000000000e+01	4.62912897619720e+01
1.16800000000000e+01	4.53030140349073e+01
1.16900000000000e+01	4.43397797496433e+01
1.17000000000000e+01	4.34007862859448e+01
1.17100000000000e+01	4.24846545864249e+01
1.17200000000000e+01	4.15899720115502e+01
1.17300000000000e+01	4.07148318849870e+01
1.17400000000000e+01	3.98593001112053e+01
1.17500000000000e+01	3.90227404935744e+01
1.17600000000000e+01	3.82040134344285e+01
1.17700000000000e+01	3.74041492611209e+01
1.17800000000000e+01	3.66222044848552e+01
1.17900000000000e+01	3.58578032605311e+01
1.18000000000000e+01	3.51126021861326e+01
1.18100000000000e+01	3.43852908994334e+01
1.18200000000000e+01	3.36766038350846e+01
1.18300000000000e+01	3.29858983802923e+01
1.18400000000000e+01	3.23141967736684e+01
1.18500000000000e+01	3.16600373595220e+01
1.18600000000000e+01	3.10230320313392e+01
1.18700000000000e+01	3.04040090715868e+01
1.18800000000000e+01	2.98010069183586e+01
1.18900000000000e+01	2.92135975888102e+01
1.19000000000000e+01	2.86421570628850e+01
1.19100000000000e+01	2.80849022616685e+01
1.19200000000000e+01	2.75416760818217e+01
1.19300000000000e+01	2.70113935517540e+01
1.19400000000000e+01	2.64942494669977e+01
1.19500000000000e+01	2.59887187097475e+01
1.19600000000000e+01	2.54942754958449e+01
1.19700000000000e+01	2.50109110269139e+01
1.19800000000000e+01	2.45380599670746e+01
1.19900000000000e+01	2.40753479316914e+01
1.20000000000000e+01	2.36218521687324e+01
1.20100000000000e+01	2.31779106186856e+01
1.20200000000000e+01	2.27428459433646e+01
1.20300000000000e+01	2.23173538594212e+01
1.20400000000000e+01	2.19000672515788e+01
1.20500000000000e+01	2.14921275692797e+01
1.20600000000000e+01	2.10928697420765e+01
1.20700000000000e+01	2.07025240069117e+01
1.20800000000000e+01	2.03208191737439e+01
1.20900000000000e+01	1.99481152944719e+01
1.21000000000000e+01	1.95844371736521e+01
1.21100000000000e+01	1.92293647612334e+01
1.21200000000000e+01	1.88831051993097e+01
1.21300000000000e+01	1.85454159620195e+01
1.21400000000000e+01	1.82158774981308e+01
1.21500000000000e+01	1.78945628719520e+01
1.21600000000000e+01	1.75806228273552e+01
1.21700000000000e+01	1.72743250204697e+01
1.21800000000000e+01	1.69748672985743e+01
1.21900000000000e+01	1.66820339537149e+01
1.22000000000000e+01	1.63953936971038e+01
1.22100000000000e+01	1.61146158208088e+01
1.22200000000000e+01	1.58392901275359e+01
1.22300000000000e+01	1.55691123550445e+01
1.22400000000000e+01	1.53037449408428e+01
1.22500000000000e+01	1.50429489167718e+01
1.22600000000000e+01	1.47865064028957e+01
1.22700000000000e+01	1.45342305471364e+01
1.22800000000000e+01	1.42857870635852e+01
1.22900000000000e+01	1.40411750005821e+01
1.23000000000000e+01	1.38001083117588e+01
1.23100000000000e+01	1.35626262002665e+01
1.23200000000000e+01	1.33285336088686e+01
1.23300000000000e+01	1.30977492789698e+01
1.23400000000000e+01	1.28703897880408e+01
1.23500000000000e+01	1.26464144893279e+01
1.23600000000000e+01	1.24258409240291e+01
1.23700000000000e+01	1.22088177238734e+01
1.23800000000000e+01	1.19953063187142e+01
1.23900000000000e+01	1.17855887660406e+01
1.24000000000000e+01	1.15795665700357e+01
1.24100000000000e+01	1.13775324469887e+01
1.24200000000000e+01	1.11794123216004e+01
1.24300000000000e+01	1.09852619448184e+01
1.24400000000000e+01	1.07951874509987e+01
1.24500000000000e+01	1.06090665067073e+01
1.24600000000000e+01	1.04269093810115e+01
1.24700000000000e+01	1.02486367173253e+01
1.24800000000000e+01	1.00742034035548e+01
1.24900000000000e+01	9.90346153107790e+00
1.25000000000000e+01	9.73645400171314e+00
1.25100000000000e+01	9.57303056815572e+00
1.25200000000000e+01	9.41312762816617e+00
1.25300000000000e+01	9.25668620161840e+00
1.25400000000000e+01	9.10375043410449e+00
1.25500000000000e+01	8.95410331403695e+00
1.25600000000000e+01	8.80778107527554e+00
1.25700000000000e+01	8.66469548598356e+00
1.25800000000000e+01	8.52477879923391e+00
1.25900000000000e+01	8.38795157239576e+00
1.26000000000000e+01	8.25407410768703e+00
1.26100000000000e+01	8.12306978300842e+00
1.26200000000000e+01	7.99486736862978e+00
1.26300000000000e+01	7.86932792639148e+00
1.26400000000000e+01	7.74634482142232e+00
1.26500000000000e+01	7.62586127703936e+00
1.26600000000000e+01	7.50783394363319e+00
1.26700000000000e+01	7.39212450418147e+00
1.26800000000000e+01	7.27876208310386e+00
1.26900000000000e+01	7.16766601643554e+00
1.27000000000000e+01	7.05883028541941e+00
1.27100000000000e+01	6.95225891890437e+00
1.27200000000000e+01	6.84789068252205e+00
1.27300000000000e+01	6.74567433194629e+00
1.27400000000000e+01	6.64564431624958e+00
1.27500000000000e+01	6.54772591732107e+00
1.27600000000000e+01	6.45187370495629e+00
1.27700000000000e+01	6.35803918991217e+00
1.27800000000000e+01	6.26615721696418e+00
1.27900000000000e+01	6.17613471746428e+00
1.28000000000000e+01	6.08793087152144e+00
1.28100000000000e+01	6.00144733710820e+00
1.28200000000000e+01	5.91665382275104e+00
1.28300000000000e+01	5.83343406495645e+00
1.28400000000000e+01	5.75178747778607e+00
1.28500000000000e+01	5.67165498285529e+00
1.28600000000000e+01	5.59294861377327e+00
1.28700000000000e+01	5.51569798858163e+00
1.28800000000000e+01	5.43980774771918e+00
1.28900000000000e+01	5.36526497253780e+00
1.29000000000000e+01	5.29200697115723e+00
1.29100000000000e+01	5.22004001745313e+00
1.29200000000000e+01	5.14930535936213e+00
1.29300000000000e+01	5.07978687699558e+00
1.29400000000000e+01	5.01140764380241e+00
1.29500000000000e+01	4.94418654229691e+00
1.29600000000000e+01	4.87802774877379e+00
1.29700000000000e+01	4.81297796146039e+00
1.29800000000000e+01	4.74894505944619e+00
1.29900000000000e+01	4.68596155777475e+00
1.30000000000000e+01	4.62394881294537e+00
1.30100000000000e+01	4.56295095901802e+00
1.30200000000000e+01	4.50292822873524e+00
1.30300000000000e+01	4.44385103748210e+00
1.30400000000000e+01	4.38568973618382e+00
1.30500000000000e+01	4.32842711632720e+00
1.30600000000000e+01	4.27201478669996e+00
1.30700000000000e+01	4.21640611912494e+00
1.30800000000000e+01	4.16154626379229e+00
1.30900000000000e+01	4.10742146567917e+00
1.31000000000000e+01	4.05394062847954e+00
1.31100000000000e+01	4.00113456568626e+00
1.31200000000000e+01	3.94890686927251e+00
1.31300000000000e+01	3.89726821628299e+00
1.31400000000000e+01	3.84620078230604e+00
1.31500000000000e+01	3.79570659742434e+00
1.31600000000000e+01	3.74581852337684e+00
1.31700000000000e+01	3.69652678301298e+00
1.31800000000000e+01	3.64784382273928e+00
1.31900000000000e+01	3.59983523593978e+00
1.32000000000000e+01	3.55245724650059e+00
1.32100000000000e+01	3.50574015140302e+00
1.32200000000000e+01	3.45969865173252e+00
1.32300000000000e+01	3.41430577381584e+00
1.32400000000000e+01	3.36957815387505e+00
1.32500000000000e+01	3.32545926665111e+00
1.32600000000000e+01	3.28193706550414e+00
1.32700000000000e+01	3.23902554775357e+00
1.32800000000000e+01	3.19667303017243e+00
1.32900000000000e+01	3.15489147646767e+00
1.33000000000000e+01	3.11366772075605e+00
1.33100000000000e+01	3.07299407926282e+00
1.33200000000000e+01	3.03290409662721e+00
1.33300000000000e+01	2.99336740744876e+00
1.33400000000000e+01	2.95443331476894e+00
1.33500000000000e+01	2.91610162911146e+00
1.33600000000000e+01	2.87836037332265e+00
1.33700000000000e+01	2.84123467268032e+00
1.33800000000000e+01	2.80473180837785e+00
1.33900000000000e+01	2.76884861177138e+00
1.34000000000000e+01	2.73355258558153e+00
1.34100000000000e+01	2.69883846635203e+00
1.34200000000000e+01	2.66471566935568e+00
1.34300000000000e+01	2.63112992501455e+00
1.34400000000000e+01	2.59808477040480e+00
1.34500000000000e+01	2.56555925648043e+00
1.34600000000000e+01	2.53352100712741e+00
1.34700000000000e+01	2.50194431883954e+00
1.34800000000000e+01	2.47083940556549e+00
1.34900000000000e+01	2.44015136720690e+00
1.35000000000000e+01	2.40989638970368e+00
1.35100000000000e+01	2.38002682877777e+00
1.35200000000000e+01	2.35055177118222e+00
1.35300000000000e+01	2.32144023336348e+00
1.35400000000000e+01	2.29269133476942e+00
1.35500000000000e+01	2.26426245012949e+00
1.35600000000000e+01	2.23617385767362e+00
1.35700000000000e+01	2.20838694972157e+00
1.35800000000000e+01	2.18092366364840e+00
1.35900000000000e+01	2.15374332234097e+00
1.36000000000000e+01	2.12687131885265e+00
1.36100000000000e+01	2.10028716153455e+00
1.36200000000000e+01	2.07400881948539e+00
1.36300000000000e+01	2.04801306910428e+00
1.36400000000000e+01	2.02233226609620e+00
1.36500000000000e+01	1.99697404928854e+00
1.36600000000000e+01	1.97192807234416e+00
1.36700000000000e+01	1.94721366144831e+00
1.36800000000000e+01	1.92285576140489e+00
1.36900000000000e+01	1.89885439610035e+00
1.37000000000000e+01	1.87521733980165e+00
1.37100000000000e+01	1.85196495139920e+00
1.37200000000000e+01	1.82909393200751e+00
1.37300000000000e+01	1.80664103684842e+00
1.37400000000000e+01	1.78458129853632e+00
1.37500000000000e+01	1.76294238717810e+00
1.37600000000000e+01	1.74169831907576e+00
1.37700000000000e+01	1.72085209064346e+00
1.37800000000000e+01	1.70039885015992e+00
1.37900000000000e+01	1.68031227007845e+00
1.38000000000000e+01	1.66059504161243e+00
1.38100000000000e+01	1.64120650243386e+00
1.38200000000000e+01	1.62213876645135e+00
1.38300000000000e+01	1.60337133316077e+00
1.38400000000000e+01	1.58488687997392e+00
1.38500000000000e+01	1.56667291743102e+00
1.38600000000000e+01	1.54870707550331e+00
1.38700000000000e+01	1.53097113125489e+00
1.38800000000000e+01	1.51347852840206e+00
1.38900000000000e+01	1.49619284042249e+00
1.39000000000000e+01	1.47911012416144e+00
1.39100000000000e+01	1.46224106715306e+00
1.39200000000000e+01	1.44555793505409e+00
1.39300000000000e+01	1.42906809119764e+00
1.39400000000000e+01	1.41276696258983e+00
1.39500000000000e+01	1.39664966993722e+00
1.39600000000000e+01	1.38070788948552e+00
1.39700000000000e+01	1.36494704835030e+00
1.39800000000000e+01	1.34937208317850e+00
1.39900000000000e+01	1.33396868458518e+00
1.40000000000000e+01	1.31875171633701e+00
1.40100000000000e+01	1.30371248253989e+00
1.40200000000000e+01	1.28885889795503e+00
1.40300000000000e+01	1.27419117031556e+00
1.40400000000000e+01	1.25972261651361e+00
1.40500000000000e+01	1.24544781662396e+00
1.40600000000000e+01	1.23136455019133e+00
1.40700000000000e+01	1.21748237211264e+00
1.40800000000000e+01	1.20379901086459e+00
1.40900000000000e+01	1.19030203515224e+00
1.41000000000000e+01	1.17699474606304e+00
1.41100000000000e+01	1.16387381024781e+00
1.41200000000000e+01	1.15092260286637e+00
1.41300000000000e+01	1.13813973424640e+00
1.41400000000000e+01	1.12551553261813e+00
1.41500000000000e+01	1.11302698794472e+00
1.41600000000000e+01	1.10068465403484e+00
1.41700000000000e+01	1.08846737115477e+00
1.41800000000000e+01	1.07637206575521e+00
1.41900000000000e+01	1.06440045469563e+00
1.42000000000000e+01	1.05254173667374e+00
1.42100000000000e+01	1.04080263144505e+00
1.42200000000000e+01	1.02919482588615e+00
1.42300000000000e+01	1.01770946292680e+00
1.42400000000000e+01	1.00635595569230e+00
1.42500000000000e+01	9.95147635028676e-01
1.42600000000000e+01	9.84075106573799e-01
1.42700000000000e+01	9.73154749796458e-01
1.42800000000000e+01	9.62388839490944e-01
1.42900000000000e+01	9.51773330963933e-01
1.43000000000000e+01	9.41311389833382e-01
1.43100000000000e+01	9.31002516225729e-01
1.43200000000000e+01	9.20834252860862e-01
1.43300000000000e+01	9.10812233200617e-01
1.43400000000000e+01	9.00928953562039e-01
1.43500000000000e+01	8.91185789995692e-01
1.43600000000000e+01	8.81574419467202e-01
1.43700000000000e+01	8.72084214568966e-01
1.43800000000000e+01	8.62726738233045e-01
1.43900000000000e+01	8.53493254577024e-01
1.44000000000000e+01	8.44392251261416e-01
1.44100000000000e+01	8.35406571136348e-01
1.44200000000000e+01	8.26545549478289e-01
1.44300000000000e+01	8.17804138212321e-01
1.44400000000000e+01	8.09191114115853e-01
1.44500000000000e+01	8.00692596715635e-01
1.44600000000000e+01	7.92313674971133e-01
1.44700000000000e+01	7.84047154282344e-01
1.44800000000000e+01	7.75892511280528e-01
1.44900000000000e+01	7.67846904004440e-01
1.45000000000000e+01	7.59908524506258e-01
1.45100000000000e+01	7.52074032106955e-01
1.45200000000000e+01	7.44336726457623e-01
1.45300000000000e+01	7.36697935369915e-01
1.45400000000000e+01	7.29153937809922e-01
1.45500000000000e+01	7.21697403775562e-01
1.45600000000000e+01	7.14330908030271e-01
1.45700000000000e+01	7.07051427241056e-01
1.45800000000000e+01	6.99849388115699e-01
1.45900000000000e+01	6.92735789031085e-01
1.46000000000000e+01	6.85698186750960e-01
1.46100000000000e+01	6.78733194418326e-01
1.46200000000000e+01	6.71852442820357e-01
1.46300000000000e+01	6.65039457393448e-01
1.46400000000000e+01	6.58306407605512e-01
1.46500000000000e+01	6.51650180836202e-01
1.46600000000000e+01	6.45062798259954e-01
1.46700000000000e+01	6.38555071189905e-01
1.46800000000000e+01	6.32125975027722e-01
1.46900000000000e+01	6.25771435670506e-01
1.47000000000000e+01	6.19496173153522e-01
1.47100000000000e+01	6.13293799805195e-01
1.47200000000000e+01	6.07165857599395e-01
1.47300000000000e+01	6.01112570500598e-01
1.47400000000000e+01	5.95134323823539e-01
1.47500000000000e+01	5.89226429453808e-01
1.47600000000000e+01	5.83388718098759e-01
1.47700000000000e+01	5.77616632736460e-01
1.47800000000000e+01	5.71904095176754e-01
1.47900000000000e+01	5.66253934903039e-01
1.48000000000000e+01	5.60661668436924e-01
1.48100000000000e+01	5.55122553079060e-01
1.48200000000000e+01	5.49640022656173e-01
1.48300000000000e+01	5.44205565695759e-01
1.48400000000000e+01	5.38820552486550e-01
1.48500000000000e+01	5.33485968688654e-01
1.48600000000000e+01	5.28199933301251e-01
1.48700000000000e+01	5.22961463626153e-01
1.48800000000000e+01	5.17770559409822e-01
1.48900000000000e+01	5.12626805364298e-01
1.49000000000000e+01	5.07536313438277e-01
1.49100000000000e+01	5.02491985962472e-01
1.49200000000000e+01	4.97498650624360e-01
1.49300000000000e+01	4.92558202603287e-01
1.49400000000000e+01	4.87667512875855e-01
1.49500000000000e+01	4.82830263714883e-01
1.49600000000000e+01	4.78049557901820e-01
1.49700000000000e+01	4.73321742579859e-01
1.49800000000000e+01	4.68649861921398e-01
1.49900000000000e+01	4.64032857973382e-01
1.50000000000000e+01	4.59469884910899e-01
1.50100000000000e+01	4.54966024031577e-01
1.50200000000000e+01	4.50509570369039e-01
1.50300000000000e+01	4.46108215434053e-01
1.50400000000000e+01	4.41760465777574e-01
1.50500000000000e+01	4.37460543376334e-01
1.50600000000000e+01	4.33209561985433e-01
1.50700000000000e+01	4.29003261838852e-01
1.50800000000000e+01	4.24839369187242e-01
1.50900000000000e+01	4.20722144940462e-01
1.51000000000000e+01	4.16640818302646e-01
1.51100000000000e+01	4.12600968847453e-01
1.51200000000000e+01	4.08599020088258e-01
1.51300000000000e+01	4.04631620204501e-01
1.51400000000000e+01	4.00703399107289e-01
1.51500000000000e+01	3.96808517094983e-01
1.51600000000000e+01	3.92947423276058e-01
1.51700000000000e+01	3.89122711020328e-01
1.51800000000000e+01	3.85335376045250e-01
1.51900000000000e+01	3.81583216792116e-01
1.52000000000000e+01	3.77866766076033e-01
1.52100000000000e+01	3.74186294190961e-01
1.52200000000000e+01	3.70544981475078e-01
1.52300000000000e+01	3.66936593595320e-01
1.52400000000000e+01	3.63361845605250e-01
1.52500000000000e+01	3.59818638347223e-01
1.52600000000000e+01	3.56304335344999e-01
1.52700000000000e+01	3.52818052952040e-01
1.52800000000000e+01	3.49355259902007e-01
1.52900000000000e+01	3.45912304067003e-01
1.53000000000000e+01	3.42485282355439e-01
1.53100000000000e+01	3.39071390798120e-01
1.53200000000000e+01	3.35668882421177e-01
1.53300000000000e+01	3.32278078077719e-01
1.53400000000000e+01	3.28891515633091e-01
1.53500000000000e+01	3.25512736804655e-01
1.53600000000000e+01	3.22145584717648e-01
1.53700000000000e+01	3.18784783660175e-01
1.53800000000000e+01	3.15435289347695e-01
1.53900000000000e+01	3.12101663543154e-01
1.54000000000000e+01	3.08786313862456e-01
1.54100000000000e+01	3.05495953704764e-01
1.54200000000000e+01	3.02233465787728e-01
1.54300000000000e+01	2.99007560708792e-01
1.54400000000000e+01	2.95821516756720e-01
1.54500000000000e+01	2.92685257805568e-01
1.54600000000000e+01	2.89602658828675e-01
1.54700000000000e+01	2.86583365155425e-01
1.54800000000000e+01	2.83629060233964e-01
1.54900000000000e+01	2.80747844311900e-01
1.55000000000000e+01	2.77941903418025e-01
1.55100000000000e+01	2.75216243680191e-01
1.55200000000000e+01	2.72570698445427e-01
1.55300000000000e+01	2.70004510002415e-01
1.55400000000000e+01	2.67513438360635e-01
1.55500000000000e+01	2.65096172009816e-01
1.55600000000000e+01	2.62744598132109e-01
1.55700000000000e+01	2.60453106774456e-01
1.55800000000000e+01	2.58217226235561e-01
1.55900000000000e+01	2.56025699797917e-01
1.56000000000000e+01	2.53871502177710e-01
1.56100000000000e+01	2.51750177461600e-01
1.56200000000000e+01	2.49652039600821e-01
1.56300000000000e+01	2.47574403054206e-01
1.56400000000000e+01	2.45509910561143e-01
1.56500000000000e+01	2.43454791387110e-01
1.56600000000000e+01	2.41406393542813e-01
1.56700000000000e+01	2.39361266384945e-01
1.56800000000000e+01	2.37319448044077e-01
1.56900000000000e+01	2.35280015603382e-01
1.57000000000000e+01	2.33240521073172e-01
1.57100000000000e+01	2.31202385045978e-01
1.57200000000000e+01	2.29167126145205e-01
1.57300000000000e+01	2.27137247702975e-01
1.57400000000000e+01	2.25112111016409e-01
1.57500000000000e+01	2.23096662930797e-01
1.57600000000000e+01	2.21091933889984e-01
1.57700000000000e+01	2.19099642226168e-01
1.57800000000000e+01	2.17124100601609e-01
1.57900000000000e+01	2.15170646496538e-01
1.58000000000000e+01	2.13238234243924e-01
1.58100000000000e+01	2.11332587591524e-01
1.58200000000000e+01	2.09453402006635e-01
1.58300000000000e+01	2.07606286371852e-01
1.58400000000000e+01	2.05790963306186e-01
1.58500000000000e+01	2.04008155205997e-01
1.58600000000000e+01	2.02259935152919e-01
1.58700000000000e+01	2.00543170220197e-01
1.58800000000000e+01	1.98858229661220e-01
1.58900000000000e+01	1.97205532922745e-01
1.59000000000000e+01	1.95580428858633e-01
1.59100000000000e+01	1.93982408268974e-01
1.59200000000000e+01	1.92407843318599e-01
1.59300000000000e+01	1.90854085057531e-01
1.59400000000000e+01	1.89319909344530e-01
1.59500000000000e+01	1.87800569130630e-01
1.59600000000000e+01	1.86294371448712e-01
1.59700000000000e+01	1.84802260131823e-01
1.59800000000000e+01	1.83320193075497e-01
1.59900000000000e+01	1.81846493419652e-01
1.60000000000000e+01	1.80383991615086e-01
1.60100000000000e+01	1.78928369262847e-01
1.60200000000000e+01	1.77482366190470e-01
1.60300000000000e+01	1.76044038921960e-01
1.60400000000000e+01	1.74615101869828e-01
1.60500000000000e+01	1.73195544588293e-01
1.60600000000000e+01	1.71785523996927e-01
1.60700000000000e+01	1.70384756886210e-01
1.60800000000000e+01	1.68992622805897e-01
1.60900000000000e+01	1.67611854809352e-01
1.61000000000000e+01	1.66241756021002e-01
1.61100000000000e+01	1.64881675887784e-01
1.61200000000000e+01	1.63533690238962e-01
1.61300000000000e+01	1.62195442663193e-01
1.61400000000000e+01	1.60870551932388e-01
1.61500000000000e+01	1.59557232040857e-01
1.61600000000000e+01	1.58254560076162e-01
1.61700000000000e+01	1.56966109295651e-01
1.61800000000000e+01	1.55689095336598e-01
1.61900000000000e+01	1.54427856189017e-01
1.62000000000000e+01	1.53178120384932e-01
1.62100000000000e+01	1.51945145940058e-01
1.62200000000000e+01	1.50724601219683e-01
1.62300000000000e+01	1.49519820746944e-01
1.62400000000000e+01	1.48329511048857e-01
1.62500000000000e+01	1.47153675432071e-01
1.62600000000000e+01	1.45990915814514e-01
1.62700000000000e+01	1.44840890943252e-01
1.62800000000000e+01	1.43703274751700e-01
1.62900000000000e+01	1.42576495897880e-01
1.63000000000000e+01	1.41459959949831e-01
1.63100000000000e+01	1.40350060809264e-01
1.63200000000000e+01	1.39248328165832e-01
1.63300000000000e+01	1.38151800794769e-01
1.63400000000000e+01	1.37058376992277e-01
1.63500000000000e+01	1.35968852695652e-01
1.63600000000000e+01	1.34880931172275e-01
1.63700000000000e+01	1.33792528202850e-01
1.63800000000000e+01	1.32705663736374e-01
1.63900000000000e+01	1.31616674518677e-01
1.64000000000000e+01	1.30527424538635e-01
1.64100000000000e+01	1.29436936746764e-01
1.64200000000000e+01	1.28347068759368e-01
1.64300000000000e+01	1.27258081523843e-01
1.64400000000000e+01	1.26171336505493e-01
1.64500000000000e+01	1.25087032687316e-01
1.64600000000000e+01	1.24008451443719e-01
1.64700000000000e+01	1.22937334907430e-01
1.64800000000000e+01	1.21874426024643e-01
1.64900000000000e+01	1.20822457142514e-01
1.65000000000000e+01	1.19784718876760e-01
1.65100000000000e+01	1.18758958158944e-01
1.65200000000000e+01	1.17749019054458e-01
1.65300000000000e+01	1.16755688634232e-01
1.65400000000000e+01	1.15778834716548e-01
1.65500000000000e+01	1.14818833443123e-01
1.65600000000000e+01	1.13876349158270e-01
1.65700000000000e+01	1.12949285568165e-01
1.65800000000000e+01	1.12039393487419e-01
1.65900000000000e+01	1.11145039764880e-01
1.66000000000000e+01	1.10267207438985e-01
1.66100000000000e+01	1.09403236073910e-01
1.66200000000000e+01	1.08553234263054e-01
1.66300000000000e+01	1.07716726155798e-01
1.66400000000000e+01	1.06892630324025e-01
1.66500000000000e+01	1.06080347859072e-01
1.66600000000000e+01	1.05279536574251e-01
1.66700000000000e+01	1.04488841737016e-01
1.66800000000000e+01	1.03708915699228e-01
1.66900000000000e+01	1.02937198655644e-01
1.67000000000000e+01	1.02173887243408e-01
1.67100000000000e+01	1.01418277469009e-01
1.67200000000000e+01	1.00670232672099e-01
1.67300000000000e+01	9.99276437787898e-02
1.67400000000000e+01	9.91903200495422e-02
1.67500000000000e+01	9.84584489709919e-02
1.67600000000000e+01	9.77305420002853e-02
1.67700000000000e+01	9.70061565466588e-02
1.67800000000000e+01	9.62849687516517e-02
1.67900000000000e+01	9.55671297877175e-02
1.68000000000000e+01	9.48512692953860e-02
1.68100000000000e+01	9.41377348693319e-02
1.68200000000000e+01	9.34280230382444e-02
1.68300000000000e+01	9.27206833920595e-02
1.68400000000000e+01	9.20164444595700e-02
1.68500000000000e+01	9.13155543249928e-02
1.68600000000000e+01	9.06185802613073e-02
1.68700000000000e+01	8.99253667208361e-02
1.68800000000000e+01	8.92372600387931e-02
1.68900000000000e+01	8.85529275843328e-02
1.69000000000000e+01	8.78746890636568e-02
1.69100000000000e+01	8.72008433695154e-02
1.69200000000000e+01	8.65325410866984e-02
1.69300000000000e+01	8.58691338951355e-02
1.69400000000000e+01	8.52121357778723e-02
1.69500000000000e+01	8.45601277525612e-02
1.69600000000000e+01	8.39145397383881e-02
1.69700000000000e+01	8.32751520475949e-02
1.69800000000000e+01	8.26427005867938e-02
1.69900000000000e+01	8.20172722301512e-02
1.70000000000000e+01	8.13989889341638e-02
1.70100000000000e+01	8.07891395888236e-02
1.70200000000000e+01	8.01880787146852e-02
1.70300000000000e+01	7.95949474238894e-02
1.70400000000000e+01	7.90106730126616e-02
1.70500000000000e+01	7.84352742361514e-02
1.70600000000000e+01	7.78686174513870e-02
1.70700000000000e+01	7.73100735097955e-02
1.70800000000000e+01	7.67591547924637e-02
1.70900000000000e+01	7.62155627078732e-02
1.71000000000000e+01	7.56788955527709e-02
1.71100000000000e+01	7.51485621391797e-02
1.71200000000000e+01	7.46229366675751e-02
1.71300000000000e+01	7.41028132940807e-02
1.71400000000000e+01	7.35875107177711e-02
1.71500000000000e+01	7.30763497248835e-02
1.71600000000000e+01	7.25686019337858e-02
1.71700000000000e+01	7.20649208836956e-02
1.71800000000000e+01	7.15640257996610e-02
1.71900000000000e+01	7.10675604864393e-02
1.72000000000000e+01	7.05739443204117e-02
1.72100000000000e+01	7.00836341344633e-02
1.72200000000000e+01	6.95971465591453e-02
1.72300000000000e+01	6.91130301389687e-02
1.72400000000000e+01	6.86333365041907e-02
1.72500000000000e+01	6.81557161612539e-02
1.72600000000000e+01	6.76815512571436e-02
1.72700000000000e+01	6.72105985683440e-02
1.72800000000000e+01	6.67424194366476e-02
1.72900000000000e+01	6.62770868648642e-02
1.73000000000000e+01	6.58144731675440e-02
1.73100000000000e+01	6.53546117852646e-02
1.73200000000000e+01	6.48975473833837e-02
1.73300000000000e+01	6.44426281561173e-02
1.73400000000000e+01	6.39902889507907e-02
1.73500000000000e+01	6.35404309561422e-02
1.73600000000000e+01	6.30931708866285e-02
1.73700000000000e+01	6.26479434825506e-02
1.73800000000000e+01	6.22053593387862e-02
1.73900000000000e+01	6.17652171459885e-02
1.74000000000000e+01	6.13280557457464e-02
1.74100000000000e+01	6.08928610014292e-02
1.74200000000000e+01	6.04601619965814e-02
1.74300000000000e+01	6.00300111246406e-02
1.74400000000000e+01	5.96031641400165e-02
1.74500000000000e+01	5.91780128566066e-02
1.74600000000000e+01	5.87558924151142e-02
1.74700000000000e+01	5.83364645729313e-02
1.74800000000000e+01	5.79191485012661e-02
1.74900000000000e+01	5.75040015000263e-02
1.75000000000000e+01	5.70916050086806e-02
1.75100000000000e+01	5.66814907264308e-02
1.75200000000000e+01	5.62728518596513e-02
1.75300000000000e+01	5.58662876821052e-02
1.75400000000000e+01	5.54615216722968e-02
1.75500000000000e+01	5.50591523027345e-02
1.75600000000000e+01	5.46583203665211e-02
1.75700000000000e+01	5.42596502474196e-02
1.75800000000000e+01	5.38628135938106e-02
1.75900000000000e+01	5.34685123430444e-02
1.76000000000000e+01	5.30763478354127e-02
1.76100000000000e+01	5.26874561183724e-02
1.76200000000000e+01	5.23009987027978e-02
1.76300000000000e+01	5.19182343732554e-02
1.76400000000000e+01	5.15382095707100e-02
1.76500000000000e+01	5.11616561707196e-02
1.76600000000000e+01	5.07889318930015e-02
1.76700000000000e+01	5.04197392994528e-02
1.76800000000000e+01	5.00539273678700e-02
1.76900000000000e+01	4.96920538288890e-02
1.77000000000000e+01	4.93331060268917e-02
1.77100000000000e+01	4.89779862843829e-02
1.77200000000000e+01	4.86256441605077e-02
1.77300000000000e+01	4.82762488971530e-02
1.77400000000000e+01	4.79302919521990e-02
1.77500000000000e+01	4.75863588637410e-02
1.77600000000000e+01	4.72454072597101e-02
1.77700000000000e+01	4.69065764887575e-02
1.77800000000000e+01	4.65702181861952e-02
1.77900000000000e+01	4.62365208988420e-02
1.78000000000000e+01	4.59042236656992e-02
1.78100000000000e+01	4.55743328779607e-02
1.78200000000000e+01	4.52465547759436e-02
1.78300000000000e+01	4.49204508400106e-02
1.78400000000000e+01	4.45964701923447e-02
1.78500000000000e+01	4.42746847248823e-02
1.78600000000000e+01	4.39550900969611e-02
1.78700000000000e+01	4.36373656385952e-02
1.78800000000000e+01	4.33214709189751e-02
1.78900000000000e+01	4.30077880089380e-02
1.79000000000000e+01	4.26963401607830e-02
1.79100000000000e+01	4.23867119278744e-02
1.79200000000000e+01	4.20787004483085e-02
1.79300000000000e+01	4.17730796575176e-02
1.79400000000000e+01	4.14689427121253e-02
1.79500000000000e+01	4.11665855901800e-02
1.79600000000000e+01	4.08660893258080e-02
1.79700000000000e+01	4.05676496464366e-02
1.79800000000000e+01	4.02710891261809e-02
1.79900000000000e+01	3.99769852157363e-02
1.80000000000000e+01	3.96853868097361e-02
1.80100000000000e+01	3.93972381687595e-02
1.80200000000000e+01	3.91119903959629e-02
1.80300000000000e+01	3.88308120954325e-02
1.80400000000000e+01	3.85537318669132e-02
1.80500000000000e+01	3.82810471793265e-02
1.80600000000000e+01	3.80125959709163e-02
1.80700000000000e+01	3.77491908358075e-02
1.80800000000000e+01	3.74899646484362e-02
1.80900000000000e+01	3.72353035835995e-02
1.81000000000000e+01	3.69844064675704e-02
1.81100000000000e+01	3.67374582425502e-02
1.81200000000000e+01	3.64942175738654e-02
1.81300000000000e+01	3.62536955350844e-02
1.81400000000000e+01	3.60154330259390e-02
1.81500000000000e+01	3.57795638518719e-02
1.81600000000000e+01	3.55452604000716e-02
1.81700000000000e+01	3.53125361030668e-02
1.81800000000000e+01	3.50807866629570e-02
1.81900000000000e+01	3.48502236607568e-02
1.82000000000000e+01	3.46206407030180e-02
1.82100000000000e+01	3.43913941726345e-02
1.82200000000000e+01	3.41630597607970e-02
1.82300000000000e+01	3.39353982646884e-02
1.82400000000000e+01	3.37082526876184e-02
1.82500000000000e+01	3.34816894810113e-02
1.82600000000000e+01	3.32556956585286e-02
1.82700000000000e+01	3.30307428853015e-02
1.82800000000000e+01	3.28063248434090e-02
1.82900000000000e+01	3.25827840820125e-02
1.83000000000000e+01	3.23608231597939e-02
1.83100000000000e+01	3.21397012360158e-02
1.83200000000000e+01	3.19203843121151e-02
1.83300000000000e+01	3.17026014018089e-02
1.83400000000000e+01	3.14865290214369e-02
1.83500000000000e+01	3.12725344251658e-02
1.83600000000000e+01	3.10609145448833e-02
1.83700000000000e+01	3.08515723329786e-02
1.83800000000000e+01	3.06448450687339e-02
1.83900000000000e+01	3.04406927376493e-02
1.84000000000000e+01	3.02395338561690e-02
1.84100000000000e+01	3.00411741274174e-02
1.84200000000000e+01	2.98459340166746e-02
1.84300000000000e+01	2.96535423449837e-02
1.84400000000000e+01	2.94640119287319e-02
1.84500000000000e+01	2.92771542002240e-02
1.84600000000000e+01	2.90930286294945e-02
1.84700000000000e+01	2.89111870638257e-02
1.84800000000000e+01	2.87316825709516e-02
1.84900000000000e+01	2.85539188347548e-02
1.85000000000000e+01	2.83776708680018e-02
1.85100000000000e+01	2.82029522343712e-02
1.85200000000000e+01	2.80293443637775e-02
1.85300000000000e+01	2.78565294080938e-02
1.85400000000000e+01	2.76844177527504e-02
1.85500000000000e+01	2.75128466855203e-02
1.85600000000000e+01	2.73416647110579e-02
1.85700000000000e+01	2.71707063540458e-02
1.85800000000000e+01	2.70001739957170e-02
1.85900000000000e+01	2.68297188797547e-02
1.86000000000000e+01	2.66595361865380e-02
1.86100000000000e+01	2.64896564159275e-02
1.86200000000000e+01	2.63200045767273e-02
1.86300000000000e+01	2.61509115948073e-02
1.86400000000000e+01	2.59821926414527e-02
1.86500000000000e+01	2.58140791058615e-02
1.86600000000000e+01	2.56465394243893e-02
1.86700000000000e+01	2.54798959762410e-02
1.86800000000000e+01	2.53139495677631e-02
1.86900000000000e+01	2.51488706121861e-02
1.87000000000000e+01	2.49847620086917e-02
1.87100000000000e+01	2.48216116347870e-02
1.87200000000000e+01	2.46592771362672e-02
1.87300000000000e+01	2.44980537938029e-02
1.87400000000000e+01	2.43375082350679e-02
1.87500000000000e+01	2.41780408742826e-02
1.87600000000000e+01	2.40194613235578e-02
1.87700000000000e+01	2.38616369348869e-02
1.87800000000000e+01	2.37046566826881e-02
1.87900000000000e+01	2.35484682554511e-02
1.88000000000000e+01	2.33929494686529e-02
1.88100000000000e+01	2.32383063229403e-02
1.88200000000000e+01	2.30842291231875e-02
1.88300000000000e+01	2.29308391188068e-02
1.88400000000000e+01	2.27779607853949e-02
1.88500000000000e+01	2.26258498604043e-02
1.88600000000000e+01	2.24742167302870e-02
1.88700000000000e+01	2.23231400667777e-02
1.88800000000000e+01	2.21725373994026e-02
1.88900000000000e+01	2.20226392655460e-02
1.89000000000000e+01	2.18731983640649e-02
1.89100000000000e+01	2.17243541748535e-02
1.89200000000000e+01	2.15760646519404e-02
1.89300000000000e+01	2.14286021717511e-02
1.89400000000000e+01	2.12818142799060e-02
1.89500000000000e+01	2.11357865387267e-02
1.89600000000000e+01	2.09908471886797e-02
1.89700000000000e+01	2.08468290382840e-02
1.89800000000000e+01	2.07039666884117e-02
1.89900000000000e+01	2.05623643420344e-02
1.90000000000000e+01	2.04219167372028e-02
1.90100000000000e+01	2.02829109122101e-02
1.90200000000000e+01	2.01451103334625e-02
1.90300000000000e+01	2.00084547905254e-02
1.90400000000000e+01	1.98731153532282e-02
1.90500000000000e+01	1.97387400300913e-02
1.90600000000000e+01	1.96052223842558e-02
1.90700000000000e+01	1.94726529171635e-02
1.90800000000000e+01	1.93407611633521e-02
1.90900000000000e+01	1.92095640710567e-02
1.91000000000000e+01	1.90790954873864e-02
1.91100000000000e+01	1.89493595690693e-02
1.91200000000000e+01	1.88206112047778e-02
1.91300000000000e+01	1.86931262387701e-02
1.91400000000000e+01	1.85670833951067e-02
1.91500000000000e+01	1.84429078277102e-02
1.91600000000000e+01	1.83209584466607e-02
1.91700000000000e+01	1.82014904125670e-02
1.91800000000000e+01	1.80845982520376e-02
1.91900000000000e+01	1.79705619182573e-02
1.92000000000000e+01	1.78593664749675e-02
1.92100000000000e+01	1.77507854005927e-02
1.92200000000000e+01	1.76447750688373e-02
1.92300000000000e+01	1.75410181889429e-02
1.92400000000000e+01	1.74391150814183e-02
1.92500000000000e+01	1.73387612762091e-02
1.92600000000000e+01	1.72396425471117e-02
1.92700000000000e+01	1.71413031983748e-02
1.92800000000000e+01	1.70436684493950e-02
1.92900000000000e+01	1.69461934812412e-02
1.93000000000000e+01	1.68490099501015e-02
1.93100000000000e+01	1.67517979549578e-02
1.93200000000000e+01	1.66545973166580e-02
1.93300000000000e+01	1.65572955844571e-02
1.93400000000000e+01	1.64600736991802e-02
1.93500000000000e+01	1.63626854959220e-02
1.93600000000000e+01	1.62654235253045e-02
1.93700000000000e+01	1.61681401890100e-02
1.93800000000000e+01	1.60709967370370e-02
1.93900000000000e+01	1.59739209453105e-02
1.94000000000000e+01	1.58771142417208e-02
1.94100000000000e+01	1.57803722759640e-02
1.94200000000000e+01	1.56839618581946e-02
1.94300000000000e+01	1.55877416329723e-02
1.94400000000000e+01	1.54918105760987e-02
1.94500000000000e+01	1.53961136701603e-02
1.94600000000000e+01	1.53007383202748e-02
1.94700000000000e+01	1.52057340543367e-02
1.94800000000000e+01	1.51110824950293e-02
1.94900000000000e+01	1.50167095174295e-02
1.95000000000000e+01	1.49226535156718e-02
1.95100000000000e+01	1.48290816443447e-02
1.95200000000000e+01	1.47358554421300e-02
1.95300000000000e+01	1.46429594803211e-02
1.95400000000000e+01	1.45505818687093e-02
1.95500000000000e+01	1.44585823271388e-02
1.95600000000000e+01	1.43670058074702e-02
1.95700000000000e+01	1.42759096507958e-02
1.95800000000000e+01	1.41853931441267e-02
1.95900000000000e+01	1.40954146191315e-02
1.96000000000000e+01	1.40059492545876e-02
1.96100000000000e+01	1.39170405738138e-02
1.96200000000000e+01	1.38288538194981e-02
1.96300000000000e+01	1.37412659139332e-02
1.96400000000000e+01	1.36542471092158e-02
1.96500000000000e+01	1.35680013453701e-02
1.96600000000000e+01	1.34822587295525e-02
1.96700000000000e+01	1.33972635157361e-02
1.96800000000000e+01	1.33128422315261e-02
1.96900000000000e+01	1.32290467413610e-02
1.97000000000000e+01	1.31457465451030e-02
1.97100000000000e+01	1.30630332211294e-02
1.97200000000000e+01	1.29807130909185e-02
1.97300000000000e+01	1.28988628176249e-02
1.97400000000000e+01	1.28172435429879e-02
1.97500000000000e+01	1.27358360915129e-02
1.97600000000000e+01	1.26541817762944e-02
1.97700000000000e+01	1.25720193164655e-02
1.97800000000000e+01	1.24886816913856e-02
1.97900000000000e+01	1.24030928983046e-02
1.98000000000000e+01	1.23139097003537e-02
1.98100000000000e+01	1.22190407858934e-02
1.98200000000000e+01	1.21156423017435e-02
1.98300000000000e+01	1.19996759286514e-02
1.98400000000000e+01	1.18660346603397e-02
1.98500000000000e+01	1.17083936330195e-02
1.98600000000000e+01	1.15187605730427e-02
1.98700000000000e+01	1.12879794863447e-02
1.98800000000000e+01	1.10057837736845e-02
1.98900000000000e+01	1.06611706403507e-02
1.99000000000000e+01	1.02433529426362e-02
1.99100000000000e+01	9.74270899115992e-03
1.99200000000000e+01	9.15193082782597e-03
1.99300000000000e+01	8.46801259527276e-03
1.99400000000000e+01	7.69380853744649e-03
1.99500000000000e+01	6.83999189743350e-03
1.99600000000000e+01	5.92636926131092e-03
1.99700000000000e+01	4.98183657964544e-03
1.99800000000000e+01	4.04314478689291e-03
1.99900000000000e+01	3.15120904214959e-03
2.00000000000000e+01	2.34539814014166e-03
