1.00000000000000e-02	1.38616255523663e+18
2.00000000000000e-02	8.66222434781459e+16
3.00000000000000e-02	1.71062192227313e+16
4.00000000000000e-02	5.41061034193067e+15
5.00000000000000e-02	2.21517863498593e+15
6.00000000000000e-02	1.06768565267662e+15
7.00000000000000e-02	5.75931712720290e+14
8.00000000000000e-02	3.37346167559915e+14
9.00000000000000e-02	2.10421968497948e+14
1.00000000000000e-01	1.37925422883866e+14
1.10000000000000e-01	9.41051895929727e+13
1.20000000000000e-01	6.63671716348188e+13
1.30000000000000e-01	4.81231919341916e+13
1.40000000000000e-01	3.57289997672484e+13
1.50000000000000e-01	2.70724654575312e+13
1.60000000000000e-01	2.08797708039392e+13
1.70000000000000e-01	1.63561701062634e+13
1.80000000000000e-01	1.29900249896301e+13
1.90000000000000e-01	1.04439167110455e+13
2.00000000000000e-01	8.48964395190404e+12
2.10000000000000e-01	6.96974132783424e+12
2.20000000000000e-01	5.77360166365900e+12
2.30000000000000e-01	4.82186856580582e+12
2.40000000000000e-01	4.05722288059997e+12
2.50000000000000e-01	3.43722393748428e+12
2.60000000000000e-01	2.93040017145407e+12
2.70000000000000e-01	2.51282659150815e+12
2.80000000000000e-01	2.16643398036988e+12
2.90000000000000e-01	1.87709465747853e+12
3.00000000000000e-01	1.63399329654325e+12
3.10000000000000e-01	1.42854771913190e+12
3.20000000000000e-01	1.25398606911508e+12
3.30000000000000e-01	1.10495384372623e+12
3.40000000000000e-01	9.77088814363297e+11
3.50000000000000e-01	8.66930252724341e+11
3.60000000000000e-01	7.71607839122155e+11
3.70000000000000e-01	6.88806721948575e+11
3.80000000000000e-01	6.16615599987927e+11
3.90000000000000e-01	5.53452185577818e+11
4.00000000000000e-01	4.98006984933761e+11
4.10000000000000e-01	4.49177742060821e+11
4.20000000000000e-01	4.06051612831088e+11
4.30000000000000e-01	3.67850058740924e+11
4.40000000000000e-01	3.33927238029129e+11
4.50000000000000e-01	3.03713334111347e+11
4.60000000000000e-01	2.76742293021059e+11
4.70000000000000e-01	2.52610609139389e+11
4.80000000000000e-01	2.30971863305835e+11
4.90000000000000e-01	2.11520488826720e+11
5.00000000000000e-01	1.94003829785671e+11
5.10000000000000e-01	1.78193676165121e+11
5.20000000000000e-01	1.63906732880489e+11
5.30000000000000e-01	1.50959736749833e+11
5.40000000000000e-01	1.39215318112607e+11
5.50000000000000e-01	1.28542771959181e+11
5.60000000000000e-01	1.18823078600148e+11
5.70000000000000e-01	1.09961411249234e+11
5.80000000000000e-01	1.01872797333790e+11
5.90000000000000e-01	9.44732124666456e+10
6.00000000000000e-01	8.76979931321721e+10
6.10000000000000e-01	8.14838548102840e+10
6.20000000000000e-01	7.57793747086937e+10
6.30000000000000e-01	7.05346713813578e+10
6.40000000000000e-01	6.57090102184997e+10
6.50000000000000e-01	6.12606032098928e+10
6.60000000000000e-01	5.71572108596896e+10
6.70000000000000e-01	5.33654214676709e+10
6.80000000000000e-01	4.98612761135774e+10
6.90000000000000e-01	4.66186145955193e+10
7.00000000000000e-01	4.36144388532484e+10
7.10000000000000e-01	4.08284237549034e+10
7.20000000000000e-01	3.82416658402343e+10
7.30000000000000e-01	3.58398470478569e+10
7.40000000000000e-01	3.36054189066741e+10
7.50000000000000e-01	3.15268226768833e+10
7.60000000000000e-01	2.95900054311833e+10
7.70000000000000e-01	2.77854158612834e+10
7.80000000000000e-01	2.61015020327057e+10
7.90000000000000e-01	2.45296989263430e+10
8.00000000000000e-01	2.30611314832246e+10
8.10000000000000e-01	2.16880265463575e+10
8.20000000000000e-01	2.04037401772190e+10
8.30000000000000e-01	1.92010892100516e+10
8.40000000000000e-01	1.80752173054823e+10
8.50000000000000e-01	1.70191948571437e+10
8.60000000000000e-01	1.60290032949264e+10
8.70000000000000e-01	1.50995629263872e+10
8.80000000000000e-01	1.42266747242555e+10
8.90000000000000e-01	1.34067689857571e+10
9.00000000000000e-01	1.26359388979970e+10
9.10000000000000e-01	1.19107667620365e+10
9.20000000000000e-01	1.12285151731249e+10
9.30000000000000e-01	1.05861786157446e+10
9.40000000000000e-01	9.98121890359712e+09
9.50000000000000e-01	9.41090346254426e+09
9.60000000000000e-01	8.87314702009934e+09
9.70000000000000e-01	8.36603198255053e+09
9.80000000000000e-01	7.88754875614367e+09
9.90000000000000e-01	7.43567197848229e+09
1.00000000000000e+00	7.00919000393362e+09
1.01000000000000e+00	6.60601212702900e+09
1.02000000000000e+00	6.22489170405849e+09
1.03000000000000e+00	5.86475296935565e+09
1.04000000000000e+00	5.52402610455152e+09
1.05000000000000e+00	5.20166633797656e+09
1.06000000000000e+00	4.89652092540641e+09
1.07000000000000e+00	4.60776383431838e+09
1.08000000000000e+00	4.33421594832823e+09
1.09000000000000e+00	4.07501020722302e+09
1.10000000000000e+00	3.82948038104099e+09
1.11000000000000e+00	3.59668388260129e+09
1.12000000000000e+00	3.37589445488321e+09
1.13000000000000e+00	3.16652067604105e+09
1.14000000000000e+00	2.96785683090297e+09
1.15000000000000e+00	2.77929381103501e+09
1.16000000000000e+00	2.60020996814048e+09
1.17000000000000e+00	2.43014174267617e+09
1.18000000000000e+00	2.26849569736719e+09
1.19000000000000e+00	2.11481674361314e+09
1.20000000000000e+00	1.96863789642133e+09
1.21000000000000e+00	1.82947718461329e+09
1.22000000000000e+00	1.69691212895489e+09
1.23000000000000e+00	1.57058853955528e+09
1.24000000000000e+00	1.45000135210986e+09
1.25000000000000e+00	1.33486635674802e+09
1.26000000000000e+00	1.22472519502030e+09
1.27000000000000e+00	1.11937365304965e+09
1.28000000000000e+00	1.01844640388422e+09
1.29000000000000e+00	9.21833591778733e+08
1.30000000000000e+00	8.29372971707048e+08
1.31000000000000e+00	7.41102909205905e+08
1.32000000000000e+00	6.57113760166667e+08
1.33000000000000e+00	5.77621813931410e+08
1.34000000000000e+00	5.02950362398102e+08
1.35000000000000e+00	4.33517982355629e+08
1.36000000000000e+00	3.69782054550362e+08
1.37000000000000e+00	3.12227502814171e+08
1.38000000000000e+00	2.61304525282516e+08
1.39000000000000e+00	2.17396792150311e+08
1.40000000000000e+00	1.80801113152465e+08
1.41000000000000e+00	1.51658390049029e+08
1.42000000000000e+00	1.29974549931502e+08
1.43000000000000e+00	1.15603980943282e+08
1.44000000000000e+00	1.08267153738940e+08
1.45000000000000e+00	1.07562626329065e+08
1.46000000000000e+00	1.13016022243342e+08
1.47000000000000e+00	1.24074681711306e+08
1.48000000000000e+00	1.40167564694822e+08
1.49000000000000e+00	1.60677343488786e+08
1.50000000000000e+00	1.84954479933663e+08
1.51000000000000e+00	2.12289576103988e+08
1.52000000000000e+00	2.41893354211935e+08
1.53000000000000e+00	2.72866295101034e+08
1.54000000000000e+00	3.04174035999214e+08
1.55000000000000e+00	3.34650965418526e+08
1.56000000000000e+00	3.63045857014913e+08
1.57000000000000e+00	3.88030976883795e+08
1.58000000000000e+00	4.08313018393356e+08
1.59000000000000e+00	4.22699125437874e+08
1.60000000000000e+00	4.30210234723589e+08
1.61000000000000e+00	4.30191765838541e+08
1.62000000000000e+00	4.22339718713860e+08
1.63000000000000e+00	4.06796925750477e+08
1.64000000000000e+00	3.84125041128313e+08
1.65000000000000e+00	3.55338834994563e+08
1.66000000000000e+00	3.21742487458094e+08
1.67000000000000e+00	2.84912097398055e+08
1.68000000000000e+00	2.46496202770107e+08
1.69000000000000e+00	2.08116621729113e+08
1.70000000000000e+00	1.71242651238272e+08
1.71000000000000e+00	1.37124562624681e+08
1.72000000000000e+00	1.06675240708820e+08
1.73000000000000e+00	8.04826142377940e+07
1.74000000000000e+00	5.88531024827561e+07
1.75000000000000e+00	4.19183402539376e+07
1.76000000000000e+00	2.98435332551138e+07
1.77000000000000e+00	2.30309043460958e+07
1.78000000000000e+00	2.23620341137409e+07
1.79000000000000e+00	2.94264906241851e+07
1.80000000000000e+00	4.67199031997118e+07
1.81000000000000e+00	7.77819705610904e+07
1.82000000000000e+00	1.27243130818868e+08
1.83000000000000e+00	2.00861122825664e+08
1.84000000000000e+00	3.05573765930618e+08
1.85000000000000e+00	4.49549845184992e+08
1.86000000000000e+00	6.42041382636437e+08
1.87000000000000e+00	8.93102318827483e+08
1.88000000000000e+00	1.21297161849330e+09
1.89000000000000e+00	1.61138404177506e+09
1.90000000000000e+00	2.09690504448008e+09
1.91000000000000e+00	2.67594743611219e+09
1.92000000000000e+00	3.35193882156458e+09
1.93000000000000e+00	4.12382055216638e+09
1.94000000000000e+00	4.98478619315188e+09
1.95000000000000e+00	5.92088621429739e+09
1.96000000000000e+00	6.91033085760936e+09
1.97000000000000e+00	7.92367484686567e+09
1.98000000000000e+00	8.92526472423540e+09
1.99000000000000e+00	9.87567218393418e+09
2.00000000000000e+00	1.07349080060514e+10
2.01000000000000e+00	1.14660777472230e+10
2.02000000000000e+00	1.20385978867897e+10
2.03000000000000e+00	1.24314112761896e+10
2.04000000000000e+00	1.26337061200110e+10
2.05000000000000e+00	1.26466853668716e+10
2.06000000000000e+00	1.24818901144831e+10
2.07000000000000e+00	1.21588463881504e+10
2.08000000000000e+00	1.17028560935833e+10
2.09000000000000e+00	1.11407767615044e+10
2.10000000000000e+00	1.04990008885425e+10
2.11000000000000e+00	9.80233587021226e+09
2.12000000000000e+00	9.07322933721563e+09
2.13000000000000e+00	8.33382142316429e+09
2.14000000000000e+00	7.60613357266324e+09
2.15000000000000e+00	6.91130735034787e+09
2.16000000000000e+00	6.26814084307692e+09
2.17000000000000e+00	5.68983588819317e+09
2.18000000000000e+00	5.18333352576416e+09
2.19000000000000e+00	4.74842499954699e+09
2.20000000000000e+00	4.37992598319858e+09
2.21000000000000e+00	4.06957814114814e+09
2.22000000000000e+00	3.80861074385416e+09
2.23000000000000e+00	3.59044138796857e+09
2.24000000000000e+00	3.41185951787615e+09
2.25000000000000e+00	3.27416246797993e+09
2.26000000000000e+00	3.18186117256550e+09
2.27000000000000e+00	3.14136875552917e+09
2.28000000000000e+00	3.15936529942971e+09
2.29000000000000e+00	3.24166685387381e+09
2.30000000000000e+00	3.39233855861935e+09
2.31000000000000e+00	3.61286313895478e+09
2.32000000000000e+00	3.90108306359748e+09
2.33000000000000e+00	4.24983450060082e+09
2.34000000000000e+00	4.64598984811349e+09
2.35000000000000e+00	5.07112721036043e+09
2.36000000000000e+00	5.50270107382684e+09
2.37000000000000e+00	5.91739803983961e+09
2.38000000000000e+00	6.29396743480611e+09
2.39000000000000e+00	6.61481911821252e+09
2.40000000000000e+00	6.86723376781615e+09
2.41000000000000e+00	7.04357259124596e+09
2.42000000000000e+00	7.14170767991267e+09
2.43000000000000e+00	7.16442291011262e+09
2.44000000000000e+00	7.11807415915460e+09
2.45000000000000e+00	7.01169589213913e+09
2.46000000000000e+00	6.85413109714104e+09
2.47000000000000e+00	6.65467383477150e+09
2.48000000000000e+00	6.42120268487501e+09
2.49000000000000e+00	6.16150567453191e+09
2.50000000000000e+00	5.88264724080566e+09
2.51000000000000e+00	5.59170293343436e+09
2.52000000000000e+00	5.29543023417606e+09
2.53000000000000e+00	5.00042147122856e+09
2.54000000000000e+00	4.71257189376229e+09
2.55000000000000e+00	4.43725352140831e+09
2.56000000000000e+00	4.17877396848588e+09
2.57000000000000e+00	3.94014166731519e+09
2.58000000000000e+00	3.72284197070496e+09
2.59000000000000e+00	3.52682431187507e+09
2.60000000000000e+00	3.35036591676985e+09
2.61000000000000e+00	3.19071240818245e+09
2.62000000000000e+00	3.04418114583905e+09
2.63000000000000e+00	2.90739193935190e+09
2.64000000000000e+00	2.77848391728230e+09
2.65000000000000e+00	2.65790660738960e+09
2.66000000000000e+00	2.54879004045717e+09
2.67000000000000e+00	2.45557072729607e+09
2.68000000000000e+00	2.38253624209243e+09
2.69000000000000e+00	2.33221770011154e+09
2.70000000000000e+00	2.30481749153798e+09
2.71000000000000e+00	2.29821602183110e+09
2.72000000000000e+00	2.30840386971177e+09
2.73000000000000e+00	2.33056249718447e+09
2.74000000000000e+00	2.35986685011094e+09
2.75000000000000e+00	2.39245185799942e+09
2.76000000000000e+00	2.42612739607015e+09
2.77000000000000e+00	2.46059156381148e+09
2.78000000000000e+00	2.49714122358048e+09
2.79000000000000e+00	2.53838010713569e+09
2.80000000000000e+00	2.58733964063348e+09
2.81000000000000e+00	2.64719862787761e+09
2.82000000000000e+00	2.72067085286845e+09
2.83000000000000e+00	2.80963927851678e+09
2.84000000000000e+00	2.91461223876701e+09
2.85000000000000e+00	3.03458520657898e+09
2.86000000000000e+00	3.16662044982791e+09
2.87000000000000e+00	3.30605530712313e+09
2.88000000000000e+00	3.44658553406385e+09
2.89000000000000e+00	3.58076938017953e+09
2.90000000000000e+00	3.70055165010310e+09
2.91000000000000e+00	3.79806320444714e+09
2.92000000000000e+00	3.86606012409740e+09
2.93000000000000e+00	3.89889707912073e+09
2.94000000000000e+00	3.89298363793264e+09
2.95000000000000e+00	3.84751520536551e+09
2.96000000000000e+00	3.76484792886348e+09
2.97000000000000e+00	3.65010478294703e+09
2.98000000000000e+00	3.51101331316686e+09
2.99000000000000e+00	3.35620579946423e+09
3.00000000000000e+00	3.19420234921726e+09
3.01000000000000e+00	3.03203105573000e+09
3.02000000000000e+00	2.87473348249192e+09
3.03000000000000e+00	2.72527889891196e+09
3.04000000000000e+00	2.58503704552306e+09
3.05000000000000e+00	2.45424203668286e+09
3.06000000000000e+00	2.33254691874302e+09
3.07000000000000e+00	2.21949518007582e+09
3.08000000000000e+00	2.11461485009645e+09
3.09000000000000e+00	2.01745284249859e+09
3.10000000000000e+00	1.92769169610804e+09
3.11000000000000e+00	1.84490201001234e+09
3.12000000000000e+00	1.76851931878383e+09
3.13000000000000e+00	1.69773713394295e+09
3.14000000000000e+00	1.63146047220176e+09
3.15000000000000e+00	1.56833592654452e+09
3.16000000000000e+00	1.50701861339699e+09
3.17000000000000e+00	1.44632555671600e+09
3.18000000000000e+00	1.38548992603332e+09
3.19000000000000e+00	1.32440343418238e+09
3.20000000000000e+00	1.26347682280963e+09
3.21000000000000e+00	1.20349073842835e+09
3.22000000000000e+00	1.14521993657049e+09
3.23000000000000e+00	1.08917373706613e+09
3.24000000000000e+00	1.03544614935062e+09
3.25000000000000e+00	9.83675870989306e+08
3.26000000000000e+00	9.33201587783179e+08
3.27000000000000e+00	8.83189450554879e+08
3.28000000000000e+00	8.32806732511458e+08
3.29000000000000e+00	7.81362136136520e+08
3.30000000000000e+00	7.28437521585483e+08
3.31000000000000e+00	6.73898436194986e+08
3.32000000000000e+00	6.17989007137845e+08
3.33000000000000e+00	5.61220496413782e+08
3.34000000000000e+00	5.04340996233065e+08
3.35000000000000e+00	4.48247603227836e+08
3.36000000000000e+00	3.93908028983748e+08
3.37000000000000e+00	3.42329423174641e+08
3.38000000000000e+00	2.94491365551169e+08
3.39000000000000e+00	2.51313821370676e+08
3.40000000000000e+00	2.13590836537645e+08
3.41000000000000e+00	1.81904788758403e+08
3.42000000000000e+00	1.56581946765941e+08
3.43000000000000e+00	1.37667656371093e+08
3.44000000000000e+00	1.24924979476117e+08
3.45000000000000e+00	1.17872765243838e+08
3.46000000000000e+00	1.15846805618391e+08
3.47000000000000e+00	1.18062695781889e+08
3.48000000000000e+00	1.23688838659844e+08
3.49000000000000e+00	1.31919759270526e+08
3.50000000000000e+00	1.42027498750232e+08
3.51000000000000e+00	1.53413167797211e+08
3.52000000000000e+00	1.65625183646963e+08
3.53000000000000e+00	1.78357580964125e+08
3.54000000000000e+00	1.91435858123641e+08
3.55000000000000e+00	2.04782001629026e+08
3.56000000000000e+00	2.18384511284237e+08
3.57000000000000e+00	2.32273793488809e+08
3.58000000000000e+00	2.46515124347630e+08
3.59000000000000e+00	2.61210117346201e+08
3.60000000000000e+00	2.76498189822438e+08
3.61000000000000e+00	2.92557852017610e+08
3.62000000000000e+00	3.09591970191130e+08
3.63000000000000e+00	3.27817798043759e+08
3.64000000000000e+00	3.47442715626898e+08
3.65000000000000e+00	3.68619852004018e+08
3.66000000000000e+00	3.91444040405317e+08
3.67000000000000e+00	4.15899496269320e+08
3.68000000000000e+00	4.41841981027531e+08
3.69000000000000e+00	4.68959500785363e+08
3.70000000000000e+00	4.96742832505203e+08
3.71000000000000e+00	5.24471189631369e+08
3.72000000000000e+00	5.51249794930381e+08
3.73000000000000e+00	5.76056820350413e+08
3.74000000000000e+00	5.97876068815962e+08
3.75000000000000e+00	6.15816484507661e+08
3.76000000000000e+00	6.29245853728642e+08
3.77000000000000e+00	6.37851228832046e+08
3.78000000000000e+00	6.41714505011366e+08
3.79000000000000e+00	6.41305966370875e+08
3.80000000000000e+00	6.37494188662496e+08
3.81000000000000e+00	6.31544368711673e+08
3.82000000000000e+00	6.25103574864450e+08
3.83000000000000e+00	6.20131751206489e+08
3.84000000000000e+00	6.18779137073663e+08
3.85000000000000e+00	6.23215623353654e+08
3.86000000000000e+00	6.35403896023423e+08
3.87000000000000e+00	6.56828210608849e+08
3.88000000000000e+00	6.88306463364807e+08
3.89000000000000e+00	7.29780364532956e+08
3.90000000000000e+00	7.80245502065037e+08
3.91000000000000e+00	8.37725055265156e+08
3.92000000000000e+00	8.99320386697046e+08
3.93000000000000e+00	9.61334484493222e+08
3.94000000000000e+00	1.01945743077532e+09
3.95000000000000e+00	1.06900805713574e+09
3.96000000000000e+00	1.10526338794154e+09
3.97000000000000e+00	1.12388935464135e+09
3.98000000000000e+00	1.12139490302883e+09
3.99000000000000e+00	1.09556904010526e+09
4.00000000000000e+00	1.04579047746762e+09
4.01000000000000e+00	9.73141808982195e+08
4.02000000000000e+00	8.80334508025862e+08
4.03000000000000e+00	7.71499224170767e+08
4.04000000000000e+00	6.51943145208547e+08
4.05000000000000e+00	5.27759620799790e+08
4.06000000000000e+00	4.05419720621973e+08
4.07000000000000e+00	2.91281063035301e+08
4.08000000000000e+00	1.91109651263233e+08
4.09000000000000e+00	1.09737189805176e+08
4.10000000000000e+00	5.08450596198321e+07
4.11000000000000e+00	1.69314598095674e+07
4.12000000000000e+00	9.36025049946920e+06
4.13000000000000e+00	2.83961134321245e+07
4.14000000000000e+00	7.31769538560960e+07
4.15000000000000e+00	1.41610073947872e+08
4.16000000000000e+00	2.30266726372298e+08
4.17000000000000e+00	3.34344475024251e+08
4.18000000000000e+00	4.47811074878656e+08
4.19000000000000e+00	5.63737158696933e+08
4.20000000000000e+00	6.74809999678468e+08
4.21000000000000e+00	7.73977769511991e+08
4.22000000000000e+00	8.55104915445776e+08
4.23000000000000e+00	9.13544300677661e+08
4.24000000000000e+00	9.46547902843407e+08
4.25000000000000e+00	9.53479637609745e+08
4.26000000000000e+00	9.35759152746571e+08
4.27000000000000e+00	8.96576213333400e+08
4.28000000000000e+00	8.40413327431903e+08
4.29000000000000e+00	7.72415575196346e+08
4.30000000000000e+00	6.97763553407235e+08
4.31000000000000e+00	6.21118131867197e+08
4.32000000000000e+00	5.46263575116325e+08
4.33000000000000e+00	4.75906405098539e+08
4.34000000000000e+00	4.11697734124579e+08
4.35000000000000e+00	3.54354752782362e+08
4.36000000000000e+00	3.03873061232125e+08
4.37000000000000e+00	2.59751599812157e+08
4.38000000000000e+00	2.21241686349269e+08
4.39000000000000e+00	1.87530317819260e+08
4.40000000000000e+00	1.57911153180748e+08
4.41000000000000e+00	1.31889244277828e+08
4.42000000000000e+00	1.09242999940939e+08
4.43000000000000e+00	9.00365706604121e+07
4.44000000000000e+00	7.45801727249238e+07
4.45000000000000e+00	6.33540911939833e+07
4.46000000000000e+00	5.69043754542441e+07
4.47000000000000e+00	5.57320591799969e+07
4.48000000000000e+00	6.01963116582343e+07
4.49000000000000e+00	7.04468326581840e+07
4.50000000000000e+00	8.63916005496865e+07
4.51000000000000e+00	1.07712969247790e+08
4.52000000000000e+00	1.33908913518991e+08
4.53000000000000e+00	1.64368224187259e+08
4.54000000000000e+00	1.98440306269094e+08
4.55000000000000e+00	2.35513984401054e+08
4.56000000000000e+00	2.75069492746682e+08
4.57000000000000e+00	3.16727127125151e+08
4.58000000000000e+00	3.60263066587009e+08
4.59000000000000e+00	4.05630144725407e+08
4.60000000000000e+00	4.52961206817361e+08
4.61000000000000e+00	5.02578545308687e+08
4.62000000000000e+00	5.55003698432963e+08
4.63000000000000e+00	6.10985628855398e+08
4.64000000000000e+00	6.71524755539409e+08
4.65000000000000e+00	7.37936863085302e+08
4.66000000000000e+00	8.11930973150609e+08
4.67000000000000e+00	8.95685454016418e+08
4.68000000000000e+00	9.91961354692059e+08
4.69000000000000e+00	1.10421465565021e+09
4.70000000000000e+00	1.23674759535838e+09
4.71000000000000e+00	1.39483001696771e+09
4.72000000000000e+00	1.58487846535575e+09
4.73000000000000e+00	1.81462781885856e+09
4.74000000000000e+00	2.09338678214123e+09
4.75000000000000e+00	2.43214530520294e+09
4.76000000000000e+00	2.84378230285560e+09
4.77000000000000e+00	3.34323868437137e+09
4.78000000000000e+00	3.94754016948397e+09
4.79000000000000e+00	4.67595001038501e+09
4.80000000000000e+00	5.54989649283493e+09
4.81000000000000e+00	6.59301216451270e+09
4.82000000000000e+00	7.83118756400729e+09
4.83000000000000e+00	9.29235739438601e+09
4.84000000000000e+00	1.10065253224063e+10
4.85000000000000e+00	1.30053791760990e+10
4.86000000000000e+00	1.53219776326249e+10
4.87000000000000e+00	1.79891571437475e+10
4.88000000000000e+00	2.10372972658769e+10
4.89000000000000e+00	2.44909265578633e+10
4.90000000000000e+00	2.83647921841432e+10
4.91000000000000e+00	3.26558459331761e+10
4.92000000000000e+00	3.73374212749907e+10
4.93000000000000e+00	4.23510464829070e+10
4.94000000000000e+00	4.75982546284870e+10
4.95000000000000e+00	5.29389178116864e+10
4.96000000000000e+00	5.81867771956233e+10
4.97000000000000e+00	6.31209696305983e+10
4.98000000000000e+00	6.74975213151171e+10
4.99000000000000e+00	7.10733909583555e+10
5.00000000000000e+00	7.36360490757741e+10
5.01000000000000e+00	7.50253182165158e+10
5.02000000000000e+00	7.51636777523866e+10
5.03000000000000e+00	7.40584686106545e+10
5.04000000000000e+00	7.18070905215926e+10
5.05000000000000e+00	6.85744064672942e+10
5.06000000000000e+00	6.45700622306096e+10
5.07000000000000e+00	6.00205096034688e+10
5.08000000000000e+00	5.51468388714169e+10
5.09000000000000e+00	5.01438902772222e+10
5.10000000000000e+00	4.51754675623145e+10
5.11000000000000e+00	4.03702417457904e+10
5.12000000000000e+00	3.58251932110890e+10
5.13000000000000e+00	3.16065746929626e+10
5.14000000000000e+00	2.77562214520566e+10
5.15000000000000e+00	2.42934065160356e+10
5.16000000000000e+00	2.12189682883079e+10
5.17000000000000e+00	1.85196491245077e+10
5.18000000000000e+00	1.61712959457400e+10
5.19000000000000e+00	1.41426739626179e+10
5.20000000000000e+00	1.23993669803615e+10
5.21000000000000e+00	1.09056118949865e+10
5.22000000000000e+00	9.62698213198320e+09
5.23000000000000e+00	8.53170695686468e+09
5.24000000000000e+00	7.59122415307290e+09
5.25000000000000e+00	6.78036393993888e+09
5.26000000000000e+00	6.07786189101190e+09
5.27000000000000e+00	5.46563467165451e+09
5.28000000000000e+00	4.92895296752129e+09
5.29000000000000e+00	4.45563435035111e+09
5.30000000000000e+00	4.03617364288066e+09
5.31000000000000e+00	3.66294952330694e+09
5.32000000000000e+00	3.32997331125095e+09
5.33000000000000e+00	3.03263459744503e+09
5.34000000000000e+00	2.76715032575626e+09
5.35000000000000e+00	2.53045251959708e+09
5.36000000000000e+00	2.32001363438806e+09
5.37000000000000e+00	2.13363146144759e+09
5.38000000000000e+00	1.96932537354316e+09
5.39000000000000e+00	1.82532743539684e+09
5.40000000000000e+00	1.70001669182615e+09
5.41000000000000e+00	1.59177738863683e+09
5.42000000000000e+00	1.49905851011886e+09
5.43000000000000e+00	1.42035498007019e+09
5.44000000000000e+00	1.35410820787254e+09
5.45000000000000e+00	1.29878004792487e+09
5.46000000000000e+00	1.25283774133465e+09
5.47000000000000e+00	1.21475922692928e+09
5.48000000000000e+00	1.18308940571077e+09
5.49000000000000e+00	1.15648576197125e+09
5.50000000000000e+00	1.13372471643397e+09
5.51000000000000e+00	1.11377983887076e+09
5.52000000000000e+00	1.09582877808934e+09
5.53000000000000e+00	1.07921163128156e+09
5.54000000000000e+00	1.06344534101449e+09
5.55000000000000e+00	1.04812677919787e+09
5.56000000000000e+00	1.03289740462212e+09
5.57000000000000e+00	1.01741932717217e+09
5.58000000000000e+00	1.00130172179241e+09
5.59000000000000e+00	9.84146338575147e+08
5.60000000000000e+00	9.65505719873262e+08
5.61000000000000e+00	9.44991453050429e+08
5.62000000000000e+00	9.22213783437783e+08
5.63000000000000e+00	8.96912784344551e+08
5.64000000000000e+00	8.68932517324428e+08
5.65000000000000e+00	8.38315391105660e+08
5.66000000000000e+00	8.05274905862461e+08
5.67000000000000e+00	7.70252077587913e+08
5.68000000000000e+00	7.33861430300620e+08
5.69000000000000e+00	6.96872104863788e+08
5.70000000000000e+00	6.60183335973809e+08
5.71000000000000e+00	6.24725666390015e+08
5.72000000000000e+00	5.91379189539605e+08
5.73000000000000e+00	5.60938300499618e+08
5.74000000000000e+00	5.33987676843773e+08
5.75000000000000e+00	5.10893125009638e+08
5.76000000000000e+00	4.91782562230461e+08
5.77000000000000e+00	4.76539357872348e+08
5.78000000000000e+00	4.64861615069263e+08
5.79000000000000e+00	4.56285808467483e+08
5.80000000000000e+00	4.50277709027306e+08
5.81000000000000e+00	4.46260934084777e+08
5.82000000000000e+00	4.43683666751585e+08
5.83000000000000e+00	4.42057667462003e+08
5.84000000000000e+00	4.40956808339055e+08
5.85000000000000e+00	4.40070657045807e+08
5.86000000000000e+00	4.39177473046514e+08
5.87000000000000e+00	4.38142196774202e+08
5.88000000000000e+00	4.36907495447255e+08
5.89000000000000e+00	4.35445702708082e+08
5.90000000000000e+00	4.33786126630397e+08
5.91000000000000e+00	4.31955541250988e+08
5.92000000000000e+00	4.29965243419917e+08
5.93000000000000e+00	4.27813019880478e+08
5.94000000000000e+00	4.25485636894606e+08
5.95000000000000e+00	4.22930492602970e+08
5.96000000000000e+00	4.20110373281007e+08
5.97000000000000e+00	4.16992280141080e+08
5.98000000000000e+00	4.13529672570727e+08
5.99000000000000e+00	4.09714712898442e+08
6.00000000000000e+00	4.05547826227583e+08
6.01000000000000e+00	4.01043527623722e+08
6.02000000000000e+00	3.96254100686056e+08
6.03000000000000e+00	3.91213801202070e+08
6.04000000000000e+00	3.85996324865690e+08
6.05000000000000e+00	3.80674303949296e+08
6.06000000000000e+00	3.75317367097836e+08
6.07000000000000e+00	3.70002631352102e+08
6.08000000000000e+00	3.64800784549185e+08
6.09000000000000e+00	3.59773974680732e+08
6.10000000000000e+00	3.55012649684542e+08
6.11000000000000e+00	3.50579056817784e+08
6.12000000000000e+00	3.46560434657251e+08
6.13000000000000e+00	3.43027454699926e+08
6.14000000000000e+00	3.40042109877264e+08
6.15000000000000e+00	3.37642426905222e+08
6.16000000000000e+00	3.35825876870530e+08
6.17000000000000e+00	3.34570377894673e+08
6.18000000000000e+00	3.33802309777165e+08
6.19000000000000e+00	3.33428315136249e+08
6.20000000000000e+00	3.33324185916710e+08
6.21000000000000e+00	3.33352480623195e+08
6.22000000000000e+00	3.33370540529683e+08
6.23000000000000e+00	3.33249346920797e+08
6.24000000000000e+00	3.32860769078732e+08
6.25000000000000e+00	3.32120537373484e+08
6.26000000000000e+00	3.30975017794026e+08
6.27000000000000e+00	3.29404390027794e+08
6.28000000000000e+00	3.27420849912990e+08
6.29000000000000e+00	3.25069875791950e+08
6.30000000000000e+00	3.22409737595077e+08
6.31000000000000e+00	3.19505743557213e+08
6.32000000000000e+00	3.16421012459387e+08
6.33000000000000e+00	3.13222430789324e+08
6.34000000000000e+00	3.09956778601288e+08
6.35000000000000e+00	3.06674228511001e+08
6.36000000000000e+00	3.03408247960379e+08
6.37000000000000e+00	3.00176972162612e+08
6.38000000000000e+00	2.96987914548472e+08
6.39000000000000e+00	2.93833933633350e+08
6.40000000000000e+00	2.90691369005370e+08
6.41000000000000e+00	2.87528378547967e+08
6.42000000000000e+00	2.84303130448541e+08
6.43000000000000e+00	2.80967762998580e+08
6.44000000000000e+00	2.77466093443276e+08
6.45000000000000e+00	2.73735367901505e+08
6.46000000000000e+00	2.69708858882081e+08
6.47000000000000e+00	2.65318791266781e+08
6.48000000000000e+00	2.60498812985743e+08
6.49000000000000e+00	2.55192109219579e+08
6.50000000000000e+00	2.49354767950140e+08
6.51000000000000e+00	2.42965112664210e+08
6.52000000000000e+00	2.36024495280442e+08
6.53000000000000e+00	2.28560145480157e+08
6.54000000000000e+00	2.20630216856458e+08
6.55000000000000e+00	2.12321764981466e+08
6.56000000000000e+00	2.03752780703973e+08
6.57000000000000e+00	1.95067515454614e+08
6.58000000000000e+00	1.86432946990031e+08
6.59000000000000e+00	1.78027298461651e+08
6.60000000000000e+00	1.70030032091164e+08
6.61000000000000e+00	1.62606130224847e+08
6.62000000000000e+00	1.55901333171033e+08
6.63000000000000e+00	1.50030819520618e+08
6.64000000000000e+00	1.45080022685448e+08
6.65000000000000e+00	1.41096561995692e+08
6.66000000000000e+00	1.38097368351682e+08
6.67000000000000e+00	1.36065502120715e+08
6.68000000000000e+00	1.34954264926148e+08
6.69000000000000e+00	1.34690509272967e+08
6.70000000000000e+00	1.35181647230843e+08
6.71000000000000e+00	1.36319831542730e+08
6.72000000000000e+00	1.37989886084881e+08
6.73000000000000e+00	1.40075726173189e+08
6.74000000000000e+00	1.42464663394650e+08
6.75000000000000e+00	1.45055008030257e+08
6.76000000000000e+00	1.47756332159793e+08
6.77000000000000e+00	1.50494974652983e+08
6.78000000000000e+00	1.53212431891842e+08
6.79000000000000e+00	1.55869569791861e+08
6.80000000000000e+00	1.58442526262627e+08
6.81000000000000e+00	1.60924143593988e+08
6.82000000000000e+00	1.63322342961309e+08
6.83000000000000e+00	1.65654313852126e+08
6.84000000000000e+00	1.67948899491627e+08
6.85000000000000e+00	1.70237453216525e+08
6.86000000000000e+00	1.72555504520033e+08
6.87000000000000e+00	1.74936452704150e+08
6.88000000000000e+00	1.77413787235663e+08
6.89000000000000e+00	1.80010768738485e+08
6.90000000000000e+00	1.82750031815532e+08
6.91000000000000e+00	1.85647244625264e+08
6.92000000000000e+00	1.88716069989525e+08
6.93000000000000e+00	1.91971633960625e+08
6.94000000000000e+00	1.95429287235695e+08
6.95000000000000e+00	1.99108398648672e+08
6.96000000000000e+00	2.03032490171179e+08
6.97000000000000e+00	2.07225001684769e+08
6.98000000000000e+00	2.11712502194351e+08
6.99000000000000e+00	2.16517626388238e+08
7.00000000000000e+00	2.21653839436524e+08
7.01000000000000e+00	2.27126381698527e+08
7.02000000000000e+00	2.32924796644964e+08
7.03000000000000e+00	2.39016824174716e+08
7.04000000000000e+00	2.45351973139838e+08
7.05000000000000e+00	2.51850871822819e+08
7.06000000000000e+00	2.58412274013569e+08
7.07000000000000e+00	2.64913973564862e+08
7.08000000000000e+00	2.71213743224108e+08
7.09000000000000e+00	2.77161129337140e+08
7.10000000000000e+00	2.82601068980597e+08
7.11000000000000e+00	2.87384201407888e+08
7.12000000000000e+00	2.91365845163346e+08
7.13000000000000e+00	2.94408739381044e+08
7.14000000000000e+00	2.96387082180858e+08
7.15000000000000e+00	2.97185126742872e+08
7.16000000000000e+00	2.96696749554905e+08
7.17000000000000e+00	2.94828783448757e+08
7.18000000000000e+00	2.91509142155170e+08
7.19000000000000e+00	2.86684473815363e+08
7.20000000000000e+00	2.80329631747395e+08
7.21000000000000e+00	2.72440469615084e+08
7.22000000000000e+00	2.63046078238714e+08
7.23000000000000e+00	2.52201996978355e+08
7.24000000000000e+00	2.39997286089478e+08
7.25000000000000e+00	2.26549362184428e+08
7.26000000000000e+00	2.12007289574461e+08
7.27000000000000e+00	1.96547261984123e+08
7.28000000000000e+00	1.80370437528316e+08
7.29000000000000e+00	1.63696438591321e+08
7.30000000000000e+00	1.46761374820328e+08
7.31000000000000e+00	1.29808832714235e+08
7.32000000000000e+00	1.13086079776184e+08
7.33000000000000e+00	9.68386811063906e+07
7.34000000000000e+00	8.13037036431316e+07
7.35000000000000e+00	6.67041448105968e+07
7.36000000000000e+00	5.32458668843455e+07
7.37000000000000e+00	4.11111272977134e+07
7.38000000000000e+00	3.04554729923453e+07
7.39000000000000e+00	2.14037107949686e+07
7.40000000000000e+00	1.40452235486595e+07
7.41000000000000e+00	8.43083517718489e+06
7.42000000000000e+00	4.56964872078035e+06
7.43000000000000e+00	2.42636534648803e+06
7.44000000000000e+00	1.92098998679549e+06
7.45000000000000e+00	2.92898448412152e+06
7.46000000000000e+00	5.28506842456591e+06
7.47000000000000e+00	8.78896794106783e+06
7.48000000000000e+00	1.32144037609984e+07
7.49000000000000e+00	1.83200370087975e+07
7.50000000000000e+00	2.38621862542145e+07
7.51000000000000e+00	2.96077315515500e+07
7.52000000000000e+00	3.53455953405859e+07
7.53000000000000e+00	4.08964593945994e+07
7.54000000000000e+00	4.61188218385508e+07
7.55000000000000e+00	5.09139212666007e+07
7.56000000000000e+00	5.52237371584162e+07
7.57000000000000e+00	5.90288108608213e+07
7.58000000000000e+00	6.23431838589519e+07
7.59000000000000e+00	6.52076193690843e+07
7.60000000000000e+00	6.76813652856631e+07
7.61000000000000e+00	6.98355865363519e+07
7.62000000000000e+00	7.17456042025138e+07
7.63000000000000e+00	7.34833198034851e+07
7.64000000000000e+00	7.51152920326492e+07
7.65000000000000e+00	7.66982684483329e+07
7.66000000000000e+00	7.82790480391761e+07
7.67000000000000e+00	7.98934704784670e+07
7.68000000000000e+00	8.15692978452920e+07
7.69000000000000e+00	8.33254786924305e+07
7.70000000000000e+00	8.51772456221257e+07
7.71000000000000e+00	8.71333550747422e+07
7.72000000000000e+00	8.92033640926356e+07
7.73000000000000e+00	9.13930144220686e+07
7.74000000000000e+00	9.37099490583926e+07
7.75000000000000e+00	9.61599105162408e+07
7.76000000000000e+00	9.87492766401506e+07
7.77000000000000e+00	1.01482641863978e+08
7.78000000000000e+00	1.04362937550505e+08
7.79000000000000e+00	1.07392698951368e+08
7.80000000000000e+00	1.10574181603031e+08
7.81000000000000e+00	1.13914073925014e+08
7.82000000000000e+00	1.17424222922455e+08
7.83000000000000e+00	1.21121471798986e+08
7.84000000000000e+00	1.25033708152282e+08
7.85000000000000e+00	1.29197666845428e+08
7.86000000000000e+00	1.33661135696717e+08
7.87000000000000e+00	1.38485191509751e+08
7.88000000000000e+00	1.43746039691221e+08
7.89000000000000e+00	1.49536767829970e+08
7.90000000000000e+00	1.55973757313816e+08
7.91000000000000e+00	1.63199630023324e+08
7.92000000000000e+00	1.71383946747018e+08
7.93000000000000e+00	1.80734921724295e+08
7.94000000000000e+00	1.91496889756197e+08
7.95000000000000e+00	2.03958743624206e+08
7.96000000000000e+00	2.18449212691246e+08
7.97000000000000e+00	2.35340703269162e+08
7.98000000000000e+00	2.55033456403530e+08
7.99000000000000e+00	2.77954360446658e+08
8.00000000000000e+00	3.04522479581784e+08
8.01000000000000e+00	3.35135744338690e+08
8.02000000000000e+00	3.70126530743002e+08
8.03000000000000e+00	4.09739979664190e+08
8.04000000000000e+00	4.54092971694508e+08
8.05000000000000e+00	5.03154062758838e+08
8.06000000000000e+00	5.56711151926335e+08
8.07000000000000e+00	6.14371636222222e+08
8.08000000000000e+00	6.75536262092990e+08
8.09000000000000e+00	7.39381444691442e+08
8.10000000000000e+00	8.04847688080139e+08
8.11000000000000e+00	8.70617535658956e+08
8.12000000000000e+00	9.35084575965909e+08
8.13000000000000e+00	9.96388756988761e+08
8.14000000000000e+00	1.05244110262109e+09
8.15000000000000e+00	1.10104059848658e+09
8.16000000000000e+00	1.14000416759340e+09
8.17000000000000e+00	1.16740463089512e+09
8.18000000000000e+00	1.18170335796260e+09
8.19000000000000e+00	1.18200479633768e+09
8.20000000000000e+00	1.16806077084522e+09
8.21000000000000e+00	1.14047817551226e+09
8.22000000000000e+00	1.10048983569783e+09
8.23000000000000e+00	1.04993692971726e+09
8.24000000000000e+00	9.91074332509579e+08
8.25000000000000e+00	9.26260413006554e+08
8.26000000000000e+00	8.57861080257213e+08
8.27000000000000e+00	7.88040071922275e+08
8.28000000000000e+00	7.18638649613546e+08
8.29000000000000e+00	6.51145075892878e+08
8.30000000000000e+00	5.86685052240629e+08
8.31000000000000e+00	5.26026626056225e+08
8.32000000000000e+00	4.69652359722707e+08
8.33000000000000e+00	4.17793903420410e+08
8.34000000000000e+00	3.70498273457028e+08
8.35000000000000e+00	3.27681500082009e+08
8.36000000000000e+00	2.89157552451097e+08
8.37000000000000e+00	2.54690334239801e+08
8.38000000000000e+00	2.24002415991597e+08
8.39000000000000e+00	1.96806313798925e+08
8.40000000000000e+00	1.72807289231005e+08
8.41000000000000e+00	1.51715050031438e+08
8.42000000000000e+00	1.33249187679817e+08
8.43000000000000e+00	1.17138693731474e+08
8.44000000000000e+00	1.03130990367386e+08
8.45000000000000e+00	9.09820485255528e+07
8.46000000000000e+00	8.04715544042755e+07
8.47000000000000e+00	7.13918730425582e+07
8.48000000000000e+00	6.35573670595136e+07
8.49000000000000e+00	5.67990205486158e+07
8.50000000000000e+00	5.09682014016849e+07
8.51000000000000e+00	4.59320295838106e+07
8.52000000000000e+00	4.15745678534200e+07
8.53000000000000e+00	3.77948248737853e+07
8.54000000000000e+00	3.45047520604972e+07
8.55000000000000e+00	3.16286560940316e+07
8.56000000000000e+00	2.91028336049226e+07
8.57000000000000e+00	2.68722830844867e+07
8.58000000000000e+00	2.48922454559977e+07
8.59000000000000e+00	2.31244932225176e+07
8.60000000000000e+00	2.15389319517265e+07
8.61000000000000e+00	2.01092342372752e+07
8.62000000000000e+00	1.88146567344597e+07
8.63000000000000e+00	1.76378537687046e+07
8.64000000000000e+00	1.65651818677872e+07
8.65000000000000e+00	1.55848624322679e+07
8.66000000000000e+00	1.46873729190967e+07
8.67000000000000e+00	1.38646206792251e+07
8.68000000000000e+00	1.31098410565898e+07
8.69000000000000e+00	1.24167930093635e+07
8.70000000000000e+00	1.17804086110901e+07
8.71000000000000e+00	1.11956265319871e+07
8.72000000000000e+00	1.06580450073032e+07
8.73000000000000e+00	1.01629383475617e+07
8.74000000000000e+00	9.70665648206114e+06
8.75000000000000e+00	9.28512830778750e+06
8.76000000000000e+00	8.89507080485922e+06
8.77000000000000e+00	8.53281592752094e+06
8.78000000000000e+00	8.19588174729609e+06
8.79000000000000e+00	7.88156511209361e+06
8.80000000000000e+00	7.58753998897032e+06
8.81000000000000e+00	7.31234002848763e+06
8.82000000000000e+00	7.05452449673634e+06
8.83000000000000e+00	6.81290368113219e+06
8.84000000000000e+00	6.58684874770833e+06
8.85000000000000e+00	6.37576656700581e+06
8.86000000000000e+00	6.17887331473621e+06
8.87000000000000e+00	5.99579798701805e+06
8.88000000000000e+00	5.82625257607893e+06
8.89000000000000e+00	5.66970311231382e+06
8.90000000000000e+00	5.52551474641255e+06
8.91000000000000e+00	5.39332503930619e+06
8.92000000000000e+00	5.27207502807103e+06
8.93000000000000e+00	5.16113416188603e+06
8.94000000000000e+00	5.05927187902231e+06
8.95000000000000e+00	4.96594903449341e+06
8.96000000000000e+00	4.87972100140141e+06
8.97000000000000e+00	4.79971014305587e+06
8.98000000000000e+00	4.72485716778329e+06
8.99000000000000e+00	4.65440433463296e+06
9.00000000000000e+00	4.58778119430226e+06
9.01000000000000e+00	4.52448009204944e+06
9.02000000000000e+00	4.46439378045973e+06
9.03000000000000e+00	4.40728042249071e+06
9.04000000000000e+00	4.35310402493745e+06
9.05000000000000e+00	4.30177183927001e+06
9.06000000000000e+00	4.25320725288821e+06
9.07000000000000e+00	4.20684288608890e+06
9.08000000000000e+00	4.16269505420318e+06
9.09000000000000e+00	4.12025911453569e+06
9.10000000000000e+00	4.07950335433662e+06
9.11000000000000e+00	4.04008213320209e+06
9.12000000000000e+00	4.00214309858205e+06
9.13000000000000e+00	3.96547370204932e+06
9.14000000000000e+00	3.93015694456891e+06
9.15000000000000e+00	3.89636764835091e+06
9.16000000000000e+00	3.86408153217250e+06
9.17000000000000e+00	3.83334436500293e+06
9.18000000000000e+00	3.80436125385583e+06
9.19000000000000e+00	3.77732686080537e+06
9.20000000000000e+00	3.75193020760733e+06
9.21000000000000e+00	3.72830481359457e+06
9.22000000000000e+00	3.70619009827715e+06
9.23000000000000e+00	3.68518071645898e+06
9.24000000000000e+00	3.66490052276803e+06
9.25000000000000e+00	3.64454938024053e+06
9.26000000000000e+00	3.62343359512206e+06
9.27000000000000e+00	3.60069719456151e+06
9.28000000000000e+00	3.57551875119116e+06
9.29000000000000e+00	3.54706296000528e+06
9.30000000000000e+00	3.51463795805664e+06
9.31000000000000e+00	3.47771340717539e+06
9.32000000000000e+00	3.43590916904865e+06
9.33000000000000e+00	3.38908574260007e+06
9.34000000000000e+00	3.33732298944679e+06
9.35000000000000e+00	3.28090210274390e+06
9.36000000000000e+00	3.22033625420749e+06
9.37000000000000e+00	3.15623872010714e+06
9.38000000000000e+00	3.08957302222940e+06
9.39000000000000e+00	3.02121582787908e+06
9.40000000000000e+00	2.95229003148135e+06
9.41000000000000e+00	2.88380610650483e+06
9.42000000000000e+00	2.81674304349267e+06
9.43000000000000e+00	2.75225813598668e+06
9.44000000000000e+00	2.69114582013999e+06
9.45000000000000e+00	2.63409644205586e+06
9.46000000000000e+00	2.58188877668101e+06
9.47000000000000e+00	2.53486409398421e+06
9.48000000000000e+00	2.49350418925876e+06
9.49000000000000e+00	2.45794497502481e+06
9.50000000000000e+00	2.42847870405583e+06
9.51000000000000e+00	2.40488163546816e+06
9.52000000000000e+00	2.38700706038928e+06
9.53000000000000e+00	2.37454020258561e+06
9.54000000000000e+00	2.36694385081368e+06
9.55000000000000e+00	2.36359171040432e+06
9.56000000000000e+00	2.36376630729855e+06
9.57000000000000e+00	2.36689166393394e+06
9.58000000000000e+00	2.37241997942394e+06
9.59000000000000e+00	2.38000432086996e+06
9.60000000000000e+00	2.38936337147172e+06
9.61000000000000e+00	2.40030478663296e+06
9.62000000000000e+00	2.41229979482955e+06
9.63000000000000e+00	2.42504774018744e+06
9.64000000000000e+00	2.43797447507386e+06
9.65000000000000e+00	2.45055958158656e+06
9.66000000000000e+00	2.46241625307246e+06
9.67000000000000e+00	2.47316008215952e+06
9.68000000000000e+00	2.48273915765263e+06
9.69000000000000e+00	2.49101264498540e+06
9.70000000000000e+00	2.49795414116126e+06
9.71000000000000e+00	2.50359511066085e+06
9.72000000000000e+00	2.50806764338832e+06
9.73000000000000e+00	2.51132782819240e+06
9.74000000000000e+00	2.51369211517481e+06
9.75000000000000e+00	2.51519551399056e+06
9.76000000000000e+00	2.51592797363423e+06
9.77000000000000e+00	2.51607682747750e+06
9.78000000000000e+00	2.51563763872480e+06
9.79000000000000e+00	2.51475534660939e+06
9.80000000000000e+00	2.51349757493508e+06
9.81000000000000e+00	2.51191491087446e+06
9.82000000000000e+00	2.51014777110387e+06
9.83000000000000e+00	2.50808443570292e+06
9.84000000000000e+00	2.50573001077591e+06
9.85000000000000e+00	2.50314726964493e+06
9.86000000000000e+00	2.50030601526597e+06
9.87000000000000e+00	2.49720408012726e+06
9.88000000000000e+00	2.49410328343932e+06
9.89000000000000e+00	2.49168856851331e+06
9.90000000000000e+00	2.49175612101903e+06
9.91000000000000e+00	2.49794940869289e+06
9.92000000000000e+00	2.51776657358134e+06
9.93000000000000e+00	2.56388702398542e+06
9.94000000000000e+00	2.65610758082527e+06
9.95000000000000e+00	2.82274878529819e+06
9.96000000000000e+00	3.10154626731663e+06
9.97000000000000e+00	3.53824157545237e+06
9.98000000000000e+00	4.18078846746883e+06
9.99000000000000e+00	5.05760711177546e+06
1.00000000000000e+01	6.13988030376364e+06
1.00100000000000e+01	7.28526250979430e+06
1.00200000000000e+01	8.17205081320615e+06
1.00300000000000e+01	8.35302981504417e+06
1.00400000000000e+01	7.55419464241488e+06
1.00500000000000e+01	5.98266425775178e+06
1.00600000000000e+01	4.19690467628875e+06
1.00700000000000e+01	2.67419494293029e+06
1.00800000000000e+01	1.59432500906629e+06
1.00900000000000e+01	9.19576840004534e+05
1.01000000000000e+01	5.35873906491030e+05
1.01100000000000e+01	3.34464079535567e+05
1.01200000000000e+01	2.37004035456288e+05
1.01300000000000e+01	1.94323908875811e+05
1.01400000000000e+01	1.78142329843846e+05
1.01500000000000e+01	1.73255298875426e+05
1.01600000000000e+01	1.72056329200855e+05
1.01700000000000e+01	1.71053641645878e+05
1.01800000000000e+01	1.68894948517068e+05
1.01900000000000e+01	1.65268590264384e+05
1.02000000000000e+01	1.60300977954038e+05
1.02100000000000e+01	1.54302372835634e+05
1.02200000000000e+01	1.47592253898865e+05
1.02300000000000e+01	1.40461365229223e+05
1.02400000000000e+01	1.33150675246254e+05
1.02500000000000e+01	1.25835682545535e+05
1.02600000000000e+01	1.18653278676255e+05
1.02700000000000e+01	1.11694447953508e+05
1.02800000000000e+01	1.05023745545122e+05
1.02900000000000e+01	9.86759370199079e+04
1.03000000000000e+01	9.26718443980230e+04
1.03100000000000e+01	8.70186341583845e+04
1.03200000000000e+01	8.17133265811529e+04
1.03300000000000e+01	7.67467628713550e+04
1.03400000000000e+01	7.21066681964713e+04
1.03500000000000e+01	6.77757525420512e+04
1.03600000000000e+01	6.37382104637361e+04
1.03700000000000e+01	5.99751238403984e+04
1.03800000000000e+01	5.64681500905456e+04
1.03900000000000e+01	5.32008515827826e+04
1.04000000000000e+01	5.01559503909515e+04
1.04100000000000e+01	4.73170763663606e+04
1.04200000000000e+01	4.46699425763189e+04
1.04300000000000e+01	4.21999862837407e+04
1.04400000000000e+01	3.98945704277264e+04
1.04500000000000e+01	3.77411503377253e+04
1.04600000000000e+01	3.57290868691139e+04
1.04700000000000e+01	3.38475053756649e+04
1.04800000000000e+01	3.20874457490913e+04
1.04900000000000e+01	3.04399219922177e+04
1.05000000000000e+01	2.88966236359838e+04
1.05100000000000e+01	2.74501859504213e+04
1.05200000000000e+01	2.60938154703936e+04
1.05300000000000e+01	2.48205895391549e+04
1.05400000000000e+01	2.36250531169971e+04
1.05500000000000e+01	2.25016080598192e+04
1.05600000000000e+01	2.14450206907955e+04
1.05700000000000e+01	2.04504984086865e+04
1.05800000000000e+01	1.95139120251079e+04
1.05900000000000e+01	1.86309825945016e+04
1.06000000000000e+01	1.77982651686393e+04
1.06100000000000e+01	1.70121913483415e+04
1.06200000000000e+01	1.62695895153245e+04
1.06300000000000e+01	1.55676837057992e+04
1.06400000000000e+01	1.49035757520572e+04
1.06500000000000e+01	1.42749295511815e+04
1.06600000000000e+01	1.36793898386945e+04
1.06700000000000e+01	1.31148103907049e+04
1.06800000000000e+01	1.25791650841540e+04
1.06900000000000e+01	1.20707841849227e+04
1.07000000000000e+01	1.15878904293851e+04
1.07100000000000e+01	1.11289067522404e+04
1.07200000000000e+01	1.06925380019024e+04
1.07300000000000e+01	1.02774167616176e+04
1.07400000000000e+01	9.88232651073221e+03
1.07500000000000e+01	9.50618979337356e+03
1.07600000000000e+01	9.14791614318821e+03
1.07700000000000e+01	8.80658327753018e+03
1.07800000000000e+01	8.48128342863069e+03
1.07900000000000e+01	8.17113883817225e+03
1.08000000000000e+01	7.87538189281576e+03
1.08100000000000e+01	7.59321431986550e+03
1.08200000000000e+01	7.32387934132857e+03
1.08300000000000e+01	7.06667809639527e+03
1.08400000000000e+01	6.82099633149740e+03
1.08500000000000e+01	6.58609666421661e+03
1.08600000000000e+01	6.36144886120123e+03
1.08700000000000e+01	6.14649590311519e+03
1.08800000000000e+01	5.94063179456746e+03
1.08900000000000e+01	5.74336432093634e+03
1.09000000000000e+01	5.55423877849642e+03
1.09100000000000e+01	5.37283904085563e+03
1.09200000000000e+01	5.19871384372489e+03
1.09300000000000e+01	5.03146922159750e+03
1.09400000000000e+01	4.87072482956241e+03
1.09500000000000e+01	4.71621236757856e+03
1.09600000000000e+01	4.56758815155821e+03
1.09700000000000e+01	4.42455578716546e+03
1.09800000000000e+01	4.28687212275799e+03
1.09900000000000e+01	4.15428637627794e+03
1.10000000000000e+01	4.02660971540080e+03
1.10100000000000e+01	3.90362249449174e+03
1.10200000000000e+01	3.78519595069295e+03
1.10300000000000e+01	3.67114709946160e+03
1.10400000000000e+01	3.56134932571041e+03
1.10500000000000e+01	3.45565327063832e+03
1.10600000000000e+01	3.35399865722237e+03
1.10700000000000e+01	3.25621099501345e+03
1.10800000000000e+01	3.16217048800457e+03
1.10900000000000e+01	3.07176333892289e+03
1.11000000000000e+01	2.98484114042983e+03
1.11100000000000e+01	2.90127149768012e+03
1.11200000000000e+01	2.82089462702941e+03
1.11300000000000e+01	2.74357043220559e+03
1.11400000000000e+01	2.66913925977712e+03
1.11500000000000e+01	2.59743806581444e+03
1.11600000000000e+01	2.52833308269790e+03
1.11700000000000e+01	2.46167897960312e+03
1.11800000000000e+01	2.39734047200168e+03
1.11900000000000e+01	2.33517917655275e+03
1.12000000000000e+01	2.27507246274543e+03
1.12100000000000e+01	2.21693282081697e+03
1.12200000000000e+01	2.16066259175520e+03
1.12300000000000e+01	2.10615129217774e+03
1.12400000000000e+01	2.05332549121689e+03
1.12500000000000e+01	2.00213532065552e+03
1.12600000000000e+01	1.95248200866548e+03
1.12700000000000e+01	1.90432573799677e+03
1.12800000000000e+01	1.85761149897651e+03
1.12900000000000e+01	1.81227654464844e+03
1.13000000000000e+01	1.76827514248423e+03
1.13100000000000e+01	1.72555595597400e+03
1.13200000000000e+01	1.68408222681242e+03
1.13300000000000e+01	1.64380499945704e+03
1.13400000000000e+01	1.60466956549199e+03
1.13500000000000e+01	1.56665171378009e+03
1.13600000000000e+01	1.52969962995130e+03
1.13700000000000e+01	1.49376215737755e+03
1.13800000000000e+01	1.45883868334327e+03
1.13900000000000e+01	1.42486808212496e+03
1.14000000000000e+01	1.39182764723110e+03
1.14100000000000e+01	1.35969776825914e+03
1.14200000000000e+01	1.32842811906220e+03
1.14300000000000e+01	1.29800890018728e+03
1.14400000000000e+01	1.26841659734755e+03
1.14500000000000e+01	1.23962609273726e+03
1.14600000000000e+01	1.21160832247010e+03
1.14700000000000e+01	1.18433775865575e+03
1.14800000000000e+01	1.15779804576558e+03
1.14900000000000e+01	1.13195505196485e+03
1.15000000000000e+01	1.10680978165418e+03
1.15100000000000e+01	1.08231628179939e+03
1.15200000000000e+01	1.05846970107901e+03
1.15300000000000e+01	1.03525146296306e+03
1.15400000000000e+01	1.01263999780460e+03
1.15500000000000e+01	9.90638571295945e+02
1.15600000000000e+01	9.69226926021431e+02
1.15700000000000e+01	9.48400476010373e+02
1.15800000000000e+01	9.28153297213987e+02
1.15900000000000e+01	9.08468750879854e+02
1.16000000000000e+01	8.89343045240291e+02
1.16100000000000e+01	8.70770209849389e+02
1.16200000000000e+01	8.52724953628780e+02
1.16300000000000e+01	8.35195096263640e+02
1.16400000000000e+01	8.18158207784721e+02
1.16500000000000e+01	8.01597348269875e+02
1.16600000000000e+01	7.85482335373890e+02
1.16700000000000e+01	7.69792821315119e+02
1.16800000000000e+01	7.54494933430201e+02
1.16900000000000e+01	7.39568375378886e+02
1.17000000000000e+01	7.24988656915109e+02
1.17100000000000e+01	7.10732035983420e+02
1.17200000000000e+01	6.96781340093870e+02
1.17300000000000e+01	6.83115860373496e+02
1.17400000000000e+01	6.69729046123684e+02
1.17500000000000e+01	6.56612226427808e+02
1.17600000000000e+01	6.43757159764988e+02
1.17700000000000e+01	6.31162595891761e+02
1.17800000000000e+01	6.18837126133423e+02
1.17900000000000e+01	6.06775574466676e+02
1.18000000000000e+01	5.94982093390989e+02
1.18100000000000e+01	5.83461590789731e+02
1.18200000000000e+01	5.72216361138103e+02
1.18300000000000e+01	5.61247456123861e+02
1.18400000000000e+01	5.50550205942930e+02
1.18500000000000e+01	5.40124961407937e+02
1.18600000000000e+01	5.29965714585294e+02
1.18700000000000e+01	5.20067961243199e+02
1.18800000000000e+01	5.10417214506148e+02
1.18900000000000e+01	5.01012060633678e+02
1.19000000000000e+01	4.91836017797253e+02
1.19100000000000e+01	4.82881982027114e+02
1.19200000000000e+01	4.74138159538981e+02
1.19300000000000e+01	4.65594467602356e+02
1.19400000000000e+01	4.57241721974889e+02
1.19500000000000e+01	4.49068125410208e+02
1.19600000000000e+01	4.41069456029177e+02
1.19700000000000e+01	4.33234111110001e+02
1.19800000000000e+01	4.25555151349703e+02
1.19900000000000e+01	4.18027353422533e+02
1.20000000000000e+01	4.10643352855505e+02
1.20100000000000e+01	4.03401633989853e+02
1.20200000000000e+01	3.96299002323302e+02
1.20300000000000e+01	3.89331342140958e+02
1.20400000000000e+01	3.82501722323721e+02
1.20500000000000e+01	3.75804554500735e+02
1.20600000000000e+01	3.69247221552610e+02
1.20700000000000e+01	3.62823850117130e+02
1.20800000000000e+01	3.56540747611431e+02
1.20900000000000e+01	3.50393924495949e+02
1.21000000000000e+01	3.44386611136663e+02
1.21100000000000e+01	3.38520196148680e+02
1.21200000000000e+01	3.32789092860594e+02
1.21300000000000e+01	3.27191157706183e+02
1.21400000000000e+01	3.21726002097116e+02
1.21500000000000e+01	3.16390693341441e+02
1.21600000000000e+01	3.11173922742408e+02
1.21700000000000e+01	3.06074315168667e+02
1.21800000000000e+01	3.01083847229770e+02
1.21900000000000e+01	2.96200082757168e+02
1.22000000000000e+01	2.91411860705997e+02
1.22100000000000e+01	2.86715596139407e+02
1.22200000000000e+01	2.82105830116090e+02
1.22300000000000e+01	2.77574809506688e+02
1.22400000000000e+01	2.73118479370788e+02
1.22500000000000e+01	2.68734055335672e+02
1.22600000000000e+01	2.64416089854938e+02
1.22700000000000e+01	2.60162905945877e+02
1.22800000000000e+01	2.55966913758066e+02
1.22900000000000e+01	2.51831452698249e+02
1.23000000000000e+01	2.47748641568567e+02
1.23100000000000e+01	2.43721329050685e+02
1.23200000000000e+01	2.39746216824762e+02
1.23300000000000e+01	2.35821941641774e+02
1.23400000000000e+01	2.31949963872489e+02
1.23500000000000e+01	2.28130625681687e+02
1.23600000000000e+01	2.24364574992887e+02
1.23700000000000e+01	2.20653516045353e+02
1.23800000000000e+01	2.16998281406043e+02
1.23900000000000e+01	2.13403304514487e+02
1.24000000000000e+01	2.09868769617976e+02
1.24100000000000e+01	2.06397591249778e+02
1.24200000000000e+01	2.02990631157180e+02
1.24300000000000e+01	1.99647531243374e+02
1.24400000000000e+01	1.96372409972913e+02
1.24500000000000e+01	1.93161873585674e+02
1.24600000000000e+01	1.90016315507724e+02
1.24700000000000e+01	1.86934910020335e+02
1.24800000000000e+01	1.83917061435939e+02
1.24900000000000e+01	1.80959905741339e+02
1.25000000000000e+01	1.78064797645846e+02
1.25100000000000e+01	1.75229214876904e+02
1.25200000000000e+01	1.72452679193411e+02
1.25300000000000e+01	1.69733805814220e+02
1.25400000000000e+01	1.67072363608163e+02
1.25500000000000e+01	1.64466659846044e+02
1.25600000000000e+01	1.61916995818412e+02
1.25700000000000e+01	1.59420916615636e+02
1.25800000000000e+01	1.56978372961335e+02
1.25900000000000e+01	1.54587401274219e+02
1.26000000000000e+01	1.52247049251932e+02
1.26100000000000e+01	1.49953850437065e+02
1.26200000000000e+01	1.47708493700975e+02
1.26300000000000e+01	1.45507100550202e+02
1.26400000000000e+01	1.43349016546118e+02
1.26500000000000e+01	1.41233204092548e+02
1.26600000000000e+01	1.39158691520322e+02
1.26700000000000e+01	1.37123064098506e+02
1.26800000000000e+01	1.35127377226344e+02
1.26900000000000e+01	1.33169468521382e+02
1.27000000000000e+01	1.31250416513708e+02
1.27100000000000e+01	1.29368766224017e+02
1.27200000000000e+01	1.27525416884294e+02
1.27300000000000e+01	1.25718577919198e+02
1.27400000000000e+01	1.23948977371539e+02
1.27500000000000e+01	1.22215345083308e+02
1.27600000000000e+01	1.20517211890704e+02
1.27700000000000e+01	1.18853847251696e+02
1.27800000000000e+01	1.17223440819188e+02
1.27900000000000e+01	1.15625312243242e+02
1.28000000000000e+01	1.14058173253492e+02
1.28100000000000e+01	1.12520296370671e+02
1.28200000000000e+01	1.11011445731282e+02
1.28300000000000e+01	1.09529289620287e+02
1.28400000000000e+01	1.08073890590522e+02
1.28500000000000e+01	1.06644475400670e+02
1.28600000000000e+01	1.05239777282806e+02
1.28700000000000e+01	1.03859308951761e+02
1.28800000000000e+01	1.02502469521265e+02
1.28900000000000e+01	1.01168754422225e+02
1.29000000000000e+01	9.98570541882451e+01
1.29100000000000e+01	9.85673123885907e+01
1.29200000000000e+01	9.72984971981677e+01
1.29300000000000e+01	9.60510927725800e+01
1.29400000000000e+01	9.48224684411226e+01
1.29500000000000e+01	9.36142600395593e+01
1.29600000000000e+01	9.24235098204693e+01
1.29700000000000e+01	9.12523432882231e+01
1.29800000000000e+01	9.00983804481243e+01
1.29900000000000e+01	8.89624766894625e+01
1.30000000000000e+01	8.78432029458259e+01
1.30100000000000e+01	8.67416984207968e+01
1.30200000000000e+01	8.56563184883616e+01
1.30300000000000e+01	8.45874209412182e+01
1.30400000000000e+01	8.35345402946511e+01
1.30500000000000e+01	8.24971272072803e+01
1.30600000000000e+01	8.14741110019886e+01
1.30700000000000e+01	8.04643994485547e+01
1.30800000000000e+01	7.94683044575009e+01
1.30900000000000e+01	7.84840991241652e+01
1.31000000000000e+01	7.75108939989971e+01
1.31100000000000e+01	7.65489394710652e+01
1.31200000000000e+01	7.55968568315581e+01
1.31300000000000e+01	7.46544018069434e+01
1.31400000000000e+01	7.37217319084704e+01
1.31500000000000e+01	7.27988574993229e+01
1.31600000000000e+01	7.18860767553751e+01
1.31700000000000e+01	7.09834101873865e+01
1.31800000000000e+01	7.00911280935892e+01
1.31900000000000e+01	6.92103299176373e+01
1.32000000000000e+01	6.83405523366662e+01
1.32100000000000e+01	6.74822277237554e+01
1.32200000000000e+01	6.66358693302850e+01
1.32300000000000e+01	6.58005716236487e+01
1.32400000000000e+01	6.49770931614800e+01
1.32500000000000e+01	6.41643201884683e+01
1.32600000000000e+01	6.33617412005866e+01
1.32700000000000e+01	6.25698025149519e+01
1.32800000000000e+01	6.17876859586138e+01
1.32900000000000e+01	6.10153488583062e+01
1.33000000000000e+01	6.02528566314327e+01
1.33100000000000e+01	5.94999380929637e+01
1.33200000000000e+01	5.87571164467612e+01
1.33300000000000e+01	5.80244522612807e+01
1.33400000000000e+01	5.73021097078734e+01
1.33500000000000e+01	5.65907607368539e+01
1.33600000000000e+01	5.58896954599899e+01
1.33700000000000e+01	5.51997763772947e+01
1.33800000000000e+01	5.45211225195606e+01
1.33900000000000e+01	5.38534252553866e+01
1.34000000000000e+01	5.31963453852825e+01
1.34100000000000e+01	5.25497988332708e+01
1.34200000000000e+01	5.19137258955397e+01
1.34300000000000e+01	5.12873615955697e+01
1.34400000000000e+01	5.06706587383493e+01
1.34500000000000e+01	5.00632337273087e+01
1.34600000000000e+01	4.94647635518153e+01
1.34700000000000e+01	4.88743194022727e+01
1.34800000000000e+01	4.82922765956377e+01
1.34900000000000e+01	4.77179877450063e+01
1.35000000000000e+01	4.71511038336331e+01
1.35100000000000e+01	4.65912655069698e+01
1.35200000000000e+01	4.60381225232131e+01
1.35300000000000e+01	4.54917420401959e+01
1.35400000000000e+01	4.49517297305063e+01
1.35500000000000e+01	4.44173901374524e+01
1.35600000000000e+01	4.38887546231516e+01
1.35700000000000e+01	4.33657148231397e+01
1.35800000000000e+01	4.28483388785683e+01
1.35900000000000e+01	4.23358463901304e+01
1.36000000000000e+01	4.18288541243502e+01
1.36100000000000e+01	4.13269750473078e+01
1.36200000000000e+01	4.08303547589269e+01
1.36300000000000e+01	4.03388733815202e+01
1.36400000000000e+01	3.98529594417247e+01
1.36500000000000e+01	3.93727792672840e+01
1.36600000000000e+01	3.88984730776208e+01
1.36700000000000e+01	3.84299687410789e+01
1.36800000000000e+01	3.79678999766750e+01
1.36900000000000e+01	3.75123761150715e+01
1.37000000000000e+01	3.70634649014545e+01
1.37100000000000e+01	3.66218961988119e+01
1.37200000000000e+01	3.61871765115640e+01
1.37300000000000e+01	3.57601615793570e+01
1.37400000000000e+01	3.53404717632995e+01
1.37500000000000e+01	3.49287773478844e+01
1.37600000000000e+01	3.45243436301460e+01
1.37700000000000e+01	3.41272656936221e+01
1.37800000000000e+01	3.37376652737371e+01
1.37900000000000e+01	3.33547144185567e+01
1.38000000000000e+01	3.29786824014930e+01
1.38100000000000e+01	3.26089726179628e+01
1.38200000000000e+01	3.22450417997452e+01
1.38300000000000e+01	3.18866084856098e+01
1.38400000000000e+01	3.15336156854273e+01
1.38500000000000e+01	3.11854392014076e+01
1.38600000000000e+01	3.08417540086130e+01
1.38700000000000e+01	3.05023767336548e+01
1.38800000000000e+01	3.01675962562044e+01
1.38900000000000e+01	2.98364120811207e+01
1.39000000000000e+01	2.95089377178416e+01
1.39100000000000e+01	2.91853133056478e+01
1.39200000000000e+01	2.88653311628034e+01
1.39300000000000e+01	2.85486272719198e+01
1.39400000000000e+01	2.82353780083462e+01
1.39500000000000e+01	2.79255667854373e+01
1.39600000000000e+01	2.76188812358272e+01
1.39700000000000e+01	2.73155113339001e+01
1.39800000000000e+01	2.70154859894321e+01
1.39900000000000e+01	2.67186761794547e+01
1.40000000000000e+01	2.64253089344723e+01
1.40100000000000e+01	2.61352152090144e+01
1.40200000000000e+01	2.58484868785770e+01
1.40300000000000e+01	2.55652776636440e+01
1.40400000000000e+01	2.52857858004880e+01
1.40500000000000e+01	2.50096830033361e+01
1.40600000000000e+01	2.47373839007166e+01
1.40700000000000e+01	2.44688575815658e+01
1.40800000000000e+01	2.42038415965925e+01
1.40900000000000e+01	2.39425366056897e+01
1.41000000000000e+01	2.36846416409627e+01
1.41100000000000e+01	2.34303274729842e+01
1.41200000000000e+01	2.31791026026363e+01
1.41300000000000e+01	2.29310252019350e+01
1.41400000000000e+01	2.26860516187364e+01
1.41500000000000e+01	2.24434971671695e+01
1.41600000000000e+01	2.22035952764169e+01
1.41700000000000e+01	2.19659906337664e+01
1.41800000000000e+01	2.17306872388252e+01
1.41900000000000e+01	2.14975995356098e+01
1.42000000000000e+01	2.12666367402497e+01
1.42100000000000e+01	2.10377413448885e+01
1.42200000000000e+01	2.08114236041983e+01
1.42300000000000e+01	2.05873727668863e+01
1.42400000000000e+01	2.03657099883981e+01
1.42500000000000e+01	2.01468532646160e+01
1.42600000000000e+01	1.99304718148406e+01
1.42700000000000e+01	1.97169740127212e+01
1.42800000000000e+01	1.95064639788798e+01
1.42900000000000e+01	1.92987517509837e+01
1.43000000000000e+01	1.90940176429550e+01
1.43100000000000e+01	1.88921972048476e+01
1.43200000000000e+01	1.86930447064457e+01
1.43300000000000e+01	1.84967303145609e+01
1.43400000000000e+01	1.83029317316441e+01
1.43500000000000e+01	1.81119198903373e+01
1.43600000000000e+01	1.79232928423792e+01
1.43700000000000e+01	1.77370115020777e+01
1.43800000000000e+01	1.75532587711953e+01
1.43900000000000e+01	1.73719130200607e+01
1.44000000000000e+01	1.71930462480264e+01
1.44100000000000e+01	1.70164174536892e+01
1.44200000000000e+01	1.68422162656735e+01
1.44300000000000e+01	1.66701832961001e+01
1.44400000000000e+01	1.65007203170271e+01
1.44500000000000e+01	1.63333305751580e+01
1.44600000000000e+01	1.61682777044041e+01
1.44700000000000e+01	1.60054175934966e+01
1.44800000000000e+01	1.58446471422490e+01
1.44900000000000e+01	1.56860525374522e+01
1.45000000000000e+01	1.55294581446717e+01
1.45100000000000e+01	1.53747893654414e+01
1.45200000000000e+01	1.52221181775619e+01
1.45300000000000e+01	1.50711767381129e+01
1.45400000000000e+01	1.49221317315084e+01
1.45500000000000e+01	1.47747441929380e+01
1.45600000000000e+01	1.46290690798239e+01
1.45700000000000e+01	1.44849935477873e+01
1.45800000000000e+01	1.43424765821043e+01
1.45900000000000e+01	1.42015920403741e+01
1.46000000000000e+01	1.40622386199955e+01
1.46100000000000e+01	1.39242007791639e+01
1.46200000000000e+01	1.37877695370955e+01
1.46300000000000e+01	1.36525605506460e+01
1.46400000000000e+01	1.35189685555420e+01
1.46500000000000e+01	1.33867874654315e+01
1.46600000000000e+01	1.32560397964687e+01
1.46700000000000e+01	1.31267246712367e+01
1.46800000000000e+01	1.29989137222302e+01
1.46900000000000e+01	1.28725184899607e+01
1.47000000000000e+01	1.27476934135111e+01
1.47100000000000e+01	1.26243391016395e+01
1.47200000000000e+01	1.25023240993727e+01
1.47300000000000e+01	1.23817797440672e+01
1.47400000000000e+01	1.22626771727474e+01
1.47500000000000e+01	1.21448759240194e+01
1.47600000000000e+01	1.20285046099684e+01
1.47700000000000e+01	1.19133413495975e+01
1.47800000000000e+01	1.17994279472241e+01
1.47900000000000e+01	1.16865775327535e+01
1.48000000000000e+01	1.15749076060477e+01
1.48100000000000e+01	1.14642411588964e+01
1.48200000000000e+01	1.13546420555935e+01
1.48300000000000e+01	1.12459448639442e+01
1.48400000000000e+01	1.11382139101130e+01
1.48500000000000e+01	1.10314711445722e+01
1.48600000000000e+01	1.09256429318306e+01
1.48700000000000e+01	1.08206689253980e+01
1.48800000000000e+01	1.07166276678458e+01
1.48900000000000e+01	1.06134766206368e+01
1.49000000000000e+01	1.05113766670529e+01
1.49100000000000e+01	1.04101831672292e+01
1.49200000000000e+01	1.03099220382425e+01
1.49300000000000e+01	1.02106747397038e+01
1.49400000000000e+01	1.01124438147627e+01
1.49500000000000e+01	1.00152397081471e+01
1.49600000000000e+01	9.91905750538978e+00
1.49700000000000e+01	9.82402888334961e+00
1.49800000000000e+01	9.73001232211540e+00
1.49900000000000e+01	9.63712083156981e+00
1.50000000000000e+01	9.54520642192351e+00
1.50100000000000e+01	9.45451231103106e+00
1.50200000000000e+01	9.36472304190363e+00
1.50300000000000e+01	9.27603556058435e+00
1.50400000000000e+01	9.18832316542924e+00
1.50500000000000e+01	9.10163008483327e+00
1.50600000000000e+01	9.01584826792060e+00
1.50700000000000e+01	8.93095593805251e+00
1.50800000000000e+01	8.84690627958619e+00
1.50900000000000e+01	8.76369597779865e+00
1.51000000000000e+01	8.68122455153327e+00
1.51100000000000e+01	8.59955031861248e+00
1.51200000000000e+01	8.51865663252655e+00
1.51300000000000e+01	8.43841805521866e+00
1.51400000000000e+01	8.35889817126491e+00
1.51500000000000e+01	8.28003817403456e+00
1.51600000000000e+01	8.20184799543958e+00
1.51700000000000e+01	8.12432185613839e+00
1.51800000000000e+01	8.04754170213238e+00
1.51900000000000e+01	7.97143526767688e+00
1.52000000000000e+01	7.89606766968997e+00
1.52100000000000e+01	7.82136037149667e+00
1.52200000000000e+01	7.74746922562985e+00
1.52300000000000e+01	7.67420233876960e+00
1.52400000000000e+01	7.60152472627413e+00
1.52500000000000e+01	7.52955668624464e+00
1.52600000000000e+01	7.45810588361781e+00
1.52700000000000e+01	7.38713054497177e+00
1.52800000000000e+01	7.31669636879102e+00
1.52900000000000e+01	7.24656837870072e+00
1.53000000000000e+01	7.17676955932642e+00
1.53100000000000e+01	7.10719227786386e+00
1.53200000000000e+01	7.03779628723672e+00
1.53300000000000e+01	6.96859342039986e+00
1.53400000000000e+01	6.89947602460741e+00
1.53500000000000e+01	6.83049393895624e+00
1.53600000000000e+01	6.76165356670022e+00
1.53700000000000e+01	6.69294301185282e+00
1.53800000000000e+01	6.62444299682075e+00
1.53900000000000e+01	6.55619931599349e+00
1.54000000000000e+01	6.48831315721953e+00
1.54100000000000e+01	6.42092531335860e+00
1.54200000000000e+01	6.35409642225227e+00
1.54300000000000e+01	6.28796167982238e+00
1.54400000000000e+01	6.22266025506287e+00
1.54500000000000e+01	6.15831074109228e+00
1.54600000000000e+01	6.09511067948237e+00
1.54700000000000e+01	6.03319086605600e+00
1.54800000000000e+01	5.97256694054966e+00
1.54900000000000e+01	5.91350113989823e+00
1.55000000000000e+01	5.85594937047962e+00
1.55100000000000e+01	5.80006293906557e+00
1.55200000000000e+01	5.74579517928638e+00
1.55300000000000e+01	5.69319535737928e+00
1.55400000000000e+01	5.64213541142936e+00
1.55500000000000e+01	5.59258458636906e+00
1.55600000000000e+01	5.54439717695188e+00
1.55700000000000e+01	5.49745562940131e+00
1.55800000000000e+01	5.45166619227673e+00
1.55900000000000e+01	5.40676998934721e+00
1.56000000000000e+01	5.36262360004237e+00
1.56100000000000e+01	5.31913044356861e+00
1.56200000000000e+01	5.27610952032906e+00
1.56300000000000e+01	5.23350464960885e+00
1.56400000000000e+01	5.19117968319289e+00
1.56500000000000e+01	5.14899619742621e+00
1.56600000000000e+01	5.10692098385977e+00
1.56700000000000e+01	5.06489658662204e+00
1.56800000000000e+01	5.02294876166985e+00
1.56900000000000e+01	4.98095796700316e+00
1.57000000000000e+01	4.93900892833590e+00
1.57100000000000e+01	4.89703558119793e+00
1.57200000000000e+01	4.85512663210134e+00
1.57300000000000e+01	4.81326173074904e+00
1.57400000000000e+01	4.77150118805996e+00
1.57500000000000e+01	4.72993193785076e+00
1.57600000000000e+01	4.68853875275665e+00
1.57700000000000e+01	4.64741264745155e+00
1.57800000000000e+01	4.60662792657644e+00
1.57900000000000e+01	4.56626091706741e+00
1.58000000000000e+01	4.52634355852653e+00
1.58100000000000e+01	4.48696370637143e+00
1.58200000000000e+01	4.44812907767777e+00
1.58300000000000e+01	4.40994501846209e+00
1.58400000000000e+01	4.37240377039208e+00
1.58500000000000e+01	4.33557466968958e+00
1.58600000000000e+01	4.29939761583657e+00
1.58700000000000e+01	4.26392641916531e+00
1.58800000000000e+01	4.22908449302655e+00
1.58900000000000e+01	4.19488167624055e+00
1.59000000000000e+01	4.16130264425568e+00
1.59100000000000e+01	4.12825389900955e+00
1.59200000000000e+01	4.09565928544575e+00
1.59300000000000e+01	4.06351162641171e+00
1.59400000000000e+01	4.03176947701864e+00
1.59500000000000e+01	4.00031489959109e+00
1.59600000000000e+01	3.96912995803971e+00
1.59700000000000e+01	3.93823441555348e+00
1.59800000000000e+01	3.90752568141886e+00
1.59900000000000e+01	3.87698562824785e+00
1.60000000000000e+01	3.84664276795985e+00
1.60100000000000e+01	3.81645196400567e+00
1.60200000000000e+01	3.78645690018131e+00
1.60300000000000e+01	3.75659963986087e+00
1.60400000000000e+01	3.72693345355389e+00
1.60500000000000e+01	3.69745834851963e+00
1.60600000000000e+01	3.66816139330918e+00
1.60700000000000e+01	3.63902309145427e+00
1.60800000000000e+01	3.61010447420691e+00
1.60900000000000e+01	3.58138971609487e+00
1.61000000000000e+01	3.55287830791750e+00
1.61100000000000e+01	3.52457271194576e+00
1.61200000000000e+01	3.49651699948127e+00
1.61300000000000e+01	3.46864558376587e+00
1.61400000000000e+01	3.44105141211162e+00
1.61500000000000e+01	3.41368111586507e+00
1.61600000000000e+01	3.38654385003743e+00
1.61700000000000e+01	3.35968957203307e+00
1.61800000000000e+01	3.33307002179360e+00
1.61900000000000e+01	3.30676720243362e+00
1.62000000000000e+01	3.28070087314419e+00
1.62100000000000e+01	3.25497295384955e+00
1.62200000000000e+01	3.22952888463697e+00
1.62300000000000e+01	3.20437517051229e+00
1.62400000000000e+01	3.17950966493429e+00
1.62500000000000e+01	3.15498612254445e+00
1.62600000000000e+01	3.13068244973979e+00
1.62700000000000e+01	3.10668328532497e+00
1.62800000000000e+01	3.08291676044108e+00
1.62900000000000e+01	3.05936185196106e+00
1.63000000000000e+01	3.03601988015469e+00
1.63100000000000e+01	3.01282564289616e+00
1.63200000000000e+01	2.98978617210639e+00
1.63300000000000e+01	2.96684037769746e+00
1.63400000000000e+01	2.94395304464948e+00
1.63500000000000e+01	2.92114314942228e+00
1.63600000000000e+01	2.89836160101998e+00
1.63700000000000e+01	2.87556180738031e+00
1.63800000000000e+01	2.85275311863286e+00
1.63900000000000e+01	2.82992894880194e+00
1.64000000000000e+01	2.80705592417404e+00
1.64100000000000e+01	2.78418584471107e+00
1.64200000000000e+01	2.76127537687265e+00
1.64300000000000e+01	2.73840213860511e+00
1.64400000000000e+01	2.71555867743799e+00
1.64500000000000e+01	2.69274957529857e+00
1.64600000000000e+01	2.67005810400311e+00
1.64700000000000e+01	2.64753214327278e+00
1.64800000000000e+01	2.62515437659500e+00
1.64900000000000e+01	2.60302733065987e+00
1.65000000000000e+01	2.58116784265175e+00
1.65100000000000e+01	2.55955927469595e+00
1.65200000000000e+01	2.53830800818552e+00
1.65300000000000e+01	2.51738667076011e+00
1.65400000000000e+01	2.49680312322194e+00
1.65500000000000e+01	2.47658740813347e+00
1.65600000000000e+01	2.45672217939307e+00
1.65700000000000e+01	2.43720415440985e+00
1.65800000000000e+01	2.41804115230731e+00
1.65900000000000e+01	2.39920656356086e+00
1.66000000000000e+01	2.38070210636967e+00
1.66100000000000e+01	2.36249205232100e+00
1.66200000000000e+01	2.34459787869860e+00
1.66300000000000e+01	2.32695990286424e+00
1.66400000000000e+01	2.30960442673577e+00
1.66500000000000e+01	2.29247904880683e+00
1.66600000000000e+01	2.27560641133726e+00
1.66700000000000e+01	2.25893711070700e+00
1.66800000000000e+01	2.24249627826047e+00
1.66900000000000e+01	2.22621797716402e+00
1.67000000000000e+01	2.21012660430414e+00
1.67100000000000e+01	2.19417798097263e+00
1.67200000000000e+01	2.17839810657367e+00
1.67300000000000e+01	2.16272210645857e+00
1.67400000000000e+01	2.14716522413526e+00
1.67500000000000e+01	2.13170325873542e+00
1.67600000000000e+01	2.11633251802331e+00
1.67700000000000e+01	2.10101540977331e+00
1.67800000000000e+01	2.08577290253999e+00
1.67900000000000e+01	2.07060819271186e+00
1.68000000000000e+01	2.05545424306671e+00
1.68100000000000e+01	2.04037453908703e+00
1.68200000000000e+01	2.02535578037333e+00
1.68300000000000e+01	2.01037537933649e+00
1.68400000000000e+01	1.99545897799985e+00
1.68500000000000e+01	1.98061073905069e+00
1.68600000000000e+01	1.96584420641587e+00
1.68700000000000e+01	1.95116430911980e+00
1.68800000000000e+01	1.93657405578305e+00
1.68900000000000e+01	1.92206141353903e+00
1.69000000000000e+01	1.90767778831117e+00
1.69100000000000e+01	1.89337713217321e+00
1.69200000000000e+01	1.87919374555737e+00
1.69300000000000e+01	1.86511247895425e+00
1.69400000000000e+01	1.85116719854686e+00
1.69500000000000e+01	1.83733525924281e+00
1.69600000000000e+01	1.82361377132763e+00
1.69700000000000e+01	1.81004093314525e+00
1.69800000000000e+01	1.79659028541937e+00
1.69900000000000e+01	1.78331374000160e+00
1.70000000000000e+01	1.77016440160245e+00
1.70100000000000e+01	1.75721953279849e+00
1.70200000000000e+01	1.74443027907503e+00
1.70300000000000e+01	1.73184205173464e+00
1.70400000000000e+01	1.71941143791560e+00
1.70500000000000e+01	1.70717873238497e+00
1.70600000000000e+01	1.69513353760206e+00
1.70700000000000e+01	1.68326114429063e+00
1.70800000000000e+01	1.67155217308537e+00
1.70900000000000e+01	1.65999175887048e+00
1.71000000000000e+01	1.64857137013452e+00
1.71100000000000e+01	1.63729370254517e+00
1.71200000000000e+01	1.62612338978736e+00
1.71300000000000e+01	1.61505524513822e+00
1.71400000000000e+01	1.60408181147043e+00
1.71500000000000e+01	1.59320350438447e+00
1.71600000000000e+01	1.58238947919759e+00
1.71700000000000e+01	1.57166888112114e+00
1.71800000000000e+01	1.56099903823860e+00
1.71900000000000e+01	1.55042369063643e+00
1.72000000000000e+01	1.53990066487120e+00
1.72100000000000e+01	1.52946136557187e+00
1.72200000000000e+01	1.51908883357798e+00
1.72300000000000e+01	1.50875853076207e+00
1.72400000000000e+01	1.49852278713058e+00
1.72500000000000e+01	1.48834376788214e+00
1.72600000000000e+01	1.47823059963952e+00
1.72700000000000e+01	1.46817156283565e+00
1.72800000000000e+01	1.45817789414866e+00
1.72900000000000e+01	1.44823711713622e+00
1.73000000000000e+01	1.43836041661497e+00
1.73100000000000e+01	1.42853466450282e+00
1.73200000000000e+01	1.41876100342338e+00
1.73300000000000e+01	1.40903891713807e+00
1.73400000000000e+01	1.39937145731095e+00
1.73500000000000e+01	1.38975559682378e+00
1.73600000000000e+01	1.38018143751374e+00
1.73700000000000e+01	1.37066252578771e+00
1.73800000000000e+01	1.36118647703582e+00
1.73900000000000e+01	1.35176837967755e+00
1.74000000000000e+01	1.34240684211253e+00
1.74100000000000e+01	1.33309279611715e+00
1.74200000000000e+01	1.32382483377897e+00
1.74300000000000e+01	1.31460419113960e+00
1.74400000000000e+01	1.30545428635637e+00
1.74500000000000e+01	1.29635190441048e+00
1.74600000000000e+01	1.28729481330465e+00
1.74700000000000e+01	1.27829521219476e+00
1.74800000000000e+01	1.26935201110566e+00
1.74900000000000e+01	1.26044240206118e+00
1.75000000000000e+01	1.25159730191098e+00
1.75100000000000e+01	1.24279409329857e+00
1.75200000000000e+01	1.23402102923723e+00
1.75300000000000e+01	1.22529195522403e+00
1.75400000000000e+01	1.21659443596799e+00
1.75500000000000e+01	1.20795365255457e+00
1.75600000000000e+01	1.19933880236006e+00
1.75700000000000e+01	1.19076364012313e+00
1.75800000000000e+01	1.18223290015996e+00
1.75900000000000e+01	1.17375016269724e+00
1.76000000000000e+01	1.16531839290347e+00
1.76100000000000e+01	1.15695087476281e+00
1.76200000000000e+01	1.14864083613517e+00
1.76300000000000e+01	1.14039899550642e+00
1.76400000000000e+01	1.13221533352152e+00
1.76500000000000e+01	1.12411184252627e+00
1.76600000000000e+01	1.11608513137235e+00
1.76700000000000e+01	1.10813466416214e+00
1.76800000000000e+01	1.10025646269699e+00
1.76900000000000e+01	1.09245760078009e+00
1.77000000000000e+01	1.08472693957393e+00
1.77100000000000e+01	1.07706825640644e+00
1.77200000000000e+01	1.06947955197857e+00
1.77300000000000e+01	1.06194863260195e+00
1.77400000000000e+01	1.05449208216332e+00
1.77500000000000e+01	1.04707816202192e+00
1.77600000000000e+01	1.03972299672410e+00
1.77700000000000e+01	1.03241825800364e+00
1.77800000000000e+01	1.02516117452369e+00
1.77900000000000e+01	1.01795112179738e+00
1.78000000000000e+01	1.01078057895505e+00
1.78100000000000e+01	1.00366664767125e+00
1.78200000000000e+01	9.96582443766635e-01
1.78300000000000e+01	9.89538869976532e-01
1.78400000000000e+01	9.82545688360465e-01
1.78500000000000e+01	9.75594426163172e-01
1.78600000000000e+01	9.68685059860814e-01
1.78700000000000e+01	9.61820537837001e-01
1.78800000000000e+01	9.54990070369465e-01
1.78900000000000e+01	9.48211907880182e-01
1.79000000000000e+01	9.41467061200832e-01
1.79100000000000e+01	9.34775630991286e-01
1.79200000000000e+01	9.28108595117260e-01
1.79300000000000e+01	9.21493306399746e-01
1.79400000000000e+01	9.14914271288921e-01
1.79500000000000e+01	9.08372897104038e-01
1.79600000000000e+01	9.01862243033311e-01
1.79700000000000e+01	8.95404788423231e-01
1.79800000000000e+01	8.88978620947231e-01
1.79900000000000e+01	8.82605173131450e-01
1.80000000000000e+01	8.76290442947387e-01
1.80100000000000e+01	8.70046090593803e-01
1.80200000000000e+01	8.63860138644819e-01
1.80300000000000e+01	8.57767370086607e-01
1.80400000000000e+01	8.51768383210686e-01
1.80500000000000e+01	8.45851957691608e-01
1.80600000000000e+01	8.40032369125600e-01
1.80700000000000e+01	8.34327487145731e-01
1.80800000000000e+01	8.28713494157556e-01
1.80900000000000e+01	8.23190807909067e-01
1.81000000000000e+01	8.17749986394503e-01
1.81100000000000e+01	8.12399665615592e-01
1.81200000000000e+01	8.07130483780553e-01
1.81300000000000e+01	8.01911596006828e-01
1.81400000000000e+01	7.96745952114391e-01
1.81500000000000e+01	7.91636439683343e-01
1.81600000000000e+01	7.86548028588632e-01
1.81700000000000e+01	7.81510031292978e-01
1.81800000000000e+01	7.76476345840028e-01
1.81900000000000e+01	7.71476006673626e-01
1.82000000000000e+01	7.66488510779432e-01
1.82100000000000e+01	7.61515568632590e-01
1.82200000000000e+01	7.56557848995763e-01
1.82300000000000e+01	7.51610140895680e-01
1.82400000000000e+01	7.46677065866902e-01
1.82500000000000e+01	7.41752064262433e-01
1.82600000000000e+01	7.36846555704303e-01
1.82700000000000e+01	7.31947702493282e-01
1.82800000000000e+01	7.27067579305200e-01
1.82900000000000e+01	7.22209992122695e-01
1.83000000000000e+01	7.17382681821564e-01
1.83100000000000e+01	7.12569319616164e-01
1.83200000000000e+01	7.07799022211521e-01
1.83300000000000e+01	7.03058099521527e-01
1.83400000000000e+01	6.98354119292391e-01
1.83500000000000e+01	6.93699196608196e-01
1.83600000000000e+01	6.89088851529874e-01
1.83700000000000e+01	6.84528056584391e-01
1.83800000000000e+01	6.80028235483751e-01
1.83900000000000e+01	6.75584521616009e-01
1.84000000000000e+01	6.71199331982731e-01
1.84100000000000e+01	6.66882626999237e-01
1.84200000000000e+01	6.62627340837594e-01
1.84300000000000e+01	6.58441562013477e-01
1.84400000000000e+01	6.54307759017033e-01
1.84500000000000e+01	6.50246685551465e-01
1.84600000000000e+01	6.46231488859188e-01
1.84700000000000e+01	6.42273231518305e-01
1.84800000000000e+01	6.38359331864362e-01
1.84900000000000e+01	6.34490245358522e-01
1.85000000000000e+01	6.30653948033048e-01
1.85100000000000e+01	6.26844218107759e-01
1.85200000000000e+01	6.23055115162390e-01
1.85300000000000e+01	6.19289746815349e-01
1.85400000000000e+01	6.15542784210702e-01
1.85500000000000e+01	6.11797020574901e-01
1.85600000000000e+01	6.08062741259843e-01
1.85700000000000e+01	6.04332674556114e-01
1.85800000000000e+01	6.00611700257515e-01
1.85900000000000e+01	5.96891695122868e-01
1.86000000000000e+01	5.93173893003509e-01
1.86100000000000e+01	5.89465591875179e-01
1.86200000000000e+01	5.85761594615149e-01
1.86300000000000e+01	5.82063145364567e-01
1.86400000000000e+01	5.78378836505133e-01
1.86500000000000e+01	5.74704191273140e-01
1.86600000000000e+01	5.71041589509366e-01
1.86700000000000e+01	5.67392214371613e-01
1.86800000000000e+01	5.63764036817984e-01
1.86900000000000e+01	5.60157785208015e-01
1.87000000000000e+01	5.56563135005612e-01
1.87100000000000e+01	5.52992465490195e-01
1.87200000000000e+01	5.49439275933963e-01
1.87300000000000e+01	5.45910467904599e-01
1.87400000000000e+01	5.42398985615142e-01
1.87500000000000e+01	5.38905018367939e-01
1.87600000000000e+01	5.35433376685165e-01
1.87700000000000e+01	5.31977883073371e-01
1.87800000000000e+01	5.28537662207967e-01
1.87900000000000e+01	5.25111616840615e-01
1.88000000000000e+01	5.21705817577221e-01
1.88100000000000e+01	5.18313274429249e-01
1.88200000000000e+01	5.14938606631218e-01
1.88300000000000e+01	5.11575815627238e-01
1.88400000000000e+01	5.08223786406935e-01
1.88500000000000e+01	5.04882767163152e-01
1.88600000000000e+01	5.01557565005856e-01
1.88700000000000e+01	4.98241439215483e-01
1.88800000000000e+01	4.94935263132078e-01
1.88900000000000e+01	4.91644516338930e-01
1.89000000000000e+01	4.88363365583402e-01
1.89100000000000e+01	4.85092268403525e-01
1.89200000000000e+01	4.81838547647223e-01
1.89300000000000e+01	4.78597414766862e-01
1.89400000000000e+01	4.75370776425578e-01
1.89500000000000e+01	4.72165985068990e-01
1.89600000000000e+01	4.68979727126007e-01
1.89700000000000e+01	4.65813465721400e-01
1.89800000000000e+01	4.62669885241537e-01
1.89900000000000e+01	4.59556731249778e-01
1.90000000000000e+01	4.56468790556542e-01
1.90100000000000e+01	4.53412762050091e-01
1.90200000000000e+01	4.50377820399860e-01
1.90300000000000e+01	4.47378412787471e-01
1.90400000000000e+01	4.44397647363521e-01
1.90500000000000e+01	4.41443111402332e-01
1.90600000000000e+01	4.38502011713759e-01
1.90700000000000e+01	4.35586999416948e-01
1.90800000000000e+01	4.32681496668166e-01
1.90900000000000e+01	4.29793694123309e-01
1.91000000000000e+01	4.26919293754295e-01
1.91100000000000e+01	4.24065788157930e-01
1.91200000000000e+01	4.21231488822306e-01
1.91300000000000e+01	4.18422597102583e-01
1.91400000000000e+01	4.15645497564497e-01
1.91500000000000e+01	4.12912259844176e-01
1.91600000000000e+01	4.10226030586770e-01
1.91700000000000e+01	4.07592547112364e-01
1.91800000000000e+01	4.05016261905538e-01
1.91900000000000e+01	4.02505938886755e-01
1.92000000000000e+01	4.00056463658889e-01
1.92100000000000e+01	3.97669784450713e-01
1.92200000000000e+01	3.95337919620401e-01
1.92300000000000e+01	3.93053806627312e-01
1.92400000000000e+01	3.90810745196045e-01
1.92500000000000e+01	3.88599729800432e-01
1.92600000000000e+01	3.86418404749804e-01
1.92700000000000e+01	3.84258721749428e-01
1.92800000000000e+01	3.82105417362254e-01
1.92900000000000e+01	3.79962066172427e-01
1.93000000000000e+01	3.77820518418186e-01
1.93100000000000e+01	3.75677948210869e-01
1.93200000000000e+01	3.73537646217458e-01
1.93300000000000e+01	3.71394673412324e-01
1.93400000000000e+01	3.69248900740519e-01
1.93500000000000e+01	3.67101143650034e-01
1.93600000000000e+01	3.64956100583474e-01
1.93700000000000e+01	3.62810209255363e-01
1.93800000000000e+01	3.60669398509518e-01
1.93900000000000e+01	3.58525372527380e-01
1.94000000000000e+01	3.56387264710121e-01
1.94100000000000e+01	3.54252308752450e-01
1.94200000000000e+01	3.52124657573539e-01
1.94300000000000e+01	3.49996625093508e-01
1.94400000000000e+01	3.47881261406581e-01
1.94500000000000e+01	3.45766527181446e-01
1.94600000000000e+01	3.43656675521951e-01
1.94700000000000e+01	3.41557029212634e-01
1.94800000000000e+01	3.39462985537204e-01
1.94900000000000e+01	3.37379019854886e-01
1.95000000000000e+01	3.35301796020273e-01
1.95100000000000e+01	3.33231183560053e-01
1.95200000000000e+01	3.31168019353001e-01
1.95300000000000e+01	3.29111940700253e-01
1.95400000000000e+01	3.27067401216866e-01
1.95500000000000e+01	3.25031015392060e-01
1.95600000000000e+01	3.23007818674831e-01
1.95700000000000e+01	3.20989178397283e-01
1.95800000000000e+01	3.18985342155233e-01
1.95900000000000e+01	3.16991408455435e-01
1.96000000000000e+01	3.15012624304291e-01
1.96100000000000e+01	3.13042098787870e-01
1.96200000000000e+01	3.11087715360288e-01
1.96300000000000e+01	3.09150330303135e-01
1.96400000000000e+01	3.07221570224238e-01
1.96500000000000e+01	3.05310082760990e-01
1.96600000000000e+01	3.03411410320379e-01
1.96700000000000e+01	3.01525645282406e-01
1.96800000000000e+01	2.99656253654670e-01
1.96900000000000e+01	2.97798852968795e-01
1.97000000000000e+01	2.95950347314895e-01
1.97100000000000e+01	2.94113005123407e-01
1.97200000000000e+01	2.92287753241389e-01
1.97300000000000e+01	2.90470863413541e-01
1.97400000000000e+01	2.88652998624029e-01
1.97500000000000e+01	2.86833650438388e-01
1.97600000000000e+01	2.85003587933958e-01
1.97700000000000e+01	2.83147279700057e-01
1.97800000000000e+01	2.81235981311151e-01
1.97900000000000e+01	2.79239968757652e-01
1.98000000000000e+01	2.77108659272523e-01
1.98100000000000e+01	2.74764715084948e-01
1.98200000000000e+01	2.72112725068130e-01
1.98300000000000e+01	2.69018308511823e-01
1.98400000000000e+01	2.65308062036248e-01
1.98500000000000e+01	2.60783802078157e-01
1.98600000000000e+01	2.55197500793402e-01
1.98700000000000e+01	2.48281919025272e-01
1.98800000000000e+01	2.39757504226834e-01
1.98900000000000e+01	2.29361191287736e-01
1.99000000000000e+01	2.16859998989216e-01
1.99100000000000e+01	2.02117818676364e-01
1.99200000000000e+01	1.85107742863270e-01
1.99300000000000e+01	1.65983656046607e-01
1.99400000000000e+01	1.45101168528557e-01
1.99500000000000e+01	1.23037307269981e-01
1.99600000000000e+01	1.00595461505180e-01
1.99700000000000e+01	7.87405223942684e-02
1.99800000000000e+01	5.84985616223458e-02
1.99900000000000e+01	4.08107628585097e-02
2.00000000000000e+01	2.63686860558764e-02
