1.00000000000000e-02	1.58910167295572e+19
2.00000000000000e-02	9.93256415972351e+17
3.00000000000000e-02	1.96224107399203e+17
4.00000000000000e-02	6.20974107138771e+16
5.00000000000000e-02	2.54407136553701e+16
6.00000000000000e-02	1.22723138134083e+16
7.00000000000000e-02	6.62645470730330e+15
8.00000000000000e-02	3.88581299479703e+15
9.00000000000000e-02	2.42690225522316e+15
1.00000000000000e-01	1.59307546879323e+15
1.10000000000000e-01	1.08866064314145e+15
1.20000000000000e-01	7.69114045221745e+14
1.30000000000000e-01	5.58754052286974e+14
1.40000000000000e-01	4.15694473406122e+14
1.50000000000000e-01	3.15677656506058e+14
1.60000000000000e-01	2.44044965359861e+14
1.70000000000000e-01	1.91653368375139e+14
1.80000000000000e-01	1.52618957809954e+14
1.90000000000000e-01	1.23053838662866e+14
2.00000000000000e-01	1.00328719745431e+14
2.10000000000000e-01	8.26268180043627e+13
2.20000000000000e-01	6.86735546086455e+13
2.30000000000000e-01	5.75523869562483e+13
2.40000000000000e-01	4.86024822486218e+13
2.50000000000000e-01	4.13319484046630e+13
2.60000000000000e-01	3.53776839807065e+13
2.70000000000000e-01	3.04618455907780e+13
2.80000000000000e-01	2.63757567480606e+13
2.90000000000000e-01	2.29556196576585e+13
3.00000000000000e-01	2.00750701774067e+13
3.10000000000000e-01	1.76356551901879e+13
3.20000000000000e-01	1.55578747899630e+13
3.30000000000000e-01	1.37795860755797e+13
3.40000000000000e-01	1.22499872395564e+13
3.50000000000000e-01	1.09287755630917e+13
3.60000000000000e-01	9.78250533763468e+12
3.70000000000000e-01	8.78397981827801e+12
3.80000000000000e-01	7.91108784136780e+12
3.90000000000000e-01	7.14500176358953e+12
4.00000000000000e-01	6.47050409679897e+12
4.10000000000000e-01	5.87466430564238e+12
4.20000000000000e-01	5.34682282104516e+12
4.30000000000000e-01	4.87771382607200e+12
4.40000000000000e-01	4.45968023229266e+12
4.50000000000000e-01	4.08617479460227e+12
4.60000000000000e-01	3.75154595135106e+12
4.70000000000000e-01	3.45114440280207e+12
4.80000000000000e-01	3.18071882715706e+12
4.90000000000000e-01	2.93675788563352e+12
5.00000000000000e-01	2.71624135912329e+12
5.10000000000000e-01	2.51644082638911e+12
5.20000000000000e-01	2.33511776175940e+12
5.30000000000000e-01	2.17018672448088e+12
5.40000000000000e-01	2.01994901901230e+12
5.50000000000000e-01	1.88283359033773e+12
5.60000000000000e-01	1.75744249707401e+12
5.70000000000000e-01	1.64261337931728e+12
5.80000000000000e-01	1.53732669911084e+12
5.90000000000000e-01	1.44059302953241e+12
6.00000000000000e-01	1.35159155238602e+12
6.10000000000000e-01	1.26959830349605e+12
6.20000000000000e-01	1.19395818185262e+12
6.30000000000000e-01	1.12408927010722e+12
6.40000000000000e-01	1.05946265545034e+12
6.50000000000000e-01	9.99599266031405e+11
6.60000000000000e-01	9.44101739413146e+11
6.70000000000000e-01	8.92557916376745e+11
6.80000000000000e-01	8.44668434394400e+11
6.90000000000000e-01	8.00113418303452e+11
7.00000000000000e-01	7.58617758826051e+11
7.10000000000000e-01	7.19918336973130e+11
7.20000000000000e-01	6.83791811236692e+11
7.30000000000000e-01	6.50050275642970e+11
7.40000000000000e-01	6.18488988264009e+11
7.50000000000000e-01	5.88955360714355e+11
7.60000000000000e-01	5.61282968500519e+11
7.70000000000000e-01	5.35338215530320e+11
7.80000000000000e-01	5.10983777891894e+11
7.90000000000000e-01	4.88115759595907e+11
8.00000000000000e-01	4.66617486083719e+11
8.10000000000000e-01	4.46391137154300e+11
8.20000000000000e-01	4.27353225118314e+11
8.30000000000000e-01	4.09413608315844e+11
8.40000000000000e-01	3.92513288675502e+11
8.50000000000000e-01	3.76559770563296e+11
8.60000000000000e-01	3.61502876872404e+11
8.70000000000000e-01	3.47275366728802e+11
8.80000000000000e-01	3.33828445262333e+11
8.90000000000000e-01	3.21110473323216e+11
9.00000000000000e-01	3.09076472929262e+11
9.10000000000000e-01	2.97682524125506e+11
9.20000000000000e-01	2.86886388926665e+11
9.30000000000000e-01	2.76655665599657e+11
9.40000000000000e-01	2.66955264384274e+11
9.50000000000000e-01	2.57748344018282e+11
9.60000000000000e-01	2.49010240310113e+11
9.70000000000000e-01	2.40716018354487e+11
9.80000000000000e-01	2.32836376636663e+11
9.90000000000000e-01	2.25348087561863e+11
1.00000000000000e+00	2.18231833539527e+11
1.01000000000000e+00	2.11466002629314e+11
1.02000000000000e+00	2.05028836196705e+11
1.03000000000000e+00	1.98911003803983e+11
1.04000000000000e+00	1.93087357942854e+11
1.05000000000000e+00	1.87546890736774e+11
1.06000000000000e+00	1.82275730750513e+11
1.07000000000000e+00	1.77262077287132e+11
1.08000000000000e+00	1.72486930129113e+11
1.09000000000000e+00	1.67939618058489e+11
1.10000000000000e+00	1.63610518599898e+11
1.11000000000000e+00	1.59486586043718e+11
1.12000000000000e+00	1.55552146341743e+11
1.13000000000000e+00	1.51799936103115e+11
1.14000000000000e+00	1.48214940083965e+11
1.15000000000000e+00	1.44786782646279e+11
1.16000000000000e+00	1.41502155891008e+11
1.17000000000000e+00	1.38353410959367e+11
1.18000000000000e+00	1.35326687063069e+11
1.19000000000000e+00	1.32412562730072e+11
1.20000000000000e+00	1.29606569725865e+11
1.21000000000000e+00	1.26901098219005e+11
1.22000000000000e+00	1.24289760983138e+11
1.23000000000000e+00	1.21776840415387e+11
1.24000000000000e+00	1.19356700976125e+11
1.25000000000000e+00	1.17039310602229e+11
1.26000000000000e+00	1.14829155552537e+11
1.27000000000000e+00	1.12740562182841e+11
1.28000000000000e+00	1.10783739169896e+11
1.29000000000000e+00	1.08983624766555e+11
1.30000000000000e+00	1.07358920541276e+11
1.31000000000000e+00	1.05936543591704e+11
1.32000000000000e+00	1.04743064614379e+11
1.33000000000000e+00	1.03805534831138e+11
1.34000000000000e+00	1.03149855435668e+11
1.35000000000000e+00	1.02799273520019e+11
1.36000000000000e+00	1.02772412078781e+11
1.37000000000000e+00	1.03083244009190e+11
1.38000000000000e+00	1.03733737924532e+11
1.39000000000000e+00	1.04722426614220e+11
1.40000000000000e+00	1.06038471470915e+11
1.41000000000000e+00	1.07660900755496e+11
1.42000000000000e+00	1.09565687721130e+11
1.43000000000000e+00	1.11719886885790e+11
1.44000000000000e+00	1.14091459751915e+11
1.45000000000000e+00	1.16640237738599e+11
1.46000000000000e+00	1.19331351006267e+11
1.47000000000000e+00	1.22122755132513e+11
1.48000000000000e+00	1.24979024757298e+11
1.49000000000000e+00	1.27858453944967e+11
1.50000000000000e+00	1.30717863516909e+11
1.51000000000000e+00	1.33513167257359e+11
1.52000000000000e+00	1.36188240233739e+11
1.53000000000000e+00	1.38685057669458e+11
1.54000000000000e+00	1.40929361363119e+11
1.55000000000000e+00	1.42838076478311e+11
1.56000000000000e+00	1.44323546619033e+11
1.57000000000000e+00	1.45285812040796e+11
1.58000000000000e+00	1.45621930875268e+11
1.59000000000000e+00	1.45231649215225e+11
1.60000000000000e+00	1.44020119698337e+11
1.61000000000000e+00	1.41907823816162e+11
1.62000000000000e+00	1.38829434104981e+11
1.63000000000000e+00	1.34749691945048e+11
1.64000000000000e+00	1.29666469789423e+11
1.65000000000000e+00	1.23624627656063e+11
1.66000000000000e+00	1.16714787107664e+11
1.67000000000000e+00	1.09084854582699e+11
1.68000000000000e+00	1.00918587386305e+11
1.69000000000000e+00	9.24278865308714e+10
1.70000000000000e+00	8.38302589871962e+10
1.71000000000000e+00	7.53381481296954e+10
1.72000000000000e+00	6.71482517512295e+10
1.73000000000000e+00	5.94391988461913e+10
1.74000000000000e+00	5.23601788437029e+10
1.75000000000000e+00	4.60135315954312e+10
1.76000000000000e+00	4.04506915881873e+10
1.77000000000000e+00	3.56718220830952e+10
1.78000000000000e+00	3.16404321887363e+10
1.79000000000000e+00	2.82984881941077e+10
1.80000000000000e+00	2.55831011497716e+10
1.81000000000000e+00	2.34402877034794e+10
1.82000000000000e+00	2.18323422681564e+10
1.83000000000000e+00	2.07359604361264e+10
1.84000000000000e+00	2.01363240859037e+10
1.85000000000000e+00	2.00188784086547e+10
1.86000000000000e+00	2.03600318448165e+10
1.87000000000000e+00	2.11274352315850e+10
1.88000000000000e+00	2.22794398195072e+10
1.89000000000000e+00	2.37704496967429e+10
1.90000000000000e+00	2.55552048614181e+10
1.91000000000000e+00	2.75901190253598e+10
1.92000000000000e+00	2.98353825206065e+10
1.93000000000000e+00	3.22512071196493e+10
1.94000000000000e+00	3.47963784471664e+10
1.95000000000000e+00	3.74243029991202e+10
1.96000000000000e+00	4.00809792767571e+10
1.97000000000000e+00	4.27030292941992e+10
1.98000000000000e+00	4.52183278890335e+10
1.99000000000000e+00	4.75484083185872e+10
2.00000000000000e+00	4.96096745166526e+10
2.01000000000000e+00	5.13183660480534e+10
2.02000000000000e+00	5.25971045710927e+10
2.03000000000000e+00	5.33811361229718e+10
2.04000000000000e+00	5.36239414708054e+10
2.05000000000000e+00	5.33049632559356e+10
2.06000000000000e+00	5.24303940748212e+10
2.07000000000000e+00	5.10315034690811e+10
2.08000000000000e+00	4.91616813348949e+10
2.09000000000000e+00	4.68858403259732e+10
2.10000000000000e+00	4.42762574729082e+10
2.11000000000000e+00	4.14086175028228e+10
2.12000000000000e+00	3.83610659106429e+10
2.13000000000000e+00	3.52169128174448e+10
2.14000000000000e+00	3.20636358931899e+10
2.15000000000000e+00	2.89868185904138e+10
2.16000000000000e+00	2.60622462751216e+10
2.17000000000000e+00	2.33444723131496e+10
2.18000000000000e+00	2.08646150529581e+10
2.19000000000000e+00	1.86290516489802e+10
2.20000000000000e+00	1.66275620406760e+10
2.21000000000000e+00	1.48401132586865e+10
2.22000000000000e+00	1.32450418935536e+10
2.23000000000000e+00	1.18255257559567e+10
2.24000000000000e+00	1.05710957348449e+10
2.25000000000000e+00	9.47809825936486e+09
2.26000000000000e+00	8.54560582826618e+09
2.27000000000000e+00	7.77192496393264e+09
2.28000000000000e+00	7.15205774663626e+09
2.29000000000000e+00	6.67685956478492e+09
2.30000000000000e+00	6.33385661272615e+09
2.31000000000000e+00	6.10813583621897e+09
2.32000000000000e+00	5.98373120194415e+09
2.33000000000000e+00	5.94428718094000e+09
2.34000000000000e+00	5.97380697696001e+09
2.35000000000000e+00	6.05760836625730e+09
2.36000000000000e+00	6.18301399625257e+09
2.37000000000000e+00	6.33976717050669e+09
2.38000000000000e+00	6.52006571013954e+09
2.39000000000000e+00	6.71750724890127e+09
2.40000000000000e+00	6.92623622269435e+09
2.41000000000000e+00	7.14044700038154e+09
2.42000000000000e+00	7.35481326175344e+09
2.43000000000000e+00	7.56475519222309e+09
2.44000000000000e+00	7.76664242583264e+09
2.45000000000000e+00	7.95796470895504e+09
2.46000000000000e+00	8.13620778793629e+09
2.47000000000000e+00	8.29944801656855e+09
2.48000000000000e+00	8.44492286508049e+09
2.49000000000000e+00	8.57035096941754e+09
2.50000000000000e+00	8.67304533047498e+09
2.51000000000000e+00	8.75081581781095e+09
2.52000000000000e+00	8.80177398137364e+09
2.53000000000000e+00	8.82483268133724e+09
2.54000000000000e+00	8.81952698557388e+09
2.55000000000000e+00	8.78663573349991e+09
2.56000000000000e+00	8.72776439163476e+09
2.57000000000000e+00	8.64454984769566e+09
2.58000000000000e+00	8.53838558103905e+09
2.59000000000000e+00	8.40931661102363e+09
2.60000000000000e+00	8.25477025584495e+09
2.61000000000000e+00	8.07031175033753e+09
2.62000000000000e+00	7.84926620960475e+09
2.63000000000000e+00	7.58557058881703e+09
2.64000000000000e+00	7.27778794201014e+09
2.65000000000000e+00	6.93233271958282e+09
2.66000000000000e+00	6.56481371671531e+09
2.67000000000000e+00	6.19635249098468e+09
2.68000000000000e+00	5.84751923766274e+09
2.69000000000000e+00	5.53308470512621e+09
2.70000000000000e+00	5.25945151718497e+09
2.71000000000000e+00	5.02514077775697e+09
2.72000000000000e+00	4.82311287948116e+09
2.73000000000000e+00	4.64341489349222e+09
2.74000000000000e+00	4.47551388303510e+09
2.75000000000000e+00	4.31034516488286e+09
2.76000000000000e+00	4.14134031220650e+09
2.77000000000000e+00	3.96475654053747e+09
2.78000000000000e+00	3.77922894461850e+09
2.79000000000000e+00	3.58504774276891e+09
2.80000000000000e+00	3.38329793103565e+09
2.81000000000000e+00	3.17545902082455e+09
2.82000000000000e+00	2.96302485658314e+09
2.83000000000000e+00	2.74735898968699e+09
2.84000000000000e+00	2.52971266767045e+09
2.85000000000000e+00	2.31130825686749e+09
2.86000000000000e+00	2.09332844468215e+09
2.87000000000000e+00	1.87714873452639e+09
2.88000000000000e+00	1.66427251269807e+09
2.89000000000000e+00	1.45632830916220e+09
2.90000000000000e+00	1.25503246436763e+09
2.91000000000000e+00	1.06228691544688e+09
2.92000000000000e+00	8.80029281712840e+08
2.93000000000000e+00	7.10437659516213e+08
2.94000000000000e+00	5.55753927981834e+08
2.95000000000000e+00	4.18236509611774e+08
2.96000000000000e+00	2.99929641305251e+08
2.97000000000000e+00	2.02363421975021e+08
2.98000000000000e+00	1.26330337881502e+08
2.99000000000000e+00	7.17214698021324e+07
3.00000000000000e+00	3.75582162519899e+07
3.01000000000000e+00	2.21303363568640e+07
3.02000000000000e+00	2.32110398671319e+07
3.03000000000000e+00	3.82583694960414e+07
3.04000000000000e+00	6.45796593206333e+07
3.05000000000000e+00	9.94625513975730e+07
3.06000000000000e+00	1.40286113714284e+08
3.07000000000000e+00	1.84632032973832e+08
3.08000000000000e+00	2.30383910702794e+08
3.09000000000000e+00	2.75795480198701e+08
3.10000000000000e+00	3.19545266620127e+08
3.11000000000000e+00	3.60723887751203e+08
3.12000000000000e+00	3.98787391891772e+08
3.13000000000000e+00	4.33469911070692e+08
3.14000000000000e+00	4.64688617744288e+08
3.15000000000000e+00	4.92422924300687e+08
3.16000000000000e+00	5.16695601130122e+08
3.17000000000000e+00	5.37506656810109e+08
3.18000000000000e+00	5.54880883644885e+08
3.19000000000000e+00	5.68905156464053e+08
3.20000000000000e+00	5.79728936085053e+08
3.21000000000000e+00	5.87548408029122e+08
3.22000000000000e+00	5.92560802525752e+08
3.23000000000000e+00	5.94874595052848e+08
3.24000000000000e+00	5.94532404270728e+08
3.25000000000000e+00	5.91474482219623e+08
3.26000000000000e+00	5.85641823266468e+08
3.27000000000000e+00	5.77032529844927e+08
3.28000000000000e+00	5.65747588257728e+08
3.29000000000000e+00	5.52021974968662e+08
3.30000000000000e+00	5.36238955700467e+08
3.31000000000000e+00	5.18875437319379e+08
3.32000000000000e+00	5.00475317848534e+08
3.33000000000000e+00	4.81571083644836e+08
3.34000000000000e+00	4.62624544860642e+08
3.35000000000000e+00	4.43974087543498e+08
3.36000000000000e+00	4.25808496150975e+08
3.37000000000000e+00	4.08178116269083e+08
3.38000000000000e+00	3.91019418814861e+08
3.39000000000000e+00	3.74220856438852e+08
3.40000000000000e+00	3.57668214579008e+08
3.41000000000000e+00	3.41248919002113e+08
3.42000000000000e+00	3.24907587951150e+08
3.43000000000000e+00	3.08617661561260e+08
3.44000000000000e+00	2.92403744069844e+08
3.45000000000000e+00	2.76306145614838e+08
3.46000000000000e+00	2.60402451467156e+08
3.47000000000000e+00	2.44779912040366e+08
3.48000000000000e+00	2.29544833450723e+08
3.49000000000000e+00	2.14806409297318e+08
3.50000000000000e+00	2.00668537250831e+08
3.51000000000000e+00	1.87228017978392e+08
3.52000000000000e+00	1.74563638581898e+08
3.53000000000000e+00	1.62723928076435e+08
3.54000000000000e+00	1.51737093086580e+08
3.55000000000000e+00	1.41602577524073e+08
3.56000000000000e+00	1.32292988057096e+08
3.57000000000000e+00	1.23772916286836e+08
3.58000000000000e+00	1.16010754172812e+08
3.59000000000000e+00	1.08980150716008e+08
3.60000000000000e+00	1.02675109338841e+08
3.61000000000000e+00	9.71047772165248e+07
3.62000000000000e+00	9.22897526741253e+07
3.63000000000000e+00	8.82530439576273e+07
3.64000000000000e+00	8.50091390344511e+07
3.65000000000000e+00	8.25528920225500e+07
3.66000000000000e+00	8.08520839122639e+07
3.67000000000000e+00	7.98418251748014e+07
3.68000000000000e+00	7.94235577764815e+07
3.69000000000000e+00	7.94709902250246e+07
3.70000000000000e+00	7.98358766784633e+07
3.71000000000000e+00	8.03614852467590e+07
3.72000000000000e+00	8.08972406701821e+07
3.73000000000000e+00	8.13121135050706e+07
3.74000000000000e+00	8.15105206548970e+07
3.75000000000000e+00	8.14421781711806e+07
3.76000000000000e+00	8.11047686507073e+07
3.77000000000000e+00	8.05384101294195e+07
3.78000000000000e+00	7.98170049806344e+07
3.79000000000000e+00	7.90314052475393e+07
3.80000000000000e+00	7.82732306780370e+07
3.81000000000000e+00	7.76212767369908e+07
3.82000000000000e+00	7.71287979599574e+07
3.83000000000000e+00	7.68167523829612e+07
3.84000000000000e+00	7.66678027127243e+07
3.85000000000000e+00	7.66290771702289e+07
3.86000000000000e+00	7.66158015157560e+07
3.87000000000000e+00	7.65174070256778e+07
3.88000000000000e+00	7.62108025294366e+07
3.89000000000000e+00	7.55697088704587e+07
3.90000000000000e+00	7.44766693198550e+07
3.91000000000000e+00	7.28302582835588e+07
3.92000000000000e+00	7.05538095534890e+07
3.93000000000000e+00	6.75998949271172e+07
3.94000000000000e+00	6.39556488358620e+07
3.95000000000000e+00	5.96453451706403e+07
3.96000000000000e+00	5.47341145992809e+07
3.97000000000000e+00	4.93310151513622e+07
3.98000000000000e+00	4.35892031158344e+07
3.99000000000000e+00	3.77057136791191e+07
4.00000000000000e+00	3.19178598114393e+07
4.01000000000000e+00	2.64997214732428e+07
4.02000000000000e+00	2.17571837190119e+07
4.03000000000000e+00	1.80219469586842e+07
4.04000000000000e+00	1.56422266585924e+07
4.05000000000000e+00	1.49658940123045e+07
4.06000000000000e+00	1.63126537991790e+07
4.07000000000000e+00	1.99388302026817e+07
4.08000000000000e+00	2.59944400763405e+07
4.09000000000000e+00	3.44823274599491e+07
4.10000000000000e+00	4.52258232544188e+07
4.11000000000000e+00	5.78494091528627e+07
4.12000000000000e+00	7.17825597016087e+07
4.13000000000000e+00	8.62867745360848e+07
4.14000000000000e+00	1.00508993509427e+08
4.15000000000000e+00	1.13558246941416e+08
4.16000000000000e+00	1.24598071893523e+08
4.17000000000000e+00	1.32940160693247e+08
4.18000000000000e+00	1.38114853097822e+08
4.19000000000000e+00	1.39914699858335e+08
4.20000000000000e+00	1.38408321781322e+08
4.21000000000000e+00	1.33889617815805e+08
4.22000000000000e+00	1.26834163608020e+08
4.23000000000000e+00	1.17821807880696e+08
4.24000000000000e+00	1.07474924036142e+08
4.25000000000000e+00	9.64034971874185e+07
4.26000000000000e+00	8.51664633458720e+07
4.27000000000000e+00	7.42459994727641e+07
4.28000000000000e+00	6.40299541037166e+07
4.29000000000000e+00	5.47984719762192e+07
4.30000000000000e+00	4.67182831915868e+07
4.31000000000000e+00	3.98471360741169e+07
4.32000000000000e+00	3.41470475334294e+07
4.33000000000000e+00	2.95078091735089e+07
4.34000000000000e+00	2.57754742223815e+07
4.35000000000000e+00	2.27822283851426e+07
4.36000000000000e+00	2.03710378990808e+07
4.37000000000000e+00	1.84148438216305e+07
4.38000000000000e+00	1.68269504881907e+07
4.39000000000000e+00	1.55636427596408e+07
4.40000000000000e+00	1.46206558794595e+07
4.41000000000000e+00	1.40252788164701e+07
4.42000000000000e+00	1.38247682657333e+07
4.43000000000000e+00	1.40736286561830e+07
4.44000000000000e+00	1.48189770576076e+07
4.45000000000000e+00	1.60868180594789e+07
4.46000000000000e+00	1.78699322030547e+07
4.47000000000000e+00	2.01189922187699e+07
4.48000000000000e+00	2.27402709057154e+07
4.49000000000000e+00	2.55998502018148e+07
4.50000000000000e+00	2.85348019761179e+07
4.51000000000000e+00	3.13704786228690e+07
4.52000000000000e+00	3.39391378236536e+07
4.53000000000000e+00	3.60982621909452e+07
4.54000000000000e+00	3.77433307138229e+07
4.55000000000000e+00	3.88139692185774e+07
4.56000000000000e+00	3.92933273291450e+07
4.57000000000000e+00	3.92020305946204e+07
4.58000000000000e+00	3.85887546793087e+07
4.59000000000000e+00	3.75220490647934e+07
4.60000000000000e+00	3.60830429533978e+07
4.61000000000000e+00	3.43616067716574e+07
4.62000000000000e+00	3.24540743505263e+07
4.63000000000000e+00	3.04626884943906e+07
4.64000000000000e+00	2.84929433840908e+07
4.65000000000000e+00	2.66517053912940e+07
4.66000000000000e+00	2.50414222751670e+07
4.67000000000000e+00	2.37541292383624e+07
4.68000000000000e+00	2.28652974392049e+07
4.69000000000000e+00	2.24291470386375e+07
4.70000000000000e+00	2.24777384528176e+07
4.71000000000000e+00	2.30221311738132e+07
4.72000000000000e+00	2.40579443344022e+07
4.73000000000000e+00	2.55725233055667e+07
4.74000000000000e+00	2.75539179736097e+07
4.75000000000000e+00	2.99969926040185e+07
4.76000000000000e+00	3.29106238926920e+07
4.77000000000000e+00	3.63188217207397e+07
4.78000000000000e+00	4.02586627035592e+07
4.79000000000000e+00	4.47734260842461e+07
4.80000000000000e+00	4.99004865148804e+07
4.81000000000000e+00	5.56578836595530e+07
4.82000000000000e+00	6.20293755478708e+07
4.83000000000000e+00	6.89520587350531e+07
4.84000000000000e+00	7.63087768385098e+07
4.85000000000000e+00	8.39277037471611e+07
4.86000000000000e+00	9.15881473620186e+07
4.87000000000000e+00	9.90315974407696e+07
4.88000000000000e+00	1.05975888969515e+08
4.89000000000000e+00	1.12130620834392e+08
4.90000000000000e+00	1.17217175656666e+08
4.91000000000000e+00	1.20977345277862e+08
4.92000000000000e+00	1.23193695865318e+08
4.93000000000000e+00	1.23697368403872e+08
4.94000000000000e+00	1.22377220105333e+08
4.95000000000000e+00	1.19192455030640e+08
4.96000000000000e+00	1.14171077417966e+08
4.97000000000000e+00	1.07424794240500e+08
4.98000000000000e+00	9.91446631229032e+07
4.99000000000000e+00	8.96040573450341e+07
5.00000000000000e+00	7.91555126880039e+07
5.01000000000000e+00	6.82163542740137e+07
5.02000000000000e+00	5.72519673678963e+07
5.03000000000000e+00	4.67451764220319e+07
5.04000000000000e+00	3.71637302564807e+07
5.05000000000000e+00	2.89217460221234e+07
5.06000000000000e+00	2.23472574913901e+07
5.07000000000000e+00	1.76559684279099e+07
5.08000000000000e+00	1.49384340471721e+07
5.09000000000000e+00	1.41594931001668e+07
5.10000000000000e+00	1.51693548036435e+07
5.11000000000000e+00	1.77255748199438e+07
5.12000000000000e+00	2.15199712392474e+07
5.13000000000000e+00	2.62085320528544e+07
5.14000000000000e+00	3.14396966518292e+07
5.15000000000000e+00	3.68779270388479e+07
5.16000000000000e+00	4.22200725287419e+07
5.17000000000000e+00	4.72058338656995e+07
5.18000000000000e+00	5.16201364547753e+07
5.19000000000000e+00	5.52918865580867e+07
5.20000000000000e+00	5.80919419436700e+07
5.21000000000000e+00	5.99244819147987e+07
5.22000000000000e+00	6.07286174736479e+07
5.23000000000000e+00	6.04749292027765e+07
5.24000000000000e+00	5.91672708726069e+07
5.25000000000000e+00	5.68430962898677e+07
5.26000000000000e+00	5.35813833066836e+07
5.27000000000000e+00	4.95018000679470e+07
5.28000000000000e+00	4.47688160087505e+07
5.29000000000000e+00	3.95854890380898e+07
5.30000000000000e+00	3.41898064424515e+07
5.31000000000000e+00	2.88380647160654e+07
5.32000000000000e+00	2.37903996394619e+07
5.33000000000000e+00	1.92930399517430e+07
5.34000000000000e+00	1.55587861566744e+07
5.35000000000000e+00	1.27543206953617e+07
5.36000000000000e+00	1.09901184985050e+07
5.37000000000000e+00	1.03162768112724e+07
5.38000000000000e+00	1.07238556149551e+07
5.39000000000000e+00	1.21505502408351e+07
5.40000000000000e+00	1.44897156079376e+07
5.41000000000000e+00	1.76005604405327e+07
5.42000000000000e+00	2.13195869053989e+07
5.43000000000000e+00	2.54709066224376e+07
5.44000000000000e+00	2.98766317238619e+07
5.45000000000000e+00	3.43654916110570e+07
5.46000000000000e+00	3.87811032114737e+07
5.47000000000000e+00	4.29888673721558e+07
5.48000000000000e+00	4.68819495686388e+07
5.49000000000000e+00	5.03859408889502e+07
5.50000000000000e+00	5.34587985147920e+07
5.51000000000000e+00	5.60942714797885e+07
5.52000000000000e+00	5.83162605883444e+07
5.53000000000000e+00	6.01745580117092e+07
5.54000000000000e+00	6.17349309090539e+07
5.55000000000000e+00	6.30687980760788e+07
5.56000000000000e+00	6.42436250470169e+07
5.57000000000000e+00	6.53135961701357e+07
5.58000000000000e+00	6.63134319667845e+07
5.59000000000000e+00	6.72581293690556e+07
5.60000000000000e+00	6.81423022179289e+07
5.61000000000000e+00	6.89498487557732e+07
5.62000000000000e+00	6.96550854130491e+07
5.63000000000000e+00	7.02344291589150e+07
5.64000000000000e+00	7.06690015579602e+07
5.65000000000000e+00	7.09496480365804e+07
5.66000000000000e+00	7.10772591098593e+07
5.67000000000000e+00	7.10628839188394e+07
5.68000000000000e+00	7.09201956069851e+07
5.69000000000000e+00	7.06624021347463e+07
5.70000000000000e+00	7.02984037000691e+07
5.71000000000000e+00	6.98247892149773e+07
5.72000000000000e+00	6.92264262761160e+07
5.73000000000000e+00	6.84766447464672e+07
5.74000000000000e+00	6.75343273884858e+07
5.75000000000000e+00	6.63536108396231e+07
5.76000000000000e+00	6.48868779775591e+07
5.77000000000000e+00	6.30932315217628e+07
5.78000000000000e+00	6.09422814757316e+07
5.79000000000000e+00	5.84226423177689e+07
5.80000000000000e+00	5.55449650986716e+07
5.81000000000000e+00	5.23436821713954e+07
5.82000000000000e+00	4.88757042912916e+07
5.83000000000000e+00	4.52197537629930e+07
5.84000000000000e+00	4.14711341568439e+07
5.85000000000000e+00	3.77386388343983e+07
5.86000000000000e+00	3.41335256209793e+07
5.87000000000000e+00	3.07640692577028e+07
5.88000000000000e+00	2.77260615534606e+07
5.89000000000000e+00	2.50945006986012e+07
5.90000000000000e+00	2.29196959511406e+07
5.91000000000000e+00	2.12226923547280e+07
5.92000000000000e+00	1.99972773711333e+07
5.93000000000000e+00	1.92121204465757e+07
5.94000000000000e+00	1.88178435434976e+07
5.95000000000000e+00	1.87514323681685e+07
5.96000000000000e+00	1.89439111327929e+07
5.97000000000000e+00	1.93257347560882e+07
5.98000000000000e+00	1.98305319467339e+07
5.99000000000000e+00	2.03988069749782e+07
6.00000000000000e+00	2.09795956921600e+07
6.01000000000000e+00	2.15307887590706e+07
6.02000000000000e+00	2.20203745846981e+07
6.03000000000000e+00	2.24242446398360e+07
6.04000000000000e+00	2.27266192379688e+07
6.05000000000000e+00	2.29186194668175e+07
6.06000000000000e+00	2.29959271759463e+07
6.07000000000000e+00	2.29593933514566e+07
6.08000000000000e+00	2.28118588553354e+07
6.09000000000000e+00	2.25587309507038e+07
6.10000000000000e+00	2.22062485584777e+07
6.11000000000000e+00	2.17614349705033e+07
6.12000000000000e+00	2.12327111399200e+07
6.13000000000000e+00	2.06278897279294e+07
6.14000000000000e+00	1.99556002942371e+07
6.15000000000000e+00	1.92252532855652e+07
6.16000000000000e+00	1.84460895724571e+07
6.17000000000000e+00	1.76280829391524e+07
6.18000000000000e+00	1.67823457640596e+07
6.19000000000000e+00	1.59198384385384e+07
6.20000000000000e+00	1.50523081932529e+07
6.21000000000000e+00	1.41910187698387e+07
6.22000000000000e+00	1.33460511246140e+07
6.23000000000000e+00	1.25256528067461e+07
6.24000000000000e+00	1.17361291989636e+07
6.25000000000000e+00	1.09804929195805e+07
6.26000000000000e+00	1.02596155524145e+07
6.27000000000000e+00	9.57144417162093e+06
6.28000000000000e+00	8.91173509814717e+06
6.29000000000000e+00	8.27484931144201e+06
6.30000000000000e+00	7.65446082843475e+06
6.31000000000000e+00	7.04394362280110e+06
6.32000000000000e+00	6.43807911798193e+06
6.33000000000000e+00	5.83334220966990e+06
6.34000000000000e+00	5.22857061049323e+06
6.35000000000000e+00	4.62542120686220e+06
6.36000000000000e+00	4.02823647111772e+06
6.37000000000000e+00	3.44375735744299e+06
6.38000000000000e+00	2.88083224644148e+06
6.39000000000000e+00	2.34974325740356e+06
6.40000000000000e+00	1.86165009385970e+06
6.41000000000000e+00	1.42802104427043e+06
6.42000000000000e+00	1.05997516419679e+06
6.43000000000000e+00	7.67692610811554e+05
6.44000000000000e+00	5.59784265996382e+05
6.45000000000000e+00	4.42787229543757e+05
6.46000000000000e+00	4.20696084824792e+05
6.47000000000000e+00	4.94710766398385e+05
6.48000000000000e+00	6.63175341307251e+05
6.49000000000000e+00	9.21824308500191e+05
6.50000000000000e+00	1.26430025609843e+06
6.51000000000000e+00	1.68299096827035e+06
6.52000000000000e+00	2.16994663737425e+06
6.53000000000000e+00	2.71791957546201e+06
6.54000000000000e+00	3.32117623973381e+06
6.55000000000000e+00	3.97612083926069e+06
6.56000000000000e+00	4.68145608939018e+06
6.57000000000000e+00	5.43804484147139e+06
6.58000000000000e+00	6.24837445016249e+06
6.59000000000000e+00	7.11562147220501e+06
6.60000000000000e+00	8.04272133258144e+06
6.61000000000000e+00	9.03089828150917e+06
6.62000000000000e+00	1.00791592985333e+07
6.63000000000000e+00	1.11828053208229e+07
6.64000000000000e+00	1.23341204165527e+07
6.65000000000000e+00	1.35214419823178e+07
6.66000000000000e+00	1.47303765492483e+07
6.67000000000000e+00	1.59440195306973e+07
6.68000000000000e+00	1.71441671393009e+07
6.69000000000000e+00	1.83111783585541e+07
6.70000000000000e+00	1.94250139984105e+07
6.71000000000000e+00	2.04652465346248e+07
6.72000000000000e+00	2.14110994686120e+07
6.73000000000000e+00	2.22426283319176e+07
6.74000000000000e+00	2.29406516884167e+07
6.75000000000000e+00	2.34875643838812e+07
6.76000000000000e+00	2.38680213877508e+07
6.77000000000000e+00	2.40698345478869e+07
6.78000000000000e+00	2.40844186044867e+07
6.79000000000000e+00	2.39074006199128e+07
6.80000000000000e+00	2.35398259195246e+07
6.81000000000000e+00	2.29878569469177e+07
6.82000000000000e+00	2.22630960364937e+07
6.83000000000000e+00	2.13821366250623e+07
6.84000000000000e+00	2.03666889051281e+07
6.85000000000000e+00	1.92416320817415e+07
6.86000000000000e+00	1.80344178708644e+07
6.87000000000000e+00	1.67747463037965e+07
6.88000000000000e+00	1.54918186690593e+07
6.89000000000000e+00	1.42146763564571e+07
6.90000000000000e+00	1.29700270900515e+07
6.91000000000000e+00	1.17829945368230e+07
6.92000000000000e+00	1.06755368183824e+07
6.93000000000000e+00	9.66693253790529e+06
6.94000000000000e+00	8.77268353622475e+06
6.95000000000000e+00	8.00534257834759e+06
6.96000000000000e+00	7.37297991777567e+06
6.97000000000000e+00	6.87982621984934e+06
6.98000000000000e+00	6.52603807547721e+06
6.99000000000000e+00	6.30702711211895e+06
7.00000000000000e+00	6.21456506667296e+06
7.01000000000000e+00	6.23637555868566e+06
7.02000000000000e+00	6.35689134794285e+06
7.03000000000000e+00	6.55806614745149e+06
7.04000000000000e+00	6.82030479534399e+06
7.05000000000000e+00	7.12330276798389e+06
7.06000000000000e+00	7.44693029645108e+06
7.07000000000000e+00	7.77208831325521e+06
7.08000000000000e+00	8.08161410725217e+06
7.09000000000000e+00	8.36072961479030e+06
7.10000000000000e+00	8.59738670349271e+06
7.11000000000000e+00	8.78331123797695e+06
7.12000000000000e+00	8.91300712578211e+06
7.13000000000000e+00	8.98454288614922e+06
7.14000000000000e+00	8.99880527063695e+06
7.15000000000000e+00	8.95938671510256e+06
7.16000000000000e+00	8.87197586651159e+06
7.17000000000000e+00	8.74362038973616e+06
7.18000000000000e+00	8.58273116093465e+06
7.19000000000000e+00	8.39773418778629e+06
7.20000000000000e+00	8.19768030129617e+06
7.21000000000000e+00	7.99099164790828e+06
7.22000000000000e+00	7.78531029202984e+06
7.23000000000000e+00	7.58734294157625e+06
7.24000000000000e+00	7.40240814732953e+06
7.25000000000000e+00	7.23492904031224e+06
7.26000000000000e+00	7.08834411744863e+06
7.27000000000000e+00	6.96522561696435e+06
7.28000000000000e+00	6.86728224029180e+06
7.29000000000000e+00	6.79631924381630e+06
7.30000000000000e+00	6.75375402799222e+06
7.31000000000000e+00	6.74085664960275e+06
7.32000000000000e+00	6.75845672129984e+06
7.33000000000000e+00	6.80778737227705e+06
7.34000000000000e+00	6.88895970618687e+06
7.35000000000000e+00	7.00178952477405e+06
7.36000000000000e+00	7.14515241331035e+06
7.37000000000000e+00	7.31656352249062e+06
7.38000000000000e+00	7.51287896877852e+06
7.39000000000000e+00	7.72945922049638e+06
7.40000000000000e+00	7.96093994077761e+06
7.41000000000000e+00	8.20113764801637e+06
7.42000000000000e+00	8.44388969185068e+06
7.43000000000000e+00	8.68307440943050e+06
7.44000000000000e+00	8.91317796707705e+06
7.45000000000000e+00	9.12965335424152e+06
7.46000000000000e+00	9.32904911718052e+06
7.47000000000000e+00	9.50914132811467e+06
7.48000000000000e+00	9.66861567069789e+06
7.49000000000000e+00	9.80745344068228e+06
7.50000000000000e+00	9.92607698357287e+06
7.51000000000000e+00	1.00253179885124e+07
7.52000000000000e+00	1.01060108473457e+07
7.53000000000000e+00	1.01687330008481e+07
7.54000000000000e+00	1.02132136738622e+07
7.55000000000000e+00	1.02390310562000e+07
7.56000000000000e+00	1.02443560398610e+07
7.57000000000000e+00	1.02272654861867e+07
7.58000000000000e+00	1.01848713576311e+07
7.59000000000000e+00	1.01143476093673e+07
7.60000000000000e+00	1.00121458280849e+07
7.61000000000000e+00	9.87529553527538e+06
7.62000000000000e+00	9.70099363927109e+06
7.63000000000000e+00	9.48701824134162e+06
7.64000000000000e+00	9.23190747743713e+06
7.65000000000000e+00	8.93492664625772e+06
7.66000000000000e+00	8.59678540487723e+06
7.67000000000000e+00	8.21963669261725e+06
7.68000000000000e+00	7.80730270727551e+06
7.69000000000000e+00	7.36485786867598e+06
7.70000000000000e+00	6.89916304942735e+06
7.71000000000000e+00	6.41862536180511e+06
7.72000000000000e+00	5.93252691601918e+06
7.73000000000000e+00	5.45089003297555e+06
7.74000000000000e+00	4.98400441677177e+06
7.75000000000000e+00	4.54166581009877e+06
7.76000000000000e+00	4.13289941861372e+06
7.77000000000000e+00	3.76535225131063e+06
7.78000000000000e+00	3.44504057235394e+06
7.79000000000000e+00	3.17621948859770e+06
7.80000000000000e+00	2.96136856029651e+06
7.81000000000000e+00	2.80131498427723e+06
7.82000000000000e+00	2.69530723146043e+06
7.83000000000000e+00	2.64122813011163e+06
7.84000000000000e+00	2.63577990414560e+06
7.85000000000000e+00	2.67462346760719e+06
7.86000000000000e+00	2.75253380242675e+06
7.87000000000000e+00	2.86357352489012e+06
7.88000000000000e+00	3.00119212609753e+06
7.89000000000000e+00	3.15838327031019e+06
7.90000000000000e+00	3.32796980528853e+06
7.91000000000000e+00	3.50265953335574e+06
7.92000000000000e+00	3.67548892480861e+06
7.93000000000000e+00	3.83996045594590e+06
7.94000000000000e+00	3.99037519306326e+06
7.95000000000000e+00	4.12222381991868e+06
7.96000000000000e+00	4.23225767399766e+06
7.97000000000000e+00	4.31881588056934e+06
7.98000000000000e+00	4.38193839308902e+06
7.99000000000000e+00	4.42349341750168e+06
8.00000000000000e+00	4.44695735340434e+06
8.01000000000000e+00	4.45743006665676e+06
8.02000000000000e+00	4.46121477305061e+06
8.03000000000000e+00	4.46551732395973e+06
8.04000000000000e+00	4.47789914408608e+06
8.05000000000000e+00	4.50593208376433e+06
8.06000000000000e+00	4.55653003035633e+06
8.07000000000000e+00	4.63552257094917e+06
8.08000000000000e+00	4.74716429478369e+06
8.09000000000000e+00	4.89358544642186e+06
8.10000000000000e+00	5.07458237658593e+06
8.11000000000000e+00	5.28736406636061e+06
8.12000000000000e+00	5.52660514202011e+06
8.13000000000000e+00	5.78464111094879e+06
8.14000000000000e+00	6.05191900658785e+06
8.15000000000000e+00	6.31764740657163e+06
8.16000000000000e+00	6.57068502282968e+06
8.17000000000000e+00	6.79982054240662e+06
8.18000000000000e+00	6.99551773090272e+06
8.19000000000000e+00	7.14958060007630e+06
8.20000000000000e+00	7.25634445022372e+06
8.21000000000000e+00	7.31263089619507e+06
8.22000000000000e+00	7.31816049520883e+06
8.23000000000000e+00	7.27505357960443e+06
8.24000000000000e+00	7.18784295428449e+06
8.25000000000000e+00	7.06282776219073e+06
8.26000000000000e+00	6.90741279296575e+06
8.27000000000000e+00	6.72965639758146e+06
8.28000000000000e+00	6.53794140146519e+06
8.29000000000000e+00	6.34010495704877e+06
8.30000000000000e+00	6.14355994719073e+06
8.31000000000000e+00	5.95467952116348e+06
8.32000000000000e+00	5.77895971661063e+06
8.33000000000000e+00	5.62083569755532e+06
8.34000000000000e+00	5.48363272892535e+06
8.35000000000000e+00	5.36949612179299e+06
8.36000000000000e+00	5.27957355690993e+06
8.37000000000000e+00	5.21396641734008e+06
8.38000000000000e+00	5.17187141580143e+06
8.39000000000000e+00	5.15168278410901e+06
8.40000000000000e+00	5.15118608267282e+06
8.41000000000000e+00	5.16756483910330e+06
8.42000000000000e+00	5.19769124821469e+06
8.43000000000000e+00	5.23820061389125e+06
8.44000000000000e+00	5.28563748778602e+06
8.45000000000000e+00	5.33654211688404e+06
8.46000000000000e+00	5.38760001392326e+06
8.47000000000000e+00	5.43576806735309e+06
8.48000000000000e+00	5.47828989372420e+06
8.49000000000000e+00	5.51303863549440e+06
8.50000000000000e+00	5.53845919986045e+06
8.51000000000000e+00	5.55370808386705e+06
8.52000000000000e+00	5.55860156453161e+06
8.53000000000000e+00	5.55366237316907e+06
8.54000000000000e+00	5.54001318152476e+06
8.55000000000000e+00	5.51921149647315e+06
8.56000000000000e+00	5.49324046621867e+06
8.57000000000000e+00	5.46417801133111e+06
8.58000000000000e+00	5.43416502156437e+06
8.59000000000000e+00	5.40512422771076e+06
8.60000000000000e+00	5.37864657580826e+06
8.61000000000000e+00	5.35574438963796e+06
8.62000000000000e+00	5.33676268867376e+06
8.63000000000000e+00	5.32149825829563e+06
8.64000000000000e+00	5.30911927409187e+06
8.65000000000000e+00	5.29837604448845e+06
8.66000000000000e+00	5.28781556934449e+06
8.67000000000000e+00	5.27582473683643e+06
8.68000000000000e+00	5.26109980678243e+06
8.69000000000000e+00	5.24254306980174e+06
8.70000000000000e+00	5.21961344438855e+06
8.71000000000000e+00	5.19214589338668e+06
8.72000000000000e+00	5.16057975508238e+06
8.73000000000000e+00	5.12562119964936e+06
8.74000000000000e+00	5.08838450728400e+06
8.75000000000000e+00	5.05002475439087e+06
8.76000000000000e+00	5.01179622701494e+06
8.77000000000000e+00	4.97472454092739e+06
8.78000000000000e+00	4.93980436471153e+06
8.79000000000000e+00	4.90766610567883e+06
8.80000000000000e+00	4.87877468131788e+06
8.81000000000000e+00	4.85338951797762e+06
8.82000000000000e+00	4.83158656536416e+06
8.83000000000000e+00	4.81333252009844e+06
8.84000000000000e+00	4.79848952634597e+06
8.85000000000000e+00	4.78700327076334e+06
8.86000000000000e+00	4.77866006432981e+06
8.87000000000000e+00	4.77336467317033e+06
8.88000000000000e+00	4.77093254594704e+06
8.89000000000000e+00	4.77115825275071e+06
8.90000000000000e+00	4.77365350291901e+06
8.91000000000000e+00	4.77784835850428e+06
8.92000000000000e+00	4.78275841251083e+06
8.93000000000000e+00	4.78717711566999e+06
8.94000000000000e+00	4.78933009397334e+06
8.95000000000000e+00	4.78718991142146e+06
8.96000000000000e+00	4.77835580140542e+06
8.97000000000000e+00	4.76028666314632e+06
8.98000000000000e+00	4.73049708608739e+06
8.99000000000000e+00	4.68683802223676e+06
9.00000000000000e+00	4.62779905603716e+06
9.01000000000000e+00	4.55274112273525e+06
9.02000000000000e+00	4.46202546551170e+06
9.03000000000000e+00	4.35706904499752e+06
9.04000000000000e+00	4.24041816285178e+06
9.05000000000000e+00	4.11531201017610e+06
9.06000000000000e+00	3.98572080942763e+06
9.07000000000000e+00	3.85580406730858e+06
9.08000000000000e+00	3.72976200733051e+06
9.09000000000000e+00	3.61139286712396e+06
9.10000000000000e+00	3.50385235908676e+06
9.11000000000000e+00	3.40932241885752e+06
9.12000000000000e+00	3.32897909504096e+06
9.13000000000000e+00	3.26292850914653e+06
9.14000000000000e+00	3.21037924496137e+06
9.15000000000000e+00	3.16977452691524e+06
9.16000000000000e+00	3.13911161669638e+06
9.17000000000000e+00	3.11620967027488e+06
9.18000000000000e+00	3.09893819962343e+06
9.19000000000000e+00	3.08544047346887e+06
9.20000000000000e+00	3.07430572562893e+06
9.21000000000000e+00	3.06464278737857e+06
9.22000000000000e+00	3.05608935154445e+06
9.23000000000000e+00	3.04881745706666e+06
9.24000000000000e+00	3.04343486422121e+06
9.25000000000000e+00	3.04089679781501e+06
9.26000000000000e+00	3.04234465915410e+06
9.27000000000000e+00	3.04900840524330e+06
9.28000000000000e+00	3.06200346574649e+06
9.29000000000000e+00	3.08217115176264e+06
9.30000000000000e+00	3.10992413883837e+06
9.31000000000000e+00	3.14518392163574e+06
9.32000000000000e+00	3.18724863323064e+06
9.33000000000000e+00	3.23485414489168e+06
9.34000000000000e+00	3.28625846797655e+06
9.35000000000000e+00	3.33928151324036e+06
9.36000000000000e+00	3.39161226458979e+06
9.37000000000000e+00	3.44092848982328e+06
9.38000000000000e+00	3.48510943360893e+06
9.39000000000000e+00	3.52244934496535e+06
9.40000000000000e+00	3.55171698094327e+06
9.41000000000000e+00	3.57230493134386e+06
9.42000000000000e+00	3.58417500452772e+06
9.43000000000000e+00	3.58785371273982e+06
9.44000000000000e+00	3.58429461828075e+06
9.45000000000000e+00	3.57477010780342e+06
9.46000000000000e+00	3.56076583313121e+06
9.47000000000000e+00	3.54380696309481e+06
9.48000000000000e+00	3.52534535571501e+06
9.49000000000000e+00	3.50664607001251e+06
9.50000000000000e+00	3.48873946172311e+06
9.51000000000000e+00	3.47233453238343e+06
9.52000000000000e+00	3.45779652150788e+06
9.53000000000000e+00	3.44519507984802e+06
9.54000000000000e+00	3.43428833688071e+06
9.55000000000000e+00	3.42466181708917e+06
9.56000000000000e+00	3.41585194707740e+06
9.57000000000000e+00	3.40742741485544e+06
9.58000000000000e+00	3.39906892942701e+06
9.59000000000000e+00	3.39057946686699e+06
9.60000000000000e+00	3.38180272013737e+06
9.61000000000000e+00	3.37262307335621e+06
9.62000000000000e+00	3.36286212490929e+06
9.63000000000000e+00	3.35238283332728e+06
9.64000000000000e+00	3.34102195947753e+06
9.65000000000000e+00	3.32871354041056e+06
9.66000000000000e+00	3.31546439352131e+06
9.67000000000000e+00	3.30138378147997e+06
9.68000000000000e+00	3.28664322777621e+06
9.69000000000000e+00	3.27142983250713e+06
9.70000000000000e+00	3.25594199873896e+06
9.71000000000000e+00	3.24035356260235e+06
9.72000000000000e+00	3.22476920515747e+06
9.73000000000000e+00	3.20930709024943e+06
9.74000000000000e+00	3.19404850820429e+06
9.75000000000000e+00	3.17900574341433e+06
9.76000000000000e+00	3.16420508662309e+06
9.77000000000000e+00	3.14963310100778e+06
9.78000000000000e+00	3.13525140353271e+06
9.79000000000000e+00	3.12106049842374e+06
9.80000000000000e+00	3.10701564065427e+06
9.81000000000000e+00	3.09311627652174e+06
9.82000000000000e+00	3.07935028427003e+06
9.83000000000000e+00	3.06569646360554e+06
9.84000000000000e+00	3.05214430796693e+06
9.85000000000000e+00	3.03869435870741e+06
9.86000000000000e+00	3.02533008956538e+06
9.87000000000000e+00	3.01209988770599e+06
9.88000000000000e+00	2.99913686756198e+06
9.89000000000000e+00	2.98685697990270e+06
9.90000000000000e+00	2.97624692606165e+06
9.91000000000000e+00	2.96947824366501e+06
9.92000000000000e+00	2.97074270755232e+06
9.93000000000000e+00	2.98709449016712e+06
9.94000000000000e+00	3.02912243494169e+06
9.95000000000000e+00	3.11086966478883e+06
9.96000000000000e+00	3.24880930474986e+06
9.97000000000000e+00	3.45951404732056e+06
9.98000000000000e+00	3.75485438484341e+06
9.99000000000000e+00	4.13362006233810e+06
1.00000000000000e+01	4.57024522490530e+06
1.00100000000000e+01	5.00190851352199e+06
1.00200000000000e+01	5.31278402243737e+06
1.00300000000000e+01	5.35513806785444e+06
1.00400000000000e+01	5.03646264282368e+06
1.00500000000000e+01	4.40881314411037e+06
1.00600000000000e+01	3.64000487304846e+06
1.00700000000000e+01	2.89429807475101e+06
1.00800000000000e+01	2.26012218210398e+06
1.00900000000000e+01	1.75769621755395e+06
1.01000000000000e+01	1.37295814996105e+06
1.01100000000000e+01	1.08197477114182e+06
1.01200000000000e+01	8.61963081008044e+05
1.01300000000000e+01	6.94586284256094e+05
1.01400000000000e+01	5.66043981817451e+05
1.01500000000000e+01	4.66257009120305e+05
1.01600000000000e+01	3.87921486209727e+05
1.01700000000000e+01	3.25745068617880e+05
1.01800000000000e+01	2.75871383733899e+05
1.01900000000000e+01	2.35463933887377e+05
1.02000000000000e+01	2.02420874167944e+05
1.02100000000000e+01	1.75162583912956e+05
1.02200000000000e+01	1.52495264556746e+05
1.02300000000000e+01	1.33503663904489e+05
1.02400000000000e+01	1.17480789793471e+05
1.02500000000000e+01	1.03875155387209e+05
1.02600000000000e+01	9.22531064974027e+04
1.02700000000000e+01	8.22696804387098e+04
1.02800000000000e+01	7.36491545412763e+04
1.02900000000000e+01	6.61695951140663e+04
1.03000000000000e+01	5.96499151561258e+04
1.03100000000000e+01	5.39429253239374e+04
1.03200000000000e+01	4.89267706700933e+04
1.03300000000000e+01	4.45012662959461e+04
1.03400000000000e+01	4.05825580875805e+04
1.03500000000000e+01	3.71006922715797e+04
1.03600000000000e+01	3.39970532164617e+04
1.03700000000000e+01	3.12218624472815e+04
1.03800000000000e+01	2.87331166941937e+04
1.03900000000000e+01	2.64950483216357e+04
1.04000000000000e+01	2.44771084917861e+04
1.04100000000000e+01	2.26531205266991e+04
1.04200000000000e+01	2.10005332127825e+04
1.04300000000000e+01	1.94999153486723e+04
1.04400000000000e+01	1.81344190492921e+04
1.04500000000000e+01	1.68894517693696e+04
1.04600000000000e+01	1.57522019167241e+04
1.04700000000000e+01	1.47114433338205e+04
1.04800000000000e+01	1.37573805977914e+04
1.04900000000000e+01	1.28813530948997e+04
1.05000000000000e+01	1.20756620710119e+04
1.05100000000000e+01	1.13335995578406e+04
1.05200000000000e+01	1.06490835317117e+04
1.05300000000000e+01	1.00167428248766e+04
1.05400000000000e+01	9.43179308289718e+03
1.05500000000000e+01	8.88993692390181e+03
1.05600000000000e+01	8.38736027681569e+03
1.05700000000000e+01	7.92057359929096e+03
1.05800000000000e+01	7.48652151906832e+03
1.05900000000000e+01	7.08236202081570e+03
1.06000000000000e+01	6.70564527216734e+03
1.06100000000000e+01	6.35408747249751e+03
1.06200000000000e+01	6.02566432327940e+03
1.06300000000000e+01	5.71850359671469e+03
1.06400000000000e+01	5.43092887392967e+03
1.06500000000000e+01	5.16141935501745e+03
1.06600000000000e+01	4.90859904580777e+03
1.06700000000000e+01	4.67122582808677e+03
1.06800000000000e+01	4.44812375625640e+03
1.06900000000000e+01	4.23828774881890e+03
1.07000000000000e+01	4.04074277374302e+03
1.07100000000000e+01	3.85463149075309e+03
1.07200000000000e+01	3.67918076802798e+03
1.07300000000000e+01	3.51363711215425e+03
1.07400000000000e+01	3.35735106812086e+03
1.07500000000000e+01	3.20971997828432e+03
1.07600000000000e+01	3.07017583210849e+03
1.07700000000000e+01	2.93820526328746e+03
1.07800000000000e+01	2.81332888607823e+03
1.07900000000000e+01	2.69508259382803e+03
1.08000000000000e+01	2.58307196163324e+03
1.08100000000000e+01	2.47688289672318e+03
1.08200000000000e+01	2.37617259303627e+03
1.08300000000000e+01	2.28058979665408e+03
1.08400000000000e+01	2.18980465497012e+03
1.08500000000000e+01	2.10353369994888e+03
1.08600000000000e+01	2.02148659544136e+03
1.08700000000000e+01	1.94341281611345e+03
1.08800000000000e+01	1.86907695956846e+03
1.08900000000000e+01	1.79823984537744e+03
1.09000000000000e+01	1.73070432527907e+03
1.09100000000000e+01	1.66627727200967e+03
1.09200000000000e+01	1.60478065384209e+03
1.09300000000000e+01	1.54604099262463e+03
1.09400000000000e+01	1.48991352003309e+03
1.09500000000000e+01	1.43625235775097e+03
1.09600000000000e+01	1.38492488989440e+03
1.09700000000000e+01	1.33581462690161e+03
1.09800000000000e+01	1.28880466937032e+03
1.09900000000000e+01	1.24379373905596e+03
1.10000000000000e+01	1.20068421587802e+03
1.10100000000000e+01	1.15939211762494e+03
1.10200000000000e+01	1.11983796278294e+03
1.10300000000000e+01	1.08194387966300e+03
1.10400000000000e+01	1.04564665500704e+03
1.10500000000000e+01	1.01087149711766e+03
1.10600000000000e+01	9.77562608930534e+02
1.10700000000000e+01	9.45648060258363e+02
1.10800000000000e+01	9.15072292895530e+02
1.10900000000000e+01	8.85775225124147e+02
1.11000000000000e+01	8.57694770717899e+02
1.11100000000000e+01	8.30769831998023e+02
1.11200000000000e+01	8.04940040391317e+02
1.11300000000000e+01	7.80148502441977e+02
1.11400000000000e+01	7.56341548397401e+02
1.11500000000000e+01	7.33464360639972e+02
1.11600000000000e+01	7.11463146922104e+02
1.11700000000000e+01	6.90295151346655e+02
1.11800000000000e+01	6.69913269823756e+02
1.11900000000000e+01	6.50274675998232e+02
1.12000000000000e+01	6.31342286897657e+02
1.12100000000000e+01	6.13081287299921e+02
1.12200000000000e+01	5.95461368104715e+02
1.12300000000000e+01	5.78450072975841e+02
1.12400000000000e+01	5.62022314648002e+02
1.12500000000000e+01	5.46155618035691e+02
1.12600000000000e+01	5.30822715643520e+02
1.12700000000000e+01	5.16002836751345e+02
1.12800000000000e+01	5.01678440799205e+02
1.12900000000000e+01	4.87828851259791e+02
1.13000000000000e+01	4.74434925814213e+02
1.13100000000000e+01	4.61478122289050e+02
1.13200000000000e+01	4.48943167691917e+02
1.13300000000000e+01	4.36814988879778e+02
1.13400000000000e+01	4.25074346801524e+02
1.13500000000000e+01	4.13707889611129e+02
1.13600000000000e+01	4.02701724630190e+02
1.13700000000000e+01	3.92040241048047e+02
1.13800000000000e+01	3.81712728781333e+02
1.13900000000000e+01	3.71706604240243e+02
1.14000000000000e+01	3.62011394756281e+02
1.14100000000000e+01	3.52615208953088e+02
1.14200000000000e+01	3.43506395182222e+02
1.14300000000000e+01	3.34676574074045e+02
1.14400000000000e+01	3.26117280480544e+02
1.14500000000000e+01	3.17818244950306e+02
1.14600000000000e+01	3.09771520634151e+02
1.14700000000000e+01	3.01966694026307e+02
1.14800000000000e+01	2.94395661823323e+02
1.14900000000000e+01	2.87051543295294e+02
1.15000000000000e+01	2.79926071072563e+02
1.15100000000000e+01	2.73010968698448e+02
1.15200000000000e+01	2.66299973585075e+02
1.15300000000000e+01	2.59788419038938e+02
1.15400000000000e+01	2.53468683993703e+02
1.15500000000000e+01	2.47336837993462e+02
1.15600000000000e+01	2.41388332079620e+02
1.15700000000000e+01	2.35617547590024e+02
1.15800000000000e+01	2.30020580778305e+02
1.15900000000000e+01	2.24591882271555e+02
1.16000000000000e+01	2.19327565395745e+02
1.16100000000000e+01	2.14222162270902e+02
1.16200000000000e+01	2.09269127430908e+02
1.16300000000000e+01	2.04463091998559e+02
1.16400000000000e+01	1.99796973582068e+02
1.16500000000000e+01	1.95265701857278e+02
1.16600000000000e+01	1.90861499515504e+02
1.16700000000000e+01	1.86578020687914e+02
1.16800000000000e+01	1.82408595285923e+02
1.16900000000000e+01	1.78347433766670e+02
1.17000000000000e+01	1.74389797180440e+02
1.17100000000000e+01	1.70529666620415e+02
1.17200000000000e+01	1.66764134842714e+02
1.17300000000000e+01	1.63088974067089e+02
1.17400000000000e+01	1.59501842942655e+02
1.17500000000000e+01	1.56000647111918e+02
1.17600000000000e+01	1.52583939070267e+02
1.17700000000000e+01	1.49251040944566e+02
1.17800000000000e+01	1.46000812414813e+02
1.17900000000000e+01	1.42833164684399e+02
1.18000000000000e+01	1.39747210421470e+02
1.18100000000000e+01	1.36741489127858e+02
1.18200000000000e+01	1.33816218492785e+02
1.18300000000000e+01	1.30969526207428e+02
1.18400000000000e+01	1.28199607729127e+02
1.18500000000000e+01	1.25504520880637e+02
1.18600000000000e+01	1.22881903278841e+02
1.18700000000000e+01	1.20329552922621e+02
1.18800000000000e+01	1.17844427419380e+02
1.18900000000000e+01	1.15424063085325e+02
1.19000000000000e+01	1.13065655109851e+02
1.19100000000000e+01	1.10766586671726e+02
1.19200000000000e+01	1.08524192697395e+02
1.19300000000000e+01	1.06336262702610e+02
1.19400000000000e+01	1.04200185034806e+02
1.19500000000000e+01	1.02114450064637e+02
1.19600000000000e+01	1.00076275109760e+02
1.19700000000000e+01	9.80843855179724e+01
1.19800000000000e+01	9.61370736761609e+01
1.19900000000000e+01	9.42326339066606e+01
1.20000000000000e+01	9.23705612586110e+01
1.20100000000000e+01	9.05496737821752e+01
1.20200000000000e+01	8.87691877176314e+01
1.20300000000000e+01	8.70283842875162e+01
1.20400000000000e+01	8.53264040000933e+01
1.20500000000000e+01	8.36634739346048e+01
1.20600000000000e+01	8.20387547450971e+01
1.20700000000000e+01	8.04519701836250e+01
1.20800000000000e+01	7.89032781525049e+01
1.20900000000000e+01	7.73913692642429e+01
1.21000000000000e+01	7.59161340046066e+01
1.21100000000000e+01	7.44765524342858e+01
1.21200000000000e+01	7.30723253245083e+01
1.21300000000000e+01	7.17019831840258e+01
1.21400000000000e+01	7.03643331493489e+01
1.21500000000000e+01	6.90583964228943e+01
1.21600000000000e+01	6.77828976693201e+01
1.21700000000000e+01	6.65360854117962e+01
1.21800000000000e+01	6.53164242753843e+01
1.21900000000000e+01	6.41233851448511e+01
1.22000000000000e+01	6.29549165947437e+01
1.22100000000000e+01	6.18105357521403e+01
1.22200000000000e+01	6.06884727926735e+01
1.22300000000000e+01	5.95880511954424e+01
1.22400000000000e+01	5.85080636327707e+01
1.22500000000000e+01	5.74483127932770e+01
1.22600000000000e+01	5.64076391196821e+01
1.22700000000000e+01	5.53856716484912e+01
1.22800000000000e+01	5.43816906918223e+01
1.22900000000000e+01	5.33952693135512e+01
1.23000000000000e+01	5.24262651802133e+01
1.23100000000000e+01	5.14740756799885e+01
1.23200000000000e+01	5.05386210872420e+01
1.23300000000000e+01	4.96194883146602e+01
1.23400000000000e+01	4.87169651165332e+01
1.23500000000000e+01	4.78310702338954e+01
1.23600000000000e+01	4.69618246587317e+01
1.23700000000000e+01	4.61093753075055e+01
1.23800000000000e+01	4.52735119008862e+01
1.23900000000000e+01	4.44547925834595e+01
1.24000000000000e+01	4.36528401542600e+01
1.24100000000000e+01	4.28683604824670e+01
1.24200000000000e+01	4.21006626291897e+01
1.24300000000000e+01	4.13496702098508e+01
1.24400000000000e+01	4.06156745865638e+01
1.24500000000000e+01	3.98978244086053e+01
1.24600000000000e+01	3.91958216555727e+01
1.24700000000000e+01	3.85096856382669e+01
1.24800000000000e+01	3.78386892846624e+01
1.24900000000000e+01	3.71824817103133e+01
1.25000000000000e+01	3.65407327791210e+01
1.25100000000000e+01	3.59131600366803e+01
1.25200000000000e+01	3.52994113947177e+01
1.25300000000000e+01	3.46990362537616e+01
1.25400000000000e+01	3.41120487564640e+01
1.25500000000000e+01	3.35377745439035e+01
1.25600000000000e+01	3.29762297088185e+01
1.25700000000000e+01	3.24269861239249e+01
1.25800000000000e+01	3.18896225579315e+01
1.25900000000000e+01	3.13638939795910e+01
1.26000000000000e+01	3.08494112991022e+01
1.26100000000000e+01	3.03456300641159e+01
1.26200000000000e+01	2.98523968861918e+01
1.26300000000000e+01	2.93691768336421e+01
1.26400000000000e+01	2.88957515160253e+01
1.26500000000000e+01	2.84317946870537e+01
1.26600000000000e+01	2.79772173187111e+01
1.26700000000000e+01	2.75317013580975e+01
1.26800000000000e+01	2.70950361684361e+01
1.26900000000000e+01	2.66671782352612e+01
1.27000000000000e+01	2.62478870754007e+01
1.27100000000000e+01	2.58371636963407e+01
1.27200000000000e+01	2.54347492482397e+01
1.27300000000000e+01	2.50405425202450e+01
1.27400000000000e+01	2.46543558842438e+01
1.27500000000000e+01	2.42760583085139e+01
1.27600000000000e+01	2.39053373805433e+01
1.27700000000000e+01	2.35420503927513e+01
1.27800000000000e+01	2.31859886521113e+01
1.27900000000000e+01	2.28367346142177e+01
1.28000000000000e+01	2.24940813118961e+01
1.28100000000000e+01	2.21578725039459e+01
1.28200000000000e+01	2.18278603915628e+01
1.28300000000000e+01	2.15038544535870e+01
1.28400000000000e+01	2.11856534628512e+01
1.28500000000000e+01	2.08732153724798e+01
1.28600000000000e+01	2.05663037721109e+01
1.28700000000000e+01	2.02646847801824e+01
1.28800000000000e+01	1.99684551236252e+01
1.28900000000000e+01	1.96772338748580e+01
1.29000000000000e+01	1.93910650554078e+01
1.29100000000000e+01	1.91098626112311e+01
1.29200000000000e+01	1.88333658970396e+01
1.29300000000000e+01	1.85615009945491e+01
1.29400000000000e+01	1.82941716656098e+01
1.29500000000000e+01	1.80312585958285e+01
1.29600000000000e+01	1.77726513107945e+01
1.29700000000000e+01	1.75182745810932e+01
1.29800000000000e+01	1.72680301138640e+01
1.29900000000000e+01	1.70218422177840e+01
1.30000000000000e+01	1.67795524463383e+01
1.30100000000000e+01	1.65412441758186e+01
1.30200000000000e+01	1.63067312772102e+01
1.30300000000000e+01	1.60760178426972e+01
1.30400000000000e+01	1.58488823030599e+01
1.30500000000000e+01	1.56252498427825e+01
1.30600000000000e+01	1.54050441176169e+01
1.30700000000000e+01	1.51880588057693e+01
1.30800000000000e+01	1.49741453972406e+01
1.30900000000000e+01	1.47632952661711e+01
1.31000000000000e+01	1.45552774268993e+01
1.31100000000000e+01	1.43501468157009e+01
1.31200000000000e+01	1.41476761183992e+01
1.31300000000000e+01	1.39479036286569e+01
1.31400000000000e+01	1.37508555926359e+01
1.31500000000000e+01	1.35564277583107e+01
1.31600000000000e+01	1.33648770629188e+01
1.31700000000000e+01	1.31760002286618e+01
1.31800000000000e+01	1.29899630529155e+01
1.31900000000000e+01	1.28068468947767e+01
1.32000000000000e+01	1.26264524593781e+01
1.32100000000000e+01	1.24489329932350e+01
1.32200000000000e+01	1.22741798421608e+01
1.32300000000000e+01	1.21022164849287e+01
1.32400000000000e+01	1.19328553703539e+01
1.32500000000000e+01	1.17661924444828e+01
1.32600000000000e+01	1.16019615537893e+01
1.32700000000000e+01	1.14402766907478e+01
1.32800000000000e+01	1.12809960150470e+01
1.32900000000000e+01	1.11240885983661e+01
1.33000000000000e+01	1.09696162031668e+01
1.33100000000000e+01	1.08174270358984e+01
1.33200000000000e+01	1.06676761321600e+01
1.33300000000000e+01	1.05203358762341e+01
1.33400000000000e+01	1.03753408532234e+01
1.33500000000000e+01	1.02327936515365e+01
1.33600000000000e+01	1.00926691331861e+01
1.33700000000000e+01	9.95484310246103e+00
1.33800000000000e+01	9.81942378645369e+00
1.33900000000000e+01	9.68629243241849e+00
1.34000000000000e+01	9.55538352875302e+00
1.34100000000000e+01	9.42664306999373e+00
1.34200000000000e+01	9.30007077117630e+00
1.34300000000000e+01	9.17551263196410e+00
1.34400000000000e+01	9.05292234865654e+00
1.34500000000000e+01	8.93222911417859e+00
1.34600000000000e+01	8.81335446823400e+00
1.34700000000000e+01	8.69628196389469e+00
1.34800000000000e+01	8.58094087228169e+00
1.34900000000000e+01	8.46723202480765e+00
1.35000000000000e+01	8.35519568026921e+00
1.35100000000000e+01	8.24464247722246e+00
1.35200000000000e+01	8.13565778739954e+00
1.35300000000000e+01	8.02814018922347e+00
1.35400000000000e+01	7.92205988211185e+00
1.35500000000000e+01	7.81735236149969e+00
1.35600000000000e+01	7.71406898603339e+00
1.35700000000000e+01	7.61211017704662e+00
1.35800000000000e+01	7.51144713461239e+00
1.35900000000000e+01	7.41210891395911e+00
1.36000000000000e+01	7.31413509024712e+00
1.36100000000000e+01	7.21741683428943e+00
1.36200000000000e+01	7.12204778953647e+00
1.36300000000000e+01	7.02794282022659e+00
1.36400000000000e+01	6.93521591915556e+00
1.36500000000000e+01	6.84384288379723e+00
1.36600000000000e+01	6.75381972587849e+00
1.36700000000000e+01	6.66521668057521e+00
1.36800000000000e+01	6.57798531287136e+00
1.36900000000000e+01	6.49221013972235e+00
1.37000000000000e+01	6.40781734234492e+00
1.37100000000000e+01	6.32491191760079e+00
1.37200000000000e+01	6.24343935942741e+00
1.37300000000000e+01	6.16342932422203e+00
1.37400000000000e+01	6.08483601316061e+00
1.37500000000000e+01	6.00770145306251e+00
1.37600000000000e+01	5.93190030135700e+00
1.37700000000000e+01	5.85746240259264e+00
1.37800000000000e+01	5.78427912976392e+00
1.37900000000000e+01	5.71235344862913e+00
1.38000000000000e+01	5.64161764781560e+00
1.38100000000000e+01	5.57198584520127e+00
1.38200000000000e+01	5.50341307777767e+00
1.38300000000000e+01	5.43584343111304e+00
1.38400000000000e+01	5.36923158013183e+00
1.38500000000000e+01	5.30357491225344e+00
1.38600000000000e+01	5.23875948865189e+00
1.38700000000000e+01	5.17481885925796e+00
1.38800000000000e+01	5.11168685772139e+00
1.38900000000000e+01	5.04937748938074e+00
1.39000000000000e+01	4.98781307042216e+00
1.39100000000000e+01	4.92705751397294e+00
1.39200000000000e+01	4.86705172725142e+00
1.39300000000000e+01	4.80778947148831e+00
1.39400000000000e+01	4.74926633565705e+00
1.39500000000000e+01	4.69147897554552e+00
1.39600000000000e+01	4.63440519803697e+00
1.39700000000000e+01	4.57805447122968e+00
1.39800000000000e+01	4.52242719143068e+00
1.39900000000000e+01	4.46751608452248e+00
1.40000000000000e+01	4.41333514586088e+00
1.40100000000000e+01	4.35989772415731e+00
1.40200000000000e+01	4.30715812648527e+00
1.40300000000000e+01	4.25514957913355e+00
1.40400000000000e+01	4.20390803441122e+00
1.40500000000000e+01	4.15336672183665e+00
1.40600000000000e+01	4.10354961133945e+00
1.40700000000000e+01	4.05448290249948e+00
1.40800000000000e+01	4.00609640670026e+00
1.40900000000000e+01	3.95842020491130e+00
1.41000000000000e+01	3.91139106911694e+00
1.41100000000000e+01	3.86503304891647e+00
1.41200000000000e+01	3.81926902794380e+00
1.41300000000000e+01	3.77410429380157e+00
1.41400000000000e+01	3.72953388791767e+00
1.41500000000000e+01	3.68547562435775e+00
1.41600000000000e+01	3.64197214575202e+00
1.41700000000000e+01	3.59894941798154e+00
1.41800000000000e+01	3.55644995867351e+00
1.41900000000000e+01	3.51442496736615e+00
1.42000000000000e+01	3.47289477268651e+00
1.42100000000000e+01	3.43188826947277e+00
1.42200000000000e+01	3.39138222332901e+00
1.42300000000000e+01	3.35139395060666e+00
1.42400000000000e+01	3.31194388920163e+00
1.42500000000000e+01	3.27306327035126e+00
1.42600000000000e+01	3.23470705470088e+00
1.42700000000000e+01	3.19691086083556e+00
1.42800000000000e+01	3.15967577199924e+00
1.42900000000000e+01	3.12298386602908e+00
1.43000000000000e+01	3.08683580791641e+00
1.43100000000000e+01	3.05121944691440e+00
1.43200000000000e+01	3.01610939647259e+00
1.43300000000000e+01	2.98150434978874e+00
1.43400000000000e+01	2.94738580936155e+00
1.43500000000000e+01	2.91372563374828e+00
1.43600000000000e+01	2.88054720629334e+00
1.43700000000000e+01	2.84781710145477e+00
1.43800000000000e+01	2.81552059756668e+00
1.43900000000000e+01	2.78368601896055e+00
1.44000000000000e+01	2.75227608829972e+00
1.44100000000000e+01	2.72129162580468e+00
1.44200000000000e+01	2.69073889916736e+00
1.44300000000000e+01	2.66062325525450e+00
1.44400000000000e+01	2.63091340677641e+00
1.44500000000000e+01	2.60160542623035e+00
1.44600000000000e+01	2.57268507839840e+00
1.44700000000000e+01	2.54417194916816e+00
1.44800000000000e+01	2.51603482681716e+00
1.44900000000000e+01	2.48827411046633e+00
1.45000000000000e+01	2.46085653144092e+00
1.45100000000000e+01	2.43379292504725e+00
1.45200000000000e+01	2.40708827033438e+00
1.45300000000000e+01	2.38069950572551e+00
1.45400000000000e+01	2.35464245254041e+00
1.45500000000000e+01	2.32889922664254e+00
1.45600000000000e+01	2.30346827862165e+00
1.45700000000000e+01	2.27833043545304e+00
1.45800000000000e+01	2.25349808892218e+00
1.45900000000000e+01	2.22895356775199e+00
1.46000000000000e+01	2.20470897719557e+00
1.46100000000000e+01	2.18072974183915e+00
1.46200000000000e+01	2.15704071169083e+00
1.46300000000000e+01	2.13362368455226e+00
1.46400000000000e+01	2.11049107384354e+00
1.46500000000000e+01	2.08762477194719e+00
1.46600000000000e+01	2.06504469799902e+00
1.46700000000000e+01	2.04273173199725e+00
1.46800000000000e+01	2.02071002040536e+00
1.46900000000000e+01	1.99895135141949e+00
1.47000000000000e+01	1.97746418574638e+00
1.47100000000000e+01	1.95624668858354e+00
1.47200000000000e+01	1.93527807669372e+00
1.47300000000000e+01	1.91458321558649e+00
1.47400000000000e+01	1.89413021427371e+00
1.47500000000000e+01	1.87392354020321e+00
1.47600000000000e+01	1.85395724950748e+00
1.47700000000000e+01	1.83422230897673e+00
1.47800000000000e+01	1.81470830409988e+00
1.47900000000000e+01	1.79540193486755e+00
1.48000000000000e+01	1.77631762405687e+00
1.48100000000000e+01	1.75742292616698e+00
1.48200000000000e+01	1.73873493350840e+00
1.48300000000000e+01	1.72022787279750e+00
1.48400000000000e+01	1.70192684615936e+00
1.48500000000000e+01	1.68380965835504e+00
1.48600000000000e+01	1.66589552875970e+00
1.48700000000000e+01	1.64816232527390e+00
1.48800000000000e+01	1.63062131430848e+00
1.48900000000000e+01	1.61325993612563e+00
1.49000000000000e+01	1.59610972143337e+00
1.49100000000000e+01	1.57914041910462e+00
1.49200000000000e+01	1.56236873872151e+00
1.49300000000000e+01	1.54579568401732e+00
1.49400000000000e+01	1.52942003193584e+00
1.49500000000000e+01	1.51323168440462e+00
1.49600000000000e+01	1.49724353181326e+00
1.49700000000000e+01	1.48145371868007e+00
1.49800000000000e+01	1.46586140084510e+00
1.49900000000000e+01	1.45046561082002e+00
1.50000000000000e+01	1.43524988370149e+00
1.50100000000000e+01	1.42022726494801e+00
1.50200000000000e+01	1.40538441638095e+00
1.50300000000000e+01	1.39072593384341e+00
1.50400000000000e+01	1.37624384263313e+00
1.50500000000000e+01	1.36192092559430e+00
1.50600000000000e+01	1.34776453005633e+00
1.50700000000000e+01	1.33376681684132e+00
1.50800000000000e+01	1.31991215198754e+00
1.50900000000000e+01	1.30622139538626e+00
1.51000000000000e+01	1.29266296489575e+00
1.51100000000000e+01	1.27924925579275e+00
1.51200000000000e+01	1.26596746476125e+00
1.51300000000000e+01	1.25282920013251e+00
1.51400000000000e+01	1.23982222137681e+00
1.51500000000000e+01	1.22694818325493e+00
1.51600000000000e+01	1.21419970836847e+00
1.51700000000000e+01	1.20159612745088e+00
1.51800000000000e+01	1.18912184685534e+00
1.51900000000000e+01	1.17678021616245e+00
1.52000000000000e+01	1.16456639394186e+00
1.52100000000000e+01	1.15249362447444e+00
1.52200000000000e+01	1.14054546250156e+00
1.52300000000000e+01	1.12872426213769e+00
1.52400000000000e+01	1.11701590619762e+00
1.52500000000000e+01	1.10543337657471e+00
1.52600000000000e+01	1.09395297443715e+00
1.52700000000000e+01	1.08256853438834e+00
1.52800000000000e+01	1.07129031200293e+00
1.52900000000000e+01	1.06009260348248e+00
1.53000000000000e+01	1.04897946255332e+00
1.53100000000000e+01	1.03794357896771e+00
1.53200000000000e+01	1.02697853088302e+00
1.53300000000000e+01	1.01609001256188e+00
1.53400000000000e+01	1.00527488483034e+00
1.53500000000000e+01	9.94530907969203e-01
1.53600000000000e+01	9.83880086060451e-01
1.53700000000000e+01	9.73309823795198e-01
1.53800000000000e+01	9.62829535967940e-01
1.53900000000000e+01	9.52464603802365e-01
1.54000000000000e+01	9.42209979302824e-01
1.54100000000000e+01	9.32079643186694e-01
1.54200000000000e+01	9.22097535249545e-01
1.54300000000000e+01	9.12264984204024e-01
1.54400000000000e+01	9.02599696071461e-01
1.54500000000000e+01	8.93108203790722e-01
1.54600000000000e+01	8.83806560479775e-01
1.54700000000000e+01	8.74708926458552e-01
1.54800000000000e+01	8.65816968994601e-01
1.54900000000000e+01	8.57131679853460e-01
1.55000000000000e+01	8.48659019510357e-01
1.55100000000000e+01	8.40399251076437e-01
1.55200000000000e+01	8.32339159598251e-01
1.55300000000000e+01	8.24475663835245e-01
1.55400000000000e+01	8.16792586591147e-01
1.55500000000000e+01	8.09272351931135e-01
1.55600000000000e+01	8.01900246897108e-01
1.55700000000000e+01	7.94658136358814e-01
1.55800000000000e+01	7.87524820128458e-01
1.55900000000000e+01	7.80484753269502e-01
1.56000000000000e+01	7.73520231392377e-01
1.56100000000000e+01	7.66621300173610e-01
1.56200000000000e+01	7.59765739934681e-01
1.56300000000000e+01	7.52946511669196e-01
1.56400000000000e+01	7.46166848244020e-01
1.56500000000000e+01	7.39408787056804e-01
1.56600000000000e+01	7.32668928861781e-01
1.56700000000000e+01	7.25959283004117e-01
1.56800000000000e+01	7.19267653251161e-01
1.56900000000000e+01	7.12596783530839e-01
1.57000000000000e+01	7.05959123332665e-01
1.57100000000000e+01	6.99347976624198e-01
1.57200000000000e+01	6.92769647263131e-01
1.57300000000000e+01	6.86234356858350e-01
1.57400000000000e+01	6.79747503307946e-01
1.57500000000000e+01	6.73317269826194e-01
1.57600000000000e+01	6.66943539592135e-01
1.57700000000000e+01	6.60637867268062e-01
1.57800000000000e+01	6.54401832387033e-01
1.57900000000000e+01	6.48249249404578e-01
1.58000000000000e+01	6.42181880410614e-01
1.58100000000000e+01	6.36200335639264e-01
1.58200000000000e+01	6.30312215153451e-01
1.58300000000000e+01	6.24521007630433e-01
1.58400000000000e+01	6.18822379998024e-01
1.58500000000000e+01	6.13218737956998e-01
1.58600000000000e+01	6.07705074748511e-01
1.58700000000000e+01	6.02280319493902e-01
1.58800000000000e+01	5.96940524527423e-01
1.58900000000000e+01	5.91677075590828e-01
1.59000000000000e+01	5.86486463436008e-01
1.59100000000000e+01	5.81363097545425e-01
1.59200000000000e+01	5.76294628688666e-01
1.59300000000000e+01	5.71280690695561e-01
1.59400000000000e+01	5.66311230399696e-01
1.59500000000000e+01	5.61384874161932e-01
1.59600000000000e+01	5.56497328680983e-01
1.59700000000000e+01	5.51644451113338e-01
1.59800000000000e+01	5.46826327565378e-01
1.59900000000000e+01	5.42036743774150e-01
1.60000000000000e+01	5.37283164936097e-01
1.60100000000000e+01	5.32562637590569e-01
1.60200000000000e+01	5.27873819130334e-01
1.60300000000000e+01	5.23220020497557e-01
1.60400000000000e+01	5.18599570494389e-01
1.60500000000000e+01	5.14016956714810e-01
1.60600000000000e+01	5.09473717361294e-01
1.60700000000000e+01	5.04965675520113e-01
1.60800000000000e+01	5.00496707594132e-01
1.60900000000000e+01	4.96065987864355e-01
1.61000000000000e+01	4.91677506050499e-01
1.61100000000000e+01	4.87329795058159e-01
1.61200000000000e+01	4.83021814240172e-01
1.61300000000000e+01	4.78755243161548e-01
1.61400000000000e+01	4.74529765735308e-01
1.61500000000000e+01	4.70348223985565e-01
1.61600000000000e+01	4.66205888600881e-01
1.61700000000000e+01	4.62109103879314e-01
1.61800000000000e+01	4.58056923080295e-01
1.61900000000000e+01	4.54048422984941e-01
1.62000000000000e+01	4.50084454926902e-01
1.62100000000000e+01	4.46164688645672e-01
1.62200000000000e+01	4.42289839489143e-01
1.62300000000000e+01	4.38456428174700e-01
1.62400000000000e+01	4.34667628028278e-01
1.62500000000000e+01	4.30921633591481e-01
1.62600000000000e+01	4.27211309149879e-01
1.62700000000000e+01	4.23538978903358e-01
1.62800000000000e+01	4.19898336885925e-01
1.62900000000000e+01	4.16290493861208e-01
1.63000000000000e+01	4.12708627280526e-01
1.63100000000000e+01	4.09151833313248e-01
1.63200000000000e+01	4.05620156210495e-01
1.63300000000000e+01	4.02105059247917e-01
1.63400000000000e+01	3.98605113662898e-01
1.63500000000000e+01	3.95122840944991e-01
1.63600000000000e+01	3.91655542641149e-01
1.63700000000000e+01	3.88198890951317e-01
1.63800000000000e+01	3.84757053237504e-01
1.63900000000000e+01	3.81325086115854e-01
1.64000000000000e+01	3.77909240913668e-01
1.64100000000000e+01	3.74509963404277e-01
1.64200000000000e+01	3.71124528448458e-01
1.64300000000000e+01	3.67764442046364e-01
1.64400000000000e+01	3.64428132277483e-01
1.64500000000000e+01	3.61120818848783e-01
1.64600000000000e+01	3.57844692183282e-01
1.64700000000000e+01	3.54603939569542e-01
1.64800000000000e+01	3.51403702796190e-01
1.64900000000000e+01	3.48248688382028e-01
1.65000000000000e+01	3.45138910005933e-01
1.65100000000000e+01	3.42076547232667e-01
1.65200000000000e+01	3.39061584507918e-01
1.65300000000000e+01	3.36097212526290e-01
1.65400000000000e+01	3.33182858908346e-01
1.65500000000000e+01	3.30311955946920e-01
1.65600000000000e+01	3.27492030464160e-01
1.65700000000000e+01	3.24714431924869e-01
1.65800000000000e+01	3.21978477122827e-01
1.65900000000000e+01	3.19284752531324e-01
1.66000000000000e+01	3.16632161066975e-01
1.66100000000000e+01	3.14010956692833e-01
1.66200000000000e+01	3.11429194474697e-01
1.66300000000000e+01	3.08878076637022e-01
1.66400000000000e+01	3.06356865762350e-01
1.66500000000000e+01	3.03868505981537e-01
1.66600000000000e+01	3.01403782598966e-01
1.66700000000000e+01	2.98965945791700e-01
1.66800000000000e+01	2.96554140938643e-01
1.66900000000000e+01	2.94162900066972e-01
1.67000000000000e+01	2.91791457078638e-01
1.67100000000000e+01	2.89440742904575e-01
1.67200000000000e+01	2.87110208703760e-01
1.67300000000000e+01	2.84794409149741e-01
1.67400000000000e+01	2.82495367878233e-01
1.67500000000000e+01	2.80209851104796e-01
1.67600000000000e+01	2.77936522468165e-01
1.67700000000000e+01	2.75676834191068e-01
1.67800000000000e+01	2.73430969552413e-01
1.67900000000000e+01	2.71196853807738e-01
1.68000000000000e+01	2.68973412098603e-01
1.68100000000000e+01	2.66764020964647e-01
1.68200000000000e+01	2.64570089642675e-01
1.68300000000000e+01	2.62388929111113e-01
1.68400000000000e+01	2.60221476513256e-01
1.68500000000000e+01	2.58071514759737e-01
1.68600000000000e+01	2.55939485844593e-01
1.68700000000000e+01	2.53823692323444e-01
1.68800000000000e+01	2.51725349409301e-01
1.68900000000000e+01	2.49646304155036e-01
1.69000000000000e+01	2.47588259750880e-01
1.69100000000000e+01	2.45545565212865e-01
1.69200000000000e+01	2.43525644673397e-01
1.69300000000000e+01	2.41524205890249e-01
1.69400000000000e+01	2.39542119298800e-01
1.69500000000000e+01	2.37580970535613e-01
1.69600000000000e+01	2.35640059973794e-01
1.69700000000000e+01	2.33721143463383e-01
1.69800000000000e+01	2.31823548040179e-01
1.69900000000000e+01	2.29949763698853e-01
1.70000000000000e+01	2.28097941410665e-01
1.70100000000000e+01	2.26269221674187e-01
1.70200000000000e+01	2.24465504095651e-01
1.70300000000000e+01	2.22686499808962e-01
1.70400000000000e+01	2.20929603553531e-01
1.70500000000000e+01	2.19196775102784e-01
1.70600000000000e+01	2.17482553582323e-01
1.70700000000000e+01	2.15792180161808e-01
1.70800000000000e+01	2.14119689463783e-01
1.70900000000000e+01	2.12464015530974e-01
1.71000000000000e+01	2.10826184359293e-01
1.71100000000000e+01	2.09202694844253e-01
1.71200000000000e+01	2.07593305302060e-01
1.71300000000000e+01	2.05996243106695e-01
1.71400000000000e+01	2.04410610909370e-01
1.71500000000000e+01	2.02839502413441e-01
1.71600000000000e+01	2.01276364190818e-01
1.71700000000000e+01	1.99725565133769e-01
1.71800000000000e+01	1.98184031784347e-01
1.71900000000000e+01	1.96654948221678e-01
1.72000000000000e+01	1.95137119026603e-01
1.72100000000000e+01	1.93627704889556e-01
1.72200000000000e+01	1.92130234787265e-01
1.72300000000000e+01	1.90643631240690e-01
1.72400000000000e+01	1.89167702163165e-01
1.72500000000000e+01	1.87702520959491e-01
1.72600000000000e+01	1.86247256435077e-01
1.72700000000000e+01	1.84801322861711e-01
1.72800000000000e+01	1.83366243724006e-01
1.72900000000000e+01	1.81940292648503e-01
1.73000000000000e+01	1.80524986792661e-01
1.73100000000000e+01	1.79118594169298e-01
1.73200000000000e+01	1.77722843616535e-01
1.73300000000000e+01	1.76335403378104e-01
1.73400000000000e+01	1.74956415027604e-01
1.73500000000000e+01	1.73588046764673e-01
1.73600000000000e+01	1.72228205665320e-01
1.73700000000000e+01	1.70878590028698e-01
1.73800000000000e+01	1.69537631906449e-01
1.73900000000000e+01	1.68207069465564e-01
1.74000000000000e+01	1.66885815478227e-01
1.74100000000000e+01	1.65572952434396e-01
1.74200000000000e+01	1.64270574659941e-01
1.74300000000000e+01	1.62978697093125e-01
1.74400000000000e+01	1.61694583842068e-01
1.74500000000000e+01	1.60420357369924e-01
1.74600000000000e+01	1.59156888045324e-01
1.74700000000000e+01	1.57901969763161e-01
1.74800000000000e+01	1.56655464609404e-01
1.74900000000000e+01	1.55418346975532e-01
1.75000000000000e+01	1.54191248379424e-01
1.75100000000000e+01	1.52970652571090e-01
1.75200000000000e+01	1.51759014822225e-01
1.75300000000000e+01	1.50556341879463e-01
1.75400000000000e+01	1.49361203546679e-01
1.75500000000000e+01	1.48174228060105e-01
1.75600000000000e+01	1.46996249871527e-01
1.75700000000000e+01	1.45826563149838e-01
1.75800000000000e+01	1.44665097729105e-01
1.75900000000000e+01	1.43514166108991e-01
1.76000000000000e+01	1.42373594293272e-01
1.76100000000000e+01	1.41241816696618e-01
1.76200000000000e+01	1.40122387648206e-01
1.76300000000000e+01	1.39012151584183e-01
1.76400000000000e+01	1.37913468983063e-01
1.76500000000000e+01	1.36826703887908e-01
1.76600000000000e+01	1.35749335324231e-01
1.76700000000000e+01	1.34684765761215e-01
1.76800000000000e+01	1.33629024548600e-01
1.76900000000000e+01	1.32584836930363e-01
1.77000000000000e+01	1.31551004282325e-01
1.77100000000000e+01	1.30525244464252e-01
1.77200000000000e+01	1.29509396051556e-01
1.77300000000000e+01	1.28503148330163e-01
1.77400000000000e+01	1.27505209575075e-01
1.77500000000000e+01	1.26514561759870e-01
1.77600000000000e+01	1.25532945463224e-01
1.77700000000000e+01	1.24558191826601e-01
1.77800000000000e+01	1.23591779545240e-01
1.77900000000000e+01	1.22632364967163e-01
1.78000000000000e+01	1.21679187366520e-01
1.78100000000000e+01	1.20734167577053e-01
1.78200000000000e+01	1.19795846479290e-01
1.78300000000000e+01	1.18863875300088e-01
1.78400000000000e+01	1.17939888582371e-01
1.78500000000000e+01	1.17022799361477e-01
1.78600000000000e+01	1.16113805956516e-01
1.78700000000000e+01	1.15211445832062e-01
1.78800000000000e+01	1.14315690187277e-01
1.78900000000000e+01	1.13427986962100e-01
1.79000000000000e+01	1.12547160176278e-01
1.79100000000000e+01	1.11673921967272e-01
1.79200000000000e+01	1.10807093756257e-01
1.79300000000000e+01	1.09946994513018e-01
1.79400000000000e+01	1.09094151166916e-01
1.79500000000000e+01	1.08247986714581e-01
1.79600000000000e+01	1.07408380035030e-01
1.79700000000000e+01	1.06577187559259e-01
1.79800000000000e+01	1.05753094092758e-01
1.79900000000000e+01	1.04938381334804e-01
1.80000000000000e+01	1.04132161242046e-01
1.80100000000000e+01	1.03335596457257e-01
1.80200000000000e+01	1.02549528843503e-01
1.80300000000000e+01	1.01774088706030e-01
1.80400000000000e+01	1.01009346008503e-01
1.80500000000000e+01	1.00256505036299e-01
1.80600000000000e+01	9.95141558669425e-02
1.80700000000000e+01	9.87826339390762e-02
1.80800000000000e+01	9.80618833337635e-02
1.80900000000000e+01	9.73513288172319e-02
1.81000000000000e+01	9.66479715390209e-02
1.81100000000000e+01	9.59532094902291e-02
1.81200000000000e+01	9.52650874613094e-02
1.81300000000000e+01	9.45835204536956e-02
1.81400000000000e+01	9.39065136923879e-02
1.81500000000000e+01	9.32338387367144e-02
1.81600000000000e+01	9.25654962898154e-02
1.81700000000000e+01	9.19005019965863e-02
1.81800000000000e+01	9.12389104530097e-02
1.81900000000000e+01	9.05802308664502e-02
1.82000000000000e+01	8.99240173945226e-02
1.82100000000000e+01	8.92700991560903e-02
1.82200000000000e+01	8.86198868115231e-02
1.82300000000000e+01	8.79723594044159e-02
1.82400000000000e+01	8.73284739697554e-02
1.82500000000000e+01	8.66875301184433e-02
1.82600000000000e+01	8.60498640735162e-02
1.82700000000000e+01	8.54167035386632e-02
1.82800000000000e+01	8.47871909556439e-02
1.82900000000000e+01	8.41617023247650e-02
1.83000000000000e+01	8.35419433407231e-02
1.83100000000000e+01	8.29265962665910e-02
1.83200000000000e+01	8.23166862326132e-02
1.83300000000000e+01	8.17130340476816e-02
1.83400000000000e+01	8.11152058144343e-02
1.83500000000000e+01	8.05235134141773e-02
1.83600000000000e+01	7.99390337999652e-02
1.83700000000000e+01	7.93611510095520e-02
1.83800000000000e+01	7.87908930072781e-02
1.83900000000000e+01	7.82274763990872e-02
1.84000000000000e+01	7.76709126018054e-02
1.84100000000000e+01	7.71211781585341e-02
1.84200000000000e+01	7.65789220086153e-02
1.84300000000000e+01	7.60430956054530e-02
1.84400000000000e+01	7.55132924009748e-02
1.84500000000000e+01	7.49899687042256e-02
1.84600000000000e+01	7.44717527929412e-02
1.84700000000000e+01	7.39589640032981e-02
1.84800000000000e+01	7.34502321932220e-02
1.84900000000000e+01	7.29449768867334e-02
1.85000000000000e+01	7.24427202863257e-02
1.85100000000000e+01	7.19437658549619e-02
1.85200000000000e+01	7.14469028555819e-02
1.85300000000000e+01	7.09526263777333e-02
1.85400000000000e+01	7.04598785394855e-02
1.85500000000000e+01	6.99684969885649e-02
1.85600000000000e+01	6.94783764755408e-02
1.85700000000000e+01	6.89903188288471e-02
1.85800000000000e+01	6.85035821148848e-02
1.85900000000000e+01	6.80182323353078e-02
1.86000000000000e+01	6.75352032987769e-02
1.86100000000000e+01	6.70539091785892e-02
1.86200000000000e+01	6.65752976446829e-02
1.86300000000000e+01	6.60980819624975e-02
1.86400000000000e+01	6.56239431226570e-02
1.86500000000000e+01	6.51530540960656e-02
1.86600000000000e+01	6.46848713220819e-02
1.86700000000000e+01	6.42195086776309e-02
1.86800000000000e+01	6.37570711092761e-02
1.86900000000000e+01	6.32983077213715e-02
1.87000000000000e+01	6.28419027171211e-02
1.87100000000000e+01	6.23899131647720e-02
1.87200000000000e+01	6.19402127455304e-02
1.87300000000000e+01	6.14941660398262e-02
1.87400000000000e+01	6.10516849685517e-02
1.87500000000000e+01	6.06113587946809e-02
1.87600000000000e+01	6.01744530793116e-02
1.87700000000000e+01	5.97402417272644e-02
1.87800000000000e+01	5.93093143600908e-02
1.87900000000000e+01	5.88802625167986e-02
1.88000000000000e+01	5.84550429006407e-02
1.88100000000000e+01	5.80316108210099e-02
1.88200000000000e+01	5.76112117190361e-02
1.88300000000000e+01	5.71931692103660e-02
1.88400000000000e+01	5.67774326205951e-02
1.88500000000000e+01	5.63646509574475e-02
1.88600000000000e+01	5.59541468384979e-02
1.88700000000000e+01	5.55459102875117e-02
1.88800000000000e+01	5.51406195470556e-02
1.88900000000000e+01	5.47370655944344e-02
1.89000000000000e+01	5.43371595855548e-02
1.89100000000000e+01	5.39391254728651e-02
1.89200000000000e+01	5.35443362742362e-02
1.89300000000000e+01	5.31523003453514e-02
1.89400000000000e+01	5.27631777142146e-02
1.89500000000000e+01	5.23777274695142e-02
1.89600000000000e+01	5.19955125505803e-02
1.89700000000000e+01	5.16166488189808e-02
1.89800000000000e+01	5.12418708129124e-02
1.89900000000000e+01	5.08706769276496e-02
1.90000000000000e+01	5.05030514940753e-02
1.90100000000000e+01	5.01395626591772e-02
1.90200000000000e+01	4.97789479414153e-02
1.90300000000000e+01	4.94227451480065e-02
1.90400000000000e+01	4.90690634341741e-02
1.90500000000000e+01	4.87187897988322e-02
1.90600000000000e+01	4.83711608733028e-02
1.90700000000000e+01	4.80260074211202e-02
1.90800000000000e+01	4.76832876221785e-02
1.90900000000000e+01	4.73435544449825e-02
1.91000000000000e+01	4.70064392579118e-02
1.91100000000000e+01	4.66728056446888e-02
1.91200000000000e+01	4.63425158162442e-02
1.91300000000000e+01	4.60161058541685e-02
1.91400000000000e+01	4.56941091521660e-02
1.91500000000000e+01	4.53775673863831e-02
1.91600000000000e+01	4.50658773392663e-02
1.91700000000000e+01	4.47608774004164e-02
1.91800000000000e+01	4.44610729545694e-02
1.91900000000000e+01	4.41674414218175e-02
1.92000000000000e+01	4.38791182268354e-02
1.92100000000000e+01	4.35955841636019e-02
1.92200000000000e+01	4.33167449323184e-02
1.92300000000000e+01	4.30413307228232e-02
1.92400000000000e+01	4.27686233896654e-02
1.92500000000000e+01	4.24978690888978e-02
1.92600000000000e+01	4.22289617786592e-02
1.92700000000000e+01	4.19608544401232e-02
1.92800000000000e+01	4.16931680157313e-02
1.92900000000000e+01	4.14261126128740e-02
1.93000000000000e+01	4.11590725672604e-02
1.93100000000000e+01	4.08919992010297e-02
1.93200000000000e+01	4.06249494244935e-02
1.93300000000000e+01	4.03585073121322e-02
1.93400000000000e+01	4.00923130528928e-02
1.93500000000000e+01	3.98265145374439e-02
1.93600000000000e+01	3.95617076465635e-02
1.93700000000000e+01	3.92975473085310e-02
1.93800000000000e+01	3.90341733142983e-02
1.93900000000000e+01	3.87716695948625e-02
1.94000000000000e+01	3.85105723028380e-02
1.94100000000000e+01	3.82505213179900e-02
1.94200000000000e+01	3.79915520717724e-02
1.94300000000000e+01	3.77337370047107e-02
1.94400000000000e+01	3.74775601530860e-02
1.94500000000000e+01	3.72226241509857e-02
1.94600000000000e+01	3.69689551333562e-02
1.94700000000000e+01	3.67170521283414e-02
1.94800000000000e+01	3.64660352161288e-02
1.94900000000000e+01	3.62172515651839e-02
1.95000000000000e+01	3.59694261746643e-02
1.95100000000000e+01	3.57230134252939e-02
1.95200000000000e+01	3.54784859098116e-02
1.95300000000000e+01	3.52354171924114e-02
1.95400000000000e+01	3.49942663287747e-02
1.95500000000000e+01	3.47546516810785e-02
1.95600000000000e+01	3.45162158130012e-02
1.95700000000000e+01	3.42802186897538e-02
1.95800000000000e+01	3.40455062022767e-02
1.95900000000000e+01	3.38128962214037e-02
1.96000000000000e+01	3.35820324888105e-02
1.96100000000000e+01	3.33529585796759e-02
1.96200000000000e+01	3.31260784937808e-02
1.96300000000000e+01	3.29006023496921e-02
1.96400000000000e+01	3.26772979959943e-02
1.96500000000000e+01	3.24561698809967e-02
1.96600000000000e+01	3.22363661150930e-02
1.96700000000000e+01	3.20186541077192e-02
1.96800000000000e+01	3.18025841592848e-02
1.96900000000000e+01	3.15881064391596e-02
1.97000000000000e+01	3.13748124454879e-02
1.97100000000000e+01	3.11634030651106e-02
1.97200000000000e+01	3.09523344206949e-02
1.97300000000000e+01	3.07419814755261e-02
1.97400000000000e+01	3.05308711678518e-02
1.97500000000000e+01	3.03172394854286e-02
1.97600000000000e+01	3.00990628798473e-02
1.97700000000000e+01	2.98715390467234e-02
1.97800000000000e+01	2.96279214418664e-02
1.97900000000000e+01	2.93590171802573e-02
1.98000000000000e+01	2.90500667062086e-02
1.98100000000000e+01	2.86811528524045e-02
1.98200000000000e+01	2.82255806034871e-02
1.98300000000000e+01	2.76495505875326e-02
1.98400000000000e+01	2.69111593563876e-02
1.98500000000000e+01	2.59645778506736e-02
1.98600000000000e+01	2.47614519392200e-02
1.98700000000000e+01	2.32576647352780e-02
1.98800000000000e+01	2.14233640883551e-02
1.98900000000000e+01	1.92520172982950e-02
1.99000000000000e+01	1.67708224260417e-02
1.99100000000000e+01	1.40495977936938e-02
1.99200000000000e+01	1.12027513546038e-02
1.99300000000000e+01	8.38309935425661e-03
1.99400000000000e+01	5.76629251190642e-03
1.99500000000000e+01	3.52470789432987e-03
1.99600000000000e+01	1.79629801160248e-03
1.99700000000000e+01	6.55351358435145e-04
1.99800000000000e+01	9.39668440459192e-05
1.99900000000000e+01	2.18788583329074e-05
2.00000000000000e+01	2.87017299263325e-04
