1.00000000000000e-02	1.61611894567206e+19
2.00000000000000e-02	1.01017267556510e+18
3.00000000000000e-02	1.99571632586793e+17
4.00000000000000e-02	6.31604052784497e+16
5.00000000000000e-02	2.58780695689513e+16
6.00000000000000e-02	1.24841736229796e+16
7.00000000000000e-02	6.74152378839477e+15
8.00000000000000e-02	3.95368255087142e+15
9.00000000000000e-02	2.46964503754452e+15
1.00000000000000e-01	1.62131488902684e+15
1.10000000000000e-01	1.10814882802293e+15
1.20000000000000e-01	7.83015514256228e+14
1.30000000000000e-01	5.68949688159921e+14
1.40000000000000e-01	4.23370052112813e+14
1.50000000000000e-01	3.21569839896882e+14
1.60000000000000e-01	2.48656269767109e+14
1.70000000000000e-01	1.95324437649780e+14
1.80000000000000e-01	1.55581711890235e+14
1.90000000000000e-01	1.25476098393838e+14
2.00000000000000e-01	1.02332290150445e+14
2.10000000000000e-01	8.43028656997678e+13
2.20000000000000e-01	7.00880494382426e+13
2.30000000000000e-01	5.87583494490591e+13
2.40000000000000e-01	4.96374141283679e+13
2.50000000000000e-01	4.22279084186464e+13
2.60000000000000e-01	3.61580584226214e+13
2.70000000000000e-01	3.11462597836416e+13
2.80000000000000e-01	2.69791048691527e+13
2.90000000000000e-01	2.34903736855217e+13
3.00000000000000e-01	2.05520170729218e+13
3.10000000000000e-01	1.80627616888664e+13
3.20000000000000e-01	1.59422505238075e+13
3.30000000000000e-01	1.41269159817425e+13
3.40000000000000e-01	1.25650350011565e+13
3.50000000000000e-01	1.12157333940394e+13
3.60000000000000e-01	1.00446048196568e+13
3.70000000000000e-01	9.02426481660007e+12
3.80000000000000e-01	8.13203102353920e+12
3.90000000000000e-01	7.34883390437189e+12
4.00000000000000e-01	6.65914129381169e+12
4.10000000000000e-01	6.04966845084935e+12
4.20000000000000e-01	5.50948110525732e+12
4.30000000000000e-01	5.02937818378470e+12
4.40000000000000e-01	4.60138826557591e+12
4.50000000000000e-01	4.21890163406525e+12
4.60000000000000e-01	3.87614582231423e+12
4.70000000000000e-01	3.56827059882605e+12
4.80000000000000e-01	3.29109747330002e+12
4.90000000000000e-01	3.04094031906253e+12
5.00000000000000e-01	2.81476256321835e+12
5.10000000000000e-01	2.60973873082373e+12
5.20000000000000e-01	2.42365761287159e+12
5.30000000000000e-01	2.25434645005522e+12
5.40000000000000e-01	2.10004094942982e+12
5.50000000000000e-01	1.95914105838534e+12
5.60000000000000e-01	1.83027262361602e+12
5.70000000000000e-01	1.71221853878406e+12
5.80000000000000e-01	1.60393653778606e+12
5.90000000000000e-01	1.50441379755126e+12
6.00000000000000e-01	1.41281151164022e+12
6.10000000000000e-01	1.32838870789100e+12
6.20000000000000e-01	1.25049273812776e+12
6.30000000000000e-01	1.17849340370707e+12
6.40000000000000e-01	1.11188281372795e+12
6.50000000000000e-01	1.05016761250906e+12
6.60000000000000e-01	9.92913011518700e+11
6.70000000000000e-01	9.39736589353919e+11
6.80000000000000e-01	8.90305425323271e+11
6.90000000000000e-01	8.44292300948255e+11
7.00000000000000e-01	8.01426311821249e+11
7.10000000000000e-01	7.61436713902010e+11
7.20000000000000e-01	7.24093560049358e+11
7.30000000000000e-01	6.89204149835754e+11
7.40000000000000e-01	6.56557146351919e+11
7.50000000000000e-01	6.25996263396434e+11
7.60000000000000e-01	5.97349808895637e+11
7.70000000000000e-01	5.70481000712221e+11
7.80000000000000e-01	5.45261839605575e+11
7.90000000000000e-01	5.21564404335103e+11
8.00000000000000e-01	4.99281942116055e+11
8.10000000000000e-01	4.78313188827974e+11
8.20000000000000e-01	4.58571790144472e+11
8.30000000000000e-01	4.39964239987418e+11
8.40000000000000e-01	4.22424746481660e+11
8.50000000000000e-01	4.05867476472090e+11
8.60000000000000e-01	3.90235677653479e+11
8.70000000000000e-01	3.75468524082605e+11
8.80000000000000e-01	3.61501617003195e+11
8.90000000000000e-01	3.48298835553433e+11
9.00000000000000e-01	3.35800294457457e+11
9.10000000000000e-01	3.23960680254284e+11
9.20000000000000e-01	3.12747465710696e+11
9.30000000000000e-01	3.02119139657896e+11
9.40000000000000e-01	2.92042500207907e+11
9.50000000000000e-01	2.82481930288436e+11
9.60000000000000e-01	2.73408142741874e+11
9.70000000000000e-01	2.64798078407110e+11
9.80000000000000e-01	2.56620673267105e+11
9.90000000000000e-01	2.48851213059931e+11
1.00000000000000e+00	2.41474802884186e+11
1.01000000000000e+00	2.34462559385871e+11
1.02000000000000e+00	2.27799035053385e+11
1.03000000000000e+00	2.21469223404908e+11
1.04000000000000e+00	2.15452964017796e+11
1.05000000000000e+00	2.09735721716057e+11
1.06000000000000e+00	2.04300275219211e+11
1.07000000000000e+00	1.99138274249895e+11
1.08000000000000e+00	1.94228777538089e+11
1.09000000000000e+00	1.89560079625302e+11
1.10000000000000e+00	1.85119972573622e+11
1.11000000000000e+00	1.80894297051932e+11
1.12000000000000e+00	1.76864606653291e+11
1.13000000000000e+00	1.73021713184850e+11
1.14000000000000e+00	1.69348223130578e+11
1.15000000000000e+00	1.65830336270941e+11
1.16000000000000e+00	1.62452912496130e+11
1.17000000000000e+00	1.59205761856931e+11
1.18000000000000e+00	1.56073405468848e+11
1.19000000000000e+00	1.53049496225713e+11
1.20000000000000e+00	1.50123211740783e+11
1.21000000000000e+00	1.47291319418449e+11
1.22000000000000e+00	1.44550227738169e+11
1.23000000000000e+00	1.41906370231318e+11
1.24000000000000e+00	1.39360886997717e+11
1.25000000000000e+00	1.36929192212025e+11
1.26000000000000e+00	1.34623223248871e+11
1.27000000000000e+00	1.32471095740471e+11
1.28000000000000e+00	1.30493433899394e+11
1.29000000000000e+00	1.28728931809293e+11
1.30000000000000e+00	1.27210089110719e+11
1.31000000000000e+00	1.25978822485969e+11
1.32000000000000e+00	1.25076520097177e+11
1.33000000000000e+00	1.24542489638885e+11
1.34000000000000e+00	1.24413251265414e+11
1.35000000000000e+00	1.24720441207807e+11
1.36000000000000e+00	1.25485904466022e+11
1.37000000000000e+00	1.26724182368511e+11
1.38000000000000e+00	1.28435195719948e+11
1.39000000000000e+00	1.30609030301132e+11
1.40000000000000e+00	1.33227749304859e+11
1.41000000000000e+00	1.36258544652857e+11
1.42000000000000e+00	1.39665186112711e+11
1.43000000000000e+00	1.43406712122475e+11
1.44000000000000e+00	1.47440133392532e+11
1.45000000000000e+00	1.51718076800693e+11
1.46000000000000e+00	1.56200425557170e+11
1.47000000000000e+00	1.60838891592107e+11
1.48000000000000e+00	1.65593309815200e+11
1.49000000000000e+00	1.70415381812305e+11
1.50000000000000e+00	1.75254398987723e+11
1.51000000000000e+00	1.80049344767982e+11
1.52000000000000e+00	1.84726612530230e+11
1.53000000000000e+00	1.89200171663667e+11
1.54000000000000e+00	1.93363256314452e+11
1.55000000000000e+00	1.97091506577630e+11
1.56000000000000e+00	2.00250803687053e+11
1.57000000000000e+00	2.02693271889257e+11
1.58000000000000e+00	2.04261905645994e+11
1.59000000000000e+00	2.04804224081218e+11
1.60000000000000e+00	2.04177582016340e+11
1.61000000000000e+00	2.02255781911795e+11
1.62000000000000e+00	1.98938891429395e+11
1.63000000000000e+00	1.94163729078794e+11
1.64000000000000e+00	1.87917846535647e+11
1.65000000000000e+00	1.80259241387684e+11
1.66000000000000e+00	1.71315767745912e+11
1.67000000000000e+00	1.61304258086061e+11
1.68000000000000e+00	1.50503115133689e+11
1.69000000000000e+00	1.39241114267024e+11
1.70000000000000e+00	1.27859403478660e+11
1.71000000000000e+00	1.16698288242053e+11
1.72000000000000e+00	1.06071670186125e+11
1.73000000000000e+00	9.62632138938477e+10
1.74000000000000e+00	8.75065864518494e+10
1.75000000000000e+00	7.99590826771293e+10
1.76000000000000e+00	7.36916727870443e+10
1.77000000000000e+00	6.86832499781134e+10
1.78000000000000e+00	6.48341467866997e+10
1.79000000000000e+00	6.19759131057243e+10
1.80000000000000e+00	5.98893272917993e+10
1.81000000000000e+00	5.83269389960545e+10
1.82000000000000e+00	5.70425551895586e+10
1.83000000000000e+00	5.58238905416213e+10
1.84000000000000e+00	5.45196008147255e+10
1.85000000000000e+00	5.30532292442257e+10
1.86000000000000e+00	5.14109395778867e+10
1.87000000000000e+00	4.96318275764998e+10
1.88000000000000e+00	4.77883188055896e+10
1.89000000000000e+00	4.59752721298575e+10
1.90000000000000e+00	4.42996186820992e+10
1.91000000000000e+00	4.28662275820951e+10
1.92000000000000e+00	4.17689471328392e+10
1.93000000000000e+00	4.10781585360435e+10
1.94000000000000e+00	4.08334043243295e+10
1.95000000000000e+00	4.10398441007815e+10
1.96000000000000e+00	4.16674795266135e+10
1.97000000000000e+00	4.26548839044186e+10
1.98000000000000e+00	4.39148220221733e+10
1.99000000000000e+00	4.53442958280689e+10
2.00000000000000e+00	4.68324284900852e+10
2.01000000000000e+00	4.82699107486315e+10
2.02000000000000e+00	4.95582147007803e+10
2.03000000000000e+00	5.06153276944160e+10
2.04000000000000e+00	5.13787032565670e+10
2.05000000000000e+00	5.18090107540589e+10
2.06000000000000e+00	5.18859221986381e+10
2.07000000000000e+00	5.16035379059239e+10
2.08000000000000e+00	5.09656215074216e+10
2.09000000000000e+00	4.99771598369968e+10
2.10000000000000e+00	4.86427251193826e+10
2.11000000000000e+00	4.69691368903630e+10
2.12000000000000e+00	4.49703069727409e+10
2.13000000000000e+00	4.26790226779262e+10
2.14000000000000e+00	4.01524963057542e+10
2.15000000000000e+00	3.74684777948787e+10
2.16000000000000e+00	3.47166838245954e+10
2.17000000000000e+00	3.19792531886311e+10
2.18000000000000e+00	2.93207891189467e+10
2.19000000000000e+00	2.67790389897949e+10
2.20000000000000e+00	2.43699546894018e+10
2.21000000000000e+00	2.20941078557955e+10
2.22000000000000e+00	1.99474537389864e+10
2.23000000000000e+00	1.79314165315028e+10
2.24000000000000e+00	1.60559935087927e+10
2.25000000000000e+00	1.43407342394932e+10
2.26000000000000e+00	1.28074023803810e+10
2.27000000000000e+00	1.14730267031778e+10
2.28000000000000e+00	1.03449350456350e+10
2.29000000000000e+00	9.41916500487790e+09
2.30000000000000e+00	8.68196268947091e+09
2.31000000000000e+00	8.11304202409495e+09
2.32000000000000e+00	7.68858610588465e+09
2.33000000000000e+00	7.38370270620637e+09
2.34000000000000e+00	7.17369087437509e+09
2.35000000000000e+00	7.03596117505438e+09
2.36000000000000e+00	6.95004324265848e+09
2.37000000000000e+00	6.89810453294425e+09
2.38000000000000e+00	6.86503052331753e+09
2.39000000000000e+00	6.83728914596957e+09
2.40000000000000e+00	6.80326777954316e+09
2.41000000000000e+00	6.75345146731588e+09
2.42000000000000e+00	6.68160893458217e+09
2.43000000000000e+00	6.58556519228733e+09
2.44000000000000e+00	6.46729479614452e+09
2.45000000000000e+00	6.33257135828762e+09
2.46000000000000e+00	6.18963149213929e+09
2.47000000000000e+00	6.04892160356637e+09
2.48000000000000e+00	5.92152149794101e+09
2.49000000000000e+00	5.81905102918333e+09
2.50000000000000e+00	5.75247055742791e+09
2.51000000000000e+00	5.73164534770078e+09
2.52000000000000e+00	5.76397639751975e+09
2.53000000000000e+00	5.85387089701311e+09
2.54000000000000e+00	6.00169338020381e+09
2.55000000000000e+00	6.20340967288532e+09
2.56000000000000e+00	6.45039219885076e+09
2.57000000000000e+00	6.72946404237455e+09
2.58000000000000e+00	7.02330931254057e+09
2.59000000000000e+00	7.31136545486743e+09
2.60000000000000e+00	7.56992932125162e+09
2.61000000000000e+00	7.77396656019700e+09
2.62000000000000e+00	7.89857230655992e+09
2.63000000000000e+00	7.92261124741842e+09
2.64000000000000e+00	7.83448636885230e+09
2.65000000000000e+00	7.63697047783424e+09
2.66000000000000e+00	7.34914731614944e+09
2.67000000000000e+00	7.00135585126319e+09
2.68000000000000e+00	6.62675066052136e+09
2.69000000000000e+00	6.25239172545039e+09
2.70000000000000e+00	5.89508219683949e+09
2.71000000000000e+00	5.56120188917377e+09
2.72000000000000e+00	5.24916552392242e+09
2.73000000000000e+00	4.95342114785884e+09
2.74000000000000e+00	4.66726669214493e+09
2.75000000000000e+00	4.38535713149711e+09
2.76000000000000e+00	4.10481845579758e+09
2.77000000000000e+00	3.82532633706825e+09
2.78000000000000e+00	3.54846338336524e+09
2.79000000000000e+00	3.27686774839436e+09
2.80000000000000e+00	3.01340386985608e+09
2.81000000000000e+00	2.76071059218869e+09
2.82000000000000e+00	2.52098542541890e+09
2.83000000000000e+00	2.29594138515216e+09
2.84000000000000e+00	2.08679789305225e+09
2.85000000000000e+00	1.89433396535511e+09
2.86000000000000e+00	1.71886848442573e+09
2.87000000000000e+00	1.56039425014458e+09
2.88000000000000e+00	1.41851230465548e+09
2.89000000000000e+00	1.29249894084702e+09
2.90000000000000e+00	1.18129240207074e+09
2.91000000000000e+00	1.08361903312973e+09
2.92000000000000e+00	9.98017047234905e+08
2.93000000000000e+00	9.22972747119962e+08
2.94000000000000e+00	8.56981319948946e+08
2.95000000000000e+00	7.98695422816764e+08
2.96000000000000e+00	7.46961149344151e+08
2.97000000000000e+00	7.00869550313989e+08
2.98000000000000e+00	6.59806627497985e+08
2.99000000000000e+00	6.23307984148115e+08
3.00000000000000e+00	5.91123458483636e+08
3.01000000000000e+00	5.63073829632410e+08
3.02000000000000e+00	5.39056833459941e+08
3.03000000000000e+00	5.18997344348067e+08
3.04000000000000e+00	5.02848063536196e+08
3.05000000000000e+00	4.90577983029285e+08
3.06000000000000e+00	4.82104835578532e+08
3.07000000000000e+00	4.77300858411464e+08
3.08000000000000e+00	4.75916544109222e+08
3.09000000000000e+00	4.77560607964412e+08
3.10000000000000e+00	4.81698691812303e+08
3.11000000000000e+00	4.87685134152885e+08
3.12000000000000e+00	4.94769948987613e+08
3.13000000000000e+00	5.02146643471875e+08
3.14000000000000e+00	5.09003368375014e+08
3.15000000000000e+00	5.14516335878979e+08
3.16000000000000e+00	5.18016511109896e+08
3.17000000000000e+00	5.18982469543789e+08
3.18000000000000e+00	5.17162453406381e+08
3.19000000000000e+00	5.12636686808882e+08
3.20000000000000e+00	5.05769488396301e+08
3.21000000000000e+00	4.97161534969054e+08
3.22000000000000e+00	4.87499992131445e+08
3.23000000000000e+00	4.77467589420754e+08
3.24000000000000e+00	4.67664604853146e+08
3.25000000000000e+00	4.58551927568089e+08
3.26000000000000e+00	4.50470931703419e+08
3.27000000000000e+00	4.43639250978475e+08
3.28000000000000e+00	4.38209193535182e+08
3.29000000000000e+00	4.34232688242000e+08
3.30000000000000e+00	4.31703435300259e+08
3.31000000000000e+00	4.30558001789216e+08
3.32000000000000e+00	4.30715895942282e+08
3.33000000000000e+00	4.32050522555025e+08
3.34000000000000e+00	4.34431959642341e+08
3.35000000000000e+00	4.37700375665630e+08
3.36000000000000e+00	4.41685203729407e+08
3.37000000000000e+00	4.46199890322086e+08
3.38000000000000e+00	4.51056777050506e+08
3.39000000000000e+00	4.56099253788317e+08
3.40000000000000e+00	4.61214448971545e+08
3.41000000000000e+00	4.66335605305945e+08
3.42000000000000e+00	4.71420153811167e+08
3.43000000000000e+00	4.76440667171107e+08
3.44000000000000e+00	4.81364608192609e+08
3.45000000000000e+00	4.86124535046573e+08
3.46000000000000e+00	4.90626219119360e+08
3.47000000000000e+00	4.94757637144889e+08
3.48000000000000e+00	4.98401457722120e+08
3.49000000000000e+00	5.01467427922474e+08
3.50000000000000e+00	5.03914350533838e+08
3.51000000000000e+00	5.05748756339086e+08
3.52000000000000e+00	5.07042569031613e+08
3.53000000000000e+00	5.07919986404378e+08
3.54000000000000e+00	5.08524887924324e+08
3.55000000000000e+00	5.09005964190147e+08
3.56000000000000e+00	5.09479465310567e+08
3.57000000000000e+00	5.10050011326282e+08
3.58000000000000e+00	5.10797807561027e+08
3.59000000000000e+00	5.11803047523132e+08
3.60000000000000e+00	5.13182965874342e+08
3.61000000000000e+00	5.15079122620878e+08
3.62000000000000e+00	5.17661126487347e+08
3.63000000000000e+00	5.21144631726757e+08
3.64000000000000e+00	5.25741923589421e+08
3.65000000000000e+00	5.31667304204318e+08
3.66000000000000e+00	5.39121924499537e+08
3.67000000000000e+00	5.48258135168221e+08
3.68000000000000e+00	5.59194719185333e+08
3.69000000000000e+00	5.71966449680085e+08
3.70000000000000e+00	5.86541153775233e+08
3.71000000000000e+00	6.02776313460659e+08
3.72000000000000e+00	6.20469473740111e+08
3.73000000000000e+00	6.39361179944305e+08
3.74000000000000e+00	6.59175703343525e+08
3.75000000000000e+00	6.79697609270428e+08
3.76000000000000e+00	7.00812087893607e+08
3.77000000000000e+00	7.22501366613373e+08
3.78000000000000e+00	7.44906912202574e+08
3.79000000000000e+00	7.68278945645587e+08
3.80000000000000e+00	7.92972425574264e+08
3.81000000000000e+00	8.19464635003141e+08
3.82000000000000e+00	8.48327136158478e+08
3.83000000000000e+00	8.80264224733407e+08
3.84000000000000e+00	9.16083216896582e+08
3.85000000000000e+00	9.56722859713702e+08
3.86000000000000e+00	1.00323017841039e+09
3.87000000000000e+00	1.05669250733071e+09
3.88000000000000e+00	1.11818512868142e+09
3.89000000000000e+00	1.18870151878453e+09
3.90000000000000e+00	1.26903447272029e+09
3.91000000000000e+00	1.35958473424747e+09
3.92000000000000e+00	1.46028011319997e+09
3.93000000000000e+00	1.57036925485017e+09
3.94000000000000e+00	1.68829749088075e+09
3.95000000000000e+00	1.81161984396754e+09
3.96000000000000e+00	1.93690675679669e+09
3.97000000000000e+00	2.05980029732951e+09
3.98000000000000e+00	2.17507649029224e+09
3.99000000000000e+00	2.27681576610666e+09
4.00000000000000e+00	2.35867780831010e+09
4.01000000000000e+00	2.41426320547267e+09
4.02000000000000e+00	2.43756408529592e+09
4.03000000000000e+00	2.42359046446608e+09
4.04000000000000e+00	2.36914108463128e+09
4.05000000000000e+00	2.27362278344909e+09
4.06000000000000e+00	2.13945432878321e+09
4.07000000000000e+00	1.97225776932685e+09
4.08000000000000e+00	1.78031331457819e+09
4.09000000000000e+00	1.57355292423483e+09
4.10000000000000e+00	1.36229609945817e+09
4.11000000000000e+00	1.15596312243608e+09
4.12000000000000e+00	9.62199225038587e+08
4.13000000000000e+00	7.86338337102457e+08
4.14000000000000e+00	6.31461359962579e+08
4.15000000000000e+00	4.98631188005392e+08
4.16000000000000e+00	3.87414012475029e+08
4.17000000000000e+00	2.96316347537025e+08
4.18000000000000e+00	2.23230087600621e+08
4.19000000000000e+00	1.65766420122658e+08
4.20000000000000e+00	1.21480396144124e+08
4.21000000000000e+00	8.80345620384978e+07
4.22000000000000e+00	6.33098391655900e+07
4.23000000000000e+00	4.54600102664422e+07
4.24000000000000e+00	3.29388576530750e+07
4.25000000000000e+00	2.44952790193756e+07
4.26000000000000e+00	1.91447894367469e+07
4.27000000000000e+00	1.61275831358133e+07
4.28000000000000e+00	1.48592191149029e+07
4.29000000000000e+00	1.48821236912861e+07
4.30000000000000e+00	1.58246563637435e+07
4.31000000000000e+00	1.73696790798196e+07
4.32000000000000e+00	1.92342973741793e+07
4.33000000000000e+00	2.11602071250556e+07
4.34000000000000e+00	2.29130925392795e+07
4.35000000000000e+00	2.42891521722674e+07
4.36000000000000e+00	2.51257066203528e+07
4.37000000000000e+00	2.53139814433673e+07
4.38000000000000e+00	2.48095180557459e+07
4.39000000000000e+00	2.36328580312671e+07
4.40000000000000e+00	2.18660409667949e+07
4.41000000000000e+00	1.96393657469241e+07
4.42000000000000e+00	1.71125230419812e+07
4.43000000000000e+00	1.44541024794194e+07
4.44000000000000e+00	1.18218439177003e+07
4.45000000000000e+00	9.34821387056326e+06
4.46000000000000e+00	7.13156719284774e+06
4.47000000000000e+00	5.23375272204056e+06
4.48000000000000e+00	3.68316168608196e+06
4.49000000000000e+00	2.48066957892850e+06
4.50000000000000e+00	1.60710386389736e+06
4.51000000000000e+00	1.03033653127196e+06
4.52000000000000e+00	7.11175878212915e+05
4.53000000000000e+00	6.07913828350533e+05
4.54000000000000e+00	6.79598364946704e+05
4.55000000000000e+00	8.88297491664574e+05
4.56000000000000e+00	1.20057677439312e+06
4.57000000000000e+00	1.58822587307346e+06
4.58000000000000e+00	2.02840000374786e+06
4.59000000000000e+00	2.50316810701763e+06
4.60000000000000e+00	2.99868902114797e+06
4.61000000000000e+00	3.50424298173704e+06
4.62000000000000e+00	4.01100211801494e+06
4.63000000000000e+00	4.51122659577295e+06
4.64000000000000e+00	4.99760913276763e+06
4.65000000000000e+00	5.46316580397434e+06
4.66000000000000e+00	5.90155875884285e+06
4.67000000000000e+00	6.30806802668235e+06
4.68000000000000e+00	6.68061754448760e+06
4.69000000000000e+00	7.02093477971760e+06
4.70000000000000e+00	7.33570739889880e+06
4.71000000000000e+00	7.63721744860981e+06
4.72000000000000e+00	7.94401617305893e+06
4.73000000000000e+00	8.28120105705114e+06
4.74000000000000e+00	8.68201927226088e+06
4.75000000000000e+00	9.18858707395753e+06
4.76000000000000e+00	9.85526118340423e+06
4.77000000000000e+00	1.07522173809379e+07
4.78000000000000e+00	1.19707249207383e+07
4.79000000000000e+00	1.36287395489218e+07
4.80000000000000e+00	1.58759296056032e+07
4.81000000000000e+00	1.88971078034546e+07
4.82000000000000e+00	2.29110686979699e+07
4.83000000000000e+00	2.81650820442806e+07
4.84000000000000e+00	3.49231986686770e+07
4.85000000000000e+00	4.34494086183667e+07
4.86000000000000e+00	5.39888558230729e+07
4.87000000000000e+00	6.67458385485303e+07
4.88000000000000e+00	8.18615972583625e+07
4.89000000000000e+00	9.93912604346345e+07
4.90000000000000e+00	1.19281961940818e+08
4.91000000000000e+00	1.41339222611297e+08
4.92000000000000e+00	1.65199817304900e+08
4.93000000000000e+00	1.90302896264358e+08
4.94000000000000e+00	2.15871228267131e+08
4.95000000000000e+00	2.40927133989256e+08
4.96000000000000e+00	2.64326157701094e+08
4.97000000000000e+00	2.84858612469218e+08
4.98000000000000e+00	3.01368384728101e+08
4.99000000000000e+00	3.12869883578534e+08
5.00000000000000e+00	3.18707330554359e+08
5.01000000000000e+00	3.18618218346278e+08
5.02000000000000e+00	3.12783029997784e+08
5.03000000000000e+00	3.01784692558881e+08
5.04000000000000e+00	2.86519109518681e+08
5.05000000000000e+00	2.68072053186536e+08
5.06000000000000e+00	2.47582703412816e+08
5.07000000000000e+00	2.26125756057960e+08
5.08000000000000e+00	2.04630126105667e+08
5.09000000000000e+00	1.83828401585329e+08
5.10000000000000e+00	1.64250874873234e+08
5.11000000000000e+00	1.46237819093459e+08
5.12000000000000e+00	1.29966334466419e+08
5.13000000000000e+00	1.15486123667918e+08
5.14000000000000e+00	1.02747705153179e+08
5.15000000000000e+00	9.16300143317063e+07
5.16000000000000e+00	8.19661267797344e+07
5.17000000000000e+00	7.35633739813596e+07
5.18000000000000e+00	6.62208762159696e+07
5.19000000000000e+00	5.97420299807898e+07
5.20000000000000e+00	5.39466143326695e+07
5.21000000000000e+00	4.86752685882897e+07
5.22000000000000e+00	4.37967775432287e+07
5.23000000000000e+00	3.92103408855287e+07
5.24000000000000e+00	3.48443605396600e+07
5.25000000000000e+00	3.06562965152944e+07
5.26000000000000e+00	2.66305945982843e+07
5.27000000000000e+00	2.27738263260479e+07
5.28000000000000e+00	1.91118104095305e+07
5.29000000000000e+00	1.56822793024120e+07
5.30000000000000e+00	1.25311836582533e+07
5.31000000000000e+00	9.70630377586236e+06
5.32000000000000e+00	7.25389826254940e+06
5.33000000000000e+00	5.21576770955463e+06
5.34000000000000e+00	3.62712612606318e+06
5.35000000000000e+00	2.51717605088813e+06
5.36000000000000e+00	1.90884243820219e+06
5.37000000000000e+00	1.81895053445339e+06
5.38000000000000e+00	2.25803692897345e+06
5.39000000000000e+00	3.22930566092317e+06
5.40000000000000e+00	4.72685406069558e+06
5.41000000000000e+00	6.73328705868221e+06
5.42000000000000e+00	9.21769552544977e+06
5.43000000000000e+00	1.21338529502753e+07
5.44000000000000e+00	1.54192630593080e+07
5.45000000000000e+00	1.89966204703403e+07
5.46000000000000e+00	2.27765438040195e+07
5.47000000000000e+00	2.66615403140883e+07
5.48000000000000e+00	3.05514751920653e+07
5.49000000000000e+00	3.43496071338829e+07
5.50000000000000e+00	3.79667852102713e+07
5.51000000000000e+00	4.13273656413711e+07
5.52000000000000e+00	4.43714695814616e+07
5.53000000000000e+00	4.70564007094789e+07
5.54000000000000e+00	4.93563079526177e+07
5.55000000000000e+00	5.12599699789174e+07
5.56000000000000e+00	5.27687581799582e+07
5.57000000000000e+00	5.38935784931712e+07
5.58000000000000e+00	5.46521435442066e+07
5.59000000000000e+00	5.50688919814545e+07
5.60000000000000e+00	5.51719381341579e+07
5.61000000000000e+00	5.49963680197986e+07
5.62000000000000e+00	5.45785900296970e+07
5.63000000000000e+00	5.39616122753289e+07
5.64000000000000e+00	5.31902267054874e+07
5.65000000000000e+00	5.23138204903799e+07
5.66000000000000e+00	5.13834217025709e+07
5.67000000000000e+00	5.04536907561940e+07
5.68000000000000e+00	4.95801292251823e+07
5.69000000000000e+00	4.88186154906436e+07
5.70000000000000e+00	4.82265423757545e+07
5.71000000000000e+00	4.78590344932352e+07
5.72000000000000e+00	4.77693068932902e+07
5.73000000000000e+00	4.80081705573487e+07
5.74000000000000e+00	4.86186670156023e+07
5.75000000000000e+00	4.96391736945893e+07
5.76000000000000e+00	5.11008881860072e+07
5.77000000000000e+00	5.30272927970045e+07
5.78000000000000e+00	5.54350136779297e+07
5.79000000000000e+00	5.83317393514999e+07
5.80000000000000e+00	6.17192875888451e+07
5.81000000000000e+00	6.55886709792560e+07
5.82000000000000e+00	6.99187794082017e+07
5.83000000000000e+00	7.46736124620541e+07
5.84000000000000e+00	7.97955799631895e+07
5.85000000000000e+00	8.52040290597706e+07
5.86000000000000e+00	9.07854749442901e+07
5.87000000000000e+00	9.63917728536645e+07
5.88000000000000e+00	1.01835656976929e+08
5.89000000000000e+00	1.06885794941465e+08
5.90000000000000e+00	1.11280065280476e+08
5.91000000000000e+00	1.14725005001170e+08
5.92000000000000e+00	1.16926388720511e+08
5.93000000000000e+00	1.17609590806588e+08
5.94000000000000e+00	1.16565375585438e+08
5.95000000000000e+00	1.13677486787369e+08
5.96000000000000e+00	1.08959484570066e+08
5.97000000000000e+00	1.02564826788486e+08
5.98000000000000e+00	9.47747801727308e+07
5.99000000000000e+00	8.59690532498408e+07
6.00000000000000e+00	7.65775674563793e+07
6.01000000000000e+00	6.70261066351548e+07
6.02000000000000e+00	5.76948777655448e+07
6.03000000000000e+00	4.88831065075968e+07
6.04000000000000e+00	4.07981569281982e+07
6.05000000000000e+00	3.35584553261638e+07
6.06000000000000e+00	2.72086275947385e+07
6.07000000000000e+00	2.17386499109586e+07
6.08000000000000e+00	1.71033959450846e+07
6.09000000000000e+00	1.32391099767688e+07
6.10000000000000e+00	1.00751447417463e+07
6.11000000000000e+00	7.54056017913029e+06
6.12000000000000e+00	5.56964000989437e+06
6.13000000000000e+00	4.10358198413071e+06
6.14000000000000e+00	3.09235651746692e+06
6.15000000000000e+00	2.49538965976030e+06
6.16000000000000e+00	2.28199003186890e+06
6.17000000000000e+00	2.43186071203371e+06
6.18000000000000e+00	2.93559420752850e+06
6.19000000000000e+00	3.79543217193106e+06
6.20000000000000e+00	5.02659666365947e+06
6.21000000000000e+00	6.65853824143985e+06
6.22000000000000e+00	8.73729103923627e+06
6.23000000000000e+00	1.13258393384657e+07
6.24000000000000e+00	1.45056362722780e+07
6.25000000000000e+00	1.83757626987765e+07
6.26000000000000e+00	2.30501057173932e+07
6.27000000000000e+00	2.86548736963764e+07
6.28000000000000e+00	3.53191591744657e+07
6.29000000000000e+00	4.31679885307792e+07
6.30000000000000e+00	5.23046541854984e+07
6.31000000000000e+00	6.27928493120520e+07
6.32000000000000e+00	7.46306412977223e+07
6.33000000000000e+00	8.77220360186233e+07
6.34000000000000e+00	1.01846670963660e+08
6.35000000000000e+00	1.16644166055358e+08
6.36000000000000e+00	1.31608401770880e+08
6.37000000000000e+00	1.46106509847574e+08
6.38000000000000e+00	1.59433206119586e+08
6.39000000000000e+00	1.70877471042402e+08
6.40000000000000e+00	1.79808603335881e+08
6.41000000000000e+00	1.85756596833653e+08
6.42000000000000e+00	1.88468371376489e+08
6.43000000000000e+00	1.87934319139440e+08
6.44000000000000e+00	1.84369631451715e+08
6.45000000000000e+00	1.78166969892943e+08
6.46000000000000e+00	1.69831767493388e+08
6.47000000000000e+00	1.59914091138618e+08
6.48000000000000e+00	1.48947269481999e+08
6.49000000000000e+00	1.37410990253422e+08
6.50000000000000e+00	1.25709010059158e+08
6.51000000000000e+00	1.14164881074201e+08
6.52000000000000e+00	1.03025970091854e+08
6.53000000000000e+00	9.24730566862597e+07
6.54000000000000e+00	8.26315557038854e+07
6.55000000000000e+00	7.35821259282513e+07
6.56000000000000e+00	6.53674527708006e+07
6.57000000000000e+00	5.80005306836040e+07
6.58000000000000e+00	5.14691097834559e+07
6.59000000000000e+00	4.57403600065007e+07
6.60000000000000e+00	4.07670624417678e+07
6.61000000000000e+00	3.64892360660009e+07
6.62000000000000e+00	3.28405340187599e+07
6.63000000000000e+00	2.97509049051961e+07
6.64000000000000e+00	2.71503620212549e+07
6.65000000000000e+00	2.49710376321249e+07
6.66000000000000e+00	2.31495738579895e+07
6.67000000000000e+00	2.16272032801259e+07
6.68000000000000e+00	2.03504086341673e+07
6.69000000000000e+00	1.92713196859029e+07
6.70000000000000e+00	1.83472412192989e+07
6.71000000000000e+00	1.75407705110499e+07
6.72000000000000e+00	1.68192664145626e+07
6.73000000000000e+00	1.61560151607906e+07
6.74000000000000e+00	1.55295244855857e+07
6.75000000000000e+00	1.49232706496852e+07
6.76000000000000e+00	1.43263858572752e+07
6.77000000000000e+00	1.37332049253865e+07
6.78000000000000e+00	1.31434991651913e+07
6.79000000000000e+00	1.25614297129841e+07
6.80000000000000e+00	1.19959568912646e+07
6.81000000000000e+00	1.14595423288884e+07
6.82000000000000e+00	1.09677265910454e+07
6.83000000000000e+00	1.05380968046463e+07
6.84000000000000e+00	1.01886944772410e+07
6.85000000000000e+00	9.93703359013602e+06
6.86000000000000e+00	9.79882628786817e+06
6.87000000000000e+00	9.78682131416361e+06
6.88000000000000e+00	9.90984413723367e+06
6.89000000000000e+00	1.01717487714178e+07
6.90000000000000e+00	1.05710245356735e+07
6.91000000000000e+00	1.11008328717683e+07
6.92000000000000e+00	1.17484658625081e+07
6.93000000000000e+00	1.24965248753201e+07
6.94000000000000e+00	1.33224146224907e+07
6.95000000000000e+00	1.41993589213914e+07
6.96000000000000e+00	1.50979479264648e+07
6.97000000000000e+00	1.59858084054915e+07
6.98000000000000e+00	1.68302771431262e+07
6.99000000000000e+00	1.75984375470523e+07
7.00000000000000e+00	1.82597378682881e+07
7.01000000000000e+00	1.87862279459709e+07
7.02000000000000e+00	1.91549886094176e+07
7.03000000000000e+00	1.93486358482571e+07
7.04000000000000e+00	1.93554969504896e+07
7.05000000000000e+00	1.91707985146779e+07
7.06000000000000e+00	1.87960722085719e+07
7.07000000000000e+00	1.82393467167876e+07
7.08000000000000e+00	1.75145723792158e+07
7.09000000000000e+00	1.66410199788662e+07
7.10000000000000e+00	1.56426672989788e+07
7.11000000000000e+00	1.45473145353511e+07
7.12000000000000e+00	1.33841458045432e+07
7.13000000000000e+00	1.21834921061513e+07
7.14000000000000e+00	1.09744681087556e+07
7.15000000000000e+00	9.78395885695975e+06
7.16000000000000e+00	8.63546877605446e+06
7.17000000000000e+00	7.54864907126653e+06
7.18000000000000e+00	6.53890811321347e+06
7.19000000000000e+00	5.61726605199046e+06
7.20000000000000e+00	4.79080115272775e+06
7.21000000000000e+00	4.06267902161495e+06
7.22000000000000e+00	3.43299192238056e+06
7.23000000000000e+00	2.89926770974607e+06
7.24000000000000e+00	2.45714469718260e+06
7.25000000000000e+00	2.10103557963450e+06
7.26000000000000e+00	1.82458371097325e+06
7.27000000000000e+00	1.62101666910687e+06
7.28000000000000e+00	1.48325083820446e+06
7.29000000000000e+00	1.40396515185601e+06
7.30000000000000e+00	1.37548275311323e+06
7.31000000000000e+00	1.38965041821578e+06
7.32000000000000e+00	1.43785982858675e+06
7.33000000000000e+00	1.51109947136953e+06
7.34000000000000e+00	1.60017712679629e+06
7.35000000000000e+00	1.69611212708940e+06
7.36000000000000e+00	1.79063276571046e+06
7.37000000000000e+00	1.87677338464626e+06
7.38000000000000e+00	1.94941932180860e+06
7.39000000000000e+00	2.00585267204916e+06
7.40000000000000e+00	2.04613308812964e+06
7.41000000000000e+00	2.07333811981766e+06
7.42000000000000e+00	2.09346799091162e+06
7.43000000000000e+00	2.11517940747055e+06
7.44000000000000e+00	2.14903649480449e+06
7.45000000000000e+00	2.20663056777184e+06
7.46000000000000e+00	2.29936522449848e+06
7.47000000000000e+00	2.43713307668651e+06
7.48000000000000e+00	2.62710579737100e+06
7.49000000000000e+00	2.87269827523994e+06
7.50000000000000e+00	3.17294932869044e+06
7.51000000000000e+00	3.52235673432105e+06
7.52000000000000e+00	3.91127381103949e+06
7.53000000000000e+00	4.32661379673257e+06
7.54000000000000e+00	4.75304586541032e+06
7.55000000000000e+00	5.17418836928499e+06
7.56000000000000e+00	5.57378199160557e+06
7.57000000000000e+00	5.93681329852660e+06
7.58000000000000e+00	6.25031735669080e+06
7.59000000000000e+00	6.50404256156918e+06
7.60000000000000e+00	6.69069235114712e+06
7.61000000000000e+00	6.80603563806278e+06
7.62000000000000e+00	6.84918204129283e+06
7.63000000000000e+00	6.82171923542558e+06
7.64000000000000e+00	6.72809756428160e+06
7.65000000000000e+00	6.57496099239165e+06
7.66000000000000e+00	6.37093423390178e+06
7.67000000000000e+00	6.12611328503004e+06
7.68000000000000e+00	5.85132427786586e+06
7.69000000000000e+00	5.55794005519153e+06
7.70000000000000e+00	5.25701934625974e+06
7.71000000000000e+00	4.95879522319612e+06
7.72000000000000e+00	4.67215668322181e+06
7.73000000000000e+00	4.40432452584175e+06
7.74000000000000e+00	4.16078221123116e+06
7.75000000000000e+00	3.94511108721545e+06
7.76000000000000e+00	3.75934471504914e+06
7.77000000000000e+00	3.60405519408059e+06
7.78000000000000e+00	3.47876885587859e+06
7.79000000000000e+00	3.38226517413467e+06
7.80000000000000e+00	3.31290021364516e+06
7.81000000000000e+00	3.26881872212425e+06
7.82000000000000e+00	3.24806454583414e+06
7.83000000000000e+00	3.24863453111278e+06
7.84000000000000e+00	3.26847117494166e+06
7.85000000000000e+00	3.30535475619355e+06
7.86000000000000e+00	3.35683262368564e+06
7.87000000000000e+00	3.42018359274656e+06
7.88000000000000e+00	3.49237950224692e+06
7.89000000000000e+00	3.57002954848844e+06
7.90000000000000e+00	3.64960178028961e+06
7.91000000000000e+00	3.72733367096273e+06
7.92000000000000e+00	3.79952462142978e+06
7.93000000000000e+00	3.86254676718607e+06
7.94000000000000e+00	3.91308358750274e+06
7.95000000000000e+00	3.94840840568326e+06
7.96000000000000e+00	3.96639546876945e+06
7.97000000000000e+00	3.96584803979574e+06
7.98000000000000e+00	3.94653470765243e+06
7.99000000000000e+00	3.90940689019036e+06
8.00000000000000e+00	3.85636781620043e+06
8.01000000000000e+00	3.79029021498712e+06
8.02000000000000e+00	3.71462887567394e+06
8.03000000000000e+00	3.63309921860209e+06
8.04000000000000e+00	3.54921857155945e+06
8.05000000000000e+00	3.46601730420842e+06
8.06000000000000e+00	3.38557773878912e+06
8.07000000000000e+00	3.30892434748525e+06
8.08000000000000e+00	3.23590632336318e+06
8.09000000000000e+00	3.16527274714454e+06
8.10000000000000e+00	3.09496202828917e+06
8.11000000000000e+00	3.02236221264530e+06
8.12000000000000e+00	2.94473798661383e+06
8.13000000000000e+00	2.85964536698503e+06
8.14000000000000e+00	2.76524138208016e+06
8.15000000000000e+00	2.66067093699101e+06
8.16000000000000e+00	2.54613517167560e+06
8.17000000000000e+00	2.42307455078130e+06
8.18000000000000e+00	2.29404781727254e+06
8.19000000000000e+00	2.16251295453266e+06
8.20000000000000e+00	2.03249006830870e+06
8.21000000000000e+00	1.90824851177310e+06
8.22000000000000e+00	1.79375140807364e+06
8.23000000000000e+00	1.69228309536515e+06
8.24000000000000e+00	1.60609592205494e+06
8.25000000000000e+00	1.53617428637088e+06
8.26000000000000e+00	1.48213900526740e+06
8.27000000000000e+00	1.44237689721240e+06
8.28000000000000e+00	1.41422795778872e+06
8.29000000000000e+00	1.39435864987675e+06
8.30000000000000e+00	1.37917247544985e+06
8.31000000000000e+00	1.36514065600121e+06
8.32000000000000e+00	1.34922002603138e+06
8.33000000000000e+00	1.32907907816156e+06
8.34000000000000e+00	1.30328043670796e+06
8.35000000000000e+00	1.27133099026402e+06
8.36000000000000e+00	1.23364949545724e+06
8.37000000000000e+00	1.19143695266651e+06
8.38000000000000e+00	1.14648592648472e+06
8.39000000000000e+00	1.10095588736800e+06
8.40000000000000e+00	1.05713067511803e+06
8.41000000000000e+00	1.01719374046371e+06
8.42000000000000e+00	9.83020991298859e+05
8.43000000000000e+00	9.56070738892950e+05
8.44000000000000e+00	9.37263843359448e+05
8.45000000000000e+00	9.26942539240534e+05
8.46000000000000e+00	9.24939735612335e+05
8.47000000000000e+00	9.30616508317623e+05
8.48000000000000e+00	9.42962710969894e+05
8.49000000000000e+00	9.60771693373241e+05
8.50000000000000e+00	9.82742168617751e+05
8.51000000000000e+00	1.00762243638020e+06
8.52000000000000e+00	1.03426743309984e+06
8.53000000000000e+00	1.06177146354469e+06
8.54000000000000e+00	1.08945811578713e+06
8.55000000000000e+00	1.11686167997835e+06
8.56000000000000e+00	1.14373659094023e+06
8.57000000000000e+00	1.16996723790371e+06
8.58000000000000e+00	1.19552397782655e+06
8.59000000000000e+00	1.22037062024529e+06
8.60000000000000e+00	1.24447107061539e+06
8.61000000000000e+00	1.26765753694480e+06
8.62000000000000e+00	1.28969363410661e+06
8.63000000000000e+00	1.31024923705396e+06
8.64000000000000e+00	1.32895795304669e+06
8.65000000000000e+00	1.34544574724358e+06
8.66000000000000e+00	1.35939046346149e+06
8.67000000000000e+00	1.37053023871021e+06
8.68000000000000e+00	1.37876202533815e+06
8.69000000000000e+00	1.38410739022945e+06
8.70000000000000e+00	1.38672833892067e+06
8.71000000000000e+00	1.38687667384698e+06
8.72000000000000e+00	1.38491826873560e+06
8.73000000000000e+00	1.38122192248530e+06
8.74000000000000e+00	1.37621956125638e+06
8.75000000000000e+00	1.37026714867687e+06
8.76000000000000e+00	1.36373829180929e+06
8.77000000000000e+00	1.35691693281637e+06
8.78000000000000e+00	1.35008760468855e+06
8.79000000000000e+00	1.34347361057044e+06
8.80000000000000e+00	1.33730840146772e+06
8.81000000000000e+00	1.33181283747761e+06
8.82000000000000e+00	1.32719696385242e+06
8.83000000000000e+00	1.32365408795387e+06
8.84000000000000e+00	1.32135722599982e+06
8.85000000000000e+00	1.32045434799244e+06
8.86000000000000e+00	1.32100426833967e+06
8.87000000000000e+00	1.32302746518085e+06
8.88000000000000e+00	1.32644084470899e+06
8.89000000000000e+00	1.33109620430072e+06
8.90000000000000e+00	1.33675603710064e+06
8.91000000000000e+00	1.34312476109865e+06
8.92000000000000e+00	1.34980139928394e+06
8.93000000000000e+00	1.35642134360969e+06
8.94000000000000e+00	1.36251169016565e+06
8.95000000000000e+00	1.36767085747839e+06
8.96000000000000e+00	1.37146575254349e+06
8.97000000000000e+00	1.37351823015102e+06
8.98000000000000e+00	1.37348891696110e+06
8.99000000000000e+00	1.37112237342694e+06
9.00000000000000e+00	1.36625336217390e+06
9.01000000000000e+00	1.35882949654967e+06
9.02000000000000e+00	1.34889093166489e+06
9.03000000000000e+00	1.33656962961250e+06
9.04000000000000e+00	1.32210398436370e+06
9.05000000000000e+00	1.30578190966498e+06
9.06000000000000e+00	1.28798743267137e+06
9.07000000000000e+00	1.26914044080784e+06
9.08000000000000e+00	1.24974968681013e+06
9.09000000000000e+00	1.23038955391121e+06
9.10000000000000e+00	1.21170003129156e+06
9.11000000000000e+00	1.19433413296313e+06
9.12000000000000e+00	1.17896249147952e+06
9.13000000000000e+00	1.16619785867198e+06
9.14000000000000e+00	1.15657441522295e+06
9.15000000000000e+00	1.15049449844836e+06
9.16000000000000e+00	1.14817380271017e+06
9.17000000000000e+00	1.14964896722330e+06
9.18000000000000e+00	1.15473359418869e+06
9.19000000000000e+00	1.16301944838293e+06
9.20000000000000e+00	1.17392517764470e+06
9.21000000000000e+00	1.18671983412928e+06
9.22000000000000e+00	1.20058935865695e+06
9.23000000000000e+00	1.21470425118605e+06
9.24000000000000e+00	1.22827124071733e+06
9.25000000000000e+00	1.24061218356329e+06
9.26000000000000e+00	1.25121589040843e+06
9.27000000000000e+00	1.25973669869952e+06
9.28000000000000e+00	1.26605432168245e+06
9.29000000000000e+00	1.27021510119291e+06
9.30000000000000e+00	1.27242249713618e+06
9.31000000000000e+00	1.27298164527853e+06
9.32000000000000e+00	1.27226017971886e+06
9.33000000000000e+00	1.27062873458930e+06
9.34000000000000e+00	1.26841096262166e+06
9.35000000000000e+00	1.26587828137211e+06
9.36000000000000e+00	1.26321533175534e+06
9.37000000000000e+00	1.26052156303774e+06
9.38000000000000e+00	1.25781631864947e+06
9.39000000000000e+00	1.25508501522798e+06
9.40000000000000e+00	1.25225867071976e+06
9.41000000000000e+00	1.24925504216508e+06
9.42000000000000e+00	1.24599364704446e+06
9.43000000000000e+00	1.24240975325058e+06
9.44000000000000e+00	1.23844703579706e+06
9.45000000000000e+00	1.23408528669805e+06
9.46000000000000e+00	1.22932736654523e+06
9.47000000000000e+00	1.22419049738095e+06
9.48000000000000e+00	1.21873134950907e+06
9.49000000000000e+00	1.21300772738377e+06
9.50000000000000e+00	1.20710759757335e+06
9.51000000000000e+00	1.20109802907932e+06
9.52000000000000e+00	1.19504274472531e+06
9.53000000000000e+00	1.18899754481074e+06
9.54000000000000e+00	1.18297424693709e+06
9.55000000000000e+00	1.17699168640468e+06
9.56000000000000e+00	1.17106786789271e+06
9.57000000000000e+00	1.16524941803207e+06
9.58000000000000e+00	1.15961192899517e+06
9.59000000000000e+00	1.15423646292196e+06
9.60000000000000e+00	1.14919578535735e+06
9.61000000000000e+00	1.14452109859717e+06
9.62000000000000e+00	1.14020032421056e+06
9.63000000000000e+00	1.13618875419979e+06
9.64000000000000e+00	1.13239788440757e+06
9.65000000000000e+00	1.12875099961657e+06
9.66000000000000e+00	1.12518465522807e+06
9.67000000000000e+00	1.12165994885216e+06
9.68000000000000e+00	1.11815066648279e+06
9.69000000000000e+00	1.11464165984570e+06
9.70000000000000e+00	1.11111733828805e+06
9.71000000000000e+00	1.10758883303578e+06
9.72000000000000e+00	1.10403383212315e+06
9.73000000000000e+00	1.10045862015552e+06
9.74000000000000e+00	1.09685478918072e+06
9.75000000000000e+00	1.09320961332524e+06
9.76000000000000e+00	1.08953480394973e+06
9.77000000000000e+00	1.08580888959626e+06
9.78000000000000e+00	1.08203506803967e+06
9.79000000000000e+00	1.07821713130837e+06
9.80000000000000e+00	1.07434196457940e+06
9.81000000000000e+00	1.07043017092726e+06
9.82000000000000e+00	1.06648523980882e+06
9.83000000000000e+00	1.06250970384232e+06
9.84000000000000e+00	1.05851290964498e+06
9.85000000000000e+00	1.05449848048325e+06
9.86000000000000e+00	1.05047136909430e+06
9.87000000000000e+00	1.04645394889843e+06
9.88000000000000e+00	1.04249366263229e+06
9.89000000000000e+00	1.03874705706464e+06
9.90000000000000e+00	1.03555569104893e+06
9.91000000000000e+00	1.03368482657837e+06
9.92000000000000e+00	1.03458548011456e+06
9.93000000000000e+00	1.04073915157977e+06
9.94000000000000e+00	1.05582619225289e+06
9.95000000000000e+00	1.08476590396550e+06
9.96000000000000e+00	1.13332449376152e+06
9.97000000000000e+00	1.20731095345471e+06
9.98000000000000e+00	1.31088539779087e+06
9.99000000000000e+00	1.44367113589455e+06
1.00000000000000e+01	1.59676300479704e+06
1.00100000000000e+01	1.74822940452370e+06
1.00200000000000e+01	1.85756350702324e+06
1.00300000000000e+01	1.87305038998286e+06
1.00400000000000e+01	1.76222377198342e+06
1.00500000000000e+01	1.54315627746272e+06
1.00600000000000e+01	1.27450447412265e+06
1.00700000000000e+01	1.01375636144173e+06
1.00800000000000e+01	7.91903966787943e+05
1.00900000000000e+01	6.16070969065210e+05
1.01000000000000e+01	4.81382476193886e+05
1.01100000000000e+01	3.79484908145726e+05
1.01200000000000e+01	3.02418789604667e+05
1.01300000000000e+01	2.43773987633120e+05
1.01400000000000e+01	1.98724805222030e+05
1.01500000000000e+01	1.63744872040817e+05
1.01600000000000e+01	1.36276995927440e+05
1.01700000000000e+01	1.14470864102660e+05
1.01800000000000e+01	9.69746186706711e+04
1.01900000000000e+01	8.27960825098054e+04
1.02000000000000e+01	7.11990666933786e+04
1.02100000000000e+01	6.16302033173157e+04
1.02200000000000e+01	5.36712245895266e+04
1.02300000000000e+01	4.70012538489883e+04
1.02400000000000e+01	4.13724720361734e+04
1.02500000000000e+01	3.65919604682710e+04
1.02600000000000e+01	3.25074243672387e+04
1.02700000000000e+01	2.89980330752153e+04
1.02800000000000e+01	2.59671737251722e+04
1.02900000000000e+01	2.33366949717906e+04
1.03000000000000e+01	2.10435046076194e+04
1.03100000000000e+01	1.90355681518866e+04
1.03200000000000e+01	1.72703847502770e+04
1.03300000000000e+01	1.57126374678496e+04
1.03400000000000e+01	1.43330751730033e+04
1.03500000000000e+01	1.31070146451224e+04
1.03600000000000e+01	1.20138709342070e+04
1.03700000000000e+01	1.10361846909418e+04
1.03800000000000e+01	1.01592893813062e+04
1.03900000000000e+01	9.37053301472512e+03
1.04000000000000e+01	8.65920864908482e+03
1.04100000000000e+01	8.01607379173602e+03
1.04200000000000e+01	7.43332299873023e+03
1.04300000000000e+01	6.90401099624929e+03
1.04400000000000e+01	6.42228294494274e+03
1.04500000000000e+01	5.98295052861927e+03
1.04600000000000e+01	5.58154835490451e+03
1.04700000000000e+01	5.21414652628610e+03
1.04800000000000e+01	4.87725234630220e+03
1.04900000000000e+01	4.56789312348541e+03
1.05000000000000e+01	4.28330349775526e+03
1.05100000000000e+01	4.02111210750460e+03
1.05200000000000e+01	3.77921782403783e+03
1.05300000000000e+01	3.55571585201285e+03
1.05400000000000e+01	3.34893390667090e+03
1.05500000000000e+01	3.15733902298406e+03
1.05600000000000e+01	2.97959686933888e+03
1.05700000000000e+01	2.81447204109174e+03
1.05800000000000e+01	2.66089605594963e+03
1.05900000000000e+01	2.51788527185787e+03
1.06000000000000e+01	2.38454358845959e+03
1.06100000000000e+01	2.26008979053027e+03
1.06200000000000e+01	2.14378941376015e+03
1.06300000000000e+01	2.03500368898488e+03
1.06400000000000e+01	1.93314071023636e+03
1.06500000000000e+01	1.83765262683758e+03
1.06600000000000e+01	1.74806544009839e+03
1.06700000000000e+01	1.66393457155243e+03
1.06800000000000e+01	1.58484717654154e+03
1.06900000000000e+01	1.51044705025779e+03
1.07000000000000e+01	1.44038686185439e+03
1.07100000000000e+01	1.37436479795951e+03
1.07200000000000e+01	1.31211971640557e+03
1.07300000000000e+01	1.25337865804478e+03
1.07400000000000e+01	1.19790814953843e+03
1.07500000000000e+01	1.14549880634953e+03
1.07600000000000e+01	1.09595151350428e+03
1.07700000000000e+01	1.04908377843559e+03
1.07800000000000e+01	1.00473008538076e+03
1.07900000000000e+01	9.62723786459155e+02
1.08000000000000e+01	9.22924537331442e+02
1.08100000000000e+01	8.85187105503679e+02
1.08200000000000e+01	8.49384229076072e+02
1.08300000000000e+01	8.15400355830311e+02
1.08400000000000e+01	7.83121409957419e+02
1.08500000000000e+01	7.52436519268834e+02
1.08600000000000e+01	7.23253299427797e+02
1.08700000000000e+01	6.95475811826977e+02
1.08800000000000e+01	6.69018604461943e+02
1.08900000000000e+01	6.43806219975628e+02
1.09000000000000e+01	6.19766182030889e+02
1.09100000000000e+01	5.96826268610383e+02
1.09200000000000e+01	5.74923698545056e+02
1.09300000000000e+01	5.54002744293891e+02
1.09400000000000e+01	5.34007846969874e+02
1.09500000000000e+01	5.14884841954181e+02
1.09600000000000e+01	4.96594550531608e+02
1.09700000000000e+01	4.79086321416508e+02
1.09800000000000e+01	4.62325037208116e+02
1.09900000000000e+01	4.46274739913766e+02
1.10000000000000e+01	4.30899675276097e+02
1.10100000000000e+01	4.16168584273363e+02
1.10200000000000e+01	4.02056055625763e+02
1.10300000000000e+01	3.88533453652365e+02
1.10400000000000e+01	3.75577996600942e+02
1.10500000000000e+01	3.63163696451325e+02
1.10600000000000e+01	3.51269525302073e+02
1.10700000000000e+01	3.39873560690227e+02
1.10800000000000e+01	3.28954698752721e+02
1.10900000000000e+01	3.18487509505295e+02
1.11000000000000e+01	3.08454209823059e+02
1.11100000000000e+01	2.98834180704835e+02
1.11200000000000e+01	2.89600967929344e+02
1.11300000000000e+01	2.80739311455750e+02
1.11400000000000e+01	2.72228922967129e+02
1.11500000000000e+01	2.64048533447149e+02
1.11600000000000e+01	2.56180072835869e+02
1.11700000000000e+01	2.48607379393966e+02
1.11800000000000e+01	2.41315324045080e+02
1.11900000000000e+01	2.34289518241271e+02
1.12000000000000e+01	2.27512792931598e+02
1.12100000000000e+01	2.20976706294783e+02
1.12200000000000e+01	2.14668122310280e+02
1.12300000000000e+01	2.08577738671558e+02
1.12400000000000e+01	2.02694410537660e+02
1.12500000000000e+01	1.97010229869595e+02
1.12600000000000e+01	1.91517565351696e+02
1.12700000000000e+01	1.86207716331440e+02
1.12800000000000e+01	1.81073752344238e+02
1.12900000000000e+01	1.76108378747781e+02
1.13000000000000e+01	1.71306661829307e+02
1.13100000000000e+01	1.66660814111592e+02
1.13200000000000e+01	1.62164770859091e+02
1.13300000000000e+01	1.57814282290840e+02
1.13400000000000e+01	1.53602047158634e+02
1.13500000000000e+01	1.49523327551938e+02
1.13600000000000e+01	1.45573574473980e+02
1.13700000000000e+01	1.41745866784732e+02
1.13800000000000e+01	1.38038333945482e+02
1.13900000000000e+01	1.34445886570941e+02
1.14000000000000e+01	1.30963017387345e+02
1.14100000000000e+01	1.27587837645230e+02
1.14200000000000e+01	1.24315293301289e+02
1.14300000000000e+01	1.21142415769549e+02
1.14400000000000e+01	1.18066521885747e+02
1.14500000000000e+01	1.15083619202373e+02
1.14600000000000e+01	1.12190428588516e+02
1.14700000000000e+01	1.09383715664522e+02
1.14800000000000e+01	1.06661326600687e+02
1.14900000000000e+01	1.04018916891937e+02
1.15000000000000e+01	1.01455429492918e+02
1.15100000000000e+01	9.89671840121830e+01
1.15200000000000e+01	9.65526204700246e+01
1.15300000000000e+01	9.42083576263171e+01
1.15400000000000e+01	9.19333975204454e+01
1.15500000000000e+01	8.97256928836453e+01
1.15600000000000e+01	8.75832695090035e+01
1.15700000000000e+01	8.55051032891939e+01
1.15800000000000e+01	8.34886165981156e+01
1.15900000000000e+01	8.15330061588093e+01
1.16000000000000e+01	7.96359704149997e+01
1.16100000000000e+01	7.77959087242649e+01
1.16200000000000e+01	7.60104779606319e+01
1.16300000000000e+01	7.42782809518333e+01
1.16400000000000e+01	7.25962336779320e+01
1.16500000000000e+01	7.09617249506226e+01
1.16600000000000e+01	6.93732788600188e+01
1.16700000000000e+01	6.78285849800588e+01
1.16800000000000e+01	6.63242776476909e+01
1.16900000000000e+01	6.48587646888259e+01
1.17000000000000e+01	6.34305244232407e+01
1.17100000000000e+01	6.20374696621114e+01
1.17200000000000e+01	6.06780273707631e+01
1.17300000000000e+01	5.93509509754879e+01
1.17400000000000e+01	5.80554081652028e+01
1.17500000000000e+01	5.67906558332541e+01
1.17600000000000e+01	5.55565835064884e+01
1.17700000000000e+01	5.43519240308699e+01
1.17800000000000e+01	5.31775432632383e+01
1.17900000000000e+01	5.20325635057204e+01
1.18000000000000e+01	5.09165476204628e+01
1.18100000000000e+01	4.98299393132764e+01
1.18200000000000e+01	4.87723748851624e+01
1.18300000000000e+01	4.77426982420995e+01
1.18400000000000e+01	4.67406278479458e+01
1.18500000000000e+01	4.57658042638521e+01
1.18600000000000e+01	4.48167101457447e+01
1.18700000000000e+01	4.38932165700817e+01
1.18800000000000e+01	4.29935822024570e+01
1.18900000000000e+01	4.21175563937842e+01
1.19000000000000e+01	4.12638094541619e+01
1.19100000000000e+01	4.04313995429237e+01
1.19200000000000e+01	3.96193664753187e+01
1.19300000000000e+01	3.88269153200492e+01
1.19400000000000e+01	3.80531040250637e+01
1.19500000000000e+01	3.72972258402282e+01
1.19600000000000e+01	3.65588815572144e+01
1.19700000000000e+01	3.58369001971526e+01
1.19800000000000e+01	3.51309431948471e+01
1.19900000000000e+01	3.44408075959141e+01
1.20000000000000e+01	3.37654888486020e+01
1.20100000000000e+01	3.31052292363368e+01
1.20200000000000e+01	3.24592526075513e+01
1.20300000000000e+01	3.18277943017518e+01
1.20400000000000e+01	3.12104431170104e+01
1.20500000000000e+01	3.06067752602769e+01
1.20600000000000e+01	3.00172362606263e+01
1.20700000000000e+01	2.94413579177915e+01
1.20800000000000e+01	2.88788565451946e+01
1.20900000000000e+01	2.83299664738933e+01
1.21000000000000e+01	2.77942995708893e+01
1.21100000000000e+01	2.72716152647219e+01
1.21200000000000e+01	2.67615591635446e+01
1.21300000000000e+01	2.62635279806387e+01
1.21400000000000e+01	2.57776135865174e+01
1.21500000000000e+01	2.53031381521950e+01
1.21600000000000e+01	2.48395261683241e+01
1.21700000000000e+01	2.43863739325883e+01
1.21800000000000e+01	2.39431190421989e+01
1.21900000000000e+01	2.35091686782790e+01
1.22000000000000e+01	2.30843609029043e+01
1.22100000000000e+01	2.26681235541346e+01
1.22200000000000e+01	2.22600259995100e+01
1.22300000000000e+01	2.18595485264828e+01
1.22400000000000e+01	2.14666942767707e+01
1.22500000000000e+01	2.10810206618125e+01
1.22600000000000e+01	2.07021455400033e+01
1.22700000000000e+01	2.03301605942101e+01
1.22800000000000e+01	1.99646423881701e+01
1.22900000000000e+01	1.96053779535543e+01
1.23000000000000e+01	1.92524405588471e+01
1.23100000000000e+01	1.89054931898481e+01
1.23200000000000e+01	1.85645705835570e+01
1.23300000000000e+01	1.82297545997831e+01
1.23400000000000e+01	1.79007762734237e+01
1.23500000000000e+01	1.75777917284296e+01
1.23600000000000e+01	1.72608123310894e+01
1.23700000000000e+01	1.69500296628788e+01
1.23800000000000e+01	1.66451798022366e+01
1.23900000000000e+01	1.63465252256978e+01
1.24000000000000e+01	1.60538807116022e+01
1.24100000000000e+01	1.57676106260681e+01
1.24200000000000e+01	1.54874882589618e+01
1.24300000000000e+01	1.52134854023359e+01
1.24400000000000e+01	1.49454449555588e+01
1.24500000000000e+01	1.46834440138786e+01
1.24600000000000e+01	1.44271358467549e+01
1.24700000000000e+01	1.41766226182705e+01
1.24800000000000e+01	1.39315496881730e+01
1.24900000000000e+01	1.36918364699050e+01
1.25000000000000e+01	1.34574303058243e+01
1.25100000000000e+01	1.32281622161979e+01
1.25200000000000e+01	1.30039054528986e+01
1.25300000000000e+01	1.27844561496429e+01
1.25400000000000e+01	1.25699662893869e+01
1.25500000000000e+01	1.23600454430390e+01
1.25600000000000e+01	1.21548418633910e+01
1.25700000000000e+01	1.19540009104061e+01
1.25800000000000e+01	1.17575285877522e+01
1.25900000000000e+01	1.15652769338884e+01
1.26000000000000e+01	1.13771048687055e+01
1.26100000000000e+01	1.11928696854687e+01
1.26200000000000e+01	1.10124596207892e+01
1.26300000000000e+01	1.08356445209087e+01
1.26400000000000e+01	1.06623819569904e+01
1.26500000000000e+01	1.04926928357888e+01
1.26600000000000e+01	1.03263176093590e+01
1.26700000000000e+01	1.01632287473040e+01
1.26800000000000e+01	1.00034008103405e+01
1.26900000000000e+01	9.84668593298629e+00
1.27000000000000e+01	9.69321096002533e+00
1.27100000000000e+01	9.54276517890291e+00
1.27200000000000e+01	9.39538421034265e+00
1.27300000000000e+01	9.25098339239760e+00
1.27400000000000e+01	9.10954147143649e+00
1.27500000000000e+01	8.97096406453742e+00
1.27600000000000e+01	8.83510827910770e+00
1.27700000000000e+01	8.70202604577042e+00
1.27800000000000e+01	8.57149437218943e+00
1.27900000000000e+01	8.44347788813168e+00
1.28000000000000e+01	8.31789974737527e+00
1.28100000000000e+01	8.19465969381698e+00
1.28200000000000e+01	8.07364065028351e+00
1.28300000000000e+01	7.95480100612410e+00
1.28400000000000e+01	7.83810812750089e+00
1.28500000000000e+01	7.72350610175298e+00
1.28600000000000e+01	7.61090868589843e+00
1.28700000000000e+01	7.50030845990643e+00
1.28800000000000e+01	7.39156072183748e+00
1.28900000000000e+01	7.28470592239732e+00
1.29000000000000e+01	7.17968353376680e+00
1.29100000000000e+01	7.07646280180587e+00
1.29200000000000e+01	6.97498481545322e+00
1.29300000000000e+01	6.87516257770600e+00
1.29400000000000e+01	6.77698526807009e+00
1.29500000000000e+01	6.68044483724589e+00
1.29600000000000e+01	6.58546527781956e+00
1.29700000000000e+01	6.49199765194553e+00
1.29800000000000e+01	6.40008464823712e+00
1.29900000000000e+01	6.30962066142660e+00
1.30000000000000e+01	6.22054869096115e+00
1.30100000000000e+01	6.13297576614758e+00
1.30200000000000e+01	6.04675822131527e+00
1.30300000000000e+01	5.96197179014235e+00
1.30400000000000e+01	5.87846151116042e+00
1.30500000000000e+01	5.79620122187667e+00
1.30600000000000e+01	5.71523402666844e+00
1.30700000000000e+01	5.63541325705866e+00
1.30800000000000e+01	5.55673428656538e+00
1.30900000000000e+01	5.47916404960229e+00
1.31000000000000e+01	5.40259886729977e+00
1.31100000000000e+01	5.32707896160319e+00
1.31200000000000e+01	5.25254900735883e+00
1.31300000000000e+01	5.17902280604545e+00
1.31400000000000e+01	5.10648202580583e+00
1.31500000000000e+01	5.03489842920491e+00
1.31600000000000e+01	4.96433104301484e+00
1.31700000000000e+01	4.89478601953009e+00
1.31800000000000e+01	4.82622774110386e+00
1.31900000000000e+01	4.75873138344272e+00
1.32000000000000e+01	4.69227488785513e+00
1.32100000000000e+01	4.62686319821632e+00
1.32200000000000e+01	4.56244054976625e+00
1.32300000000000e+01	4.49903273976602e+00
1.32400000000000e+01	4.43661951527047e+00
1.32500000000000e+01	4.37516295396133e+00
1.32600000000000e+01	4.31459800247007e+00
1.32700000000000e+01	4.25495883475229e+00
1.32800000000000e+01	4.19621651678455e+00
1.32900000000000e+01	4.13832159363784e+00
1.33000000000000e+01	4.08131264915247e+00
1.33100000000000e+01	4.02517855602041e+00
1.33200000000000e+01	3.96993163185093e+00
1.33300000000000e+01	3.91552632682661e+00
1.33400000000000e+01	3.86201873574065e+00
1.33500000000000e+01	3.80940332930395e+00
1.33600000000000e+01	3.75763675427942e+00
1.33700000000000e+01	3.70675031667430e+00
1.33800000000000e+01	3.65674217171456e+00
1.33900000000000e+01	3.60758894022576e+00
1.34000000000000e+01	3.55923308820448e+00
1.34100000000000e+01	3.51168797278037e+00
1.34200000000000e+01	3.46490152013187e+00
1.34300000000000e+01	3.41886910135665e+00
1.34400000000000e+01	3.37357321811305e+00
1.34500000000000e+01	3.32898724649841e+00
1.34600000000000e+01	3.28505107044884e+00
1.34700000000000e+01	3.24177120315170e+00
1.34800000000000e+01	3.19913996366963e+00
1.34900000000000e+01	3.15709056220798e+00
1.35000000000000e+01	3.11565019163849e+00
1.35100000000000e+01	3.07478390429173e+00
1.35200000000000e+01	3.03445924463744e+00
1.35300000000000e+01	2.99468521536165e+00
1.35400000000000e+01	2.95545045096915e+00
1.35500000000000e+01	2.91670307835412e+00
1.35600000000000e+01	2.87847358864588e+00
1.35700000000000e+01	2.84074161334874e+00
1.35800000000000e+01	2.80348580559887e+00
1.35900000000000e+01	2.76671130138393e+00
1.36000000000000e+01	2.73043320495802e+00
1.36100000000000e+01	2.69461692039036e+00
1.36200000000000e+01	2.65929189380107e+00
1.36300000000000e+01	2.62443223198518e+00
1.36400000000000e+01	2.59009991492238e+00
1.36500000000000e+01	2.55625131775956e+00
1.36600000000000e+01	2.52288561190288e+00
1.36700000000000e+01	2.49003899285900e+00
1.36800000000000e+01	2.45772261394002e+00
1.36900000000000e+01	2.42591537073335e+00
1.37000000000000e+01	2.39466533682438e+00
1.37100000000000e+01	2.36391375759973e+00
1.37200000000000e+01	2.33372378211148e+00
1.37300000000000e+01	2.30406086946205e+00
1.37400000000000e+01	2.27490851130351e+00
1.37500000000000e+01	2.24629150484473e+00
1.37600000000000e+01	2.21818970507042e+00
1.37700000000000e+01	2.19058754729517e+00
1.37800000000000e+01	2.16344941337045e+00
1.37900000000000e+01	2.13677187376183e+00
1.38000000000000e+01	2.11052184379850e+00
1.38100000000000e+01	2.08468817141576e+00
1.38200000000000e+01	2.05923364460024e+00
1.38300000000000e+01	2.03417786710538e+00
1.38400000000000e+01	2.00944367283403e+00
1.38500000000000e+01	1.98507798325506e+00
1.38600000000000e+01	1.96102269742823e+00
1.38700000000000e+01	1.93728616547333e+00
1.38800000000000e+01	1.91384807486402e+00
1.38900000000000e+01	1.89070954434999e+00
1.39000000000000e+01	1.86784584580397e+00
1.39100000000000e+01	1.84527686960473e+00
1.39200000000000e+01	1.82299180263435e+00
1.39300000000000e+01	1.80097017382119e+00
1.39400000000000e+01	1.77922853058951e+00
1.39500000000000e+01	1.75774787076202e+00
1.39600000000000e+01	1.73653769179907e+00
1.39700000000000e+01	1.71560138520465e+00
1.39800000000000e+01	1.69492191498165e+00
1.39900000000000e+01	1.67451380692886e+00
1.40000000000000e+01	1.65436548706005e+00
1.40100000000000e+01	1.63448874742245e+00
1.40200000000000e+01	1.61488662501098e+00
1.40300000000000e+01	1.59554508261386e+00
1.40400000000000e+01	1.57648417835589e+00
1.40500000000000e+01	1.55768260620013e+00
1.40600000000000e+01	1.53915548201057e+00
1.40700000000000e+01	1.52088754635201e+00
1.40800000000000e+01	1.50288721322410e+00
1.40900000000000e+01	1.48514677589659e+00
1.41000000000000e+01	1.46764605626502e+00
1.41100000000000e+01	1.45039079457617e+00
1.41200000000000e+01	1.43335552047267e+00
1.41300000000000e+01	1.41654790205660e+00
1.41400000000000e+01	1.39994275004392e+00
1.41500000000000e+01	1.38354149990114e+00
1.41600000000000e+01	1.36734248916798e+00
1.41700000000000e+01	1.35132121054413e+00
1.41800000000000e+01	1.33547675373281e+00
1.41900000000000e+01	1.31983542260004e+00
1.42000000000000e+01	1.30435519766008e+00
1.42100000000000e+01	1.28907959135972e+00
1.42200000000000e+01	1.27397610293698e+00
1.42300000000000e+01	1.25908297185608e+00
1.42400000000000e+01	1.24438141715127e+00
1.42500000000000e+01	1.22987560065266e+00
1.42600000000000e+01	1.21557740914406e+00
1.42700000000000e+01	1.20149217099016e+00
1.42800000000000e+01	1.18760774697322e+00
1.42900000000000e+01	1.17393000283073e+00
1.43000000000000e+01	1.16044689488878e+00
1.43100000000000e+01	1.14716620118904e+00
1.43200000000000e+01	1.13406632905833e+00
1.43300000000000e+01	1.12115888188133e+00
1.43400000000000e+01	1.10842509440272e+00
1.43500000000000e+01	1.09587334553675e+00
1.43600000000000e+01	1.08349803941192e+00
1.43700000000000e+01	1.07128232603285e+00
1.43800000000000e+01	1.05922781526897e+00
1.43900000000000e+01	1.04734267248034e+00
1.44000000000000e+01	1.03562651894846e+00
1.44100000000000e+01	1.02406174502209e+00
1.44200000000000e+01	1.01265094386410e+00
1.44300000000000e+01	1.00140049875824e+00
1.44400000000000e+01	9.90311754739585e-01
1.44500000000000e+01	9.79366003964165e-01
1.44600000000000e+01	9.68574896695566e-01
1.44700000000000e+01	9.57922588304305e-01
1.44800000000000e+01	9.47414193651853e-01
1.44900000000000e+01	9.37039671552414e-01
1.45000000000000e+01	9.26802854563878e-01
1.45100000000000e+01	9.16691563792269e-01
1.45200000000000e+01	9.06711671857907e-01
1.45300000000000e+01	8.96849261531833e-01
1.45400000000000e+01	8.87114038578188e-01
1.45500000000000e+01	8.77489641850662e-01
1.45600000000000e+01	8.67985130881380e-01
1.45700000000000e+01	8.58589584918598e-01
1.45800000000000e+01	8.49305584958978e-01
1.45900000000000e+01	8.40128646704198e-01
1.46000000000000e+01	8.31061281884168e-01
1.46100000000000e+01	8.22092592001761e-01
1.46200000000000e+01	8.13235411672685e-01
1.46300000000000e+01	8.04473958724697e-01
1.46400000000000e+01	7.95821848664498e-01
1.46500000000000e+01	7.87268829587958e-01
1.46600000000000e+01	7.78820472859341e-01
1.46700000000000e+01	7.70471587756535e-01
1.46800000000000e+01	7.62229376992508e-01
1.46900000000000e+01	7.54085182428718e-01
1.47000000000000e+01	7.46045409702480e-01
1.47100000000000e+01	7.38101095958285e-01
1.47200000000000e+01	7.30249551829423e-01
1.47300000000000e+01	7.22498338907512e-01
1.47400000000000e+01	7.14845291068788e-01
1.47500000000000e+01	7.07279134866278e-01
1.47600000000000e+01	6.99805609315026e-01
1.47700000000000e+01	6.92413482595448e-01
1.47800000000000e+01	6.85098972805569e-01
1.47900000000000e+01	6.77869496332597e-01
1.48000000000000e+01	6.70721031886093e-01
1.48100000000000e+01	6.63643102879688e-01
1.48200000000000e+01	6.56637627842577e-01
1.48300000000000e+01	6.49706858256450e-01
1.48400000000000e+01	6.42843882026412e-01
1.48500000000000e+01	6.36056630839910e-01
1.48600000000000e+01	6.29336272926734e-01
1.48700000000000e+01	6.22690462712493e-01
1.48800000000000e+01	6.16111964644442e-01
1.48900000000000e+01	6.09607369767430e-01
1.49000000000000e+01	6.03173087464590e-01
1.49100000000000e+01	5.96813120100984e-01
1.49200000000000e+01	5.90522710376692e-01
1.49300000000000e+01	5.84302367653971e-01
1.49400000000000e+01	5.78158381548235e-01
1.49500000000000e+01	5.72084349269691e-01
1.49600000000000e+01	5.66087662305849e-01
1.49700000000000e+01	5.60167564440045e-01
1.49800000000000e+01	5.54310913972432e-01
1.49900000000000e+01	5.48536622034108e-01
1.50000000000000e+01	5.42823283387371e-01
1.50100000000000e+01	5.37184620759356e-01
1.50200000000000e+01	5.31615536762020e-01
1.50300000000000e+01	5.26111618504881e-01
1.50400000000000e+01	5.20669964497192e-01
1.50500000000000e+01	5.15293848035654e-01
1.50600000000000e+01	5.09982245808418e-01
1.50700000000000e+01	5.04720376241678e-01
1.50800000000000e+01	4.99523666721683e-01
1.50900000000000e+01	4.94375266007189e-01
1.51000000000000e+01	4.89282075611845e-01
1.51100000000000e+01	4.84245149744382e-01
1.51200000000000e+01	4.79257429062617e-01
1.51300000000000e+01	4.74316461161296e-01
1.51400000000000e+01	4.69430123523436e-01
1.51500000000000e+01	4.64590062315569e-01
1.51600000000000e+01	4.59802343390021e-01
1.51700000000000e+01	4.55062161407066e-01
1.51800000000000e+01	4.50375679300989e-01
1.51900000000000e+01	4.45730227695751e-01
1.52000000000000e+01	4.41143120228828e-01
1.52100000000000e+01	4.36602354175973e-01
1.52200000000000e+01	4.32108204284461e-01
1.52300000000000e+01	4.27663527438161e-01
1.52400000000000e+01	4.23260990535870e-01
1.52500000000000e+01	4.18899366924852e-01
1.52600000000000e+01	4.14580901786342e-01
1.52700000000000e+01	4.10298221203726e-01
1.52800000000000e+01	4.06054093370095e-01
1.52900000000000e+01	4.01839927037216e-01
1.53000000000000e+01	3.97659098828537e-01
1.53100000000000e+01	3.93504059585277e-01
1.53200000000000e+01	3.89375346113823e-01
1.53300000000000e+01	3.85276905977202e-01
1.53400000000000e+01	3.81202901177913e-01
1.53500000000000e+01	3.77159931825203e-01
1.53600000000000e+01	3.73146140212981e-01
1.53700000000000e+01	3.69166895611984e-01
1.53800000000000e+01	3.65221215532732e-01
1.53900000000000e+01	3.61313326848162e-01
1.54000000000000e+01	3.57451180190865e-01
1.54100000000000e+01	3.53635656016289e-01
1.54200000000000e+01	3.49870589821354e-01
1.54300000000000e+01	3.46166078990696e-01
1.54400000000000e+01	3.42521966004095e-01
1.54500000000000e+01	3.38947519828794e-01
1.54600000000000e+01	3.35442086480683e-01
1.54700000000000e+01	3.32015199551359e-01
1.54800000000000e+01	3.28659386741714e-01
1.54900000000000e+01	3.25389691193599e-01
1.55000000000000e+01	3.22193826548499e-01
1.55100000000000e+01	3.19083882641672e-01
1.55200000000000e+01	3.16045413867190e-01
1.55300000000000e+01	3.13082720665157e-01
1.55400000000000e+01	3.10185796170463e-01
1.55500000000000e+01	3.07354194816673e-01
1.55600000000000e+01	3.04576138210229e-01
1.55700000000000e+01	3.01844803131270e-01
1.55800000000000e+01	2.99158217417498e-01
1.55900000000000e+01	2.96504424082660e-01
1.56000000000000e+01	2.93880422636659e-01
1.56100000000000e+01	2.91278763706629e-01
1.56200000000000e+01	2.88693285959506e-01
1.56300000000000e+01	2.86124901010376e-01
1.56400000000000e+01	2.83566814376680e-01
1.56500000000000e+01	2.81016654062603e-01
1.56600000000000e+01	2.78476630333330e-01
1.56700000000000e+01	2.75946941836070e-01
1.56800000000000e+01	2.73420328874795e-01
1.56900000000000e+01	2.70904756084877e-01
1.57000000000000e+01	2.68400691788545e-01
1.57100000000000e+01	2.65903030165412e-01
1.57200000000000e+01	2.63420926105360e-01
1.57300000000000e+01	2.60956144990354e-01
1.57400000000000e+01	2.58507427157810e-01
1.57500000000000e+01	2.56077937191607e-01
1.57600000000000e+01	2.53672905454363e-01
1.57700000000000e+01	2.51291471041430e-01
1.57800000000000e+01	2.48936247474912e-01
1.57900000000000e+01	2.46613702432017e-01
1.58000000000000e+01	2.44321355438764e-01
1.58100000000000e+01	2.42061404061181e-01
1.58200000000000e+01	2.39837924561405e-01
1.58300000000000e+01	2.37649169460456e-01
1.58400000000000e+01	2.35498438161827e-01
1.58500000000000e+01	2.33381721729123e-01
1.58600000000000e+01	2.31299004190028e-01
1.58700000000000e+01	2.29251017669753e-01
1.58800000000000e+01	2.27233302112054e-01
1.58900000000000e+01	2.25244423642194e-01
1.59000000000000e+01	2.23284159239844e-01
1.59100000000000e+01	2.21347488059078e-01
1.59200000000000e+01	2.19431510735835e-01
1.59300000000000e+01	2.17537174488155e-01
1.59400000000000e+01	2.15659554432145e-01
1.59500000000000e+01	2.13796409576024e-01
1.59600000000000e+01	2.11948912553248e-01
1.59700000000000e+01	2.10114412066811e-01
1.59800000000000e+01	2.08293986366839e-01
1.59900000000000e+01	2.06484210681096e-01
1.60000000000000e+01	2.04686272808023e-01
1.60100000000000e+01	2.02901752195980e-01
1.60200000000000e+01	2.01129103248623e-01
1.60300000000000e+01	1.99367968501675e-01
1.60400000000000e+01	1.97619358133200e-01
1.60500000000000e+01	1.95885973562589e-01
1.60600000000000e+01	1.94168380373507e-01
1.60700000000000e+01	1.92461444529014e-01
1.60800000000000e+01	1.90770198592948e-01
1.60900000000000e+01	1.89095856596921e-01
1.61000000000000e+01	1.87433367697304e-01
1.61100000000000e+01	1.85787208591505e-01
1.61200000000000e+01	1.84158477150685e-01
1.61300000000000e+01	1.82541389889573e-01
1.61400000000000e+01	1.80942240350446e-01
1.61500000000000e+01	1.79360579276285e-01
1.61600000000000e+01	1.77791295748733e-01
1.61700000000000e+01	1.76240129867321e-01
1.61800000000000e+01	1.74706702556828e-01
1.61900000000000e+01	1.73189754537474e-01
1.62000000000000e+01	1.71688187347337e-01
1.62100000000000e+01	1.70203324896300e-01
1.62200000000000e+01	1.68736312264071e-01
1.62300000000000e+01	1.67284941931098e-01
1.62400000000000e+01	1.65849042825688e-01
1.62500000000000e+01	1.64430183889933e-01
1.62600000000000e+01	1.63024781431365e-01
1.62700000000000e+01	1.61632370183075e-01
1.62800000000000e+01	1.60254095824642e-01
1.62900000000000e+01	1.58886841225956e-01
1.63000000000000e+01	1.57529358248628e-01
1.63100000000000e+01	1.56182116636580e-01
1.63200000000000e+01	1.54843003481188e-01
1.63300000000000e+01	1.53510085748398e-01
1.63400000000000e+01	1.52182818554721e-01
1.63500000000000e+01	1.50862954587045e-01
1.63600000000000e+01	1.49549446262088e-01
1.63700000000000e+01	1.48237811011289e-01
1.63800000000000e+01	1.46932478163366e-01
1.63900000000000e+01	1.45630776848482e-01
1.64000000000000e+01	1.44335854488908e-01
1.64100000000000e+01	1.43045890892667e-01
1.64200000000000e+01	1.41762294384704e-01
1.64300000000000e+01	1.40485830357882e-01
1.64400000000000e+01	1.39220266003514e-01
1.64500000000000e+01	1.37964456673286e-01
1.64600000000000e+01	1.36720441357545e-01
1.64700000000000e+01	1.35491704180339e-01
1.64800000000000e+01	1.34277145014627e-01
1.64900000000000e+01	1.33078591781624e-01
1.65000000000000e+01	1.31899055170140e-01
1.65100000000000e+01	1.30736374638310e-01
1.65200000000000e+01	1.29591692832242e-01
1.65300000000000e+01	1.28466918459502e-01
1.65400000000000e+01	1.27360035698871e-01
1.65500000000000e+01	1.26270751906985e-01
1.65600000000000e+01	1.25198661125375e-01
1.65700000000000e+01	1.24144411150323e-01
1.65800000000000e+01	1.23105971857155e-01
1.65900000000000e+01	1.22084226807806e-01
1.66000000000000e+01	1.21075327480109e-01
1.66100000000000e+01	1.20081099866200e-01
1.66200000000000e+01	1.19101442384461e-01
1.66300000000000e+01	1.18131724079244e-01
1.66400000000000e+01	1.17175022762610e-01
1.66500000000000e+01	1.16228740296678e-01
1.66600000000000e+01	1.15294075391651e-01
1.66700000000000e+01	1.14368576948033e-01
1.66800000000000e+01	1.13451940284642e-01
1.66900000000000e+01	1.12543088308152e-01
1.67000000000000e+01	1.11643323361526e-01
1.67100000000000e+01	1.10750406694791e-01
1.67200000000000e+01	1.09864149451988e-01
1.67300000000000e+01	1.08985017123550e-01
1.67400000000000e+01	1.08109690110171e-01
1.67500000000000e+01	1.07241017926258e-01
1.67600000000000e+01	1.06378457725021e-01
1.67700000000000e+01	1.05520074425990e-01
1.67800000000000e+01	1.04665958319947e-01
1.67900000000000e+01	1.03816262395210e-01
1.68000000000000e+01	1.02972063767414e-01
1.68100000000000e+01	1.02130754399495e-01
1.68200000000000e+01	1.01297327028132e-01
1.68300000000000e+01	1.00467240140675e-01
1.68400000000000e+01	9.96437777038806e-02
1.68500000000000e+01	9.88260325543270e-02
1.68600000000000e+01	9.80141936238680e-02
1.68700000000000e+01	9.72099234251436e-02
1.68800000000000e+01	9.64122515386211e-02
1.68900000000000e+01	9.56210219879798e-02
1.69000000000000e+01	9.48369063959114e-02
1.69100000000000e+01	9.40608408155836e-02
1.69200000000000e+01	9.32917165124275e-02
1.69300000000000e+01	9.25296068155746e-02
1.69400000000000e+01	9.17761944003346e-02
1.69500000000000e+01	9.10285527350477e-02
1.69600000000000e+01	9.02912721770144e-02
1.69700000000000e+01	8.95601923158354e-02
1.69800000000000e+01	8.88385353456268e-02
1.69900000000000e+01	8.81251208934989e-02
1.70000000000000e+01	8.74200589096937e-02
1.70100000000000e+01	8.67237876252443e-02
1.70200000000000e+01	8.60375223195535e-02
1.70300000000000e+01	8.53598763576306e-02
1.70400000000000e+01	8.46906475479388e-02
1.70500000000000e+01	8.40310644974147e-02
1.70600000000000e+01	8.33793214108326e-02
1.70700000000000e+01	8.27351211806732e-02
1.70800000000000e+01	8.20977262338461e-02
1.70900000000000e+01	8.14679466474500e-02
1.71000000000000e+01	8.08441933550740e-02
1.71100000000000e+01	8.02258837913628e-02
1.71200000000000e+01	7.96133806932870e-02
1.71300000000000e+01	7.90043574903534e-02
1.71400000000000e+01	7.84008517047717e-02
1.71500000000000e+01	7.78025765501628e-02
1.71600000000000e+01	7.72068590854802e-02
1.71700000000000e+01	7.66162644209157e-02
1.71800000000000e+01	7.60291681820889e-02
1.71900000000000e+01	7.54460855285557e-02
1.72000000000000e+01	7.48677058713334e-02
1.72100000000000e+01	7.42932007516453e-02
1.72200000000000e+01	7.37225247624389e-02
1.72300000000000e+01	7.31552786128623e-02
1.72400000000000e+01	7.25931909474083e-02
1.72500000000000e+01	7.20344919135399e-02
1.72600000000000e+01	7.14795515395744e-02
1.72700000000000e+01	7.09281454176546e-02
1.72800000000000e+01	7.03812678936125e-02
1.72900000000000e+01	6.98378421167287e-02
1.73000000000000e+01	6.92977932196128e-02
1.73100000000000e+01	6.87611231142013e-02
1.73200000000000e+01	6.82288943028600e-02
1.73300000000000e+01	6.76998082198906e-02
1.73400000000000e+01	6.71739195564763e-02
1.73500000000000e+01	6.66524517210867e-02
1.73600000000000e+01	6.61331857784707e-02
1.73700000000000e+01	6.56181931804591e-02
1.73800000000000e+01	6.51074881283001e-02
1.73900000000000e+01	6.45990993315286e-02
1.74000000000000e+01	6.40952437267427e-02
1.74100000000000e+01	6.35945628863638e-02
1.74200000000000e+01	6.30972543579074e-02
1.74300000000000e+01	6.26033365222646e-02
1.74400000000000e+01	6.21139360609779e-02
1.74500000000000e+01	6.16276864337963e-02
1.74600000000000e+01	6.11449344594450e-02
1.74700000000000e+01	6.06663796253758e-02
1.74800000000000e+01	6.01900679634485e-02
1.74900000000000e+01	5.97176833580275e-02
1.75000000000000e+01	5.92494616110294e-02
1.75100000000000e+01	5.87833436871593e-02
1.75200000000000e+01	5.83209768646333e-02
1.75300000000000e+01	5.78614471911879e-02
1.75400000000000e+01	5.74047770358789e-02
1.75500000000000e+01	5.69512081366866e-02
1.75600000000000e+01	5.65014003147248e-02
1.75700000000000e+01	5.60547392134263e-02
1.75800000000000e+01	5.56111982198403e-02
1.75900000000000e+01	5.51711251459706e-02
1.76000000000000e+01	5.47353320756555e-02
1.76100000000000e+01	5.43034176394649e-02
1.76200000000000e+01	5.38751460413190e-02
1.76300000000000e+01	5.34509072811045e-02
1.76400000000000e+01	5.30313959085971e-02
1.76500000000000e+01	5.26159073299239e-02
1.76600000000000e+01	5.22045162361184e-02
1.76700000000000e+01	5.17969818406829e-02
1.76800000000000e+01	5.13941492003551e-02
1.76900000000000e+01	5.09943946749030e-02
1.77000000000000e+01	5.05989062219282e-02
1.77100000000000e+01	5.02077995210748e-02
1.77200000000000e+01	4.98191628930072e-02
1.77300000000000e+01	4.94344931161167e-02
1.77400000000000e+01	4.90529876999979e-02
1.77500000000000e+01	4.86742553346410e-02
1.77600000000000e+01	4.82984825906347e-02
1.77700000000000e+01	4.79260993490978e-02
1.77800000000000e+01	4.75564132988547e-02
1.77900000000000e+01	4.71893911566597e-02
1.78000000000000e+01	4.68247404477603e-02
1.78100000000000e+01	4.64634868414578e-02
1.78200000000000e+01	4.61040301375245e-02
1.78300000000000e+01	4.57477392383367e-02
1.78400000000000e+01	4.53947701581228e-02
1.78500000000000e+01	4.50436864312918e-02
1.78600000000000e+01	4.46959703817329e-02
1.78700000000000e+01	4.43507788122601e-02
1.78800000000000e+01	4.40081009087256e-02
1.78900000000000e+01	4.36680508008190e-02
1.79000000000000e+01	4.33313356954052e-02
1.79100000000000e+01	4.29970726841382e-02
1.79200000000000e+01	4.26652518565665e-02
1.79300000000000e+01	4.23359962810666e-02
1.79400000000000e+01	4.20090799783773e-02
1.79500000000000e+01	4.16854028475449e-02
1.79600000000000e+01	4.13642223686342e-02
1.79700000000000e+01	4.10458330731145e-02
1.79800000000000e+01	4.07301550756506e-02
1.79900000000000e+01	4.04183212962690e-02
1.80000000000000e+01	4.01097328854126e-02
1.80100000000000e+01	3.98048380794121e-02
1.80200000000000e+01	3.95035544229345e-02
1.80300000000000e+01	3.92069969167467e-02
1.80400000000000e+01	3.89138850061781e-02
1.80500000000000e+01	3.86255832937943e-02
1.80600000000000e+01	3.83413018228416e-02
1.80700000000000e+01	3.80618059357992e-02
1.80800000000000e+01	3.77854072770277e-02
1.80900000000000e+01	3.75131592897551e-02
1.81000000000000e+01	3.72440530766106e-02
1.81100000000000e+01	3.69778505726324e-02
1.81200000000000e+01	3.67141883498887e-02
1.81300000000000e+01	3.64532662674549e-02
1.81400000000000e+01	3.61940805693912e-02
1.81500000000000e+01	3.59365433859932e-02
1.81600000000000e+01	3.56802815454718e-02
1.81700000000000e+01	3.54258920101239e-02
1.81800000000000e+01	3.51718269268126e-02
1.81900000000000e+01	3.49194634172400e-02
1.82000000000000e+01	3.46680315580975e-02
1.82100000000000e+01	3.44180491811452e-02
1.82200000000000e+01	3.41685291608078e-02
1.82300000000000e+01	3.39206063083851e-02
1.82400000000000e+01	3.36737103389755e-02
1.82500000000000e+01	3.34279314685367e-02
1.82600000000000e+01	3.31833994363388e-02
1.82700000000000e+01	3.29408008946328e-02
1.82800000000000e+01	3.26995895007191e-02
1.82900000000000e+01	3.24599104075053e-02
1.83000000000000e+01	3.22220789735401e-02
1.83100000000000e+01	3.19859341254285e-02
1.83200000000000e+01	3.17524163508639e-02
1.83300000000000e+01	3.15204128766153e-02
1.83400000000000e+01	3.12911835687778e-02
1.83500000000000e+01	3.10648389190551e-02
1.83600000000000e+01	3.08403914868568e-02
1.83700000000000e+01	3.06190046449934e-02
1.83800000000000e+01	3.04002143019640e-02
1.83900000000000e+01	3.01840486696555e-02
1.84000000000000e+01	2.99705124239614e-02
1.84100000000000e+01	2.97595967855880e-02
1.84200000000000e+01	2.95517466476437e-02
1.84300000000000e+01	2.93463611724301e-02
1.84400000000000e+01	2.91432837559869e-02
1.84500000000000e+01	2.89423778469669e-02
1.84600000000000e+01	2.87434308575281e-02
1.84700000000000e+01	2.85467547940792e-02
1.84800000000000e+01	2.83516302223515e-02
1.84900000000000e+01	2.81578332272192e-02
1.85000000000000e+01	2.79651794921358e-02
1.85100000000000e+01	2.77734839891258e-02
1.85200000000000e+01	2.75830688828379e-02
1.85300000000000e+01	2.73933372487443e-02
1.85400000000000e+01	2.72041830054379e-02
1.85500000000000e+01	2.70155434954793e-02
1.85600000000000e+01	2.68273781003744e-02
1.85700000000000e+01	2.66401742693878e-02
1.85800000000000e+01	2.64534656117958e-02
1.85900000000000e+01	2.62672776386721e-02
1.86000000000000e+01	2.60816843389046e-02
1.86100000000000e+01	2.58967496471863e-02
1.86200000000000e+01	2.57130121243965e-02
1.86300000000000e+01	2.55296287817271e-02
1.86400000000000e+01	2.53475929111617e-02
1.86500000000000e+01	2.51665208009137e-02
1.86600000000000e+01	2.49869288628438e-02
1.86700000000000e+01	2.48079689071702e-02
1.86800000000000e+01	2.46305684026743e-02
1.86900000000000e+01	2.44543006857764e-02
1.87000000000000e+01	2.42792020509247e-02
1.87100000000000e+01	2.41052580366455e-02
1.87200000000000e+01	2.39324565486250e-02
1.87300000000000e+01	2.37612163883485e-02
1.87400000000000e+01	2.35910771733357e-02
1.87500000000000e+01	2.34220220246590e-02
1.87600000000000e+01	2.32540151522136e-02
1.87700000000000e+01	2.30870393221927e-02
1.87800000000000e+01	2.29214788237496e-02
1.87900000000000e+01	2.27568864655256e-02
1.88000000000000e+01	2.25932526057830e-02
1.88100000000000e+01	2.24305530489963e-02
1.88200000000000e+01	2.22687632733373e-02
1.88300000000000e+01	2.21082763527821e-02
1.88400000000000e+01	2.19482689171515e-02
1.88500000000000e+01	2.17895447725778e-02
1.88600000000000e+01	2.16316905788776e-02
1.88700000000000e+01	2.14747025475165e-02
1.88800000000000e+01	2.13189898761590e-02
1.88900000000000e+01	2.11637904800489e-02
1.89000000000000e+01	2.10098977371686e-02
1.89100000000000e+01	2.08569566770030e-02
1.89200000000000e+01	2.07050227107012e-02
1.89300000000000e+01	2.05545208100429e-02
1.89400000000000e+01	2.04047576706184e-02
1.89500000000000e+01	2.02565463540059e-02
1.89600000000000e+01	2.01095756125120e-02
1.89700000000000e+01	1.99638903819308e-02
1.89800000000000e+01	1.98195479564791e-02
1.89900000000000e+01	1.96765842161698e-02
1.90000000000000e+01	1.95353536334724e-02
1.90100000000000e+01	1.93951302210130e-02
1.90200000000000e+01	1.92565913720138e-02
1.90300000000000e+01	1.91193073433502e-02
1.90400000000000e+01	1.89835628273385e-02
1.90500000000000e+01	1.88485566289823e-02
1.90600000000000e+01	1.87149149201110e-02
1.90700000000000e+01	1.85822206106406e-02
1.90800000000000e+01	1.84504576163466e-02
1.90900000000000e+01	1.83196277673911e-02
1.91000000000000e+01	1.81898033357416e-02
1.91100000000000e+01	1.80611089004016e-02
1.91200000000000e+01	1.79340385063218e-02
1.91300000000000e+01	1.78084606285475e-02
1.91400000000000e+01	1.76845818600990e-02
1.91500000000000e+01	1.75626007887857e-02
1.91600000000000e+01	1.74426948844948e-02
1.91700000000000e+01	1.73252904821236e-02
1.91800000000000e+01	1.72100909926356e-02
1.91900000000000e+01	1.70970712821455e-02
1.92000000000000e+01	1.69860993341983e-02
1.92100000000000e+01	1.68769743595754e-02
1.92200000000000e+01	1.67694630717341e-02
1.92300000000000e+01	1.66635879705490e-02
1.92400000000000e+01	1.65584396807741e-02
1.92500000000000e+01	1.64543545381933e-02
1.92600000000000e+01	1.63507838180450e-02
1.92700000000000e+01	1.62478253560622e-02
1.92800000000000e+01	1.61447141517720e-02
1.92900000000000e+01	1.60419567121122e-02
1.93000000000000e+01	1.59388947906673e-02
1.93100000000000e+01	1.58361179140987e-02
1.93200000000000e+01	1.57333430793962e-02
1.93300000000000e+01	1.56306107541813e-02
1.93400000000000e+01	1.55282661321829e-02
1.93500000000000e+01	1.54257712807494e-02
1.93600000000000e+01	1.53237662580268e-02
1.93700000000000e+01	1.52220053419100e-02
1.93800000000000e+01	1.51205426903529e-02
1.93900000000000e+01	1.50194108302330e-02
1.94000000000000e+01	1.49189258087019e-02
1.94100000000000e+01	1.48185533282716e-02
1.94200000000000e+01	1.47188792877545e-02
1.94300000000000e+01	1.46196448956477e-02
1.94400000000000e+01	1.45208632042526e-02
1.94500000000000e+01	1.44225568318107e-02
1.94600000000000e+01	1.43247359349494e-02
1.94700000000000e+01	1.42276979430444e-02
1.94800000000000e+01	1.41308932708384e-02
1.94900000000000e+01	1.40348818841144e-02
1.95000000000000e+01	1.39394058338025e-02
1.95100000000000e+01	1.38444706935120e-02
1.95200000000000e+01	1.37503607062941e-02
1.95300000000000e+01	1.36565423188269e-02
1.95400000000000e+01	1.35635625942367e-02
1.95500000000000e+01	1.34709095865009e-02
1.95600000000000e+01	1.33791352306535e-02
1.95700000000000e+01	1.32882349251016e-02
1.95800000000000e+01	1.31977283133793e-02
1.95900000000000e+01	1.31078711762028e-02
1.96000000000000e+01	1.30189428412080e-02
1.96100000000000e+01	1.29304477411389e-02
1.96200000000000e+01	1.28428948480302e-02
1.96300000000000e+01	1.27560379218540e-02
1.96400000000000e+01	1.26701107686366e-02
1.96500000000000e+01	1.25846170879801e-02
1.96600000000000e+01	1.24997877759797e-02
1.96700000000000e+01	1.24158575667876e-02
1.96800000000000e+01	1.23325584872908e-02
1.96900000000000e+01	1.22498712710626e-02
1.97000000000000e+01	1.21675465449183e-02
1.97100000000000e+01	1.20857988458219e-02
1.97200000000000e+01	1.20041491233702e-02
1.97300000000000e+01	1.19225956857105e-02
1.97400000000000e+01	1.18406861006169e-02
1.97500000000000e+01	1.17572952497844e-02
1.97600000000000e+01	1.16711200342386e-02
1.97700000000000e+01	1.15802520656432e-02
1.97800000000000e+01	1.14810978806490e-02
1.97900000000000e+01	1.13687548278876e-02
1.98000000000000e+01	1.12360095597411e-02
1.98100000000000e+01	1.10729014502344e-02
1.98200000000000e+01	1.08661491186094e-02
1.98300000000000e+01	1.05990592453379e-02
1.98400000000000e+01	1.02517727613300e-02
1.98500000000000e+01	9.80243423233986e-03
1.98600000000000e+01	9.22964686407488e-03
1.98700000000000e+01	8.51587789650554e-03
1.98800000000000e+01	7.65252859395833e-03
1.98900000000000e+01	6.64538141448390e-03
1.99000000000000e+01	5.51981395180575e-03
1.99100000000000e+01	4.32406162391681e-03
1.99200000000000e+01	3.12867226967307e-03
1.99300000000000e+01	2.02076341521003e-03
1.99400000000000e+01	1.09216397734145e-03
1.99500000000000e+01	4.22946518897435e-04
1.99600000000000e+01	6.32098920448486e-05
1.99700000000000e+01	1.83413841365140e-05
1.99800000000000e+01	2.43095045165302e-04
1.99900000000000e+01	6.48266085956016e-04
2.00000000000000e+01	1.11973523991736e-03
