1.00000000000000e-02	2.03404922641381e+19
2.00000000000000e-02	1.27141580097846e+18
3.00000000000000e-02	2.51182666259893e+17
4.00000000000000e-02	7.94940783982830e+16
5.00000000000000e-02	3.25698518990620e+16
6.00000000000000e-02	1.57124691627635e+16
7.00000000000000e-02	8.48472468285328e+15
8.00000000000000e-02	4.97603256199785e+15
9.00000000000000e-02	3.10818013647367e+15
1.00000000000000e-01	2.04052755308389e+15
1.10000000000000e-01	1.39464741429705e+15
1.20000000000000e-01	9.85450072507670e+14
1.30000000000000e-01	7.16039374422436e+14
1.40000000000000e-01	5.32814821893913e+14
1.50000000000000e-01	4.04698191282508e+14
1.60000000000000e-01	3.12931662880604e+14
1.70000000000000e-01	2.45807528742582e+14
1.80000000000000e-01	1.95790812951066e+14
1.90000000000000e-01	1.57902895311637e+14
2.00000000000000e-01	1.28776691158819e+14
2.10000000000000e-01	1.06085683049177e+14
2.20000000000000e-01	8.81972246332221e+13
2.30000000000000e-01	7.39385179704860e+13
2.40000000000000e-01	6.24599143252765e+13
2.50000000000000e-01	5.31352052745136e+13
2.60000000000000e-01	4.54965668376029e+13
2.70000000000000e-01	3.91895552455267e+13
2.80000000000000e-01	3.39455661522212e+13
2.90000000000000e-01	2.95553911297217e+13
3.00000000000000e-01	2.58578248335636e+13
3.10000000000000e-01	2.27251231891634e+13
3.20000000000000e-01	2.00568239020391e+13
3.30000000000000e-01	1.77723216534269e+13
3.40000000000000e-01	1.58070432351713e+13
3.50000000000000e-01	1.41092383503826e+13
3.60000000000000e-01	1.26356590782280e+13
3.70000000000000e-01	1.13518212015677e+13
3.80000000000000e-01	1.02290342908717e+13
3.90000000000000e-01	9.24359874417929e+12
4.00000000000000e-01	8.37580937259960e+12
4.10000000000000e-01	7.60896477807414e+12
4.20000000000000e-01	6.92930523447138e+12
4.30000000000000e-01	6.32523247144192e+12
4.40000000000000e-01	5.78681209696226e+12
4.50000000000000e-01	5.30555590399914e+12
4.60000000000000e-01	4.87429174260313e+12
4.70000000000000e-01	4.48697377522896e+12
4.80000000000000e-01	4.13827250588594e+12
4.90000000000000e-01	3.82360672224077e+12
5.00000000000000e-01	3.53900180495598e+12
5.10000000000000e-01	3.28114191109673e+12
5.20000000000000e-01	3.04701793650336e+12
5.30000000000000e-01	2.83402221082722e+12
5.40000000000000e-01	2.63990040729601e+12
5.50000000000000e-01	2.46270134581440e+12
5.60000000000000e-01	2.30059288343753e+12
5.70000000000000e-01	2.15208225326600e+12
5.80000000000000e-01	2.01588130673141e+12
5.90000000000000e-01	1.89068993967910e+12
6.00000000000000e-01	1.77547890652924e+12
6.10000000000000e-01	1.66928800951807e+12
6.20000000000000e-01	1.57131720843518e+12
6.30000000000000e-01	1.48075648695788e+12
6.40000000000000e-01	1.39698291788253e+12
6.50000000000000e-01	1.31937255582139e+12
6.60000000000000e-01	1.24736457782313e+12
6.70000000000000e-01	1.18047600867116e+12
6.80000000000000e-01	1.11831767720290e+12
6.90000000000000e-01	1.06046249026247e+12
7.00000000000000e-01	1.00655447530130e+12
7.10000000000000e-01	9.56267310193682e+11
7.20000000000000e-01	9.09299571679192e+11
7.30000000000000e-01	8.65430167227832e+11
7.40000000000000e-01	8.24380946363613e+11
7.50000000000000e-01	7.85955324743194e+11
7.60000000000000e-01	7.49927903507245e+11
7.70000000000000e-01	7.16153198512639e+11
7.80000000000000e-01	6.84434351975435e+11
7.90000000000000e-01	6.54644100471787e+11
8.00000000000000e-01	6.26623622362178e+11
8.10000000000000e-01	6.00260145644709e+11
8.20000000000000e-01	5.75443640839509e+11
8.30000000000000e-01	5.52050050741054e+11
8.40000000000000e-01	5.29996309014041e+11
8.50000000000000e-01	5.09185257564006e+11
8.60000000000000e-01	4.89534046364462e+11
8.70000000000000e-01	4.70965484106126e+11
8.80000000000000e-01	4.53409371796227e+11
8.90000000000000e-01	4.36808645419892e+11
9.00000000000000e-01	4.21098032982435e+11
9.10000000000000e-01	4.06215287326735e+11
9.20000000000000e-01	3.92122628808992e+11
9.30000000000000e-01	3.78763697106011e+11
9.40000000000000e-01	3.66099756753820e+11
9.50000000000000e-01	3.54081873877111e+11
9.60000000000000e-01	3.42676560333734e+11
9.70000000000000e-01	3.31853950221813e+11
9.80000000000000e-01	3.21575036525994e+11
9.90000000000000e-01	3.11814146790363e+11
1.00000000000000e+00	3.02545366566747e+11
1.01000000000000e+00	2.93734771743533e+11
1.02000000000000e+00	2.85362220138922e+11
1.03000000000000e+00	2.77411165385553e+11
1.04000000000000e+00	2.69852606800314e+11
1.05000000000000e+00	2.62670281900197e+11
1.06000000000000e+00	2.55844577783849e+11
1.07000000000000e+00	2.49359334371574e+11
1.08000000000000e+00	2.43192715980412e+11
1.09000000000000e+00	2.37322978508156e+11
1.10000000000000e+00	2.31737401856885e+11
1.11000000000000e+00	2.26414061100867e+11
1.12000000000000e+00	2.21333147606475e+11
1.13000000000000e+00	2.16475829469063e+11
1.14000000000000e+00	2.11822029827978e+11
1.15000000000000e+00	2.07352283650581e+11
1.16000000000000e+00	2.03049343461307e+11
1.17000000000000e+00	1.98900328280376e+11
1.18000000000000e+00	1.94889164169468e+11
1.19000000000000e+00	1.91006995925034e+11
1.20000000000000e+00	1.87246214838108e+11
1.21000000000000e+00	1.83606824482567e+11
1.22000000000000e+00	1.80089673789125e+11
1.23000000000000e+00	1.76705024336025e+11
1.24000000000000e+00	1.73461477061787e+11
1.25000000000000e+00	1.70382274725507e+11
1.26000000000000e+00	1.67482652241270e+11
1.27000000000000e+00	1.64800466392315e+11
1.28000000000000e+00	1.62361919893696e+11
1.29000000000000e+00	1.60211967066681e+11
1.30000000000000e+00	1.58389744844588e+11
1.31000000000000e+00	1.56944083896510e+11
1.32000000000000e+00	1.55920433868145e+11
1.33000000000000e+00	1.55365214752043e+11
1.34000000000000e+00	1.55318283743177e+11
1.35000000000000e+00	1.55816391283600e+11
1.36000000000000e+00	1.56885032108759e+11
1.37000000000000e+00	1.58540710326021e+11
1.38000000000000e+00	1.60785334703060e+11
1.39000000000000e+00	1.63606064396972e+11
1.40000000000000e+00	1.66985576461854e+11
1.41000000000000e+00	1.70887546167873e+11
1.42000000000000e+00	1.75272611548864e+11
1.43000000000000e+00	1.80092815270668e+11
1.44000000000000e+00	1.85302380352371e+11
1.45000000000000e+00	1.90846587095279e+11
1.46000000000000e+00	1.96680456349020e+11
1.47000000000000e+00	2.02749433780270e+11
1.48000000000000e+00	2.09004824407688e+11
1.49000000000000e+00	2.15386845529417e+11
1.50000000000000e+00	2.21830554759238e+11
1.51000000000000e+00	2.28254630602017e+11
1.52000000000000e+00	2.34556722648844e+11
1.53000000000000e+00	2.40616765095974e+11
1.54000000000000e+00	2.46281597661206e+11
1.55000000000000e+00	2.51374655797618e+11
1.56000000000000e+00	2.55707529312621e+11
1.57000000000000e+00	2.59071477032635e+11
1.58000000000000e+00	2.61253195427987e+11
1.59000000000000e+00	2.62048700287271e+11
1.60000000000000e+00	2.61271400708298e+11
1.61000000000000e+00	2.58771369189889e+11
1.62000000000000e+00	2.54436128611835e+11
1.63000000000000e+00	2.48217188030205e+11
1.64000000000000e+00	2.40136317668157e+11
1.65000000000000e+00	2.30307988034695e+11
1.66000000000000e+00	2.18934910564793e+11
1.67000000000000e+00	2.06323961757165e+11
1.68000000000000e+00	1.92841139727699e+11
1.69000000000000e+00	1.78897002004667e+11
1.70000000000000e+00	1.64891475025915e+11
1.71000000000000e+00	1.51202663541422e+11
1.72000000000000e+00	1.38163272608407e+11
1.73000000000000e+00	1.26063437184030e+11
1.74000000000000e+00	1.15135982681247e+11
1.75000000000000e+00	1.05532560187040e+11
1.76000000000000e+00	9.73104902974159e+10
1.77000000000000e+00	9.04269853528404e+10
1.78000000000000e+00	8.47510197400938e+10
1.79000000000000e+00	8.00792767363261e+10
1.80000000000000e+00	7.61625892009234e+10
1.81000000000000e+00	7.27416181899422e+10
1.82000000000000e+00	6.95861165380567e+10
1.83000000000000e+00	6.65314632448269e+10
1.84000000000000e+00	6.34978685671451e+10
1.85000000000000e+00	6.04887644636341e+10
1.86000000000000e+00	5.75565370221569e+10
1.87000000000000e+00	5.47837622055198e+10
1.88000000000000e+00	5.22569734023063e+10
1.89000000000000e+00	5.00574463569946e+10
1.90000000000000e+00	4.82575594511414e+10
1.91000000000000e+00	4.69130018252354e+10
1.92000000000000e+00	4.60629486152753e+10
1.93000000000000e+00	4.57219538405513e+10
1.94000000000000e+00	4.58801282166162e+10
1.95000000000000e+00	4.65003433948309e+10
1.96000000000000e+00	4.75195995447377e+10
1.97000000000000e+00	4.88536749564982e+10
1.98000000000000e+00	5.04012666852285e+10
1.99000000000000e+00	5.20531756116429e+10
2.00000000000000e+00	5.36982984518709e+10
2.01000000000000e+00	5.52317159211607e+10
2.02000000000000e+00	5.65624554023923e+10
2.03000000000000e+00	5.76177245358740e+10
2.04000000000000e+00	5.83445525173160e+10
2.05000000000000e+00	5.87122358145995e+10
2.06000000000000e+00	5.87075477033916e+10
2.07000000000000e+00	5.83287425126573e+10
2.08000000000000e+00	5.75795684511559e+10
2.09000000000000e+00	5.64601571700960e+10
2.10000000000000e+00	5.49664445788051e+10
2.11000000000000e+00	5.30931132888888e+10
2.12000000000000e+00	5.08418297853661e+10
2.13000000000000e+00	4.82359238297876e+10
2.14000000000000e+00	4.53295068750210e+10
2.15000000000000e+00	4.22041227201912e+10
2.16000000000000e+00	3.89603440342514e+10
2.17000000000000e+00	3.56946840705855e+10
2.18000000000000e+00	3.24873744497696e+10
2.19000000000000e+00	2.93909380695223e+10
2.20000000000000e+00	2.64347050413847e+10
2.21000000000000e+00	2.36310546206019e+10
2.22000000000000e+00	2.09865790610345e+10
2.23000000000000e+00	1.85120316166742e+10
2.24000000000000e+00	1.62243119751336e+10
2.25000000000000e+00	1.41462108349914e+10
2.26000000000000e+00	1.22981087633013e+10
2.27000000000000e+00	1.06909452555167e+10
2.28000000000000e+00	9.32267817985418e+09
2.29000000000000e+00	8.17849126537624e+09
2.30000000000000e+00	7.23445931122263e+09
2.31000000000000e+00	6.46241601341302e+09
2.32000000000000e+00	5.83426615250595e+09
2.33000000000000e+00	5.32525419491986e+09
2.34000000000000e+00	4.91574440106929e+09
2.35000000000000e+00	4.59227202476207e+09
2.36000000000000e+00	4.34648523294905e+09
2.37000000000000e+00	4.17375030632179e+09
2.38000000000000e+00	4.07081448349027e+09
2.39000000000000e+00	4.03364740073408e+09
2.40000000000000e+00	4.05633332668615e+09
2.41000000000000e+00	4.13090544978404e+09
2.42000000000000e+00	4.24831796455043e+09
2.43000000000000e+00	4.39976091496954e+09
2.44000000000000e+00	4.57776723519807e+09
2.45000000000000e+00	4.77723890990114e+09
2.46000000000000e+00	4.99526960036417e+09
2.47000000000000e+00	5.23140762255119e+09
2.48000000000000e+00	5.48687159050952e+09
2.49000000000000e+00	5.76420490822777e+09
2.50000000000000e+00	6.06631929323441e+09
2.51000000000000e+00	6.39588392635278e+09
2.52000000000000e+00	6.75417767168069e+09
2.53000000000000e+00	7.14068075210492e+09
2.54000000000000e+00	7.55206200429369e+09
2.55000000000000e+00	7.98226191165279e+09
2.56000000000000e+00	8.42221387782782e+09
2.57000000000000e+00	8.85995718156830e+09
2.58000000000000e+00	9.28061279668690e+09
2.59000000000000e+00	9.66672866023231e+09
2.60000000000000e+00	9.99762039907737e+09
2.61000000000000e+00	1.02508854464738e+10
2.62000000000000e+00	1.04030047562140e+10
2.63000000000000e+00	1.04337665460670e+10
2.64000000000000e+00	1.03332039656673e+10
2.65000000000000e+00	1.01073194318105e+10
2.66000000000000e+00	9.78119597650477e+09
2.67000000000000e+00	9.39334307208053e+09
2.68000000000000e+00	8.98516328226292e+09
2.69000000000000e+00	8.59056034009412e+09
2.70000000000000e+00	8.23032371681527e+09
2.71000000000000e+00	7.91152920143281e+09
2.72000000000000e+00	7.63029448126780e+09
2.73000000000000e+00	7.37638564334778e+09
2.74000000000000e+00	7.13669049774368e+09
2.75000000000000e+00	6.89859482275237e+09
2.76000000000000e+00	6.65190844788169e+09
2.77000000000000e+00	6.38973228434254e+09
2.78000000000000e+00	6.10795473752837e+09
2.79000000000000e+00	5.80501256161686e+09
2.80000000000000e+00	5.48081784887767e+09
2.81000000000000e+00	5.13654982741560e+09
2.82000000000000e+00	4.77449092668991e+09
2.83000000000000e+00	4.39788054455121e+09
2.84000000000000e+00	4.01103474950511e+09
2.85000000000000e+00	3.61921434944454e+09
2.86000000000000e+00	3.22839456765791e+09
2.87000000000000e+00	2.84507031126509e+09
2.88000000000000e+00	2.47582041063419e+09
2.89000000000000e+00	2.12674507183988e+09
2.90000000000000e+00	1.80327643555957e+09
2.91000000000000e+00	1.50975184105438e+09
2.92000000000000e+00	1.24940498580088e+09
2.93000000000000e+00	1.02432981358466e+09
2.94000000000000e+00	8.35579431096839e+08
2.95000000000000e+00	6.83211912915338e+08
2.96000000000000e+00	5.66285074218401e+08
2.97000000000000e+00	4.82902439049084e+08
2.98000000000000e+00	4.30296203000570e+08
2.99000000000000e+00	4.05007360286538e+08
3.00000000000000e+00	4.03108764783915e+08
3.01000000000000e+00	4.20469573564510e+08
3.02000000000000e+00	4.52990409095008e+08
3.03000000000000e+00	4.96746627740073e+08
3.04000000000000e+00	5.48100168847468e+08
3.05000000000000e+00	6.03771684182220e+08
3.06000000000000e+00	6.60899337331374e+08
3.07000000000000e+00	7.17081425350839e+08
3.08000000000000e+00	7.70385427491942e+08
3.09000000000000e+00	8.19288090147043e+08
3.10000000000000e+00	8.62657248876001e+08
3.11000000000000e+00	8.99610449877239e+08
3.12000000000000e+00	9.29363927950149e+08
3.13000000000000e+00	9.51194511977339e+08
3.14000000000000e+00	9.64273402978076e+08
3.15000000000000e+00	9.67694600819653e+08
3.16000000000000e+00	9.60634003584265e+08
3.17000000000000e+00	9.42446802831358e+08
3.18000000000000e+00	9.12940406738196e+08
3.19000000000000e+00	8.72532862063087e+08
3.20000000000000e+00	8.22237736131232e+08
3.21000000000000e+00	7.63619107755921e+08
3.22000000000000e+00	6.98537019360938e+08
3.23000000000000e+00	6.28982740147590e+08
3.24000000000000e+00	5.56997064276053e+08
3.25000000000000e+00	4.84611623596692e+08
3.26000000000000e+00	4.13852581397376e+08
3.27000000000000e+00	3.46746644013153e+08
3.28000000000000e+00	2.85223128043357e+08
3.29000000000000e+00	2.31008709438546e+08
3.30000000000000e+00	1.85493524386681e+08
3.31000000000000e+00	1.49597197034322e+08
3.32000000000000e+00	1.23688232487134e+08
3.33000000000000e+00	1.07549959813571e+08
3.34000000000000e+00	1.00418546727988e+08
3.35000000000000e+00	1.01068851391827e+08
3.36000000000000e+00	1.07932945873271e+08
3.37000000000000e+00	1.19240014213915e+08
3.38000000000000e+00	1.33156438160029e+08
3.39000000000000e+00	1.47936552603035e+08
3.40000000000000e+00	1.62060007494174e+08
3.41000000000000e+00	1.74346428751405e+08
3.42000000000000e+00	1.84033066490798e+08
3.43000000000000e+00	1.90800804952238e+08
3.44000000000000e+00	1.94749790584516e+08
3.45000000000000e+00	1.96338253725155e+08
3.46000000000000e+00	1.96296092489378e+08
3.47000000000000e+00	1.95526905864822e+08
3.48000000000000e+00	1.95007933481474e+08
3.49000000000000e+00	1.95691509866276e+08
3.50000000000000e+00	1.98418790523133e+08
3.51000000000000e+00	2.03846320683209e+08
3.52000000000000e+00	2.12395805430066e+08
3.53000000000000e+00	2.24213209054822e+08
3.54000000000000e+00	2.39166676265746e+08
3.55000000000000e+00	2.56852191394339e+08
3.56000000000000e+00	2.76624557491686e+08
3.57000000000000e+00	2.97661650188847e+08
3.58000000000000e+00	3.19022931176551e+08
3.59000000000000e+00	3.39728191485614e+08
3.60000000000000e+00	3.58860988673549e+08
3.61000000000000e+00	3.75618831615867e+08
3.62000000000000e+00	3.89374194825955e+08
3.63000000000000e+00	3.99708293748147e+08
3.64000000000000e+00	4.06424193612274e+08
3.65000000000000e+00	4.09530710767493e+08
3.66000000000000e+00	4.09196507311581e+08
3.67000000000000e+00	4.05746850323617e+08
3.68000000000000e+00	3.99559249999234e+08
3.69000000000000e+00	3.91040199648819e+08
3.70000000000000e+00	3.80553229584851e+08
3.71000000000000e+00	3.68389146981609e+08
3.72000000000000e+00	3.54759004812990e+08
3.73000000000000e+00	3.39813669555091e+08
3.74000000000000e+00	3.23672005303154e+08
3.75000000000000e+00	3.06452745118502e+08
3.76000000000000e+00	2.88321225290219e+08
3.77000000000000e+00	2.69476033472347e+08
3.78000000000000e+00	2.50156031191855e+08
3.79000000000000e+00	2.30623159391079e+08
3.80000000000000e+00	2.11132780931675e+08
3.81000000000000e+00	1.91926093046413e+08
3.82000000000000e+00	1.73218397082931e+08
3.83000000000000e+00	1.55173862736917e+08
3.84000000000000e+00	1.37913991679106e+08
3.85000000000000e+00	1.21511762344582e+08
3.86000000000000e+00	1.06000976507578e+08
3.87000000000000e+00	9.13883849294013e+07
3.88000000000000e+00	7.76739569871053e+07
3.89000000000000e+00	6.48682660093261e+07
3.90000000000000e+00	5.30090123999671e+07
3.91000000000000e+00	4.21713348364225e+07
3.92000000000000e+00	3.24742625140209e+07
3.93000000000000e+00	2.40797433804765e+07
3.94000000000000e+00	1.71873772690269e+07
3.95000000000000e+00	1.20215040717486e+07
3.96000000000000e+00	8.81485456116153e+06
3.97000000000000e+00	7.78718348589035e+06
3.98000000000000e+00	9.12010158101835e+06
3.99000000000000e+00	1.29319180664281e+07
4.00000000000000e+00	1.92524592786723e+07
4.01000000000000e+00	2.80009110776693e+07
4.02000000000000e+00	3.89665771906513e+07
4.03000000000000e+00	5.17933583824537e+07
4.04000000000000e+00	6.59743254073103e+07
4.05000000000000e+00	8.08614131442144e+07
4.06000000000000e+00	9.56971323227148e+07
4.07000000000000e+00	1.09671453586699e+08
4.08000000000000e+00	1.21996667983820e+08
4.09000000000000e+00	1.31989952239948e+08
4.10000000000000e+00	1.39146492579128e+08
4.11000000000000e+00	1.43187398764129e+08
4.12000000000000e+00	1.44085383772935e+08
4.13000000000000e+00	1.42056902084645e+08
4.14000000000000e+00	1.37536562975950e+08
4.15000000000000e+00	1.31130512455511e+08
4.16000000000000e+00	1.23559600881009e+08
4.17000000000000e+00	1.15590968137440e+08
4.18000000000000e+00	1.07965577455065e+08
4.19000000000000e+00	1.01322065415971e+08
4.20000000000000e+00	9.61337849757636e+07
4.21000000000000e+00	9.26622127725582e+07
4.22000000000000e+00	9.09440279351907e+07
4.23000000000000e+00	9.08056491442406e+07
4.24000000000000e+00	9.19143881407153e+07
4.25000000000000e+00	9.38483110770998e+07
4.26000000000000e+00	9.61752843958326e+07
4.27000000000000e+00	9.85249834055075e+07
4.28000000000000e+00	1.00638365232459e+08
4.29000000000000e+00	1.02385499823463e+08
4.30000000000000e+00	1.03755054600003e+08
4.31000000000000e+00	1.04819047165875e+08
4.32000000000000e+00	1.05683885773095e+08
4.33000000000000e+00	1.06444173366688e+08
4.34000000000000e+00	1.07145738604497e+08
4.35000000000000e+00	1.07760577984932e+08
4.36000000000000e+00	1.08185862112688e+08
4.37000000000000e+00	1.08259749717121e+08
4.38000000000000e+00	1.07783702762477e+08
4.39000000000000e+00	1.06560850895997e+08
4.40000000000000e+00	1.04427992486596e+08
4.41000000000000e+00	1.01289549208244e+08
4.42000000000000e+00	9.71387751718635e+07
4.43000000000000e+00	9.20750912967825e+07
4.44000000000000e+00	8.63008719720372e+07
4.45000000000000e+00	8.01158100793854e+07
4.46000000000000e+00	7.38923437551344e+07
4.47000000000000e+00	6.80405224928037e+07
4.48000000000000e+00	6.29735266225249e+07
4.49000000000000e+00	5.90616495680161e+07
4.50000000000000e+00	5.65938930364769e+07
4.51000000000000e+00	5.57626384644497e+07
4.52000000000000e+00	5.66585597869163e+07
4.53000000000000e+00	5.92834732719804e+07
4.54000000000000e+00	6.35942144073543e+07
4.55000000000000e+00	6.95370569984315e+07
4.56000000000000e+00	7.71071587129373e+07
4.57000000000000e+00	8.63876341789524e+07
4.58000000000000e+00	9.75908659635441e+07
4.59000000000000e+00	1.11089697413873e+08
4.60000000000000e+00	1.27436215249394e+08
4.61000000000000e+00	1.47364098921822e+08
4.62000000000000e+00	1.71783145805248e+08
4.63000000000000e+00	2.01748906028410e+08
4.64000000000000e+00	2.38410344999656e+08
4.65000000000000e+00	2.82940160754366e+08
4.66000000000000e+00	3.36445091355708e+08
4.67000000000000e+00	3.99850847191809e+08
4.68000000000000e+00	4.73805695569298e+08
4.69000000000000e+00	5.58554260217820e+08
4.70000000000000e+00	6.53865272781369e+08
4.71000000000000e+00	7.58946172892160e+08
4.72000000000000e+00	8.72342794878469e+08
4.73000000000000e+00	9.91914802817690e+08
4.74000000000000e+00	1.11480464202179e+09
4.75000000000000e+00	1.23737690092598e+09
4.76000000000000e+00	1.35522992927130e+09
4.77000000000000e+00	1.46325726433880e+09
4.78000000000000e+00	1.55573179654186e+09
4.79000000000000e+00	1.62665292482610e+09
4.80000000000000e+00	1.67018393162312e+09
4.81000000000000e+00	1.68138897822453e+09
4.82000000000000e+00	1.65705902518148e+09
4.83000000000000e+00	1.59650608546641e+09
4.84000000000000e+00	1.50201652566257e+09
4.85000000000000e+00	1.37887728331941e+09
4.86000000000000e+00	1.23479428251946e+09
4.87000000000000e+00	1.07886058426592e+09
4.88000000000000e+00	9.20279768578158e+08
4.89000000000000e+00	7.67257044193999e+08
4.90000000000000e+00	6.26150697318735e+08
4.91000000000000e+00	5.01093502750352e+08
4.92000000000000e+00	3.94053159993321e+08
4.93000000000000e+00	3.05183399017328e+08
4.94000000000000e+00	2.33313588876594e+08
4.95000000000000e+00	1.76490375252960e+08
4.96000000000000e+00	1.32391623951557e+08
4.97000000000000e+00	9.86917763376855e+07
4.98000000000000e+00	7.32684480137478e+07
4.99000000000000e+00	5.43288357908524e+07
5.00000000000000e+00	4.04477282910820e+07
5.01000000000000e+00	3.05445424469114e+07
5.02000000000000e+00	2.38258822197479e+07
5.03000000000000e+00	1.97054956012922e+07
5.04000000000000e+00	1.77277814814970e+07
5.05000000000000e+00	1.75039067005469e+07
5.06000000000000e+00	1.86698326552870e+07
5.07000000000000e+00	2.08677968817478e+07
5.08000000000000e+00	2.37470730552705e+07
5.09000000000000e+00	2.69792712773256e+07
5.10000000000000e+00	3.02793739470885e+07
5.11000000000000e+00	3.34307328968885e+07
5.12000000000000e+00	3.63021641356044e+07
5.13000000000000e+00	3.88590129573483e+07
5.14000000000000e+00	4.11619833965963e+07
5.15000000000000e+00	4.33523572817443e+07
5.16000000000000e+00	4.56265879811532e+07
5.17000000000000e+00	4.82078782466592e+07
5.18000000000000e+00	5.13117318943846e+07
5.19000000000000e+00	5.51127632007509e+07
5.20000000000000e+00	5.97197835401652e+07
5.21000000000000e+00	6.51575354432506e+07
5.22000000000000e+00	7.13622292852718e+07
5.23000000000000e+00	7.81892833368955e+07
5.24000000000000e+00	8.54308276271337e+07
5.25000000000000e+00	9.28393795339306e+07
5.26000000000000e+00	1.00163567917446e+08
5.27000000000000e+00	1.07175665124150e+08
5.28000000000000e+00	1.13706072679123e+08
5.29000000000000e+00	1.19660934798170e+08
5.30000000000000e+00	1.25045475351367e+08
5.31000000000000e+00	1.29959743603901e+08
5.32000000000000e+00	1.34598903443269e+08
5.33000000000000e+00	1.39244817224254e+08
5.34000000000000e+00	1.44246212582866e+08
5.35000000000000e+00	1.50009308113988e+08
5.36000000000000e+00	1.56985637627262e+08
5.37000000000000e+00	1.65663454021493e+08
5.38000000000000e+00	1.76556004827151e+08
5.39000000000000e+00	1.90196262790590e+08
5.40000000000000e+00	2.07120075136924e+08
5.41000000000000e+00	2.27839736615265e+08
5.42000000000000e+00	2.52818929382781e+08
5.43000000000000e+00	2.82428361101701e+08
5.44000000000000e+00	3.16907553838252e+08
5.45000000000000e+00	3.56291038907090e+08
5.46000000000000e+00	4.00384890233614e+08
5.47000000000000e+00	4.48666724967437e+08
5.48000000000000e+00	5.00284562030108e+08
5.49000000000000e+00	5.53978091497495e+08
5.50000000000000e+00	6.08070245808385e+08
5.51000000000000e+00	6.60505309275960e+08
5.52000000000000e+00	7.08918933479953e+08
5.53000000000000e+00	7.50750933252131e+08
5.54000000000000e+00	7.83475921013539e+08
5.55000000000000e+00	8.04786823048068e+08
5.56000000000000e+00	8.12919225287349e+08
5.57000000000000e+00	8.06817986484951e+08
5.58000000000000e+00	7.86348298408861e+08
5.59000000000000e+00	7.52325665791736e+08
5.60000000000000e+00	7.06460544962180e+08
5.61000000000000e+00	6.51215193992228e+08
5.62000000000000e+00	5.89444554182759e+08
5.63000000000000e+00	5.24177690963079e+08
5.64000000000000e+00	4.58256691585316e+08
5.65000000000000e+00	3.94151591346700e+08
5.66000000000000e+00	3.33795167781954e+08
5.67000000000000e+00	2.78549831975912e+08
5.68000000000000e+00	2.29234127241307e+08
5.69000000000000e+00	1.86189490255421e+08
5.70000000000000e+00	1.49394419582276e+08
5.71000000000000e+00	1.18547407819862e+08
5.72000000000000e+00	9.31656746388024e+07
5.73000000000000e+00	7.26565961945323e+07
5.74000000000000e+00	5.63738168673186e+07
5.75000000000000e+00	4.36687960670410e+07
5.76000000000000e+00	3.39245052372438e+07
5.77000000000000e+00	2.65809463085007e+07
5.78000000000000e+00	2.11496743970014e+07
5.79000000000000e+00	1.72227090795815e+07
5.80000000000000e+00	1.44703303111390e+07
5.81000000000000e+00	1.26345852776143e+07
5.82000000000000e+00	1.15175792574262e+07
5.83000000000000e+00	1.09680214492536e+07
5.84000000000000e+00	1.08668518463238e+07
5.85000000000000e+00	1.11149343796910e+07
5.86000000000000e+00	1.16213640614350e+07
5.87000000000000e+00	1.22974089359729e+07
5.88000000000000e+00	1.30524433119494e+07
5.89000000000000e+00	1.37940401000841e+07
5.90000000000000e+00	1.44327820152305e+07
5.91000000000000e+00	1.48868490769193e+07
5.92000000000000e+00	1.50907235916251e+07
5.93000000000000e+00	1.50002653793414e+07
5.94000000000000e+00	1.45991230269771e+07
5.95000000000000e+00	1.38991689107998e+07
5.96000000000000e+00	1.29395320252396e+07
5.97000000000000e+00	1.17817110377685e+07
5.98000000000000e+00	1.05010424232142e+07
5.99000000000000e+00	9.17810133728543e+06
6.00000000000000e+00	7.88898956413627e+06
6.01000000000000e+00	6.69839341684678e+06
6.02000000000000e+00	5.65404208476724e+06
6.03000000000000e+00	4.78433926050924e+06
6.04000000000000e+00	4.09861567495798e+06
6.05000000000000e+00	3.58946473071934e+06
6.06000000000000e+00	3.23667319631641e+06
6.07000000000000e+00	3.01206098835620e+06
6.08000000000000e+00	2.88413156427509e+06
6.09000000000000e+00	2.82267260943798e+06
6.10000000000000e+00	2.80212377459956e+06
6.11000000000000e+00	2.80364247216463e+06
6.12000000000000e+00	2.81568145632899e+06
6.13000000000000e+00	2.83305656213842e+06
6.14000000000000e+00	2.85482910250676e+06
6.15000000000000e+00	2.88165659351935e+06
6.16000000000000e+00	2.91297962202788e+06
6.17000000000000e+00	2.94469301845893e+06
6.18000000000000e+00	2.96803378021326e+06
6.19000000000000e+00	2.96925046662886e+06
6.20000000000000e+00	2.93080983375311e+06
6.21000000000000e+00	2.83350410526701e+06
6.22000000000000e+00	2.65975669853131e+06
6.23000000000000e+00	2.39771477187978e+06
6.24000000000000e+00	2.04630560574139e+06
6.25000000000000e+00	1.62088882854306e+06
6.26000000000000e+00	1.15942590083039e+06
6.27000000000000e+00	7.28562082708837e+05
6.28000000000000e+00	4.28768554065859e+05
6.29000000000000e+00	3.97488980787223e+05
6.30000000000000e+00	8.08575137440339e+05
6.31000000000000e+00	1.86644338995949e+06
6.32000000000000e+00	3.79351234933151e+06
6.33000000000000e+00	6.81064672421509e+06
6.34000000000000e+00	1.11112195076760e+07
6.35000000000000e+00	1.68334222013883e+07
6.36000000000000e+00	2.40335128116365e+07
6.37000000000000e+00	3.26664035369900e+07
6.38000000000000e+00	4.25786956587243e+07
6.39000000000000e+00	5.35168518146473e+07
6.40000000000000e+00	6.51449268692312e+07
6.41000000000000e+00	7.70789978870402e+07
6.42000000000000e+00	8.89189370971932e+07
6.43000000000000e+00	1.00286065676095e+08
6.44000000000000e+00	1.10846566581603e+08
6.45000000000000e+00	1.20331307160128e+08
6.46000000000000e+00	1.28542759711602e+08
6.47000000000000e+00	1.35358594431159e+08
6.48000000000000e+00	1.40726691317900e+08
6.49000000000000e+00	1.44660573622722e+08
6.50000000000000e+00	1.47232793833854e+08
6.51000000000000e+00	1.48569151349881e+08
6.52000000000000e+00	1.48833214295152e+08
6.53000000000000e+00	1.48219772877874e+08
6.54000000000000e+00	1.46937970476830e+08
6.55000000000000e+00	1.45200614538342e+08
6.56000000000000e+00	1.43214948092369e+08
6.57000000000000e+00	1.41174176381097e+08
6.58000000000000e+00	1.39255276717926e+08
6.59000000000000e+00	1.37613596408620e+08
6.60000000000000e+00	1.36386973583930e+08
6.61000000000000e+00	1.35690469051593e+08
6.62000000000000e+00	1.35625801843660e+08
6.63000000000000e+00	1.36276136416554e+08
6.64000000000000e+00	1.37716166078891e+08
6.65000000000000e+00	1.40012246491956e+08
6.66000000000000e+00	1.43224779571308e+08
6.67000000000000e+00	1.47411519635989e+08
6.68000000000000e+00	1.52628194229632e+08
6.69000000000000e+00	1.58927390079137e+08
6.70000000000000e+00	1.66361153278073e+08
6.71000000000000e+00	1.74980247746053e+08
6.72000000000000e+00	1.84838581391424e+08
6.73000000000000e+00	1.96000778176374e+08
6.74000000000000e+00	2.08544971252343e+08
6.75000000000000e+00	2.22574136075630e+08
6.76000000000000e+00	2.38225362193011e+08
6.77000000000000e+00	2.55682853587503e+08
6.78000000000000e+00	2.75191056115472e+08
6.79000000000000e+00	2.97078778654099e+08
6.80000000000000e+00	3.21778700181801e+08
6.81000000000000e+00	3.49859893122135e+08
6.82000000000000e+00	3.82062848389569e+08
6.83000000000000e+00	4.19347060018988e+08
6.84000000000000e+00	4.62937662143016e+08
6.85000000000000e+00	5.14387202801362e+08
6.86000000000000e+00	5.75618378498969e+08
6.87000000000000e+00	6.49006140602405e+08
6.88000000000000e+00	7.37388279803221e+08
6.89000000000000e+00	8.44054600385280e+08
6.90000000000000e+00	9.72734903707122e+08
6.91000000000000e+00	1.12746656813272e+09
6.92000000000000e+00	1.31245380963047e+09
6.93000000000000e+00	1.53185631766956e+09
6.94000000000000e+00	1.78948311339659e+09
6.95000000000000e+00	2.08851774558324e+09
6.96000000000000e+00	2.43125001300730e+09
6.97000000000000e+00	2.81859378792734e+09
6.98000000000000e+00	3.24980866191497e+09
6.99000000000000e+00	3.72176539525708e+09
7.00000000000000e+00	4.22838441116064e+09
7.01000000000000e+00	4.75971048158907e+09
7.02000000000000e+00	5.30117225206408e+09
7.03000000000000e+00	5.83317509705599e+09
7.04000000000000e+00	6.33146554485371e+09
7.05000000000000e+00	6.76843491772671e+09
7.06000000000000e+00	7.11569233388378e+09
7.07000000000000e+00	7.34768781262011e+09
7.08000000000000e+00	7.44512951367745e+09
7.09000000000000e+00	7.39849557686853e+09
7.10000000000000e+00	7.20970240759101e+09
7.11000000000000e+00	6.89202722737218e+09
7.12000000000000e+00	6.46791681099584e+09
7.13000000000000e+00	5.96572134418802e+09
7.14000000000000e+00	5.41552169332021e+09
7.15000000000000e+00	4.84581381019916e+09
7.16000000000000e+00	4.28079424254974e+09
7.17000000000000e+00	3.73930376282662e+09
7.18000000000000e+00	3.23458786077014e+09
7.19000000000000e+00	2.77502352648677e+09
7.20000000000000e+00	2.36507157473467e+09
7.21000000000000e+00	2.00615709874737e+09
7.22000000000000e+00	1.69752927982150e+09
7.23000000000000e+00	1.43679777387961e+09
7.24000000000000e+00	1.22039069936002e+09
7.25000000000000e+00	1.04392789626744e+09
7.26000000000000e+00	9.02453189724650e+08
7.27000000000000e+00	7.90752118723980e+08
7.28000000000000e+00	7.03659905371883e+08
7.29000000000000e+00	6.36210285634164e+08
7.30000000000000e+00	5.83876369184448e+08
7.31000000000000e+00	5.42695692487997e+08
7.32000000000000e+00	5.09333266961691e+08
7.33000000000000e+00	4.81122656817899e+08
7.34000000000000e+00	4.56023545164270e+08
7.35000000000000e+00	4.32581258134210e+08
7.36000000000000e+00	4.09834645169024e+08
7.37000000000000e+00	3.87240689228700e+08
7.38000000000000e+00	3.64568497002636e+08
7.39000000000000e+00	3.41822049835729e+08
7.40000000000000e+00	3.19153383868958e+08
7.41000000000000e+00	2.96805591774958e+08
7.42000000000000e+00	2.75055838770758e+08
7.43000000000000e+00	2.54177661797761e+08
7.44000000000000e+00	2.34406958575547e+08
7.45000000000000e+00	2.15932818824955e+08
7.46000000000000e+00	1.98884652934661e+08
7.47000000000000e+00	1.83328152558217e+08
7.48000000000000e+00	1.69276362241815e+08
7.49000000000000e+00	1.56692426448093e+08
7.50000000000000e+00	1.45502822839807e+08
7.51000000000000e+00	1.35603196689924e+08
7.52000000000000e+00	1.26872141328514e+08
7.53000000000000e+00	1.19175010858808e+08
7.54000000000000e+00	1.12376551272556e+08
7.55000000000000e+00	1.06343294575035e+08
7.56000000000000e+00	1.00948252537068e+08
7.57000000000000e+00	9.60767116132477e+07
7.58000000000000e+00	9.16278913303665e+07
7.59000000000000e+00	8.75170097356818e+07
7.60000000000000e+00	8.36739075066111e+07
7.61000000000000e+00	8.00472607750575e+07
7.62000000000000e+00	7.65983598900359e+07
7.63000000000000e+00	7.33031637342821e+07
7.64000000000000e+00	7.01475020716921e+07
7.65000000000000e+00	6.71263756821877e+07
7.66000000000000e+00	6.42399237133895e+07
7.67000000000000e+00	6.14936455075737e+07
7.68000000000000e+00	5.88933671270616e+07
7.69000000000000e+00	5.64449250407181e+07
7.70000000000000e+00	5.41514161570525e+07
7.71000000000000e+00	5.20133518100138e+07
7.72000000000000e+00	5.00253333814763e+07
7.73000000000000e+00	4.81767014302567e+07
7.74000000000000e+00	4.64523955820799e+07
7.75000000000000e+00	4.48322354133359e+07
7.76000000000000e+00	4.32924304563104e+07
7.77000000000000e+00	4.18063369521459e+07
7.78000000000000e+00	4.03465784458154e+07
7.79000000000000e+00	3.88873761966532e+07
7.80000000000000e+00	3.74072716468258e+07
7.81000000000000e+00	3.58917570153966e+07
7.82000000000000e+00	3.43343411011072e+07
7.83000000000000e+00	3.27387604810273e+07
7.84000000000000e+00	3.11177729784773e+07
7.85000000000000e+00	2.94923170987986e+07
7.86000000000000e+00	2.78895148800714e+07
7.87000000000000e+00	2.63393593392653e+07
7.88000000000000e+00	2.48727987388018e+07
7.89000000000000e+00	2.35171668410116e+07
7.90000000000000e+00	2.22941498418908e+07
7.91000000000000e+00	2.12178241209153e+07
7.92000000000000e+00	2.02928350617062e+07
7.93000000000000e+00	1.95141767037604e+07
7.94000000000000e+00	1.88679271974333e+07
7.95000000000000e+00	1.83324816965068e+07
7.96000000000000e+00	1.78804494226772e+07
7.97000000000000e+00	1.74818173397841e+07
7.98000000000000e+00	1.71058404889289e+07
7.99000000000000e+00	1.67242534117338e+07
8.00000000000000e+00	1.63132935829597e+07
8.01000000000000e+00	1.58554948905957e+07
8.02000000000000e+00	1.53407579198954e+07
8.03000000000000e+00	1.47667647683388e+07
8.04000000000000e+00	1.41377923795456e+07
8.05000000000000e+00	1.34650703588504e+07
8.06000000000000e+00	1.27647286266151e+07
8.07000000000000e+00	1.20555121272116e+07
8.08000000000000e+00	1.13575120136336e+07
8.09000000000000e+00	1.06890084130020e+07
8.10000000000000e+00	1.00658764396367e+07
8.11000000000000e+00	9.49933539924067e+06
8.12000000000000e+00	8.99594806999017e+06
8.13000000000000e+00	8.55690259093366e+06
8.14000000000000e+00	8.17886957634931e+06
8.15000000000000e+00	7.85524969498592e+06
8.16000000000000e+00	7.57709941049802e+06
8.17000000000000e+00	7.33493382031935e+06
8.18000000000000e+00	7.11928029306034e+06
8.19000000000000e+00	6.92180556522127e+06
8.20000000000000e+00	6.73595122725946e+06
8.21000000000000e+00	6.55713128112524e+06
8.22000000000000e+00	6.38252837424337e+06
8.23000000000000e+00	6.21106309901834e+06
8.24000000000000e+00	6.04289216482713e+06
8.25000000000000e+00	5.87921786174918e+06
8.26000000000000e+00	5.72158629957904e+06
8.27000000000000e+00	5.57180773513255e+06
8.28000000000000e+00	5.43146295511706e+06
8.29000000000000e+00	5.30180348701027e+06
8.30000000000000e+00	5.18361745187295e+06
8.31000000000000e+00	5.07696570702315e+06
8.32000000000000e+00	4.98134040065010e+06
8.33000000000000e+00	4.89553282764054e+06
8.34000000000000e+00	4.81775135283475e+06
8.35000000000000e+00	4.74574588656900e+06
8.36000000000000e+00	4.67702597026357e+06
8.37000000000000e+00	4.60911692174578e+06
8.38000000000000e+00	4.53975775318605e+06
8.39000000000000e+00	4.46721539887546e+06
8.40000000000000e+00	4.39046557332137e+06
8.41000000000000e+00	4.30921545789695e+06
8.42000000000000e+00	4.22398342024438e+06
8.43000000000000e+00	4.13601984069245e+06
8.44000000000000e+00	4.04701757771769e+06
8.45000000000000e+00	3.95892332362858e+06
8.46000000000000e+00	3.87370548514911e+06
8.47000000000000e+00	3.79306267875060e+06
8.48000000000000e+00	3.71826151502153e+06
8.49000000000000e+00	3.65010418717621e+06
8.50000000000000e+00	3.58884724144943e+06
8.51000000000000e+00	3.53429657384586e+06
8.52000000000000e+00	3.48575513664441e+06
8.53000000000000e+00	3.44229531297174e+06
8.54000000000000e+00	3.40275275581589e+06
8.55000000000000e+00	3.36588672098795e+06
8.56000000000000e+00	3.33048791467711e+06
8.57000000000000e+00	3.29539562047482e+06
8.58000000000000e+00	3.25967595901578e+06
8.59000000000000e+00	3.22250622401391e+06
8.60000000000000e+00	3.18331409043530e+06
8.61000000000000e+00	3.14168429007263e+06
8.62000000000000e+00	3.09732930679811e+06
8.63000000000000e+00	3.05021280439651e+06
8.64000000000000e+00	3.00041628532623e+06
8.65000000000000e+00	2.94819761160737e+06
8.66000000000000e+00	2.89394732337192e+06
8.67000000000000e+00	2.83814957362844e+06
8.68000000000000e+00	2.78139817901781e+06
8.69000000000000e+00	2.72426161796195e+06
8.70000000000000e+00	2.66731187982712e+06
8.71000000000000e+00	2.61097164157254e+06
8.72000000000000e+00	2.55553701061987e+06
8.73000000000000e+00	2.50109722584588e+06
8.74000000000000e+00	2.44758051987695e+06
8.75000000000000e+00	2.39470803783870e+06
8.76000000000000e+00	2.34210842392946e+06
8.77000000000000e+00	2.28928965606909e+06
8.78000000000000e+00	2.23582840048323e+06
8.79000000000000e+00	2.18133997756816e+06
8.80000000000000e+00	2.12559827250766e+06
8.81000000000000e+00	2.06859449504929e+06
8.82000000000000e+00	2.01049963464207e+06
8.83000000000000e+00	1.95173528366992e+06
8.84000000000000e+00	1.89285379327757e+06
8.85000000000000e+00	1.83459623745350e+06
8.86000000000000e+00	1.77769955047003e+06
8.87000000000000e+00	1.72291076088609e+06
8.88000000000000e+00	1.67087078691985e+06
8.89000000000000e+00	1.62205423559513e+06
8.90000000000000e+00	1.57668597738123e+06
8.91000000000000e+00	1.53474222401857e+06
8.92000000000000e+00	1.49591464719795e+06
8.93000000000000e+00	1.45971322999115e+06
8.94000000000000e+00	1.42543190806552e+06
8.95000000000000e+00	1.39235245128302e+06
8.96000000000000e+00	1.35972234955865e+06
8.97000000000000e+00	1.32692187851158e+06
8.98000000000000e+00	1.29350783560132e+06
8.99000000000000e+00	1.25927359502818e+06
9.00000000000000e+00	1.22427998227793e+06
9.01000000000000e+00	1.18882019801762e+06
9.02000000000000e+00	1.15335967011708e+06
9.03000000000000e+00	1.11847495003719e+06
9.04000000000000e+00	1.08477481934128e+06
9.05000000000000e+00	1.05275917130570e+06
9.06000000000000e+00	1.02282244132869e+06
9.07000000000000e+00	9.95162536927620e+05
9.08000000000000e+00	9.69823235894507e+05
9.09000000000000e+00	9.46679682813932e+05
9.10000000000000e+00	9.25488966635794e+05
9.11000000000000e+00	9.05921861846269e+05
9.12000000000000e+00	8.87618992268973e+05
9.13000000000000e+00	8.70225145963145e+05
9.14000000000000e+00	8.53434824578214e+05
9.15000000000000e+00	8.37008292293418e+05
9.16000000000000e+00	8.20773921836049e+05
9.17000000000000e+00	8.04654747666538e+05
9.18000000000000e+00	7.88631470901572e+05
9.19000000000000e+00	7.72730187798685e+05
9.20000000000000e+00	7.57029482660269e+05
9.21000000000000e+00	7.41607173165435e+05
9.22000000000000e+00	7.26550804095145e+05
9.23000000000000e+00	7.11926844059097e+05
9.24000000000000e+00	6.97785972045189e+05
9.25000000000000e+00	6.84145422885591e+05
9.26000000000000e+00	6.71000389549019e+05
9.27000000000000e+00	6.58326281697195e+05
9.28000000000000e+00	6.46078119102053e+05
9.29000000000000e+00	6.34200641740822e+05
9.30000000000000e+00	6.22632702885639e+05
9.31000000000000e+00	6.11308956487665e+05
9.32000000000000e+00	6.00174170185936e+05
9.33000000000000e+00	5.89175176454771e+05
9.34000000000000e+00	5.78269433139677e+05
9.35000000000000e+00	5.67409784430372e+05
9.36000000000000e+00	5.56579443041638e+05
9.37000000000000e+00	5.45756486244577e+05
9.38000000000000e+00	5.34935925446390e+05
9.39000000000000e+00	5.24126362613773e+05
9.40000000000000e+00	5.13338674925656e+05
9.41000000000000e+00	5.02594926632109e+05
9.42000000000000e+00	4.91921865442481e+05
9.43000000000000e+00	4.81360429768765e+05
9.44000000000000e+00	4.70936712180268e+05
9.45000000000000e+00	4.60684959544412e+05
9.46000000000000e+00	4.50629727771754e+05
9.47000000000000e+00	4.40795908244284e+05
9.48000000000000e+00	4.31204038986910e+05
9.49000000000000e+00	4.21859378004744e+05
9.50000000000000e+00	4.12772388515946e+05
9.51000000000000e+00	4.03933503520266e+05
9.52000000000000e+00	3.95340751140962e+05
9.53000000000000e+00	3.86970330192624e+05
9.54000000000000e+00	3.78805629991400e+05
9.55000000000000e+00	3.70831211092120e+05
9.56000000000000e+00	3.63040787030422e+05
9.57000000000000e+00	3.55433880601726e+05
9.58000000000000e+00	3.48035682856980e+05
9.59000000000000e+00	3.40868617814665e+05
9.60000000000000e+00	3.33955415387194e+05
9.61000000000000e+00	3.27302824173714e+05
9.62000000000000e+00	3.20902856099061e+05
9.63000000000000e+00	3.14734407922841e+05
9.64000000000000e+00	3.08766953813897e+05
9.65000000000000e+00	3.02961529025558e+05
9.66000000000000e+00	2.97294401010171e+05
9.67000000000000e+00	2.91731057346808e+05
9.68000000000000e+00	2.86254164360298e+05
9.69000000000000e+00	2.80848472665313e+05
9.70000000000000e+00	2.75496467502618e+05
9.71000000000000e+00	2.70195939989981e+05
9.72000000000000e+00	2.64935263853273e+05
9.73000000000000e+00	2.59715423857142e+05
9.74000000000000e+00	2.54537784385240e+05
9.75000000000000e+00	2.49402645910390e+05
9.76000000000000e+00	2.44314690218397e+05
9.77000000000000e+00	2.39279767850469e+05
9.78000000000000e+00	2.34301475304241e+05
9.79000000000000e+00	2.29383358522756e+05
9.80000000000000e+00	2.24529985995217e+05
9.81000000000000e+00	2.19748202470584e+05
9.82000000000000e+00	2.15041889756845e+05
9.83000000000000e+00	2.10411025152207e+05
9.84000000000000e+00	2.05859237352341e+05
9.85000000000000e+00	2.01388820380033e+05
9.86000000000000e+00	1.97000846241874e+05
9.87000000000000e+00	1.92695183200756e+05
9.88000000000000e+00	1.88482580560343e+05
9.89000000000000e+00	1.84388224391279e+05
9.90000000000000e+00	1.80469468269307e+05
9.91000000000000e+00	1.76849981903812e+05
9.92000000000000e+00	1.73761939395017e+05
9.93000000000000e+00	1.71584094157501e+05
9.94000000000000e+00	1.70865692437014e+05
9.95000000000000e+00	1.72309872381230e+05
9.96000000000000e+00	1.76695398655806e+05
9.97000000000000e+00	1.84739185912818e+05
9.98000000000000e+00	1.96859509194330e+05
9.99000000000000e+00	2.12761469071629e+05
1.00000000000000e+01	2.30926692118605e+05
1.00100000000000e+01	2.48098150688181e+05
1.00200000000000e+01	2.58661125767825e+05
1.00300000000000e+01	2.55907491377730e+05
1.00400000000000e+01	2.36219923477166e+05
1.00500000000000e+01	2.02937373848277e+05
1.00600000000000e+01	1.64425584040714e+05
1.00700000000000e+01	1.28295356430142e+05
1.00800000000000e+01	9.83038972109831e+04
1.00900000000000e+01	7.50124080880264e+04
1.01000000000000e+01	5.74863948427363e+04
1.01100000000000e+01	4.44444059808639e+04
1.01200000000000e+01	3.47340229866153e+04
1.01300000000000e+01	2.74557870065880e+04
1.01400000000000e+01	2.19463291223652e+04
1.01500000000000e+01	1.77303865268158e+04
1.01600000000000e+01	1.44672824482957e+04
1.01700000000000e+01	1.19135793906505e+04
1.01800000000000e+01	9.89378367244139e+03
1.01900000000000e+01	8.28010740312896e+03
1.02000000000000e+01	6.97902813950187e+03
1.02100000000000e+01	5.92082017290759e+03
1.02200000000000e+01	5.05307409945414e+03
1.02300000000000e+01	4.33634118854497e+03
1.02400000000000e+01	3.74019586822026e+03
1.02500000000000e+01	3.24118972284152e+03
1.02600000000000e+01	2.82095750182216e+03
1.02700000000000e+01	2.46520800610996e+03
1.02800000000000e+01	2.16238196465806e+03
1.02900000000000e+01	1.90344575025460e+03
1.03000000000000e+01	1.68104394112189e+03
1.03100000000000e+01	1.48915938593734e+03
1.03200000000000e+01	1.32299068763777e+03
1.03300000000000e+01	1.17854670402136e+03
1.03400000000000e+01	1.05253431560696e+03
1.03500000000000e+01	9.42241071309918e+02
1.03600000000000e+01	8.45395288244607e+02
1.03700000000000e+01	7.60106224910610e+02
1.03800000000000e+01	6.84780449605677e+02
1.03900000000000e+01	6.18078060201123e+02
1.04000000000000e+01	5.58859131393114e+02
1.04100000000000e+01	5.06159771987096e+02
1.04200000000000e+01	4.59157386691183e+02
1.04300000000000e+01	4.17144562342108e+02
1.04400000000000e+01	3.79518162796135e+02
1.04500000000000e+01	3.45755852455515e+02
1.04600000000000e+01	3.15404792460123e+02
1.04700000000000e+01	2.88074449920959e+02
1.04800000000000e+01	2.63423492924911e+02
1.04900000000000e+01	2.41154661642375e+02
1.05000000000000e+01	2.21007841548384e+02
1.05100000000000e+01	2.02754510830140e+02
1.05200000000000e+01	1.86193467643461e+02
1.05300000000000e+01	1.71146928326122e+02
1.05400000000000e+01	1.57459263825355e+02
1.05500000000000e+01	1.44992245807924e+02
1.05600000000000e+01	1.33623063936201e+02
1.05700000000000e+01	1.23242566475259e+02
1.05800000000000e+01	1.13753786113087e+02
1.05900000000000e+01	1.05071080275776e+02
1.06000000000000e+01	9.71173238685751e+01
1.06100000000000e+01	8.98241783533401e+01
1.06200000000000e+01	8.31299090562816e+01
1.06300000000000e+01	7.69797461077118e+01
1.06400000000000e+01	7.13245115791610e+01
1.06500000000000e+01	6.61195937269604e+01
1.06600000000000e+01	6.13251593730861e+01
1.06700000000000e+01	5.69056054200718e+01
1.06800000000000e+01	5.28281383844762e+01
1.06900000000000e+01	4.90638844215111e+01
1.07000000000000e+01	4.55862522978414e+01
1.07100000000000e+01	4.23713826426003e+01
1.07200000000000e+01	3.93974824744050e+01
1.07300000000000e+01	3.66452308183777e+01
1.07400000000000e+01	3.40964456547806e+01
1.07500000000000e+01	3.17350218289561e+01
1.07600000000000e+01	2.95461309229939e+01
1.07700000000000e+01	2.75161273897259e+01
1.07800000000000e+01	2.56325997330299e+01
1.07900000000000e+01	2.38843757288460e+01
1.08000000000000e+01	2.22608220785668e+01
1.08100000000000e+01	2.07524616219427e+01
1.08200000000000e+01	1.93504039780002e+01
1.08300000000000e+01	1.80466050815758e+01
1.08400000000000e+01	1.68335787487329e+01
1.08500000000000e+01	1.57045234751333e+01
1.08600000000000e+01	1.46531593534208e+01
1.08700000000000e+01	1.36737585323581e+01
1.08800000000000e+01	1.27609280725414e+01
1.08900000000000e+01	1.19098854246155e+01
1.09000000000000e+01	1.11161533122354e+01
1.09100000000000e+01	1.03755928834057e+01
1.09200000000000e+01	9.68440566489445e+00
1.09300000000000e+01	9.03912502946291e+00
1.09400000000000e+01	8.43655009725190e+00
1.09500000000000e+01	7.87374663566770e+00
1.09600000000000e+01	7.34793206760262e+00
1.09700000000000e+01	6.85660332738864e+00
1.09800000000000e+01	6.39750300455982e+00
1.09900000000000e+01	5.96837382974861e+00
1.10000000000000e+01	5.56735658582986e+00
1.10100000000000e+01	5.19249556262085e+00
1.10200000000000e+01	4.84219563586124e+00
1.10300000000000e+01	4.51477484881046e+00
1.10400000000000e+01	4.20881776172368e+00
1.10500000000000e+01	3.92292567240335e+00
1.10600000000000e+01	3.65580497670100e+00
1.10700000000000e+01	3.40622583561901e+00
1.10800000000000e+01	3.17301794457057e+00
1.10900000000000e+01	2.95515758454115e+00
1.11000000000000e+01	2.75159224904467e+00
1.11100000000000e+01	2.56138422982742e+00
1.11200000000000e+01	2.38361589615704e+00
1.11300000000000e+01	2.21747195334977e+00
1.11400000000000e+01	2.06217685065556e+00
1.11500000000000e+01	1.91699313524827e+00
1.11600000000000e+01	1.78124007976844e+00
1.11700000000000e+01	1.65430635957465e+00
1.11800000000000e+01	1.53561395802128e+00
1.11900000000000e+01	1.42463542086731e+00
1.12000000000000e+01	1.32085323582412e+00
1.12100000000000e+01	1.22383112026283e+00
1.12200000000000e+01	1.13313501213328e+00
1.12300000000000e+01	1.04836253711975e+00
1.12400000000000e+01	9.69159006901603e-01
1.12500000000000e+01	8.95170603800066e-01
1.12600000000000e+01	8.26086019148801e-01
1.12700000000000e+01	7.61600996304797e-01
1.12800000000000e+01	7.01438343394235e-01
1.12900000000000e+01	6.45320574340604e-01
1.13000000000000e+01	5.93018962525123e-01
1.13100000000000e+01	5.44287963157183e-01
1.13200000000000e+01	4.98917422217438e-01
1.13300000000000e+01	4.56693108052192e-01
1.13400000000000e+01	4.17422547967023e-01
1.13500000000000e+01	3.80933037609951e-01
1.13600000000000e+01	3.47044155564792e-01
1.13700000000000e+01	3.15597661607674e-01
1.13800000000000e+01	2.86446525704814e-01
1.13900000000000e+01	2.59449120416532e-01
1.14000000000000e+01	2.34474363407533e-01
1.14100000000000e+01	2.11391205754554e-01
1.14200000000000e+01	1.90086239413856e-01
1.14300000000000e+01	1.70444233088197e-01
1.14400000000000e+01	1.52368192078866e-01
1.14500000000000e+01	1.35757601607766e-01
1.14600000000000e+01	1.20516680779754e-01
1.14700000000000e+01	1.06560789607822e-01
1.14800000000000e+01	9.38076550613442e-02
1.14900000000000e+01	8.21804470748632e-02
1.15000000000000e+01	7.16064504612775e-02
1.15100000000000e+01	6.20174285852863e-02
1.15200000000000e+01	5.33494032467218e-02
1.15300000000000e+01	4.55420022066203e-02
1.15400000000000e+01	3.85384887674266e-02
1.15500000000000e+01	3.22855179592635e-02
1.15600000000000e+01	2.67329042073866e-02
1.15700000000000e+01	2.18330540621863e-02
1.15800000000000e+01	1.75415278314193e-02
1.15900000000000e+01	1.38162653801396e-02
1.16000000000000e+01	1.06178156821191e-02
1.16100000000000e+01	7.90914235024317e-03
1.16200000000000e+01	5.65547065657936e-03
1.16300000000000e+01	3.82420215483655e-03
1.16400000000000e+01	2.38477177679663e-03
1.16500000000000e+01	1.30859106388156e-03
1.16600000000000e+01	5.68896420376853e-04
1.16700000000000e+01	1.40558543365814e-04
1.16800000000000e+01	3.18324982514421e-08
1.16900000000000e+01	1.25185262190054e-04
1.17000000000000e+01	4.95195319321299e-04
1.17100000000000e+01	1.09045304238081e-03
1.17200000000000e+01	1.89243620990514e-03
1.17300000000000e+01	2.88373008360921e-03
1.17400000000000e+01	4.04789065171956e-03
1.17500000000000e+01	5.36942505552489e-03
1.17600000000000e+01	6.83381624917125e-03
1.17700000000000e+01	8.42741036493122e-03
1.17800000000000e+01	1.01375124429471e-02
1.17900000000000e+01	1.19523188904598e-02
1.18000000000000e+01	1.38607222721585e-02
1.18100000000000e+01	1.58526062911643e-02
1.18200000000000e+01	1.79185722145758e-02
1.18300000000000e+01	2.00497151580412e-02
1.18400000000000e+01	2.22379925778326e-02
1.18500000000000e+01	2.44757381899267e-02
1.18600000000000e+01	2.67559025542546e-02
1.18700000000000e+01	2.90719699034184e-02
1.18800000000000e+01	3.14174148150833e-02
1.18900000000000e+01	3.37866310302578e-02
1.19000000000000e+01	3.61737440294146e-02
1.19100000000000e+01	3.85737401606396e-02
1.19200000000000e+01	4.09813971968604e-02
1.19300000000000e+01	4.33921570019720e-02
1.19400000000000e+01	4.58014223702539e-02
1.19500000000000e+01	4.82050430384143e-02
1.19600000000000e+01	5.05991133478644e-02
1.19700000000000e+01	5.29804830912916e-02
1.19800000000000e+01	5.53441464743792e-02
1.19900000000000e+01	5.76888842487788e-02
1.20000000000000e+01	6.00105263164229e-02
1.20100000000000e+01	6.23064910495835e-02
1.20200000000000e+01	6.45765617541706e-02
1.20300000000000e+01	6.68164909759574e-02
1.20400000000000e+01	6.90267572527521e-02
1.20500000000000e+01	7.12047462809295e-02
1.20600000000000e+01	7.33495641697874e-02
1.20700000000000e+01	7.54611691367155e-02
1.20800000000000e+01	7.75401691475290e-02
1.20900000000000e+01	7.95836414451686e-02
1.21000000000000e+01	8.15923179262912e-02
1.21100000000000e+01	8.35669010778774e-02
1.21200000000000e+01	8.55055781147808e-02
1.21300000000000e+01	8.74098709385732e-02
1.21400000000000e+01	8.92770454835750e-02
1.21500000000000e+01	9.11072843439969e-02
1.21600000000000e+01	9.28991978989350e-02
1.21700000000000e+01	9.46531094857983e-02
1.21800000000000e+01	9.63675119439160e-02
1.21900000000000e+01	9.80413842989645e-02
1.22000000000000e+01	9.96719821616236e-02
1.22100000000000e+01	1.01259362825993e-01
1.22200000000000e+01	1.02803317573737e-01
1.22300000000000e+01	1.04301573319695e-01
1.22400000000000e+01	1.05754183981346e-01
1.22500000000000e+01	1.07160301292594e-01
1.22600000000000e+01	1.08518132120632e-01
1.22700000000000e+01	1.09829301638035e-01
1.22800000000000e+01	1.11090598280492e-01
1.22900000000000e+01	1.12305710052114e-01
1.23000000000000e+01	1.13470404331039e-01
1.23100000000000e+01	1.14587417974843e-01
1.23200000000000e+01	1.15656722291760e-01
1.23300000000000e+01	1.16678675459463e-01
1.23400000000000e+01	1.17654226091106e-01
1.23500000000000e+01	1.18585510183895e-01
1.23600000000000e+01	1.19472489788110e-01
1.23700000000000e+01	1.20316703649530e-01
1.23800000000000e+01	1.21120574554915e-01
1.23900000000000e+01	1.21885259824405e-01
1.24000000000000e+01	1.22614054442770e-01
1.24100000000000e+01	1.23308224196555e-01
1.24200000000000e+01	1.23968688076071e-01
1.24300000000000e+01	1.24596943397046e-01
1.24400000000000e+01	1.25195563625450e-01
1.24500000000000e+01	1.25763899400292e-01
1.24600000000000e+01	1.26303915059160e-01
1.24700000000000e+01	1.26816279057103e-01
1.24800000000000e+01	1.27301686709244e-01
1.24900000000000e+01	1.27760145350065e-01
1.25000000000000e+01	1.28192946322768e-01
1.25100000000000e+01	1.28601328864837e-01
1.25200000000000e+01	1.28984763375028e-01
1.25300000000000e+01	1.29345057039435e-01
1.25400000000000e+01	1.29682349041796e-01
1.25500000000000e+01	1.29998560248745e-01
1.25600000000000e+01	1.30292772011807e-01
1.25700000000000e+01	1.30567095358433e-01
1.25800000000000e+01	1.30820144009112e-01
1.25900000000000e+01	1.31053973549264e-01
1.26000000000000e+01	1.31268595994334e-01
1.26100000000000e+01	1.31462938338279e-01
1.26200000000000e+01	1.31638225709535e-01
1.26300000000000e+01	1.31793286522048e-01
1.26400000000000e+01	1.31929912344003e-01
1.26500000000000e+01	1.32046748680101e-01
1.26600000000000e+01	1.32146087441719e-01
1.26700000000000e+01	1.32226861628039e-01
1.26800000000000e+01	1.32290108784672e-01
1.26900000000000e+01	1.32336332798783e-01
1.27000000000000e+01	1.32368282930990e-01
1.27100000000000e+01	1.32383834782749e-01
1.27200000000000e+01	1.32386537892985e-01
1.27300000000000e+01	1.32375611038841e-01
1.27400000000000e+01	1.32351172627482e-01
1.27500000000000e+01	1.32315035920448e-01
1.27600000000000e+01	1.32265665545429e-01
1.27700000000000e+01	1.32204708835692e-01
1.27800000000000e+01	1.32132251324156e-01
1.27900000000000e+01	1.32046913775391e-01
1.28000000000000e+01	1.31948669420401e-01
1.28100000000000e+01	1.31837948107521e-01
1.28200000000000e+01	1.31715056633465e-01
1.28300000000000e+01	1.31579233333101e-01
1.28400000000000e+01	1.31430964388304e-01
1.28500000000000e+01	1.31269472731467e-01
1.28600000000000e+01	1.31096004417225e-01
1.28700000000000e+01	1.30911383595425e-01
1.28800000000000e+01	1.30713454061381e-01
1.28900000000000e+01	1.30504409170485e-01
1.29000000000000e+01	1.30284077980974e-01
1.29100000000000e+01	1.30051972357795e-01
1.29200000000000e+01	1.29808726781590e-01
1.29300000000000e+01	1.29553874554842e-01
1.29400000000000e+01	1.29288546795344e-01
1.29500000000000e+01	1.29011795613051e-01
1.29600000000000e+01	1.28724583038244e-01
1.29700000000000e+01	1.28426251494038e-01
1.29800000000000e+01	1.28117791006181e-01
1.29900000000000e+01	1.27799309010288e-01
1.30000000000000e+01	1.27471164195206e-01
1.30100000000000e+01	1.27133291938255e-01
1.30200000000000e+01	1.26785712282154e-01
1.30300000000000e+01	1.26430055024911e-01
1.30400000000000e+01	1.26064456581701e-01
1.30500000000000e+01	1.25689030321335e-01
1.30600000000000e+01	1.25304677354552e-01
1.30700000000000e+01	1.24910298174758e-01
1.30800000000000e+01	1.24504557281917e-01
1.30900000000000e+01	1.24088788223718e-01
1.31000000000000e+01	1.23661568129195e-01
1.31100000000000e+01	1.23223257894736e-01
1.31200000000000e+01	1.22773130057533e-01
1.31300000000000e+01	1.22312751089190e-01
1.31400000000000e+01	1.21842219168544e-01
1.31500000000000e+01	1.21361768369445e-01
1.31600000000000e+01	1.20872281565487e-01
1.31700000000000e+01	1.20375864721710e-01
1.31800000000000e+01	1.19871907581717e-01
1.31900000000000e+01	1.19362467830685e-01
1.32000000000000e+01	1.18847608434196e-01
1.32100000000000e+01	1.18328068091394e-01
1.32200000000000e+01	1.17804090113698e-01
1.32300000000000e+01	1.17275867777339e-01
1.32400000000000e+01	1.16743481142990e-01
1.32500000000000e+01	1.16207171900510e-01
1.32600000000000e+01	1.15666170701513e-01
1.32700000000000e+01	1.15120887182556e-01
1.32800000000000e+01	1.14571731327591e-01
1.32900000000000e+01	1.14018916987783e-01
1.33000000000000e+01	1.13462360203717e-01
1.33100000000000e+01	1.12902920156561e-01
1.33200000000000e+01	1.12340873428962e-01
1.33300000000000e+01	1.11777114875117e-01
1.33400000000000e+01	1.11213353290651e-01
1.33500000000000e+01	1.10648791720820e-01
1.33600000000000e+01	1.10084347413133e-01
1.33700000000000e+01	1.09520468067097e-01
1.33800000000000e+01	1.08958250327485e-01
1.33900000000000e+01	1.08396395844620e-01
1.34000000000000e+01	1.07835876775023e-01
1.34100000000000e+01	1.07276034467167e-01
1.34200000000000e+01	1.06716788105023e-01
1.34300000000000e+01	1.06158054201055e-01
1.34400000000000e+01	1.05599769711811e-01
1.34500000000000e+01	1.05041018882532e-01
1.34600000000000e+01	1.04481335638539e-01
1.34700000000000e+01	1.03920917943096e-01
1.34800000000000e+01	1.03359941952505e-01
1.34900000000000e+01	1.02797617641599e-01
1.35000000000000e+01	1.02234240663006e-01
1.35100000000000e+01	1.01668527749846e-01
1.35200000000000e+01	1.01101777704650e-01
1.35300000000000e+01	1.00532639173589e-01
1.35400000000000e+01	9.99621275821607e-02
1.35500000000000e+01	9.93887402568402e-02
1.35600000000000e+01	9.88139170997630e-02
1.35700000000000e+01	9.82367852042794e-02
1.35800000000000e+01	9.76578592690305e-02
1.35900000000000e+01	9.70771943379536e-02
1.36000000000000e+01	9.64951471666860e-02
1.36100000000000e+01	9.59122226700691e-02
1.36200000000000e+01	9.53283742175495e-02
1.36300000000000e+01	9.47439105286615e-02
1.36400000000000e+01	9.41600617308163e-02
1.36500000000000e+01	9.35773955441625e-02
1.36600000000000e+01	9.29957296919495e-02
1.36700000000000e+01	9.24167675931800e-02
1.36800000000000e+01	9.18403565666688e-02
1.36900000000000e+01	9.12669613203902e-02
1.37000000000000e+01	9.06979022642224e-02
1.37100000000000e+01	9.01335006454559e-02
1.37200000000000e+01	8.95734578334316e-02
1.37300000000000e+01	8.90194655723687e-02
1.37400000000000e+01	8.84707960580919e-02
1.37500000000000e+01	8.79279143532208e-02
1.37600000000000e+01	8.73904089750864e-02
1.37700000000000e+01	8.68580308870458e-02
1.37800000000000e+01	8.63309818126344e-02
1.37900000000000e+01	8.58081756826453e-02
1.38000000000000e+01	8.52894413953461e-02
1.38100000000000e+01	8.47742008718505e-02
1.38200000000000e+01	8.42616394407825e-02
1.38300000000000e+01	8.37511764758970e-02
1.38400000000000e+01	8.32431810870052e-02
1.38500000000000e+01	8.27361487588433e-02
1.38600000000000e+01	8.22307462547724e-02
1.38700000000000e+01	8.17259235271951e-02
1.38800000000000e+01	8.12222451783584e-02
1.38900000000000e+01	8.07187663547202e-02
1.39000000000000e+01	8.02162099724066e-02
1.39100000000000e+01	7.97140497398292e-02
1.39200000000000e+01	7.92124111383402e-02
1.39300000000000e+01	7.87113853972518e-02
1.39400000000000e+01	7.82110924347070e-02
1.39500000000000e+01	7.77116691076144e-02
1.39600000000000e+01	7.72129378872055e-02
1.39700000000000e+01	7.67152441574783e-02
1.39800000000000e+01	7.62187849498571e-02
1.39900000000000e+01	7.57239866808471e-02
1.40000000000000e+01	7.52305583904687e-02
1.40100000000000e+01	7.47391759448671e-02
1.40200000000000e+01	7.42498189645416e-02
1.40300000000000e+01	7.37631335940117e-02
1.40400000000000e+01	7.32791365143350e-02
1.40500000000000e+01	7.27977780119590e-02
1.40600000000000e+01	7.23195524945094e-02
1.40700000000000e+01	7.18443295307809e-02
1.40800000000000e+01	7.13719624967210e-02
1.40900000000000e+01	7.09029453565214e-02
1.41000000000000e+01	7.04362223794074e-02
1.41100000000000e+01	6.99725084426631e-02
1.41200000000000e+01	6.95108027442683e-02
1.41300000000000e+01	6.90512457682976e-02
1.41400000000000e+01	6.85931541355658e-02
1.41500000000000e+01	6.81366714735090e-02
1.41600000000000e+01	6.76812284499796e-02
1.41700000000000e+01	6.72267649425194e-02
1.41800000000000e+01	6.67730444589504e-02
1.41900000000000e+01	6.63207531142134e-02
1.42000000000000e+01	6.58696659749869e-02
1.42100000000000e+01	6.54197484394706e-02
1.42200000000000e+01	6.49721359883440e-02
1.42300000000000e+01	6.45265745772454e-02
1.42400000000000e+01	6.40833055288458e-02
1.42500000000000e+01	6.36432663829451e-02
1.42600000000000e+01	6.32062527878561e-02
1.42700000000000e+01	6.27726980940092e-02
1.42800000000000e+01	6.23430627548527e-02
1.42900000000000e+01	6.19165734920959e-02
1.43000000000000e+01	6.14939614934923e-02
1.43100000000000e+01	6.10748487789768e-02
1.43200000000000e+01	6.06591484012617e-02
1.43300000000000e+01	6.02466935824049e-02
1.43400000000000e+01	5.98372490585968e-02
1.43500000000000e+01	5.94310318139791e-02
1.43600000000000e+01	5.90276009484419e-02
1.43700000000000e+01	5.86270565109314e-02
1.43800000000000e+01	5.82293287739851e-02
1.43900000000000e+01	5.78343665672684e-02
1.44000000000000e+01	5.74427981731350e-02
1.44100000000000e+01	5.70535950817148e-02
1.44200000000000e+01	5.66677827835242e-02
1.44300000000000e+01	5.62847071298235e-02
1.44400000000000e+01	5.59048197156500e-02
1.44500000000000e+01	5.55277744748916e-02
1.44600000000000e+01	5.51534897997494e-02
1.44700000000000e+01	5.47820150067233e-02
1.44800000000000e+01	5.44131508667235e-02
1.44900000000000e+01	5.40470077699633e-02
1.45000000000000e+01	5.36830769514873e-02
1.45100000000000e+01	5.33218127191839e-02
1.45200000000000e+01	5.29625887486361e-02
1.45300000000000e+01	5.26054981929367e-02
1.45400000000000e+01	5.22508578844773e-02
1.45500000000000e+01	5.18978904774975e-02
1.45600000000000e+01	5.15468825649676e-02
1.45700000000000e+01	5.11980600779571e-02
1.45800000000000e+01	5.08506367284422e-02
1.45900000000000e+01	5.05054351557642e-02
1.46000000000000e+01	5.01616779615471e-02
1.46100000000000e+01	4.98197829473080e-02
1.46200000000000e+01	4.94798291676703e-02
1.46300000000000e+01	4.91414777608080e-02
1.46400000000000e+01	4.88053081557937e-02
1.46500000000000e+01	4.84710868873961e-02
1.46600000000000e+01	4.81384807737498e-02
1.46700000000000e+01	4.78084177077092e-02
1.46800000000000e+01	4.74802477777338e-02
1.46900000000000e+01	4.71544568804844e-02
1.47000000000000e+01	4.68309899764522e-02
1.47100000000000e+01	4.65094633178379e-02
1.47200000000000e+01	4.61903900666503e-02
1.47300000000000e+01	4.58731854230966e-02
1.47400000000000e+01	4.55581964107970e-02
1.47500000000000e+01	4.52452791676300e-02
1.47600000000000e+01	4.49341566332443e-02
1.47700000000000e+01	4.46248742060151e-02
1.47800000000000e+01	4.43170435921485e-02
1.47900000000000e+01	4.40108995760753e-02
1.48000000000000e+01	4.37060505213487e-02
1.48100000000000e+01	4.34025556167049e-02
1.48200000000000e+01	4.31005853087750e-02
1.48300000000000e+01	4.27996623807728e-02
1.48400000000000e+01	4.25000574667833e-02
1.48500000000000e+01	4.22018619680250e-02
1.48600000000000e+01	4.19048356499296e-02
1.48700000000000e+01	4.16094297671239e-02
1.48800000000000e+01	4.13153181146903e-02
1.48900000000000e+01	4.10227044341354e-02
1.49000000000000e+01	4.07316877194202e-02
1.49100000000000e+01	4.04424816219615e-02
1.49200000000000e+01	4.01549218560136e-02
1.49300000000000e+01	3.98694414343337e-02
1.49400000000000e+01	3.95857122970539e-02
1.49500000000000e+01	3.93039793131146e-02
1.49600000000000e+01	3.90243492668523e-02
1.49700000000000e+01	3.87468284806199e-02
1.49800000000000e+01	3.84714492040034e-02
1.49900000000000e+01	3.81982401854566e-02
1.50000000000000e+01	3.79270897124590e-02
1.50100000000000e+01	3.76581208375101e-02
1.50200000000000e+01	3.73911951479345e-02
1.50300000000000e+01	3.71261572673659e-02
1.50400000000000e+01	3.68630089871479e-02
1.50500000000000e+01	3.66017577765692e-02
1.50600000000000e+01	3.63422192366176e-02
1.50700000000000e+01	3.60840702812488e-02
1.50800000000000e+01	3.58275037408208e-02
1.50900000000000e+01	3.55726083350640e-02
1.51000000000000e+01	3.53187687491674e-02
1.51100000000000e+01	3.50664136378911e-02
1.51200000000000e+01	3.48153279200392e-02
1.51300000000000e+01	3.45653650845090e-02
1.51400000000000e+01	3.43168772174728e-02
1.51500000000000e+01	3.40693964834798e-02
1.51600000000000e+01	3.38234450952773e-02
1.51700000000000e+01	3.35786621304878e-02
1.51800000000000e+01	3.33354339491237e-02
1.51900000000000e+01	3.30934990897452e-02
1.52000000000000e+01	3.28531411822446e-02
1.52100000000000e+01	3.26141458565862e-02
1.52200000000000e+01	3.23767049316589e-02
1.52300000000000e+01	3.21405387904404e-02
1.52400000000000e+01	3.19055146508629e-02
1.52500000000000e+01	3.16717051127543e-02
1.52600000000000e+01	3.14387924185809e-02
1.52700000000000e+01	3.12067599594354e-02
1.52800000000000e+01	3.09754684895170e-02
1.52900000000000e+01	3.07445255488561e-02
1.53000000000000e+01	3.05138436461085e-02
1.53100000000000e+01	3.02833663015596e-02
1.53200000000000e+01	3.00531490223059e-02
1.53300000000000e+01	2.98231523117881e-02
1.53400000000000e+01	2.95931761007915e-02
1.53500000000000e+01	2.93633956770766e-02
1.53600000000000e+01	2.91342987582201e-02
1.53700000000000e+01	2.89057186713921e-02
1.53800000000000e+01	2.86779564398219e-02
1.53900000000000e+01	2.84516138895638e-02
1.54000000000000e+01	2.82267506042061e-02
1.54100000000000e+01	2.80039362742188e-02
1.54200000000000e+01	2.77833836907104e-02
1.54300000000000e+01	2.75658328366430e-02
1.54400000000000e+01	2.73514104705976e-02
1.54500000000000e+01	2.71406844773096e-02
1.54600000000000e+01	2.69339828201856e-02
1.54700000000000e+01	2.67316728127380e-02
1.54800000000000e+01	2.65340914733408e-02
1.54900000000000e+01	2.63412926786204e-02
1.55000000000000e+01	2.61534279239014e-02
1.55100000000000e+01	2.59705610974272e-02
1.55200000000000e+01	2.57925347537465e-02
1.55300000000000e+01	2.56191069219556e-02
1.55400000000000e+01	2.54498249964065e-02
1.55500000000000e+01	2.52843803001466e-02
1.55600000000000e+01	2.51220507562618e-02
1.55700000000000e+01	2.49625235184856e-02
1.55800000000000e+01	2.48051388417485e-02
1.55900000000000e+01	2.46494575473530e-02
1.56000000000000e+01	2.44948359728540e-02
1.56100000000000e+01	2.43408732429027e-02
1.56200000000000e+01	2.41872775132846e-02
1.56300000000000e+01	2.40337276943274e-02
1.56400000000000e+01	2.38799656657707e-02
1.56500000000000e+01	2.37256941515400e-02
1.56600000000000e+01	2.35710136180761e-02
1.56700000000000e+01	2.34158478984239e-02
1.56800000000000e+01	2.32602767989946e-02
1.56900000000000e+01	2.31041907841193e-02
1.57000000000000e+01	2.29477420406387e-02
1.57100000000000e+01	2.27911795661863e-02
1.57200000000000e+01	2.26346149196327e-02
1.57300000000000e+01	2.24782141246045e-02
1.57400000000000e+01	2.23221670611255e-02
1.57500000000000e+01	2.21667571210876e-02
1.57600000000000e+01	2.20121693521016e-02
1.57700000000000e+01	2.18587217222938e-02
1.57800000000000e+01	2.17065606045219e-02
1.57900000000000e+01	2.15559917788977e-02
1.58000000000000e+01	2.14071892212286e-02
1.58100000000000e+01	2.12601786985957e-02
1.58200000000000e+01	2.11152525793174e-02
1.58300000000000e+01	2.09725512172222e-02
1.58400000000000e+01	2.08319379110767e-02
1.58500000000000e+01	2.06935323029596e-02
1.58600000000000e+01	2.05572631943399e-02
1.58700000000000e+01	2.04230413907592e-02
1.58800000000000e+01	2.02906669824035e-02
1.58900000000000e+01	2.01600301994589e-02
1.59000000000000e+01	2.00309557989983e-02
1.59100000000000e+01	1.99031843510269e-02
1.59200000000000e+01	1.97764689468455e-02
1.59300000000000e+01	1.96507371922886e-02
1.59400000000000e+01	1.95258130123085e-02
1.59500000000000e+01	1.94013336263932e-02
1.59600000000000e+01	1.92773312581089e-02
1.59700000000000e+01	1.91538264192613e-02
1.59800000000000e+01	1.90305924226252e-02
1.59900000000000e+01	1.89075758809376e-02
1.60000000000000e+01	1.87849735941860e-02
1.60100000000000e+01	1.86626912763106e-02
1.60200000000000e+01	1.85407604992678e-02
1.60300000000000e+01	1.84191554515849e-02
1.60400000000000e+01	1.82980559620885e-02
1.60500000000000e+01	1.81774788240166e-02
1.60600000000000e+01	1.80574100051674e-02
1.60700000000000e+01	1.79378593116879e-02
1.60800000000000e+01	1.78189044861402e-02
1.60900000000000e+01	1.77006710911193e-02
1.61000000000000e+01	1.75830888343758e-02
1.61100000000000e+01	1.74661931920545e-02
1.61200000000000e+01	1.73500998967722e-02
1.61300000000000e+01	1.72346606372663e-02
1.61400000000000e+01	1.71200915075322e-02
1.61500000000000e+01	1.70062893398265e-02
1.61600000000000e+01	1.68933083626076e-02
1.61700000000000e+01	1.67812479465280e-02
1.61800000000000e+01	1.66700128423800e-02
1.61900000000000e+01	1.65597914413875e-02
1.62000000000000e+01	1.64504156917125e-02
1.62100000000000e+01	1.63421641314494e-02
1.62200000000000e+01	1.62347944454154e-02
1.62300000000000e+01	1.61283258912453e-02
1.62400000000000e+01	1.60228908179524e-02
1.62500000000000e+01	1.59182941037271e-02
1.62600000000000e+01	1.58144161662971e-02
1.62700000000000e+01	1.57113567239533e-02
1.62800000000000e+01	1.56088849582037e-02
1.62900000000000e+01	1.55069870078404e-02
1.63000000000000e+01	1.54055463382566e-02
1.63100000000000e+01	1.53044051978352e-02
1.63200000000000e+01	1.52035058342480e-02
1.63300000000000e+01	1.51027289753834e-02
1.63400000000000e+01	1.50020236251183e-02
1.63500000000000e+01	1.49013612288214e-02
1.63600000000000e+01	1.48005804320696e-02
1.63700000000000e+01	1.46997760338320e-02
1.63800000000000e+01	1.45988550032670e-02
1.63900000000000e+01	1.44978217263113e-02
1.64000000000000e+01	1.43967930485112e-02
1.64100000000000e+01	1.42957908386036e-02
1.64200000000000e+01	1.41948962190521e-02
1.64300000000000e+01	1.40943132034980e-02
1.64400000000000e+01	1.39941065619474e-02
1.64500000000000e+01	1.38944245491103e-02
1.64600000000000e+01	1.37954777730646e-02
1.64700000000000e+01	1.36974341930180e-02
1.64800000000000e+01	1.36003830382792e-02
1.64900000000000e+01	1.35045172405981e-02
1.65000000000000e+01	1.34099643956188e-02
1.65100000000000e+01	1.33167038491562e-02
1.65200000000000e+01	1.32248033296363e-02
1.65300000000000e+01	1.31343999463264e-02
1.65400000000000e+01	1.30453684984677e-02
1.65500000000000e+01	1.29578031480145e-02
1.65600000000000e+01	1.28715577283851e-02
1.65700000000000e+01	1.27865854753435e-02
1.65800000000000e+01	1.27029239231420e-02
1.65900000000000e+01	1.26203832212746e-02
1.66000000000000e+01	1.25390414948608e-02
1.66100000000000e+01	1.24586297483220e-02
1.66200000000000e+01	1.23792033037998e-02
1.66300000000000e+01	1.23006928360665e-02
1.66400000000000e+01	1.22229668528211e-02
1.66500000000000e+01	1.21460434859308e-02
1.66600000000000e+01	1.20697750460668e-02
1.66700000000000e+01	1.19941902379797e-02
1.66800000000000e+01	1.19191560112895e-02
1.66900000000000e+01	1.18446686462723e-02
1.67000000000000e+01	1.17706485719658e-02
1.67100000000000e+01	1.16969823626023e-02
1.67200000000000e+01	1.16237566961383e-02
1.67300000000000e+01	1.15508068950405e-02
1.67400000000000e+01	1.14781160635556e-02
1.67500000000000e+01	1.14056587340560e-02
1.67600000000000e+01	1.13334328793101e-02
1.67700000000000e+01	1.12612995286947e-02
1.67800000000000e+01	1.11893205443830e-02
1.67900000000000e+01	1.11175633663796e-02
1.68000000000000e+01	1.10459363623263e-02
1.68100000000000e+01	1.09744821097097e-02
1.68200000000000e+01	1.09032629048069e-02
1.68300000000000e+01	1.08322694753758e-02
1.68400000000000e+01	1.07615429661142e-02
1.68500000000000e+01	1.06911465091094e-02
1.68600000000000e+01	1.06211503696281e-02
1.68700000000000e+01	1.05515366423780e-02
1.68800000000000e+01	1.04823590827834e-02
1.68900000000000e+01	1.04136040216240e-02
1.69000000000000e+01	1.03453479607507e-02
1.69100000000000e+01	1.02775918364120e-02
1.69200000000000e+01	1.02103244216631e-02
1.69300000000000e+01	1.01435572679815e-02
1.69400000000000e+01	1.00773306410526e-02
1.69500000000000e+01	1.00116240433453e-02
1.69600000000000e+01	9.94654837968958e-03
1.69700000000000e+01	9.88204705355690e-03
1.69800000000000e+01	9.81818711790011e-03
1.69900000000000e+01	9.75498922341088e-03
1.70000000000000e+01	9.69251283751604e-03
1.70100000000000e+01	9.63076731379086e-03
1.70200000000000e+01	9.56975042745978e-03
1.70300000000000e+01	9.50945624788644e-03
1.70400000000000e+01	9.44990867638353e-03
1.70500000000000e+01	9.39106702722414e-03
1.70600000000000e+01	9.33287530395493e-03
1.70700000000000e+01	9.27530419174945e-03
1.70800000000000e+01	9.21831579575173e-03
1.70900000000000e+01	9.16182613742879e-03
1.71000000000000e+01	9.10579845859150e-03
1.71100000000000e+01	9.05021046025224e-03
1.71200000000000e+01	8.99493006818307e-03
1.71300000000000e+01	8.93996751838253e-03
1.71400000000000e+01	8.88532589344147e-03
1.71500000000000e+01	8.83093727052159e-03
1.71600000000000e+01	8.77676698931496e-03
1.71700000000000e+01	8.72288209623340e-03
1.71800000000000e+01	8.66919343389900e-03
1.71900000000000e+01	8.61576156219385e-03
1.72000000000000e+01	8.56257600864162e-03
1.72100000000000e+01	8.50963641810830e-03
1.72200000000000e+01	8.45693950850272e-03
1.72300000000000e+01	8.40447898915126e-03
1.72400000000000e+01	8.35229027999735e-03
1.72500000000000e+01	8.30033762742103e-03
1.72600000000000e+01	8.24862773767062e-03
1.72700000000000e+01	8.19713654997776e-03
1.72800000000000e+01	8.14589301304931e-03
1.72900000000000e+01	8.09486332252856e-03
1.73000000000000e+01	8.04404050551258e-03
1.73100000000000e+01	7.99346241737778e-03
1.73200000000000e+01	7.94309611250931e-03
1.73300000000000e+01	7.89295116045493e-03
1.73400000000000e+01	7.84299955960973e-03
1.73500000000000e+01	7.79330100265717e-03
1.73600000000000e+01	7.74380309870653e-03
1.73700000000000e+01	7.69451034895042e-03
1.73800000000000e+01	7.64546292009603e-03
1.73900000000000e+01	7.59663323253253e-03
1.74000000000000e+01	7.54808184015064e-03
1.74100000000000e+01	7.49973450704924e-03
1.74200000000000e+01	7.45164982203573e-03
1.74300000000000e+01	7.40379756905661e-03
1.74400000000000e+01	7.35623165659794e-03
1.74500000000000e+01	7.30887431886448e-03
1.74600000000000e+01	7.26176832203031e-03
1.74700000000000e+01	7.21491859946002e-03
1.74800000000000e+01	7.16831991304060e-03
1.74900000000000e+01	7.12191658063558e-03
1.75000000000000e+01	7.07574052253229e-03
1.75100000000000e+01	7.02980183367940e-03
1.75200000000000e+01	6.98407708798137e-03
1.75300000000000e+01	6.93853735880872e-03
1.75400000000000e+01	6.89318675709835e-03
1.75500000000000e+01	6.84808691015703e-03
1.75600000000000e+01	6.80317997953212e-03
1.75700000000000e+01	6.75853302371367e-03
1.75800000000000e+01	6.71414383944792e-03
1.75900000000000e+01	6.67002510999348e-03
1.76000000000000e+01	6.62620204812901e-03
1.76100000000000e+01	6.58270374317554e-03
1.76200000000000e+01	6.53950350465899e-03
1.76300000000000e+01	6.49670981960301e-03
1.76400000000000e+01	6.45421702626859e-03
1.76500000000000e+01	6.41213383553099e-03
1.76600000000000e+01	6.37038299444476e-03
1.76700000000000e+01	6.32902441212863e-03
1.76800000000000e+01	6.28800429302747e-03
1.76900000000000e+01	6.24732771094741e-03
1.77000000000000e+01	6.20696975550240e-03
1.77100000000000e+01	6.16694783396526e-03
1.77200000000000e+01	6.12719885971410e-03
1.77300000000000e+01	6.08773891683027e-03
1.77400000000000e+01	6.04856946453267e-03
1.77500000000000e+01	6.00961570146320e-03
1.77600000000000e+01	5.97090208362989e-03
1.77700000000000e+01	5.93241470796332e-03
1.77800000000000e+01	5.89416582010766e-03
1.77900000000000e+01	5.85615215376481e-03
1.78000000000000e+01	5.81828471361270e-03
1.78100000000000e+01	5.78067876692793e-03
1.78200000000000e+01	5.74327093534846e-03
1.78300000000000e+01	5.70607206495582e-03
1.78400000000000e+01	5.66907812106802e-03
1.78500000000000e+01	5.63234814124812e-03
1.78600000000000e+01	5.59580622532889e-03
1.78700000000000e+01	5.55949239845546e-03
1.78800000000000e+01	5.52340610406036e-03
1.78900000000000e+01	5.48756248457571e-03
1.79000000000000e+01	5.45193683393742e-03
1.79100000000000e+01	5.41653493167930e-03
1.79200000000000e+01	5.38133141453661e-03
1.79300000000000e+01	5.34639252794262e-03
1.79400000000000e+01	5.31161631491122e-03
1.79500000000000e+01	5.27710468142800e-03
1.79600000000000e+01	5.24280354319382e-03
1.79700000000000e+01	5.20877567440856e-03
1.79800000000000e+01	5.17498786661145e-03
1.79900000000000e+01	5.14152433641272e-03
1.80000000000000e+01	5.10839627579730e-03
1.80100000000000e+01	5.07563842003719e-03
1.80200000000000e+01	5.04326547354942e-03
1.80300000000000e+01	5.01133797046202e-03
1.80400000000000e+01	4.97986097105915e-03
1.80500000000000e+01	4.94882133069921e-03
1.80600000000000e+01	4.91822623366556e-03
1.80700000000000e+01	4.88807109680696e-03
1.80800000000000e+01	4.85832743040311e-03
1.80900000000000e+01	4.82896910465178e-03
1.81000000000000e+01	4.79994932163409e-03
1.81100000000000e+01	4.77121623067124e-03
1.81200000000000e+01	4.74274645081942e-03
1.81300000000000e+01	4.71448745856187e-03
1.81400000000000e+01	4.68636836671420e-03
1.81500000000000e+01	4.65840045907745e-03
1.81600000000000e+01	4.63053578543445e-03
1.81700000000000e+01	4.60277450846529e-03
1.81800000000000e+01	4.57505023873304e-03
1.81900000000000e+01	4.54740883836185e-03
1.82000000000000e+01	4.51982814796975e-03
1.82100000000000e+01	4.49227865365425e-03
1.82200000000000e+01	4.46482679438491e-03
1.82300000000000e+01	4.43742695053399e-03
1.82400000000000e+01	4.41008142782381e-03
1.82500000000000e+01	4.38284384672216e-03
1.82600000000000e+01	4.35569013847969e-03
1.82700000000000e+01	4.32865769072136e-03
1.82800000000000e+01	4.30172962214842e-03
1.82900000000000e+01	4.27496606906117e-03
1.83000000000000e+01	4.24836863067699e-03
1.83100000000000e+01	4.22193689044699e-03
1.83200000000000e+01	4.19572362827123e-03
1.83300000000000e+01	4.16970725243616e-03
1.83400000000000e+01	4.14393132175547e-03
1.83500000000000e+01	4.11841256834374e-03
1.83600000000000e+01	4.09316315514356e-03
1.83700000000000e+01	4.06817754232367e-03
1.83800000000000e+01	4.04350464603303e-03
1.83900000000000e+01	4.01911072744825e-03
1.84000000000000e+01	3.99501659757501e-03
1.84100000000000e+01	3.97120318248543e-03
1.84200000000000e+01	3.94770014614202e-03
1.84300000000000e+01	3.92445983855223e-03
1.84400000000000e+01	3.90148099843055e-03
1.84500000000000e+01	3.87874612717670e-03
1.84600000000000e+01	3.85620910733599e-03
1.84700000000000e+01	3.83386416600194e-03
1.84800000000000e+01	3.81170102292733e-03
1.84900000000000e+01	3.78965362456723e-03
1.85000000000000e+01	3.76769781053359e-03
1.85100000000000e+01	3.74584495297334e-03
1.85200000000000e+01	3.72403764632302e-03
1.85300000000000e+01	3.70227947142848e-03
1.85400000000000e+01	3.68055619109331e-03
1.85500000000000e+01	3.65885938982786e-03
1.85600000000000e+01	3.63718360495088e-03
1.85700000000000e+01	3.61551397503402e-03
1.85800000000000e+01	3.59386922997214e-03
1.85900000000000e+01	3.57225287699369e-03
1.86000000000000e+01	3.55067503749601e-03
1.86100000000000e+01	3.52914450467059e-03
1.86200000000000e+01	3.50767268402887e-03
1.86300000000000e+01	3.48625271187786e-03
1.86400000000000e+01	3.46491324587556e-03
1.86500000000000e+01	3.44366434954270e-03
1.86600000000000e+01	3.42251607448296e-03
1.86700000000000e+01	3.40147473129171e-03
1.86800000000000e+01	3.38052990696408e-03
1.86900000000000e+01	3.35971703650787e-03
1.87000000000000e+01	3.33900895894074e-03
1.87100000000000e+01	3.31842028739683e-03
1.87200000000000e+01	3.29794967783988e-03
1.87300000000000e+01	3.27759644155095e-03
1.87400000000000e+01	3.25735688331465e-03
1.87500000000000e+01	3.23721332329318e-03
1.87600000000000e+01	3.21717693062572e-03
1.87700000000000e+01	3.19726107311963e-03
1.87800000000000e+01	3.17743098179512e-03
1.87900000000000e+01	3.15769847418450e-03
1.88000000000000e+01	3.13804724889282e-03
1.88100000000000e+01	3.11850469975413e-03
1.88200000000000e+01	3.09905235422266e-03
1.88300000000000e+01	3.07967442786961e-03
1.88400000000000e+01	3.06038355036072e-03
1.88500000000000e+01	3.04119540989544e-03
1.88600000000000e+01	3.02207880299222e-03
1.88700000000000e+01	3.00303366830264e-03
1.88800000000000e+01	2.98409244452236e-03
1.88900000000000e+01	2.96524306142068e-03
1.89000000000000e+01	2.94648840685545e-03
1.89100000000000e+01	2.92781912984464e-03
1.89200000000000e+01	2.90925771445435e-03
1.89300000000000e+01	2.89082537493445e-03
1.89400000000000e+01	2.87250281155880e-03
1.89500000000000e+01	2.85431334550513e-03
1.89600000000000e+01	2.83626651543173e-03
1.89700000000000e+01	2.81835523752219e-03
1.89800000000000e+01	2.80061566745913e-03
1.89900000000000e+01	2.78303941773685e-03
1.90000000000000e+01	2.76561251348702e-03
1.90100000000000e+01	2.74834868601417e-03
1.90200000000000e+01	2.73125591489080e-03
1.90300000000000e+01	2.71429787317111e-03
1.90400000000000e+01	2.69747890221760e-03
1.90500000000000e+01	2.68078575655844e-03
1.90600000000000e+01	2.66420805663494e-03
1.90700000000000e+01	2.64773677261387e-03
1.90800000000000e+01	2.63136987174887e-03
1.90900000000000e+01	2.61509498065163e-03
1.91000000000000e+01	2.59894853754288e-03
1.91100000000000e+01	2.58292293606588e-03
1.91200000000000e+01	2.56706683900618e-03
1.91300000000000e+01	2.55138495882164e-03
1.91400000000000e+01	2.53592014296778e-03
1.91500000000000e+01	2.52071392150243e-03
1.91600000000000e+01	2.50576742197852e-03
1.91700000000000e+01	2.49110841096399e-03
1.91800000000000e+01	2.47674231022455e-03
1.91900000000000e+01	2.46266625359197e-03
1.92000000000000e+01	2.44884980701674e-03
1.92100000000000e+01	2.43528905774528e-03
1.92200000000000e+01	2.42193872920813e-03
1.92300000000000e+01	2.40875709544045e-03
1.92400000000000e+01	2.39569245651958e-03
1.92500000000000e+01	2.38272676433455e-03
1.92600000000000e+01	2.36980256100828e-03
1.92700000000000e+01	2.35691308872579e-03
1.92800000000000e+01	2.34401353325122e-03
1.92900000000000e+01	2.33109991471575e-03
1.93000000000000e+01	2.31816539922001e-03
1.93100000000000e+01	2.30521867300154e-03
1.93200000000000e+01	2.29223977584367e-03
1.93300000000000e+01	2.27924610043797e-03
1.93400000000000e+01	2.26624465016979e-03
1.93500000000000e+01	2.25324374614983e-03
1.93600000000000e+01	2.24025040576767e-03
1.93700000000000e+01	2.22727209404675e-03
1.93800000000000e+01	2.21431675615275e-03
1.93900000000000e+01	2.20138919402623e-03
1.94000000000000e+01	2.18848274375884e-03
1.94100000000000e+01	2.17562553482495e-03
1.94200000000000e+01	2.16280861468794e-03
1.94300000000000e+01	2.15002537882315e-03
1.94400000000000e+01	2.13729952332993e-03
1.94500000000000e+01	2.12462360178813e-03
1.94600000000000e+01	2.11198857203831e-03
1.94700000000000e+01	2.09941910935797e-03
1.94800000000000e+01	2.08689456454287e-03
1.94900000000000e+01	2.07443770851067e-03
1.95000000000000e+01	2.06203026492680e-03
1.95100000000000e+01	2.04969407272753e-03
1.95200000000000e+01	2.03741093918548e-03
1.95300000000000e+01	2.02520216154725e-03
1.95400000000000e+01	2.01304928985579e-03
1.95500000000000e+01	2.00096555626631e-03
1.95600000000000e+01	1.98896480528320e-03
1.95700000000000e+01	1.97702696866582e-03
1.95800000000000e+01	1.96516846929479e-03
1.95900000000000e+01	1.95339854557424e-03
1.96000000000000e+01	1.94170102567078e-03
1.96100000000000e+01	1.93008859251660e-03
1.96200000000000e+01	1.91856134542253e-03
1.96300000000000e+01	1.90713056407741e-03
1.96400000000000e+01	1.89577459131219e-03
1.96500000000000e+01	1.88450404332136e-03
1.96600000000000e+01	1.87331607569742e-03
1.96700000000000e+01	1.86221877128929e-03
1.96800000000000e+01	1.85119028120181e-03
1.96900000000000e+01	1.84023743201383e-03
1.97000000000000e+01	1.82924691681979e-03
1.97100000000000e+01	1.81831859464209e-03
1.97200000000000e+01	1.80733214261520e-03
1.97300000000000e+01	1.79619625962078e-03
1.97400000000000e+01	1.78473325489934e-03
1.97500000000000e+01	1.77262688882951e-03
1.97600000000000e+01	1.75939189466771e-03
1.97700000000000e+01	1.74423191542090e-03
1.97800000000000e+01	1.72593747251893e-03
1.97900000000000e+01	1.70269793792198e-03
1.98000000000000e+01	1.67197644048424e-03
1.98100000000000e+01	1.63028519056990e-03
1.98200000000000e+01	1.57318578254482e-03
1.98300000000000e+01	1.49537078304614e-03
1.98400000000000e+01	1.39113268074762e-03
1.98500000000000e+01	1.25531050389258e-03
1.98600000000000e+01	1.08485244990712e-03
1.98700000000000e+01	8.80990116889555e-04
1.98800000000000e+01	6.51948410714643e-04
1.98900000000000e+01	4.15505775230220e-04
1.99000000000000e+01	2.00656631560830e-04
1.99100000000000e+01	4.71982441475490e-05
1.99200000000000e+01	2.04350332010329e-06
1.99300000000000e+01	1.11655944694794e-04
1.99400000000000e+01	4.10989308692978e-04
1.99500000000000e+01	9.10889196660278e-04
1.99600000000000e+01	1.58745587400680e-03
1.99700000000000e+01	2.37776381998836e-03
1.99800000000000e+01	3.18557015253712e-03
1.99900000000000e+01	3.89790536336595e-03
2.00000000000000e+01	4.40928646814211e-03
