1.00000000000000e-02	3.11729187830607e+18
2.00000000000000e-02	1.94847659226449e+17
3.00000000000000e-02	3.84937825822046e+16
4.00000000000000e-02	1.21821982915009e+16
5.00000000000000e-02	4.99112737104133e+15
6.00000000000000e-02	2.40773880750274e+15
7.00000000000000e-02	1.30013291487467e+15
8.00000000000000e-02	7.62444252475451e+14
9.00000000000000e-02	4.76227236453766e+14
1.00000000000000e-01	3.12620731537041e+14
1.10000000000000e-01	2.13656306827290e+14
1.20000000000000e-01	1.50956748383167e+14
1.30000000000000e-01	1.09677316099490e+14
1.40000000000000e-01	8.16058308919888e+13
1.50000000000000e-01	6.19771010197963e+13
1.60000000000000e-01	4.79189815668059e+13
1.70000000000000e-01	3.76368687652835e+13
1.80000000000000e-01	2.99751046498513e+13
1.90000000000000e-01	2.41716050964520e+13
2.00000000000000e-01	1.97104511050335e+13
2.10000000000000e-01	1.62353775502628e+13
2.20000000000000e-01	1.34957663113578e+13
2.30000000000000e-01	1.13123530867019e+13
2.40000000000000e-01	9.55474515204587e+12
2.50000000000000e-01	8.12706006914664e+12
2.60000000000000e-01	6.95760473288602e+12
2.70000000000000e-01	5.99207604069646e+12
2.80000000000000e-01	5.18937363763001e+12
2.90000000000000e-01	4.51738042678355e+12
3.00000000000000e-01	3.95148704016231e+12
3.10000000000000e-01	3.47213172213714e+12
3.20000000000000e-01	3.06380387327042e+12
3.30000000000000e-01	2.71430112642921e+12
3.40000000000000e-01	2.41362766025076e+12
3.50000000000000e-01	2.15390726132125e+12
3.60000000000000e-01	1.92850829982226e+12
3.70000000000000e-01	1.73215469781086e+12
3.80000000000000e-01	1.56047441042980e+12
3.90000000000000e-01	1.40979413325831e+12
4.00000000000000e-01	1.27712010485190e+12
4.10000000000000e-01	1.15989302765406e+12
4.20000000000000e-01	1.05600698825835e+12
4.30000000000000e-01	9.63689222164288e+11
4.40000000000000e-01	8.81410078772296e+11
4.50000000000000e-01	8.07882864001312e+11
4.60000000000000e-01	7.42003355594248e+11
4.70000000000000e-01	6.82836850513550e+11
4.80000000000000e-01	6.29583606681865e+11
4.90000000000000e-01	5.81523853061750e+11
5.00000000000000e-01	5.38077749151956e+11
5.10000000000000e-01	4.98701712420247e+11
5.20000000000000e-01	4.62973106986216e+11
5.30000000000000e-01	4.30466473945214e+11
5.40000000000000e-01	4.00845764983686e+11
5.50000000000000e-01	3.73805963901450e+11
5.60000000000000e-01	3.49076668408834e+11
5.70000000000000e-01	3.26426539304904e+11
5.80000000000000e-01	3.05657510296357e+11
5.90000000000000e-01	2.86569604732305e+11
6.00000000000000e-01	2.69004138451129e+11
6.10000000000000e-01	2.52818336646174e+11
6.20000000000000e-01	2.37886596555016e+11
6.30000000000000e-01	2.24087884022239e+11
6.40000000000000e-01	2.11325946433720e+11
6.50000000000000e-01	1.99502635950628e+11
6.60000000000000e-01	1.88536079721500e+11
6.70000000000000e-01	1.78351207364054e+11
6.80000000000000e-01	1.68886826591635e+11
6.90000000000000e-01	1.60078677676865e+11
7.00000000000000e-01	1.51874539062056e+11
7.10000000000000e-01	1.44222403360124e+11
7.20000000000000e-01	1.37077164704409e+11
7.30000000000000e-01	1.30403661416508e+11
7.40000000000000e-01	1.24159411777127e+11
7.50000000000000e-01	1.18316223590315e+11
7.60000000000000e-01	1.12839329169050e+11
7.70000000000000e-01	1.07703372585240e+11
7.80000000000000e-01	1.02883674597896e+11
7.90000000000000e-01	9.83556824009810e+10
8.00000000000000e-01	9.40989314713122e+10
8.10000000000000e-01	9.00932689540146e+10
8.20000000000000e-01	8.63233938954073e+10
8.30000000000000e-01	8.27701711276231e+10
8.40000000000000e-01	7.94221109488464e+10
8.50000000000000e-01	7.62615377324112e+10
8.60000000000000e-01	7.32781931125728e+10
8.70000000000000e-01	7.04603475716403e+10
8.80000000000000e-01	6.77951922814130e+10
8.90000000000000e-01	6.52767345877116e+10
9.00000000000000e-01	6.28925844790742e+10
9.10000000000000e-01	6.06344486014694e+10
9.20000000000000e-01	5.84961120775020e+10
9.30000000000000e-01	5.64695832229116e+10
9.40000000000000e-01	5.45485077889837e+10
9.50000000000000e-01	5.27256589532704e+10
9.60000000000000e-01	5.09958020294156e+10
9.70000000000000e-01	4.93544789757970e+10
9.80000000000000e-01	4.77957774232966e+10
9.90000000000000e-01	4.63146007681189e+10
1.00000000000000e+00	4.49087214879902e+10
1.01000000000000e+00	4.35719490434497e+10
1.02000000000000e+00	4.23013681750562e+10
1.03000000000000e+00	4.10946401921274e+10
1.04000000000000e+00	3.99473527303554e+10
1.05000000000000e+00	3.88569675822238e+10
1.06000000000000e+00	3.78199047026298e+10
1.07000000000000e+00	3.68351085116252e+10
1.08000000000000e+00	3.58980468371521e+10
1.09000000000000e+00	3.50064624349631e+10
1.10000000000000e+00	3.41585370362085e+10
1.11000000000000e+00	3.33510955504155e+10
1.12000000000000e+00	3.25806347252788e+10
1.13000000000000e+00	3.18456568665418e+10
1.14000000000000e+00	3.11428694462382e+10
1.15000000000000e+00	3.04696689706113e+10
1.16000000000000e+00	2.98230114065542e+10
1.17000000000000e+00	2.92011994471568e+10
1.18000000000000e+00	2.86011333733871e+10
1.19000000000000e+00	2.80218070640844e+10
1.20000000000000e+00	2.74611969661492e+10
1.21000000000000e+00	2.69185071822138e+10
1.22000000000000e+00	2.63930247838347e+10
1.23000000000000e+00	2.58862739805010e+10
1.24000000000000e+00	2.53978854427753e+10
1.25000000000000e+00	2.49311433714811e+10
1.26000000000000e+00	2.44876678672946e+10
1.27000000000000e+00	2.40730222643358e+10
1.28000000000000e+00	2.36903684239495e+10
1.29000000000000e+00	2.33471444944585e+10
1.30000000000000e+00	2.30486521600345e+10
1.31000000000000e+00	2.28026645112168e+10
1.32000000000000e+00	2.26165125731410e+10
1.33000000000000e+00	2.24969718306947e+10
1.34000000000000e+00	2.24504340745675e+10
1.35000000000000e+00	2.24825385515742e+10
1.36000000000000e+00	2.25968021157688e+10
1.37000000000000e+00	2.27957522530640e+10
1.38000000000000e+00	2.30789291119021e+10
1.39000000000000e+00	2.34442993988384e+10
1.40000000000000e+00	2.38885117179209e+10
1.41000000000000e+00	2.44052688434771e+10
1.42000000000000e+00	2.49878195179954e+10
1.43000000000000e+00	2.56286317167012e+10
1.44000000000000e+00	2.63199702878641e+10
1.45000000000000e+00	2.70530332551663e+10
1.46000000000000e+00	2.78206865932569e+10
1.47000000000000e+00	2.86138433238927e+10
1.48000000000000e+00	2.94256112581692e+10
1.49000000000000e+00	3.02471314525663e+10
1.50000000000000e+00	3.10693832617286e+10
1.51000000000000e+00	3.18815159317194e+10
1.52000000000000e+00	3.26705025140607e+10
1.53000000000000e+00	3.34214472613074e+10
1.54000000000000e+00	3.41154070288935e+10
1.55000000000000e+00	3.47304154067823e+10
1.56000000000000e+00	3.52436054468554e+10
1.57000000000000e+00	3.56290932991845e+10
1.58000000000000e+00	3.58597975443455e+10
1.59000000000000e+00	3.59095578728679e+10
1.60000000000000e+00	3.57538585800767e+10
1.61000000000000e+00	3.53718658703735e+10
1.62000000000000e+00	3.47467700402004e+10
1.63000000000000e+00	3.38685510353122e+10
1.64000000000000e+00	3.27358235872897e+10
1.65000000000000e+00	3.13601464283675e+10
1.66000000000000e+00	2.97643534031419e+10
1.67000000000000e+00	2.79873735752866e+10
1.68000000000000e+00	2.60778714157043e+10
1.69000000000000e+00	2.40935474600082e+10
1.70000000000000e+00	2.20935530518761e+10
1.71000000000000e+00	2.01370562583333e+10
1.72000000000000e+00	1.82777546456749e+10
1.73000000000000e+00	1.65641570254059e+10
1.74000000000000e+00	1.50360627904450e+10
1.75000000000000e+00	1.37195250229579e+10
1.76000000000000e+00	1.26259455093139e+10
1.77000000000000e+00	1.17507166356382e+10
1.78000000000000e+00	1.10759643334046e+10
1.79000000000000e+00	1.05721028208676e+10
1.80000000000000e+00	1.02009946797889e+10
1.81000000000000e+00	9.91997794183080e+09
1.82000000000000e+00	9.68691124896527e+09
1.83000000000000e+00	9.46559965632763e+09
1.84000000000000e+00	9.23025270165121e+09
1.85000000000000e+00	8.96819646661401e+09
1.86000000000000e+00	8.67705859991399e+09
1.87000000000000e+00	8.36369145782173e+09
1.88000000000000e+00	8.04033602557593e+09
1.89000000000000e+00	7.72299778614060e+09
1.90000000000000e+00	7.42963923281486e+09
1.91000000000000e+00	7.17762567940046e+09
1.92000000000000e+00	6.98255177998040e+09
1.93000000000000e+00	6.85584453493805e+09
1.94000000000000e+00	6.80377077784028e+09
1.95000000000000e+00	6.82682343822679e+09
1.96000000000000e+00	6.91964050422700e+09
1.97000000000000e+00	7.07169165490143e+09
1.98000000000000e+00	7.26823073396422e+09
1.99000000000000e+00	7.49200929894030e+09
2.00000000000000e+00	7.72458741642396e+09
2.01000000000000e+00	7.94786445467366e+09
2.02000000000000e+00	8.14573343571886e+09
2.03000000000000e+00	8.30485940474154e+09
2.04000000000000e+00	8.41515005602358e+09
2.05000000000000e+00	8.47047504415381e+09
2.06000000000000e+00	8.46781293652065e+09
2.07000000000000e+00	8.40646246310903e+09
2.08000000000000e+00	8.28740690989380e+09
2.09000000000000e+00	8.11173650160187e+09
2.10000000000000e+00	7.88050372701967e+09
2.11000000000000e+00	7.59518820039067e+09
2.12000000000000e+00	7.25830040223366e+09
2.13000000000000e+00	6.87543240473966e+09
2.14000000000000e+00	6.45610884898142e+09
2.15000000000000e+00	6.01295733771125e+09
2.16000000000000e+00	5.56058064607909e+09
2.17000000000000e+00	5.11212749979550e+09
2.18000000000000e+00	4.67796189220736e+09
2.19000000000000e+00	4.26398138104215e+09
2.20000000000000e+00	3.87265198124365e+09
2.21000000000000e+00	3.50394994366200e+09
2.22000000000000e+00	3.15709983038430e+09
2.23000000000000e+00	2.83225067645940e+09
2.24000000000000e+00	2.53081533349046e+09
2.25000000000000e+00	2.25577246252237e+09
2.26000000000000e+00	2.01039078996170e+09
2.27000000000000e+00	1.79715380055084e+09
2.28000000000000e+00	1.61702002745612e+09
2.29000000000000e+00	1.46917422574090e+09
2.30000000000000e+00	1.35127856772446e+09
2.31000000000000e+00	1.25999756584151e+09
2.32000000000000e+00	1.19147385380331e+09
2.33000000000000e+00	1.14172032806679e+09
2.34000000000000e+00	1.10678834992549e+09
2.35000000000000e+00	1.08312210583587e+09
2.36000000000000e+00	1.06749246083924e+09
2.37000000000000e+00	1.05711439045220e+09
2.38000000000000e+00	1.04964724778551e+09
2.39000000000000e+00	1.04300216211754e+09
2.40000000000000e+00	1.03540761695608e+09
2.41000000000000e+00	1.02542499740041e+09
2.42000000000000e+00	1.01212918825213e+09
2.43000000000000e+00	9.95219770678651e+08
2.44000000000000e+00	9.75008043985389e+08
2.45000000000000e+00	9.52400881029401e+08
2.46000000000000e+00	9.28639987005579e+08
2.47000000000000e+00	9.05312003064553e+08
2.48000000000000e+00	8.84057710431363e+08
2.49000000000000e+00	8.66601902162497e+08
2.50000000000000e+00	8.54537906216362e+08
2.51000000000000e+00	8.49292790420001e+08
2.52000000000000e+00	8.51908821821922e+08
2.53000000000000e+00	8.62976448763326e+08
2.54000000000000e+00	8.82479312518686e+08
2.55000000000000e+00	9.09759012314930e+08
2.56000000000000e+00	9.43491102434934e+08
2.57000000000000e+00	9.81699575335426e+08
2.58000000000000e+00	1.02182263592788e+09
2.59000000000000e+00	1.06086650465159e+09
2.60000000000000e+00	1.09539356600360e+09
2.61000000000000e+00	1.12183413336139e+09
2.62000000000000e+00	1.13666396939938e+09
2.63000000000000e+00	1.13693995617566e+09
2.64000000000000e+00	1.12112988262070e+09
2.65000000000000e+00	1.08976099232924e+09
2.66000000000000e+00	1.04568976192241e+09
2.67000000000000e+00	9.93324372244989e+08
2.68000000000000e+00	9.37437284312929e+08
2.69000000000000e+00	8.81877526720893e+08
2.70000000000000e+00	8.29011880915609e+08
2.71000000000000e+00	7.79720196855833e+08
2.72000000000000e+00	7.33744377813997e+08
2.73000000000000e+00	6.90292824016867e+08
2.74000000000000e+00	6.48413379590625e+08
2.75000000000000e+00	6.07356307261374e+08
2.76000000000000e+00	5.66719834524679e+08
2.77000000000000e+00	5.26460551432530e+08
2.78000000000000e+00	4.86795044298404e+08
2.79000000000000e+00	4.48085420089735e+08
2.80000000000000e+00	4.10716041474958e+08
2.81000000000000e+00	3.75035833540112e+08
2.82000000000000e+00	3.41330685552521e+08
2.83000000000000e+00	3.09816647567035e+08
2.84000000000000e+00	2.80638898163847e+08
2.85000000000000e+00	2.53882535744256e+08
2.86000000000000e+00	2.29568167215441e+08
2.87000000000000e+00	2.07672499254404e+08
2.88000000000000e+00	1.88121502584245e+08
2.89000000000000e+00	1.70796262460486e+08
2.90000000000000e+00	1.55536159241457e+08
2.91000000000000e+00	1.42154221068853e+08
2.92000000000000e+00	1.30440107917988e+08
2.93000000000000e+00	1.20180393858071e+08
2.94000000000000e+00	1.11165067489840e+08
2.95000000000000e+00	1.03207247907856e+08
2.96000000000000e+00	9.61481490594572e+07
2.97000000000000e+00	8.98609140706390e+07
2.98000000000000e+00	8.42599952374001e+07
2.99000000000000e+00	7.92784799567877e+07
3.00000000000000e+00	7.48783905435309e+07
3.01000000000000e+00	7.10307305231672e+07
3.02000000000000e+00	6.77163250484356e+07
3.03000000000000e+00	6.49196986403643e+07
3.04000000000000e+00	6.26289298188252e+07
3.05000000000000e+00	6.08340922472882e+07
3.06000000000000e+00	5.95185369319996e+07
3.07000000000000e+00	5.86604724042329e+07
3.08000000000000e+00	5.82233736351577e+07
3.09000000000000e+00	5.81535636045688e+07
3.10000000000000e+00	5.83809858423234e+07
3.11000000000000e+00	5.88232814904969e+07
3.12000000000000e+00	5.93868495966307e+07
3.13000000000000e+00	5.99732268253621e+07
3.14000000000000e+00	6.04850482790048e+07
3.15000000000000e+00	6.08251770958797e+07
3.16000000000000e+00	6.09173279077564e+07
3.17000000000000e+00	6.07037154105628e+07
3.18000000000000e+00	6.01592810791248e+07
3.19000000000000e+00	5.92987145685806e+07
3.20000000000000e+00	5.81686248108311e+07
3.21000000000000e+00	5.68422406731198e+07
3.22000000000000e+00	5.54008483611991e+07
3.23000000000000e+00	5.39235527330526e+07
3.24000000000000e+00	5.24784744031193e+07
3.25000000000000e+00	5.11162462150795e+07
3.26000000000000e+00	4.98729970646283e+07
3.27000000000000e+00	4.87702842591404e+07
3.28000000000000e+00	4.78215469126377e+07
3.29000000000000e+00	4.70291507960870e+07
3.30000000000000e+00	4.63888896653443e+07
3.31000000000000e+00	4.58903588518679e+07
3.32000000000000e+00	4.55219902093675e+07
3.33000000000000e+00	4.52673906213039e+07
3.34000000000000e+00	4.51105964665141e+07
3.35000000000000e+00	4.50330596858887e+07
3.36000000000000e+00	4.50158843638136e+07
3.37000000000000e+00	4.50394373437934e+07
3.38000000000000e+00	4.50845965676777e+07
3.39000000000000e+00	4.51363403569987e+07
3.40000000000000e+00	4.51848016106753e+07
3.41000000000000e+00	4.52249602933631e+07
3.42000000000000e+00	4.52548041444912e+07
3.43000000000000e+00	4.52743289694259e+07
3.44000000000000e+00	4.52835737673547e+07
3.45000000000000e+00	4.52797292483086e+07
3.46000000000000e+00	4.52582713075302e+07
3.47000000000000e+00	4.52136329221326e+07
3.48000000000000e+00	4.51403982208204e+07
3.49000000000000e+00	4.50359048329204e+07
3.50000000000000e+00	4.49018008651097e+07
3.51000000000000e+00	4.47436467942316e+07
3.52000000000000e+00	4.45722163767792e+07
3.53000000000000e+00	4.44017018991969e+07
3.54000000000000e+00	4.42471105879395e+07
3.55000000000000e+00	4.41226729240300e+07
3.56000000000000e+00	4.40386354901304e+07
3.57000000000000e+00	4.40032871361259e+07
3.58000000000000e+00	4.40216166438671e+07
3.59000000000000e+00	4.40976496865446e+07
3.60000000000000e+00	4.42377476296687e+07
3.61000000000000e+00	4.44496176533768e+07
3.62000000000000e+00	4.47427654055353e+07
3.63000000000000e+00	4.51306042480003e+07
3.64000000000000e+00	4.56264346585852e+07
3.65000000000000e+00	4.62440791684945e+07
3.66000000000000e+00	4.69970438392094e+07
3.67000000000000e+00	4.78953632239645e+07
3.68000000000000e+00	4.89471195951615e+07
3.69000000000000e+00	5.01538114147801e+07
3.70000000000000e+00	5.15117557612457e+07
3.71000000000000e+00	5.30081358233341e+07
3.72000000000000e+00	5.46253472199162e+07
3.73000000000000e+00	5.63408474772520e+07
3.74000000000000e+00	5.81308960364214e+07
3.75000000000000e+00	5.99772548161390e+07
3.76000000000000e+00	6.18706008013097e+07
3.77000000000000e+00	6.38099382814548e+07
3.78000000000000e+00	6.58088164144448e+07
3.79000000000000e+00	6.78901671172969e+07
3.80000000000000e+00	7.00861020931689e+07
3.81000000000000e+00	7.24396131939126e+07
3.82000000000000e+00	7.50019740516044e+07
3.83000000000000e+00	7.78361337185832e+07
3.84000000000000e+00	8.10136726020876e+07
3.85000000000000e+00	8.46181517838056e+07
3.86000000000000e+00	8.87423946943284e+07
3.87000000000000e+00	9.34823860423380e+07
3.88000000000000e+00	9.89328855002034e+07
3.89000000000000e+00	1.05181155566499e+08
3.90000000000000e+00	1.12296493315692e+08
3.91000000000000e+00	1.20312860502538e+08
3.92000000000000e+00	1.29222141769372e+08
3.93000000000000e+00	1.38955530587886e+08
3.94000000000000e+00	1.49373130259625e+08
3.95000000000000e+00	1.60255416616516e+08
3.96000000000000e+00	1.71296019936727e+08
3.97000000000000e+00	1.82107079533041e+08
3.98000000000000e+00	1.92224182965992e+08
3.99000000000000e+00	2.01122500507665e+08
4.00000000000000e+00	2.08241216312306e+08
4.01000000000000e+00	2.13016607328295e+08
4.02000000000000e+00	2.14921583143127e+08
4.03000000000000e+00	2.13520357261346e+08
4.04000000000000e+00	2.08538088917105e+08
4.05000000000000e+00	1.99932284853032e+08
4.06000000000000e+00	1.87926747453801e+08
4.07000000000000e+00	1.73028128546573e+08
4.08000000000000e+00	1.55975788532605e+08
4.09000000000000e+00	1.37652882723279e+08
4.10000000000000e+00	1.18972825870608e+08
4.11000000000000e+00	1.00766268172389e+08
4.12000000000000e+00	8.37042152912973e+07
4.13000000000000e+00	6.82513833729103e+07
4.14000000000000e+00	5.46726007253129e+07
4.15000000000000e+00	4.30542431044023e+07
4.16000000000000e+00	3.33509840879183e+07
4.17000000000000e+00	2.54247776680785e+07
4.18000000000000e+00	1.90845556528590e+07
4.19000000000000e+00	1.41155942207271e+07
4.20000000000000e+00	1.02994119080261e+07
4.21000000000000e+00	7.42809775104896e+06
4.22000000000000e+00	5.31390510326048e+06
4.23000000000000e+00	3.79381374248141e+06
4.24000000000000e+00	2.73170636751731e+06
4.25000000000000e+00	2.01769313004722e+06
4.26000000000000e+00	1.56544540909173e+06
4.27000000000000e+00	1.30841190414564e+06
4.28000000000000e+00	1.19548841683761e+06
4.29000000000000e+00	1.18684719899005e+06
4.30000000000000e+00	1.25048112968839e+06
4.31000000000000e+00	1.35960083869110e+06
4.32000000000000e+00	1.49097609250742e+06
4.33000000000000e+00	1.62413119719848e+06
4.34000000000000e+00	1.74123449888820e+06
4.35000000000000e+00	1.82748594182187e+06
4.36000000000000e+00	1.87175272032186e+06
4.37000000000000e+00	1.86731085151501e+06
4.38000000000000e+00	1.81237994188918e+06
4.39000000000000e+00	1.70990821713507e+06
4.40000000000000e+00	1.56710668871786e+06
4.41000000000000e+00	1.39431783599824e+06
4.42000000000000e+00	1.20356884415467e+06
4.43000000000000e+00	1.00708282519400e+06
4.44000000000000e+00	8.15921032523799e+05
4.45000000000000e+00	6.39042788334426e+05
4.46000000000000e+00	4.82786380606280e+05
4.47000000000000e+00	3.50807450374377e+05
4.48000000000000e+00	2.44384411241801e+05
4.49000000000000e+00	1.62904951704696e+05
4.50000000000000e+00	1.04436047796590e+05
4.51000000000000e+00	6.62487962788754e+04
4.52000000000000e+00	4.52429008179335e+04
4.53000000000000e+00	3.82657341621682e+04
4.54000000000000e+00	4.23328234693333e+04
4.55000000000000e+00	5.47705358592800e+04
4.56000000000000e+00	7.32982834908987e+04
4.57000000000000e+00	9.60565595164275e+04
4.58000000000000e+00	1.21594805703211e+05
4.59000000000000e+00	1.48823189654003e+05
4.60000000000000e+00	1.76943891853040e+05
4.61000000000000e+00	2.05377791973493e+05
4.62000000000000e+00	2.33679774766202e+05
4.63000000000000e+00	2.61482845000769e+05
4.64000000000000e+00	2.88452905885493e+05
4.65000000000000e+00	3.14276907711658e+05
4.66000000000000e+00	3.38676034820139e+05
4.67000000000000e+00	3.61455743277750e+05
4.68000000000000e+00	3.82560637724504e+05
4.69000000000000e+00	4.02135953430297e+05
4.70000000000000e+00	4.20596292393287e+05
4.71000000000000e+00	4.38663295986777e+05
4.72000000000000e+00	4.57412849952371e+05
4.73000000000000e+00	4.78302153570648e+05
4.74000000000000e+00	5.03277551882460e+05
4.75000000000000e+00	5.34831533822938e+05
4.76000000000000e+00	5.76220908986944e+05
4.77000000000000e+00	6.31701415768923e+05
4.78000000000000e+00	7.06864202090963e+05
4.79000000000000e+00	8.09011344749125e+05
4.80000000000000e+00	9.47490707573042e+05
4.81000000000000e+00	1.13395998336666e+06
4.82000000000000e+00	1.38236012023980e+06
4.83000000000000e+00	1.70863133526229e+06
4.84000000000000e+00	2.13002666895925e+06
4.85000000000000e+00	2.66408858186293e+06
4.86000000000000e+00	3.32749232462743e+06
4.87000000000000e+00	4.13461512205273e+06
4.88000000000000e+00	5.09612785876465e+06
4.89000000000000e+00	6.21746577710176e+06
4.90000000000000e+00	7.49737412595832e+06
4.91000000000000e+00	8.92561042150368e+06
4.92000000000000e+00	1.04811778001886e+07
4.93000000000000e+00	1.21301447504350e+07
4.94000000000000e+00	1.38242357259608e+07
4.95000000000000e+00	1.55015615668226e+07
4.96000000000000e+00	1.70883170256574e+07
4.97000000000000e+00	1.85052109119420e+07
4.98000000000000e+00	1.96747717874437e+07
4.99000000000000e+00	2.05291810265458e+07
5.00000000000000e+00	2.10207214594527e+07
5.01000000000000e+00	2.11264603203877e+07
5.02000000000000e+00	2.08522935233955e+07
5.03000000000000e+00	2.02308402049634e+07
5.04000000000000e+00	1.93162739282760e+07
5.05000000000000e+00	1.81768099743740e+07
5.06000000000000e+00	1.68856760808159e+07
5.07000000000000e+00	1.55134393382659e+07
5.08000000000000e+00	1.41223661825797e+07
5.09000000000000e+00	1.27627019151860e+07
5.10000000000000e+00	1.14718324770904e+07
5.11000000000000e+00	1.02748845052640e+07
5.12000000000000e+00	9.18607896634508e+06
5.13000000000000e+00	8.21096783258838e+06
5.14000000000000e+00	7.34822493840988e+06
5.15000000000000e+00	6.59127728524492e+06
5.16000000000000e+00	5.93003427887087e+06
5.17000000000000e+00	5.35231925130012e+06
5.18000000000000e+00	4.84495642087812e+06
5.19000000000000e+00	4.39476696767529e+06
5.20000000000000e+00	3.98944724748076e+06
5.21000000000000e+00	3.61790393925553e+06
5.22000000000000e+00	3.27090333231555e+06
5.23000000000000e+00	2.94130689698038e+06
5.24000000000000e+00	2.62406804751763e+06
5.25000000000000e+00	2.31630562108405e+06
5.26000000000000e+00	2.01725120989171e+06
5.27000000000000e+00	1.72792269559093e+06
5.28000000000000e+00	1.45093583718225e+06
5.29000000000000e+00	1.18991418619000e+06
5.30000000000000e+00	9.49146530882317e+05
5.31000000000000e+00	7.32989385917729e+05
5.32000000000000e+00	5.45512387174685e+05
5.33000000000000e+00	3.90185990384505e+05
5.34000000000000e+00	2.69669010111494e+05
5.35000000000000e+00	1.85854483083914e+05
5.36000000000000e+00	1.39890507422532e+05
5.37000000000000e+00	1.32270036291366e+05
5.38000000000000e+00	1.62911363390308e+05
5.39000000000000e+00	2.31182125962395e+05
5.40000000000000e+00	3.35866970300152e+05
5.41000000000000e+00	4.75077290175557e+05
5.42000000000000e+00	6.46167558502291e+05
5.43000000000000e+00	8.45658172833579e+05
5.44000000000000e+00	1.06916588797713e+06
5.45000000000000e+00	1.31151006426030e+06
5.46000000000000e+00	1.56685087956136e+06
5.47000000000000e+00	1.82890348545743e+06
5.48000000000000e+00	2.09126152506733e+06
5.49000000000000e+00	2.34774905813671e+06
5.50000000000000e+00	2.59262520358016e+06
5.51000000000000e+00	2.82100233925206e+06
5.52000000000000e+00	3.02892843586458e+06
5.53000000000000e+00	3.21353210731952e+06
5.54000000000000e+00	3.37300723523729e+06
5.55000000000000e+00	3.50646493394810e+06
5.56000000000000e+00	3.61383224352437e+06
5.57000000000000e+00	3.69567331335720e+06
5.58000000000000e+00	3.75300326184445e+06
5.59000000000000e+00	3.78732964069831e+06
5.60000000000000e+00	3.80039660659635e+06
5.61000000000000e+00	3.79446973934613e+06
5.62000000000000e+00	3.77191069885703e+06
5.63000000000000e+00	3.73559850015619e+06
5.64000000000000e+00	3.68849955522181e+06
5.65000000000000e+00	3.63396628544403e+06
5.66000000000000e+00	3.57549161414432e+06
5.67000000000000e+00	3.51684284124805e+06
5.68000000000000e+00	3.46185841795881e+06
5.69000000000000e+00	3.41445988850588e+06
5.70000000000000e+00	3.37866775875560e+06
5.71000000000000e+00	3.35841093542639e+06
5.72000000000000e+00	3.35748238810628e+06
5.73000000000000e+00	3.37955777779897e+06
5.74000000000000e+00	3.42777393597087e+06
5.75000000000000e+00	3.50496666016543e+06
5.76000000000000e+00	3.61348696414051e+06
5.77000000000000e+00	3.75514969711332e+06
5.78000000000000e+00	3.93131616979691e+06
5.79000000000000e+00	4.14272687751343e+06
5.80000000000000e+00	4.38973675753094e+06
5.81000000000000e+00	4.67189909945714e+06
5.82000000000000e+00	4.98794013670937e+06
5.83000000000000e+00	5.33553364123154e+06
5.84000000000000e+00	5.71072690473925e+06
5.85000000000000e+00	6.10788295712280e+06
5.86000000000000e+00	6.51892058678060e+06
5.87000000000000e+00	6.93314488654714e+06
5.88000000000000e+00	7.33690875654778e+06
5.89000000000000e+00	7.71314921353393e+06
5.90000000000000e+00	8.04246248395057e+06
5.91000000000000e+00	8.30303320503922e+06
5.92000000000000e+00	8.47278058972381e+06
5.93000000000000e+00	8.53113408754802e+06
5.94000000000000e+00	8.46226884808148e+06
5.95000000000000e+00	8.25738315760059e+06
5.96000000000000e+00	7.91727231728055e+06
5.97000000000000e+00	7.45320947940905e+06
5.98000000000000e+00	6.88610971501258e+06
5.99000000000000e+00	6.24409678107435e+06
6.00000000000000e+00	5.55898899665495e+06
6.01000000000000e+00	4.86233222438498e+06
6.02000000000000e+00	4.18214703396791e+06
6.03000000000000e+00	3.54039296287299e+06
6.04000000000000e+00	2.95222957016396e+06
6.05000000000000e+00	2.42621082788186e+06
6.06000000000000e+00	1.96544370167658e+06
6.07000000000000e+00	1.56903624448943e+06
6.08000000000000e+00	1.23353544178342e+06
6.09000000000000e+00	9.54171898760985e+05
6.10000000000000e+00	7.25679119551032e+05
6.11000000000000e+00	5.42813302628958e+05
6.12000000000000e+00	4.00734068129713e+05
6.13000000000000e+00	2.95122325014911e+05
6.14000000000000e+00	2.22311456920889e+05
6.15000000000000e+00	1.79337876205875e+05
6.16000000000000e+00	1.63959496017664e+05
6.17000000000000e+00	1.74694272936305e+05
6.18000000000000e+00	2.10857842870360e+05
6.19000000000000e+00	2.72614047536715e+05
6.20000000000000e+00	3.61081991051966e+05
6.21000000000000e+00	4.78421756096083e+05
6.22000000000000e+00	6.28027897298017e+05
6.23000000000000e+00	8.14555921328518e+05
6.24000000000000e+00	1.04406152443115e+06
6.25000000000000e+00	1.32395435854235e+06
6.26000000000000e+00	1.66282355484336e+06
6.27000000000000e+00	2.07028952116468e+06
6.28000000000000e+00	2.55630979287123e+06
6.29000000000000e+00	3.13073585217409e+06
6.30000000000000e+00	3.80197112639834e+06
6.31000000000000e+00	4.57565065483501e+06
6.32000000000000e+00	5.45262217623501e+06
6.33000000000000e+00	6.42679615750309e+06
6.34000000000000e+00	7.48260083188765e+06
6.35000000000000e+00	8.59386254319660e+06
6.36000000000000e+00	9.72303923347524e+06
6.37000000000000e+00	1.08225118490937e+07
6.38000000000000e+00	1.18387174905099e+07
6.39000000000000e+00	1.27171403926512e+07
6.40000000000000e+00	1.34089544104286e+07
6.41000000000000e+00	1.38773562271920e+07
6.42000000000000e+00	1.41019580740249e+07
6.43000000000000e+00	1.40810075310868e+07
6.44000000000000e+00	1.38300727430431e+07
6.45000000000000e+00	1.33784280260407e+07
6.46000000000000e+00	1.27641089928694e+07
6.47000000000000e+00	1.20287200464551e+07
6.48000000000000e+00	1.12126254952309e+07
6.49000000000000e+00	1.03521731361791e+07
6.50000000000000e+00	9.47793608996897e+06
6.51000000000000e+00	8.61439314353301e+06
6.52000000000000e+00	7.78024894648962e+06
6.53000000000000e+00	6.98917843107329e+06
6.54000000000000e+00	6.25067386493779e+06
6.55000000000000e+00	5.57088407975729e+06
6.56000000000000e+00	4.95311760799807e+06
6.57000000000000e+00	4.39846470597342e+06
6.58000000000000e+00	3.90613119431395e+06
6.59000000000000e+00	3.47378263582824e+06
6.60000000000000e+00	3.09799108662361e+06
6.61000000000000e+00	2.77436764171563e+06
6.62000000000000e+00	2.49801679967573e+06
6.63000000000000e+00	2.26375240620652e+06
6.64000000000000e+00	2.06637009257654e+06
6.65000000000000e+00	1.90080693270548e+06
6.66000000000000e+00	1.76232917398749e+06
6.67000000000000e+00	1.64653581066694e+06
6.68000000000000e+00	1.54941237081275e+06
6.69000000000000e+00	1.46736358452490e+06
6.70000000000000e+00	1.39717701286818e+06
6.71000000000000e+00	1.33603571822989e+06
6.72000000000000e+00	1.28147191784580e+06
6.73000000000000e+00	1.23146198302122e+06
6.74000000000000e+00	1.18436820127407e+06
6.75000000000000e+00	1.13891980191965e+06
6.76000000000000e+00	1.09427013409338e+06
6.77000000000000e+00	1.04996223103478e+06
6.78000000000000e+00	1.00594973804566e+06
6.79000000000000e+00	9.62523944482144e+05
6.80000000000000e+00	9.20347503313529e+05
6.81000000000000e+00	8.80356856364625e+05
6.82000000000000e+00	8.43736947747112e+05
6.83000000000000e+00	8.11840768554848e+05
6.84000000000000e+00	7.86070083134478e+05
6.85000000000000e+00	7.67796695834105e+05
6.86000000000000e+00	7.58264750377101e+05
6.87000000000000e+00	7.58499898634984e+05
6.88000000000000e+00	7.69232297464310e+05
6.89000000000000e+00	7.90808395923004e+05
6.90000000000000e+00	8.23164747501099e+05
6.91000000000000e+00	8.65816802330480e+05
6.92000000000000e+00	9.17820947941910e+05
6.93000000000000e+00	9.77857173862496e+05
6.94000000000000e+00	1.04418543773666e+06
6.95000000000000e+00	1.11472337547823e+06
6.96000000000000e+00	1.18716229273580e+06
6.97000000000000e+00	1.25893972617192e+06
6.98000000000000e+00	1.32745065480347e+06
6.99000000000000e+00	1.39005190856627e+06
7.00000000000000e+00	1.44427274513769e+06
7.01000000000000e+00	1.48783968098592e+06
7.02000000000000e+00	1.51887409592881e+06
7.03000000000000e+00	1.53594012986373e+06
7.04000000000000e+00	1.53806309123634e+06
7.05000000000000e+00	1.52482887509604e+06
7.06000000000000e+00	1.49633723545438e+06
7.07000000000000e+00	1.45321736071107e+06
7.08000000000000e+00	1.39657900858777e+06
7.09000000000000e+00	1.32795966073106e+06
7.10000000000000e+00	1.24927779071354e+06
7.11000000000000e+00	1.16275189976583e+06
7.12000000000000e+00	1.07070994349118e+06
7.13000000000000e+00	9.75568709443565e+05
7.14000000000000e+00	8.79644629660902e+05
7.15000000000000e+00	7.85079208696946e+05
7.16000000000000e+00	6.93743116813665e+05
7.17000000000000e+00	6.07205966024013e+05
7.18000000000000e+00	5.26703722929806e+05
7.19000000000000e+00	4.53126240200848e+05
7.20000000000000e+00	3.87055919544535e+05
7.21000000000000e+00	3.28765338507442e+05
7.22000000000000e+00	2.78284936467744e+05
7.23000000000000e+00	2.35441206652053e+05
7.24000000000000e+00	1.99910700920085e+05
7.25000000000000e+00	1.71270655162275e+05
7.26000000000000e+00	1.49035590302007e+05
7.27000000000000e+00	1.32685214362356e+05
7.28000000000000e+00	1.21671826976385e+05
7.29000000000000e+00	1.15425968413745e+05
7.30000000000000e+00	1.13345683546016e+05
7.31000000000000e+00	1.14785765103510e+05
7.32000000000000e+00	1.19058872352270e+05
7.33000000000000e+00	1.25438184768488e+05
7.34000000000000e+00	1.33175905616370e+05
7.35000000000000e+00	1.41534220124974e+05
7.36000000000000e+00	1.49827719106111e+05
7.37000000000000e+00	1.57472853731730e+05
7.38000000000000e+00	1.64034892969934e+05
7.39000000000000e+00	1.69276457540178e+05
7.40000000000000e+00	1.73191376952516e+05
7.41000000000000e+00	1.76028630442966e+05
7.42000000000000e+00	1.78288546403421e+05
7.43000000000000e+00	1.80703365989957e+05
7.44000000000000e+00	1.84177324969061e+05
7.45000000000000e+00	1.89713396016110e+05
7.46000000000000e+00	1.98310924255009e+05
7.47000000000000e+00	2.10849039903431e+05
7.48000000000000e+00	2.27980246335942e+05
7.49000000000000e+00	2.50034432378823e+05
7.50000000000000e+00	2.76960904253166e+05
7.51000000000000e+00	3.08305997294844e+05
7.52000000000000e+00	3.43244338942406e+05
7.53000000000000e+00	3.80636670510369e+05
7.54000000000000e+00	4.19133560711122e+05
7.55000000000000e+00	4.57281891490956e+05
7.56000000000000e+00	4.93629412668515e+05
7.57000000000000e+00	5.26825435330056e+05
7.58000000000000e+00	5.55696952199184e+05
7.59000000000000e+00	5.79308035172480e+05
7.60000000000000e+00	5.96982846233000e+05
7.61000000000000e+00	6.08318652285593e+05
7.62000000000000e+00	6.13209336558378e+05
7.63000000000000e+00	6.11772106053011e+05
7.64000000000000e+00	6.04378930654981e+05
7.65000000000000e+00	5.91602230747364e+05
7.66000000000000e+00	5.74195167369629e+05
7.67000000000000e+00	5.53045729817435e+05
7.68000000000000e+00	5.29113949865283e+05
7.69000000000000e+00	5.03415249066138e+05
7.70000000000000e+00	4.76942253333455e+05
7.71000000000000e+00	4.50619673262171e+05
7.72000000000000e+00	4.25256048835391e+05
7.73000000000000e+00	4.01513930696703e+05
7.74000000000000e+00	3.79901763037542e+05
7.75000000000000e+00	3.60756962287972e+05
7.76000000000000e+00	3.44278669843883e+05
7.77000000000000e+00	3.30531865785546e+05
7.78000000000000e+00	3.19486334232861e+05
7.79000000000000e+00	3.11043239798214e+05
7.80000000000000e+00	3.05062410736781e+05
7.81000000000000e+00	3.01384309129469e+05
7.82000000000000e+00	2.99838599346482e+05
7.83000000000000e+00	3.00248689421512e+05
7.84000000000000e+00	3.02432302687331e+05
7.85000000000000e+00	3.06189634537652e+05
7.86000000000000e+00	3.11298105374060e+05
7.87000000000000e+00	3.17508054456490e+05
7.88000000000000e+00	3.24539044412182e+05
7.89000000000000e+00	3.32074611329132e+05
7.90000000000000e+00	3.39782251968543e+05
7.91000000000000e+00	3.47305604474430e+05
7.92000000000000e+00	3.54291226702835e+05
7.93000000000000e+00	3.60391809975131e+05
7.94000000000000e+00	3.65287484126412e+05
7.95000000000000e+00	3.68713991502031e+05
7.96000000000000e+00	3.70465868741258e+05
7.97000000000000e+00	3.70427309041161e+05
7.98000000000000e+00	3.68574622366169e+05
7.99000000000000e+00	3.65001470744256e+05
8.00000000000000e+00	3.59893256236182e+05
8.01000000000000e+00	3.53528292248189e+05
8.02000000000000e+00	3.46242088174698e+05
8.03000000000000e+00	3.38395255773635e+05
8.04000000000000e+00	3.30328945977492e+05
8.05000000000000e+00	3.22336444132730e+05
8.06000000000000e+00	3.14622396003933e+05
8.07000000000000e+00	3.07288897175794e+05
8.08000000000000e+00	3.00328210342507e+05
8.09000000000000e+00	2.93626980513000e+05
8.10000000000000e+00	2.86995832256265e+05
8.11000000000000e+00	2.80192321991812e+05
8.12000000000000e+00	2.72960991776467e+05
8.13000000000000e+00	2.65072777521034e+05
8.14000000000000e+00	2.56351666227262e+05
8.15000000000000e+00	2.46713282314678e+05
8.16000000000000e+00	2.36170014212562e+05
8.17000000000000e+00	2.24849996850495e+05
8.18000000000000e+00	2.12984381570541e+05
8.19000000000000e+00	2.00889122007244e+05
8.20000000000000e+00	1.88933900626483e+05
8.21000000000000e+00	1.77512322045841e+05
8.22000000000000e+00	1.66992060683316e+05
8.23000000000000e+00	1.57678516978529e+05
8.24000000000000e+00	1.49782643527793e+05
8.25000000000000e+00	1.43398457660624e+05
8.26000000000000e+00	1.38493359793368e+05
8.27000000000000e+00	1.34919338320294e+05
8.28000000000000e+00	1.32429923475372e+05
8.29000000000000e+00	1.30715502124838e+05
8.30000000000000e+00	1.29439482997253e+05
8.31000000000000e+00	1.28271149508479e+05
8.32000000000000e+00	1.26923418723131e+05
8.33000000000000e+00	1.25175813972406e+05
8.34000000000000e+00	1.22890840932215e+05
8.35000000000000e+00	1.20020122262669e+05
8.36000000000000e+00	1.16601553962425e+05
8.37000000000000e+00	1.12747738759456e+05
8.38000000000000e+00	1.08627491276901e+05
8.39000000000000e+00	1.04446081689589e+05
8.40000000000000e+00	1.00420890522958e+05
8.41000000000000e+00	9.67612188121761e+04
8.42000000000000e+00	9.36480836332618e+04
8.43000000000000e+00	9.12231755665256e+04
8.44000000000000e+00	8.95782815107912e+04
8.45000000000000e+00	8.87500547740143e+04
8.46000000000000e+00	8.87268824154281e+04
8.47000000000000e+00	8.94513230028229e+04
8.48000000000000e+00	9.08303732058333e+04
8.49000000000000e+00	9.27503316368787e+04
8.50000000000000e+00	9.50876602374670e+04
8.51000000000000e+00	9.77214046577526e+04
8.52000000000000e+00	1.00539743235817e+05
8.53000000000000e+00	1.03452381459706e+05
8.54000000000000e+00	1.06390011803954e+05
8.55000000000000e+00	1.09303468566189e+05
8.56000000000000e+00	1.12164302870347e+05
8.57000000000000e+00	1.14957023608712e+05
8.58000000000000e+00	1.17674904901442e+05
8.59000000000000e+00	1.20311253683672e+05
8.60000000000000e+00	1.22859887403176e+05
8.61000000000000e+00	1.25302801509580e+05
8.62000000000000e+00	1.27615754189054e+05
8.63000000000000e+00	1.29765732653453e+05
8.64000000000000e+00	1.31717253894930e+05
8.65000000000000e+00	1.33434409686636e+05
8.66000000000000e+00	1.34886291314870e+05
8.67000000000000e+00	1.36049306862187e+05
8.68000000000000e+00	1.36914543374420e+05
8.69000000000000e+00	1.37486308328219e+05
8.70000000000000e+00	1.37782115606241e+05
8.71000000000000e+00	1.37828900412051e+05
8.72000000000000e+00	1.37664083144453e+05
8.73000000000000e+00	1.37325404357903e+05
8.74000000000000e+00	1.36856736859864e+05
8.75000000000000e+00	1.36294365858179e+05
8.76000000000000e+00	1.35676446675471e+05
8.77000000000000e+00	1.35031735034036e+05
8.78000000000000e+00	1.34389865755076e+05
8.79000000000000e+00	1.33773897869136e+05
8.80000000000000e+00	1.33207716008343e+05
8.81000000000000e+00	1.32714652754530e+05
8.82000000000000e+00	1.32316588959079e+05
8.83000000000000e+00	1.32033462702060e+05
8.84000000000000e+00	1.31883676131063e+05
8.85000000000000e+00	1.31882245317361e+05
8.86000000000000e+00	1.32035629706424e+05
8.87000000000000e+00	1.32346240762708e+05
8.88000000000000e+00	1.32805646444266e+05
8.89000000000000e+00	1.33399150276925e+05
8.90000000000000e+00	1.34102419499317e+05
8.91000000000000e+00	1.34885509977104e+05
8.92000000000000e+00	1.35707399002704e+05
8.93000000000000e+00	1.36530409489499e+05
8.94000000000000e+00	1.37306220798174e+05
8.95000000000000e+00	1.37993410053323e+05
8.96000000000000e+00	1.38546771746961e+05
8.97000000000000e+00	1.38926903853506e+05
8.98000000000000e+00	1.39098057602877e+05
8.99000000000000e+00	1.39032948528505e+05
9.00000000000000e+00	1.38713177680512e+05
9.01000000000000e+00	1.38132436096051e+05
9.02000000000000e+00	1.37293089014138e+05
9.03000000000000e+00	1.36207511618629e+05
9.04000000000000e+00	1.34898625987279e+05
9.05000000000000e+00	1.33395281928346e+05
9.06000000000000e+00	1.31735757953723e+05
9.07000000000000e+00	1.29962614053780e+05
9.08000000000000e+00	1.28127931838619e+05
9.09000000000000e+00	1.26290443647557e+05
9.10000000000000e+00	1.24516457208541e+05
9.11000000000000e+00	1.22873283729126e+05
9.12000000000000e+00	1.21430942248717e+05
9.13000000000000e+00	1.20253781320938e+05
9.14000000000000e+00	1.19398074181955e+05
9.15000000000000e+00	1.18906527077731e+05
9.16000000000000e+00	1.18803406530437e+05
9.17000000000000e+00	1.19093529776503e+05
9.18000000000000e+00	1.19759268936956e+05
9.19000000000000e+00	1.20759849853348e+05
9.20000000000000e+00	1.22035354368710e+05
9.21000000000000e+00	1.23510951689091e+05
9.22000000000000e+00	1.25101400682567e+05
9.23000000000000e+00	1.26720683163383e+05
9.24000000000000e+00	1.28284367201497e+05
9.25000000000000e+00	1.29720644226543e+05
9.26000000000000e+00	1.30973850037361e+05
9.27000000000000e+00	1.32005480083100e+05
9.28000000000000e+00	1.32800489924041e+05
9.29000000000000e+00	1.33360769318518e+05
9.30000000000000e+00	1.33705136168827e+05
9.31000000000000e+00	1.33863717483744e+05
9.32000000000000e+00	1.33873314997824e+05
9.33000000000000e+00	1.33771556397387e+05
9.34000000000000e+00	1.33592136561446e+05
9.35000000000000e+00	1.33363935948620e+05
9.36000000000000e+00	1.33107501834498e+05
9.37000000000000e+00	1.32834521367609e+05
9.38000000000000e+00	1.32549769969403e+05
9.39000000000000e+00	1.32254599576418e+05
9.40000000000000e+00	1.31945082146483e+05
9.41000000000000e+00	1.31616019327927e+05
9.42000000000000e+00	1.31262275118392e+05
9.43000000000000e+00	1.30881045842858e+05
9.44000000000000e+00	1.30469029711837e+05
9.45000000000000e+00	1.30026535592433e+05
9.46000000000000e+00	1.29556124101259e+05
9.47000000000000e+00	1.29060288226927e+05
9.48000000000000e+00	1.28545854141054e+05
9.49000000000000e+00	1.28018587223631e+05
9.50000000000000e+00	1.27487314328580e+05
9.51000000000000e+00	1.26957575266696e+05
9.52000000000000e+00	1.26434378589891e+05
9.53000000000000e+00	1.25922533293120e+05
9.54000000000000e+00	1.25421145887513e+05
9.55000000000000e+00	1.24930857965977e+05
9.56000000000000e+00	1.24451501152535e+05
9.57000000000000e+00	1.23987454362167e+05
9.58000000000000e+00	1.23545342310275e+05
9.59000000000000e+00	1.23133146617358e+05
9.60000000000000e+00	1.22757904672590e+05
9.61000000000000e+00	1.22422720408931e+05
9.62000000000000e+00	1.22126008486247e+05
9.63000000000000e+00	1.21863315423354e+05
9.64000000000000e+00	1.21624456702171e+05
9.65000000000000e+00	1.21401338167422e+05
9.66000000000000e+00	1.21186988705438e+05
9.67000000000000e+00	1.20976889537075e+05
9.68000000000000e+00	1.20768312771144e+05
9.69000000000000e+00	1.20559223980015e+05
9.70000000000000e+00	1.20347409391695e+05
9.71000000000000e+00	1.20134628988223e+05
9.72000000000000e+00	1.19918103197915e+05
9.73000000000000e+00	1.19698728565184e+05
9.74000000000000e+00	1.19475578693893e+05
9.75000000000000e+00	1.19247640956130e+05
9.76000000000000e+00	1.19016014567445e+05
9.77000000000000e+00	1.18778807728515e+05
9.78000000000000e+00	1.18535693768766e+05
9.79000000000000e+00	1.18287732234338e+05
9.80000000000000e+00	1.18032850110675e+05
9.81000000000000e+00	1.17772609166319e+05
9.82000000000000e+00	1.17507649101808e+05
9.83000000000000e+00	1.17237041161096e+05
9.84000000000000e+00	1.16961477304129e+05
9.85000000000000e+00	1.16680956080018e+05
9.86000000000000e+00	1.16394823482025e+05
9.87000000000000e+00	1.16105938839102e+05
9.88000000000000e+00	1.15818836844321e+05
9.89000000000000e+00	1.15550829386822e+05
9.90000000000000e+00	1.15340378641436e+05
9.91000000000000e+00	1.15272999967062e+05
9.92000000000000e+00	1.15511632970082e+05
9.93000000000000e+00	1.16335812909974e+05
9.94000000000000e+00	1.18159680766315e+05
9.95000000000000e+00	1.21539303150208e+05
9.96000000000000e+00	1.27127493981996e+05
9.97000000000000e+00	1.35585133822672e+05
9.98000000000000e+00	1.47392239116421e+05
9.99000000000000e+00	1.62518991088738e+05
1.00000000000000e+01	1.79976073867253e+05
1.00100000000000e+01	1.97298156764238e+05
1.00200000000000e+01	2.09909927761439e+05
1.00300000000000e+01	2.11941494573205e+05
1.00400000000000e+01	1.99671680291303e+05
1.00500000000000e+01	1.75091170858497e+05
1.00600000000000e+01	1.44811040636646e+05
1.00700000000000e+01	1.15346927424979e+05
1.00800000000000e+01	9.02318991678525e+04
1.00900000000000e+01	7.02966640810447e+04
1.01000000000000e+01	5.50060752718616e+04
1.01100000000000e+01	4.34240980402190e+04
1.01200000000000e+01	3.46544149923486e+04
1.01300000000000e+01	2.79737624266367e+04
1.01400000000000e+01	2.28363831157016e+04
1.01500000000000e+01	1.88431749784728e+04
1.01600000000000e+01	1.57044202810017e+04
1.01700000000000e+01	1.32101414882447e+04
1.01800000000000e+01	1.12068714727593e+04
1.01900000000000e+01	9.58187103686585e+03
1.02000000000000e+01	8.25146087630259e+03
1.02100000000000e+01	7.15260859709664e+03
1.02200000000000e+01	6.23772716672869e+03
1.02300000000000e+01	5.47021965604184e+03
1.02400000000000e+01	4.82185611064376e+03
1.02500000000000e+01	4.27062576819220e+03
1.02600000000000e+01	3.79913897205511e+03
1.02700000000000e+01	3.39360032725282e+03
1.02800000000000e+01	3.04299921323385e+03
1.02900000000000e+01	2.73839504290222e+03
1.03000000000000e+01	2.47257713823538e+03
1.03100000000000e+01	2.23959175165735e+03
1.03200000000000e+01	2.03458192650657e+03
1.03300000000000e+01	1.85350529888379e+03
1.03400000000000e+01	1.69300006430498e+03
1.03500000000000e+01	1.55023867553302e+03
1.03600000000000e+01	1.42285029352314e+03
1.03700000000000e+01	1.30883000896032e+03
1.03800000000000e+01	1.20648196606545e+03
1.03900000000000e+01	1.11435086823763e+03
1.04000000000000e+01	1.03119393186166e+03
1.04100000000000e+01	9.55941865758021e+02
1.04200000000000e+01	8.87694852520977e+02
1.04300000000000e+01	8.25643266945485e+02
1.04400000000000e+01	7.69114067511109e+02
1.04500000000000e+01	7.17505214742047e+02
1.04600000000000e+01	6.70299388074059e+02
1.04700000000000e+01	6.27042442694526e+02
1.04800000000000e+01	5.87331209499288e+02
1.04900000000000e+01	5.50824962251932e+02
1.05000000000000e+01	5.17202484784299e+02
1.05100000000000e+01	4.86192165193617e+02
1.05200000000000e+01	4.57552270722819e+02
1.05300000000000e+01	4.31061056136044e+02
1.05400000000000e+01	4.06528123106689e+02
1.05500000000000e+01	3.83775469162231e+02
1.05600000000000e+01	3.62649353734604e+02
1.05700000000000e+01	3.43004860306674e+02
1.05800000000000e+01	3.24718801726046e+02
1.05900000000000e+01	3.07676669132932e+02
1.06000000000000e+01	2.91773790181941e+02
1.06100000000000e+01	2.76919031044708e+02
1.06200000000000e+01	2.63026593499276e+02
1.06300000000000e+01	2.50021056313232e+02
1.06400000000000e+01	2.37833254803161e+02
1.06500000000000e+01	2.26398330911760e+02
1.06600000000000e+01	2.15660843787163e+02
1.06700000000000e+01	2.05568211462479e+02
1.06800000000000e+01	1.96071356129065e+02
1.06900000000000e+01	1.87128643979949e+02
1.07000000000000e+01	1.78698169948286e+02
1.07100000000000e+01	1.70744562228901e+02
1.07200000000000e+01	1.63237207332973e+02
1.07300000000000e+01	1.56143457606238e+02
1.07400000000000e+01	1.49435955734495e+02
1.07500000000000e+01	1.43089602779969e+02
1.07600000000000e+01	1.37082280475533e+02
1.07700000000000e+01	1.31391768768258e+02
1.07800000000000e+01	1.25999783884987e+02
1.07900000000000e+01	1.20886707059413e+02
1.08000000000000e+01	1.16036804282451e+02
1.08100000000000e+01	1.11433001196053e+02
1.08200000000000e+01	1.07061072073887e+02
1.08300000000000e+01	1.02907729336105e+02
1.08400000000000e+01	9.89596449649814e+01
1.08500000000000e+01	9.52036826245249e+01
1.08600000000000e+01	9.16293017829632e+01
1.08700000000000e+01	8.82251253712856e+01
1.08800000000000e+01	8.49807752279490e+01
1.08900000000000e+01	8.18870908506372e+01
1.09000000000000e+01	7.89354425117561e+01
1.09100000000000e+01	7.61170368820848e+01
1.09200000000000e+01	7.34241047268339e+01
1.09300000000000e+01	7.08495948089818e+01
1.09400000000000e+01	6.83865373779164e+01
1.09500000000000e+01	6.60285581750276e+01
1.09600000000000e+01	6.37702934513128e+01
1.09700000000000e+01	6.16058039846609e+01
1.09800000000000e+01	5.95301493031671e+01
1.09900000000000e+01	5.75390576874603e+01
1.10000000000000e+01	5.56280064766998e+01
1.10100000000000e+01	5.37930672525565e+01
1.10200000000000e+01	5.20312047615695e+01
1.10300000000000e+01	5.03390637008594e+01
1.10400000000000e+01	4.87139522219073e+01
1.10500000000000e+01	4.71530173039491e+01
1.10600000000000e+01	4.56543226637490e+01
1.10700000000000e+01	4.42152863718762e+01
1.10800000000000e+01	4.28339812561793e+01
1.10900000000000e+01	4.15078901157911e+01
1.11000000000000e+01	4.02352386631860e+01
1.11100000000000e+01	3.90141101796485e+01
1.11200000000000e+01	3.78413587155525e+01
1.11300000000000e+01	3.67157049477938e+01
1.11400000000000e+01	3.56348964541553e+01
1.11500000000000e+01	3.45963721173572e+01
1.11600000000000e+01	3.35979608303359e+01
1.11700000000000e+01	3.26378285381050e+01
1.11800000000000e+01	3.17139409148780e+01
1.11900000000000e+01	3.08244167099996e+01
1.12000000000000e+01	2.99669169345475e+01
1.12100000000000e+01	2.91403883528393e+01
1.12200000000000e+01	2.83429870455264e+01
1.12300000000000e+01	2.75733591952283e+01
1.12400000000000e+01	2.68298799000113e+01
1.12500000000000e+01	2.61116398018581e+01
1.12600000000000e+01	2.54173892993451e+01
1.12700000000000e+01	2.47460232666313e+01
1.12800000000000e+01	2.40966544297764e+01
1.12900000000000e+01	2.34681990179765e+01
1.13000000000000e+01	2.28601284227971e+01
1.13100000000000e+01	2.22713786697386e+01
1.13200000000000e+01	2.17011277606096e+01
1.13300000000000e+01	2.11490122634921e+01
1.13400000000000e+01	2.06139029966507e+01
1.13500000000000e+01	2.00953598016742e+01
1.13600000000000e+01	1.95927125306733e+01
1.13700000000000e+01	1.91050100580338e+01
1.13800000000000e+01	1.86321844835095e+01
1.13900000000000e+01	1.81734172238403e+01
1.14000000000000e+01	1.77280640319566e+01
1.14100000000000e+01	1.72959207128565e+01
1.14200000000000e+01	1.68762355995824e+01
1.14300000000000e+01	1.64687638559328e+01
1.14400000000000e+01	1.60731291050079e+01
1.14500000000000e+01	1.56888895661465e+01
1.14600000000000e+01	1.53156017676477e+01
1.14700000000000e+01	1.49528769293645e+01
1.14800000000000e+01	1.46004672294475e+01
1.14900000000000e+01	1.42578397810341e+01
1.15000000000000e+01	1.39249291931836e+01
1.15100000000000e+01	1.36011849940745e+01
1.15200000000000e+01	1.32864265771455e+01
1.15300000000000e+01	1.29802589103122e+01
1.15400000000000e+01	1.26824815701713e+01
1.15500000000000e+01	1.23929553600441e+01
1.15600000000000e+01	1.21113863545342e+01
1.15700000000000e+01	1.18376936175231e+01
1.15800000000000e+01	1.15716562659326e+01
1.15900000000000e+01	1.13131949838034e+01
1.16000000000000e+01	1.10621042184914e+01
1.16100000000000e+01	1.08183465728287e+01
1.16200000000000e+01	1.05816527610088e+01
1.16300000000000e+01	1.03519860156972e+01
1.16400000000000e+01	1.01289771094741e+01
1.16500000000000e+01	9.91239463081543e+00
1.16600000000000e+01	9.70209320825660e+00
1.16700000000000e+01	9.49780488539343e+00
1.16800000000000e+01	9.29904423195056e+00
1.16900000000000e+01	9.10560027220818e+00
1.17000000000000e+01	8.91723633891530e+00
1.17100000000000e+01	8.73361105829180e+00
1.17200000000000e+01	8.55443347781964e+00
1.17300000000000e+01	8.37944010781156e+00
1.17400000000000e+01	8.20844518884340e+00
1.17500000000000e+01	8.04127361474646e+00
1.17600000000000e+01	7.87783327143534e+00
1.17700000000000e+01	7.71787164513640e+00
1.17800000000000e+01	7.56154535484405e+00
1.17900000000000e+01	7.40866052026566e+00
1.18000000000000e+01	7.25919894750635e+00
1.18100000000000e+01	7.11324166418436e+00
1.18200000000000e+01	6.97079484815500e+00
1.18300000000000e+01	6.83175481105631e+00
1.18400000000000e+01	6.69614596882549e+00
1.18500000000000e+01	6.56399450628747e+00
1.18600000000000e+01	6.43515400874312e+00
1.18700000000000e+01	6.30968450943608e+00
1.18800000000000e+01	6.18736560748937e+00
1.18900000000000e+01	6.06824007696666e+00
1.19000000000000e+01	5.95214516257554e+00
1.19100000000000e+01	5.83897048008308e+00
1.19200000000000e+01	5.72860366183710e+00
1.19300000000000e+01	5.62094987121590e+00
1.19400000000000e+01	5.51585182419337e+00
1.19500000000000e+01	5.41322396510563e+00
1.19600000000000e+01	5.31299816022946e+00
1.19700000000000e+01	5.21499364604939e+00
1.19800000000000e+01	5.11913134679835e+00
1.19900000000000e+01	5.02536527880690e+00
1.20000000000000e+01	4.93351303787544e+00
1.20100000000000e+01	4.84361246985165e+00
1.20200000000000e+01	4.75552356978402e+00
1.20300000000000e+01	4.66926198524904e+00
1.20400000000000e+01	4.58476292865383e+00
1.20500000000000e+01	4.50193851324442e+00
1.20600000000000e+01	4.42088620486262e+00
1.20700000000000e+01	4.34151531328450e+00
1.20800000000000e+01	4.26381631775292e+00
1.20900000000000e+01	4.18784359227780e+00
1.21000000000000e+01	4.11357315760781e+00
1.21100000000000e+01	4.04100795274761e+00
1.21200000000000e+01	3.97012399783108e+00
1.21300000000000e+01	3.90085880308667e+00
1.21400000000000e+01	3.83328538471837e+00
1.21500000000000e+01	3.76733725015217e+00
1.21600000000000e+01	3.70293018520253e+00
1.21700000000000e+01	3.64005062326943e+00
1.21800000000000e+01	3.57861646595774e+00
1.21900000000000e+01	3.51856956357911e+00
1.22000000000000e+01	3.45987198292465e+00
1.22100000000000e+01	3.40244696835943e+00
1.22200000000000e+01	3.34621537425286e+00
1.22300000000000e+01	3.29109353545426e+00
1.22400000000000e+01	3.23706160716520e+00
1.22500000000000e+01	3.18404349260515e+00
1.22600000000000e+01	3.13197324304165e+00
1.22700000000000e+01	3.08084028451219e+00
1.22800000000000e+01	3.03054722282445e+00
1.22900000000000e+01	2.98107220716666e+00
1.23000000000000e+01	2.93238147699210e+00
1.23100000000000e+01	2.88442039299145e+00
1.23200000000000e+01	2.83716951114673e+00
1.23300000000000e+01	2.79061640727947e+00
1.23400000000000e+01	2.74471661608933e+00
1.23500000000000e+01	2.69947756015166e+00
1.23600000000000e+01	2.65488546707890e+00
1.23700000000000e+01	2.61096626902480e+00
1.23800000000000e+01	2.56766546229105e+00
1.23900000000000e+01	2.52505165803518e+00
1.24000000000000e+01	2.48307585690833e+00
1.24100000000000e+01	2.44183415927250e+00
1.24200000000000e+01	2.40128648236281e+00
1.24300000000000e+01	2.36145195647846e+00
1.24400000000000e+01	2.32234305589444e+00
1.24500000000000e+01	2.28396661480281e+00
1.24600000000000e+01	2.24629923513033e+00
1.24700000000000e+01	2.20937143560213e+00
1.24800000000000e+01	2.17314519325319e+00
1.24900000000000e+01	2.13760759145879e+00
1.25000000000000e+01	2.10278041552234e+00
1.25100000000000e+01	2.06863442876873e+00
1.25200000000000e+01	2.03515513802422e+00
1.25300000000000e+01	2.00232288910109e+00
1.25400000000000e+01	1.97018026472990e+00
1.25500000000000e+01	1.93865367840619e+00
1.25600000000000e+01	1.90779557297177e+00
1.25700000000000e+01	1.87754599026560e+00
1.25800000000000e+01	1.84792694209020e+00
1.25900000000000e+01	1.81891869343543e+00
1.26000000000000e+01	1.79050524092552e+00
1.26100000000000e+01	1.76266764853210e+00
1.26200000000000e+01	1.73540175467017e+00
1.26300000000000e+01	1.70866553641520e+00
1.26400000000000e+01	1.68244955366971e+00
1.26500000000000e+01	1.65676519805369e+00
1.26600000000000e+01	1.63157340370740e+00
1.26700000000000e+01	1.60685565925256e+00
1.26800000000000e+01	1.58261456789949e+00
1.26900000000000e+01	1.55882653920201e+00
1.27000000000000e+01	1.53551061967504e+00
1.27100000000000e+01	1.51264025102602e+00
1.27200000000000e+01	1.49022058763695e+00
1.27300000000000e+01	1.46823910521398e+00
1.27400000000000e+01	1.44670590357168e+00
1.27500000000000e+01	1.42560797593296e+00
1.27600000000000e+01	1.40493092018078e+00
1.27700000000000e+01	1.38468526139711e+00
1.27800000000000e+01	1.36484480130449e+00
1.27900000000000e+01	1.34540039316458e+00
1.28000000000000e+01	1.32634812980108e+00
1.28100000000000e+01	1.30766883028554e+00
1.28200000000000e+01	1.28935047768072e+00
1.28300000000000e+01	1.27137651678185e+00
1.28400000000000e+01	1.25374850221153e+00
1.28500000000000e+01	1.23645696370902e+00
1.28600000000000e+01	1.21947933744613e+00
1.28700000000000e+01	1.20282292218533e+00
1.28800000000000e+01	1.18645637934434e+00
1.28900000000000e+01	1.17039048434846e+00
1.29000000000000e+01	1.15461125473296e+00
1.29100000000000e+01	1.13911863371619e+00
1.29200000000000e+01	1.12390005089375e+00
1.29300000000000e+01	1.10894613409939e+00
1.29400000000000e+01	1.09424626562414e+00
1.29500000000000e+01	1.07980894577685e+00
1.29600000000000e+01	1.06560828459302e+00
1.29700000000000e+01	1.05165038761411e+00
1.29800000000000e+01	1.03792818267545e+00
1.29900000000000e+01	1.02443394865822e+00
1.30000000000000e+01	1.01114899648003e+00
1.30100000000000e+01	9.98099776013012e-01
1.30200000000000e+01	9.85258873714361e-01
1.30300000000000e+01	9.72643802456801e-01
1.30400000000000e+01	9.60226673845792e-01
1.30500000000000e+01	9.48008153487492e-01
1.30600000000000e+01	9.35993680573542e-01
1.30700000000000e+01	9.24160393939855e-01
1.30800000000000e+01	9.12505954900124e-01
1.30900000000000e+01	9.01026072036640e-01
1.31000000000000e+01	8.89696532538439e-01
1.31100000000000e+01	8.78528457441269e-01
1.31200000000000e+01	8.67496659840047e-01
1.31300000000000e+01	8.56605983581870e-01
1.31400000000000e+01	8.45844544583653e-01
1.31500000000000e+01	8.35205938534798e-01
1.31600000000000e+01	8.24697424103703e-01
1.31700000000000e+01	8.14314863582720e-01
1.31800000000000e+01	8.04051230183264e-01
1.31900000000000e+01	7.93924880999837e-01
1.32000000000000e+01	7.83928782777657e-01
1.32100000000000e+01	7.74067026600243e-01
1.32200000000000e+01	7.64335801967283e-01
1.32300000000000e+01	7.54739728228409e-01
1.32400000000000e+01	7.45280865601434e-01
1.32500000000000e+01	7.35950953775961e-01
1.32600000000000e+01	7.26736629435530e-01
1.32700000000000e+01	7.17651782594632e-01
1.32800000000000e+01	7.08684812247465e-01
1.32900000000000e+01	6.99828499430289e-01
1.33000000000000e+01	6.91088150033208e-01
1.33100000000000e+01	6.82458573622029e-01
1.33200000000000e+01	6.73944403131230e-01
1.33300000000000e+01	6.65534261521063e-01
1.33400000000000e+01	6.57243158614980e-01
1.33500000000000e+01	6.49070344955848e-01
1.33600000000000e+01	6.41008320244507e-01
1.33700000000000e+01	6.33066019666066e-01
1.33800000000000e+01	6.25249869167665e-01
1.33900000000000e+01	6.17557066619067e-01
1.34000000000000e+01	6.09979084721527e-01
1.34100000000000e+01	6.02522535210745e-01
1.34200000000000e+01	5.95183206249068e-01
1.34300000000000e+01	5.87958761030269e-01
1.34400000000000e+01	5.80850382063774e-01
1.34500000000000e+01	5.73854875714851e-01
1.34600000000000e+01	5.66960345718050e-01
1.34700000000000e+01	5.60169277422016e-01
1.34800000000000e+01	5.53483296782203e-01
1.34900000000000e+01	5.46886572647450e-01
1.35000000000000e+01	5.40387182007077e-01
1.35100000000000e+01	5.33974347928395e-01
1.35200000000000e+01	5.27645931286819e-01
1.35300000000000e+01	5.21401162886689e-01
1.35400000000000e+01	5.15238759733665e-01
1.35500000000000e+01	5.09144771326958e-01
1.35600000000000e+01	5.03127513260314e-01
1.35700000000000e+01	4.97178408864160e-01
1.35800000000000e+01	4.91296237006209e-01
1.35900000000000e+01	4.85474722218623e-01
1.36000000000000e+01	4.79720539073132e-01
1.36100000000000e+01	4.74022479919504e-01
1.36200000000000e+01	4.68385795868735e-01
1.36300000000000e+01	4.62802570078205e-01
1.36400000000000e+01	4.57285767922046e-01
1.36500000000000e+01	4.51826823952916e-01
1.36600000000000e+01	4.46423310228012e-01
1.36700000000000e+01	4.41082927470828e-01
1.36800000000000e+01	4.35809302631335e-01
1.36900000000000e+01	4.30598551285957e-01
1.37000000000000e+01	4.25458764489022e-01
1.37100000000000e+01	4.20383480413827e-01
1.37200000000000e+01	4.15384211905656e-01
1.37300000000000e+01	4.10461087157323e-01
1.37400000000000e+01	4.05609881821825e-01
1.37500000000000e+01	4.00841590464904e-01
1.37600000000000e+01	3.96153852536010e-01
1.37700000000000e+01	3.91547001180610e-01
1.37800000000000e+01	3.87017975490541e-01
1.37900000000000e+01	3.82567559860492e-01
1.38000000000000e+01	3.78195072476539e-01
1.38100000000000e+01	3.73895911608275e-01
1.38200000000000e+01	3.69666656758928e-01
1.38300000000000e+01	3.65509531445470e-01
1.38400000000000e+01	3.61412151402166e-01
1.38500000000000e+01	3.57382978950357e-01
1.38600000000000e+01	3.53408665082841e-01
1.38700000000000e+01	3.49491099741612e-01
1.38800000000000e+01	3.45628283990500e-01
1.38900000000000e+01	3.41815314994964e-01
1.39000000000000e+01	3.38048103120067e-01
1.39100000000000e+01	3.34331606902664e-01
1.39200000000000e+01	3.30660363635951e-01
1.39300000000000e+01	3.27030764243498e-01
1.39400000000000e+01	3.23445684523180e-01
1.39500000000000e+01	3.19901190720416e-01
1.39600000000000e+01	3.16395898301529e-01
1.39700000000000e+01	3.12931813552171e-01
1.39800000000000e+01	3.09505607011439e-01
1.39900000000000e+01	3.06117985670003e-01
1.40000000000000e+01	3.02768164909567e-01
1.40100000000000e+01	2.99456636590692e-01
1.40200000000000e+01	2.96183663773916e-01
1.40300000000000e+01	2.92947946719551e-01
1.40400000000000e+01	2.89754677577649e-01
1.40500000000000e+01	2.86598340843865e-01
1.40600000000000e+01	2.83483353914847e-01
1.40700000000000e+01	2.80408501950406e-01
1.40800000000000e+01	2.77375776260329e-01
1.40900000000000e+01	2.74384376391635e-01
1.41000000000000e+01	2.71432190623872e-01
1.41100000000000e+01	2.68521320671170e-01
1.41200000000000e+01	2.65647387565947e-01
1.41300000000000e+01	2.62812633140082e-01
1.41400000000000e+01	2.60012875430239e-01
1.41500000000000e+01	2.57246088389311e-01
1.41600000000000e+01	2.54513756979262e-01
1.41700000000000e+01	2.51808614440414e-01
1.41800000000000e+01	2.49130593313581e-01
1.41900000000000e+01	2.46483061712395e-01
1.42000000000000e+01	2.43856404049052e-01
1.42100000000000e+01	2.41258563158077e-01
1.42200000000000e+01	2.38684118245153e-01
1.42300000000000e+01	2.36137258400360e-01
1.42400000000000e+01	2.33615396130634e-01
1.42500000000000e+01	2.31120076144659e-01
1.42600000000000e+01	2.28652255257735e-01
1.42700000000000e+01	2.26215298025476e-01
1.42800000000000e+01	2.23808273192345e-01
1.42900000000000e+01	2.21431182343117e-01
1.43000000000000e+01	2.19084589990433e-01
1.43100000000000e+01	2.16770339501011e-01
1.43200000000000e+01	2.14483433711621e-01
1.43300000000000e+01	2.12229082093106e-01
1.43400000000000e+01	2.10002550736521e-01
1.43500000000000e+01	2.07807122936824e-01
1.43600000000000e+01	2.05640668349411e-01
1.43700000000000e+01	2.03498962995814e-01
1.43800000000000e+01	2.01384790810699e-01
1.43900000000000e+01	1.99298448755768e-01
1.44000000000000e+01	1.97240973952228e-01
1.44100000000000e+01	1.95207004008660e-01
1.44200000000000e+01	1.93199213251122e-01
1.44300000000000e+01	1.91217664587751e-01
1.44400000000000e+01	1.89265023995525e-01
1.44500000000000e+01	1.87335731770322e-01
1.44600000000000e+01	1.85434121931634e-01
1.44700000000000e+01	1.83556528566196e-01
1.44800000000000e+01	1.81704000030577e-01
1.44900000000000e+01	1.79875860068873e-01
1.45000000000000e+01	1.78072054356167e-01
1.45100000000000e+01	1.76291426979683e-01
1.45200000000000e+01	1.74534117606983e-01
1.45300000000000e+01	1.72797800586587e-01
1.45400000000000e+01	1.71085294269812e-01
1.45500000000000e+01	1.69391673833237e-01
1.45600000000000e+01	1.67719701595679e-01
1.45700000000000e+01	1.66067355076166e-01
1.45800000000000e+01	1.64433474425355e-01
1.45900000000000e+01	1.62819852439117e-01
1.46000000000000e+01	1.61224187193569e-01
1.46100000000000e+01	1.59644463017126e-01
1.46200000000000e+01	1.58084920127551e-01
1.46300000000000e+01	1.56539834016533e-01
1.46400000000000e+01	1.55013407217387e-01
1.46500000000000e+01	1.53503687983557e-01
1.46600000000000e+01	1.52009913491975e-01
1.46700000000000e+01	1.50532709851401e-01
1.46800000000000e+01	1.49073523064428e-01
1.46900000000000e+01	1.47630496922921e-01
1.47000000000000e+01	1.46205158233502e-01
1.47100000000000e+01	1.44795639453532e-01
1.47200000000000e+01	1.43401612074242e-01
1.47300000000000e+01	1.42025466283002e-01
1.47400000000000e+01	1.40666957513874e-01
1.47500000000000e+01	1.39324098879679e-01
1.47600000000000e+01	1.37998062821306e-01
1.47700000000000e+01	1.36686959002727e-01
1.47800000000000e+01	1.35389292746783e-01
1.47900000000000e+01	1.34107590565030e-01
1.48000000000000e+01	1.32840261917345e-01
1.48100000000000e+01	1.31584583069718e-01
1.48200000000000e+01	1.30342633037039e-01
1.48300000000000e+01	1.29112431670303e-01
1.48400000000000e+01	1.27893447012742e-01
1.48500000000000e+01	1.26687199516597e-01
1.48600000000000e+01	1.25491131847874e-01
1.48700000000000e+01	1.24306680092572e-01
1.48800000000000e+01	1.23132310441832e-01
1.48900000000000e+01	1.21968601591528e-01
1.49000000000000e+01	1.20816150781148e-01
1.49100000000000e+01	1.19674203361506e-01
1.49200000000000e+01	1.18542570554365e-01
1.49300000000000e+01	1.17421141344330e-01
1.49400000000000e+01	1.16311262093495e-01
1.49500000000000e+01	1.15211587478942e-01
1.49600000000000e+01	1.14124327189720e-01
1.49700000000000e+01	1.13049290033660e-01
1.49800000000000e+01	1.11983806840542e-01
1.49900000000000e+01	1.10932503792350e-01
1.50000000000000e+01	1.09890496089933e-01
1.50100000000000e+01	1.08861943795813e-01
1.50200000000000e+01	1.07844626973250e-01
1.50300000000000e+01	1.06839116757318e-01
1.50400000000000e+01	1.05844947095096e-01
1.50500000000000e+01	1.04862293695370e-01
1.50600000000000e+01	1.03891705284601e-01
1.50700000000000e+01	1.02929769196614e-01
1.50800000000000e+01	1.01979706227481e-01
1.50900000000000e+01	1.01038750857623e-01
1.51000000000000e+01	1.00107328426345e-01
1.51100000000000e+01	9.91861152642518e-02
1.51200000000000e+01	9.82738742024559e-02
1.51300000000000e+01	9.73688098021278e-02
1.51400000000000e+01	9.64737084484572e-02
1.51500000000000e+01	9.55857880435973e-02
1.51600000000000e+01	9.47060996344747e-02
1.51700000000000e+01	9.38342677231186e-02
1.51800000000000e+01	9.29714940732701e-02
1.51900000000000e+01	9.21146611251405e-02
1.52000000000000e+01	9.12678021791500e-02
1.52100000000000e+01	9.04286150508744e-02
1.52200000000000e+01	8.95977210252749e-02
1.52300000000000e+01	8.87752494375066e-02
1.52400000000000e+01	8.79599462797190e-02
1.52500000000000e+01	8.71522243607273e-02
1.52600000000000e+01	8.63522603647551e-02
1.52700000000000e+01	8.55587541562228e-02
1.52800000000000e+01	8.47723915655378e-02
1.52900000000000e+01	8.39906836070489e-02
1.53000000000000e+01	8.32143466874706e-02
1.53100000000000e+01	8.24409969449463e-02
1.53200000000000e+01	8.16706655612545e-02
1.53300000000000e+01	8.09036724768823e-02
1.53400000000000e+01	8.01372232369325e-02
1.53500000000000e+01	7.93726119528397e-02
1.53600000000000e+01	7.86091317472217e-02
1.53700000000000e+01	7.78462140866414e-02
1.53800000000000e+01	7.70833906762648e-02
1.53900000000000e+01	7.63212639310986e-02
1.54000000000000e+01	7.55606728090579e-02
1.54100000000000e+01	7.48018504716840e-02
1.54200000000000e+01	7.40448441539972e-02
1.54300000000000e+01	7.32923693971270e-02
1.54400000000000e+01	7.25440543932124e-02
1.54500000000000e+01	7.18024685394118e-02
1.54600000000000e+01	7.10676647435667e-02
1.54700000000000e+01	7.03432320903709e-02
1.54800000000000e+01	6.96274712444697e-02
1.54900000000000e+01	6.89253536593691e-02
1.55000000000000e+01	6.82351982244318e-02
1.55100000000000e+01	6.75614453817433e-02
1.55200000000000e+01	6.69021620874767e-02
1.55300000000000e+01	6.62600157258729e-02
1.55400000000000e+01	6.56333329253698e-02
1.55500000000000e+01	6.50242695897965e-02
1.55600000000000e+01	6.44305029213400e-02
1.55700000000000e+01	6.38516119655214e-02
1.55800000000000e+01	6.32881081093216e-02
1.55900000000000e+01	6.27372561864132e-02
1.56000000000000e+01	6.21980825942099e-02
1.56100000000000e+01	6.16697289885242e-02
1.56200000000000e+01	6.11496217774460e-02
1.56300000000000e+01	6.06381511383770e-02
1.56400000000000e+01	6.01328023567012e-02
1.56500000000000e+01	5.96323387876301e-02
1.56600000000000e+01	5.91364331337664e-02
1.56700000000000e+01	5.86446320864799e-02
1.56800000000000e+01	5.81544842696505e-02
1.56900000000000e+01	5.76671305817186e-02
1.57000000000000e+01	5.71817413234290e-02
1.57100000000000e+01	5.66965981729327e-02
1.57200000000000e+01	5.62133945804086e-02
1.57300000000000e+01	5.57319114024596e-02
1.57400000000000e+01	5.52512316857272e-02
1.57500000000000e+01	5.47721008379536e-02
1.57600000000000e+01	5.42950420211454e-02
1.57700000000000e+01	5.38196629209271e-02
1.57800000000000e+01	5.33466143481302e-02
1.57900000000000e+01	5.28777608342466e-02
1.58000000000000e+01	5.24120854182679e-02
1.58100000000000e+01	5.19506133092805e-02
1.58200000000000e+01	5.14945126782401e-02
1.58300000000000e+01	5.10440164913744e-02
1.58400000000000e+01	5.06001771211945e-02
1.58500000000000e+01	5.01625463429360e-02
1.58600000000000e+01	4.97319311790608e-02
1.58700000000000e+01	4.93086027337889e-02
1.58800000000000e+01	4.88921371988872e-02
1.58900000000000e+01	4.84830750459865e-02
1.59000000000000e+01	4.80813073242448e-02
1.59100000000000e+01	4.76862559208033e-02
1.59200000000000e+01	4.72972498186666e-02
1.59300000000000e+01	4.69146255631151e-02
1.59400000000000e+01	4.65375347711484e-02
1.59500000000000e+01	4.61649608248369e-02
1.59600000000000e+01	4.57969645607160e-02
1.59700000000000e+01	4.54332545815504e-02
1.59800000000000e+01	4.50735213405404e-02
1.59900000000000e+01	4.47163808489395e-02
1.60000000000000e+01	4.43626198995700e-02
1.60100000000000e+01	4.40116434544871e-02
1.60200000000000e+01	4.36633486218160e-02
1.60300000000000e+01	4.33173074570818e-02
1.60400000000000e+01	4.29736348763493e-02
1.60500000000000e+01	4.26328430073380e-02
1.60600000000000e+01	4.22950520883996e-02
1.60700000000000e+01	4.19587388392822e-02
1.60800000000000e+01	4.16250355273660e-02
1.60900000000000e+01	4.12943881320745e-02
1.61000000000000e+01	4.09656622643529e-02
1.61100000000000e+01	4.06395604685667e-02
1.61200000000000e+01	4.03165624989834e-02
1.61300000000000e+01	3.99951224590928e-02
1.61400000000000e+01	3.96770959160569e-02
1.61500000000000e+01	3.93620974199264e-02
1.61600000000000e+01	3.90487641554360e-02
1.61700000000000e+01	3.87388001500369e-02
1.61800000000000e+01	3.84318829959527e-02
1.61900000000000e+01	3.81281710724658e-02
1.62000000000000e+01	3.78269636652454e-02
1.62100000000000e+01	3.75292639912757e-02
1.62200000000000e+01	3.72348484510406e-02
1.62300000000000e+01	3.69437947849228e-02
1.62400000000000e+01	3.66560860574202e-02
1.62500000000000e+01	3.63723834274579e-02
1.62600000000000e+01	3.60917557411858e-02
1.62700000000000e+01	3.58144110813251e-02
1.62800000000000e+01	3.55407513058832e-02
1.62900000000000e+01	3.52701270080967e-02
1.63000000000000e+01	3.50024142272282e-02
1.63100000000000e+01	3.47373188898974e-02
1.63200000000000e+01	3.44749499065903e-02
1.63300000000000e+01	3.42142114079982e-02
1.63400000000000e+01	3.39550623292306e-02
1.63500000000000e+01	3.36979227282527e-02
1.63600000000000e+01	3.34421346581115e-02
1.63700000000000e+01	3.31864618798937e-02
1.63800000000000e+01	3.29318770046070e-02
1.63900000000000e+01	3.26770373769985e-02
1.64000000000000e+01	3.24227958396936e-02
1.64100000000000e+01	3.21682315545576e-02
1.64200000000000e+01	3.19134650569619e-02
1.64300000000000e+01	3.16583709071513e-02
1.64400000000000e+01	3.14035953712275e-02
1.64500000000000e+01	3.11485257202870e-02
1.64600000000000e+01	3.08936835376417e-02
1.64700000000000e+01	3.06399258616148e-02
1.64800000000000e+01	3.03866714055445e-02
1.64900000000000e+01	3.01348837505641e-02
1.65000000000000e+01	2.98853667205233e-02
1.65100000000000e+01	2.96374479441480e-02
1.65200000000000e+01	2.93919498859493e-02
1.65300000000000e+01	2.91495595337779e-02
1.65400000000000e+01	2.89100472193609e-02
1.65500000000000e+01	2.86736370761405e-02
1.65600000000000e+01	2.84405154943093e-02
1.65700000000000e+01	2.82109124760327e-02
1.65800000000000e+01	2.79846373505982e-02
1.65900000000000e+01	2.77622112413334e-02
1.66000000000000e+01	2.75429792505957e-02
1.66100000000000e+01	2.73270976383213e-02
1.66200000000000e+01	2.71149758401055e-02
1.66300000000000e+01	2.69054579965783e-02
1.66400000000000e+01	2.66994838566376e-02
1.66500000000000e+01	2.64963212130526e-02
1.66600000000000e+01	2.62965018453302e-02
1.66700000000000e+01	2.60993151521818e-02
1.66800000000000e+01	2.59049307387989e-02
1.66900000000000e+01	2.57127875405213e-02
1.67000000000000e+01	2.55234061295916e-02
1.67100000000000e+01	2.53361309468219e-02
1.67200000000000e+01	2.51511263245994e-02
1.67300000000000e+01	2.49682039235158e-02
1.67400000000000e+01	2.47866134730900e-02
1.67500000000000e+01	2.46070451929867e-02
1.67600000000000e+01	2.44291990941398e-02
1.67700000000000e+01	2.42524766009427e-02
1.67800000000000e+01	2.40768799021332e-02
1.67900000000000e+01	2.39024172649297e-02
1.68000000000000e+01	2.37289852384326e-02
1.68100000000000e+01	2.35559175219072e-02
1.68200000000000e+01	2.33845133178928e-02
1.68300000000000e+01	2.32133441157039e-02
1.68400000000000e+01	2.30431091505905e-02
1.68500000000000e+01	2.28737150092035e-02
1.68600000000000e+01	2.27050119685086e-02
1.68700000000000e+01	2.25373417289512e-02
1.68800000000000e+01	2.23706198237071e-02
1.68900000000000e+01	2.22046509784698e-02
1.69000000000000e+01	2.20398655709628e-02
1.69100000000000e+01	2.18761658270092e-02
1.69200000000000e+01	2.17134530985715e-02
1.69300000000000e+01	2.15517357534722e-02
1.69400000000000e+01	2.13915373470643e-02
1.69500000000000e+01	2.12318549469087e-02
1.69600000000000e+01	2.10740323817999e-02
1.69700000000000e+01	2.09169301005439e-02
1.69800000000000e+01	2.07614376870766e-02
1.69900000000000e+01	2.06072282067042e-02
1.70000000000000e+01	2.04543100600612e-02
1.70100000000000e+01	2.03030727932605e-02
1.70200000000000e+01	2.01538279136708e-02
1.70300000000000e+01	2.00062264843513e-02
1.70400000000000e+01	1.98604179309037e-02
1.70500000000000e+01	1.97168446520913e-02
1.70600000000000e+01	1.95751691717197e-02
1.70700000000000e+01	1.94354952624470e-02
1.70800000000000e+01	1.92975597321695e-02
1.70900000000000e+01	1.91617813829439e-02
1.71000000000000e+01	1.90278055338522e-02
1.71100000000000e+01	1.88955591422452e-02
1.71200000000000e+01	1.87649003626713e-02
1.71300000000000e+01	1.86354299841983e-02
1.71400000000000e+01	1.85076632151251e-02
1.71500000000000e+01	1.83813900926392e-02
1.71600000000000e+01	1.82558486291087e-02
1.71700000000000e+01	1.81317840434392e-02
1.71800000000000e+01	1.80085251272727e-02
1.71900000000000e+01	1.78864569793803e-02
1.72000000000000e+01	1.77654589542142e-02
1.72100000000000e+01	1.76454725371102e-02
1.72200000000000e+01	1.75264618183971e-02
1.72300000000000e+01	1.74080747795035e-02
1.72400000000000e+01	1.72910978277118e-02
1.72500000000000e+01	1.71747436547971e-02
1.72600000000000e+01	1.70593366403568e-02
1.72700000000000e+01	1.69447167600840e-02
1.72800000000000e+01	1.68311055432835e-02
1.72900000000000e+01	1.67182644245000e-02
1.73000000000000e+01	1.66061586535351e-02
1.73100000000000e+01	1.64947967320619e-02
1.73200000000000e+01	1.63844397519087e-02
1.73300000000000e+01	1.62746322885456e-02
1.73400000000000e+01	1.61654134768002e-02
1.73500000000000e+01	1.60571633199267e-02
1.73600000000000e+01	1.59492413207951e-02
1.73700000000000e+01	1.58421307332691e-02
1.73800000000000e+01	1.57358298758540e-02
1.73900000000000e+01	1.56298659269914e-02
1.74000000000000e+01	1.55248775748640e-02
1.74100000000000e+01	1.54203062126653e-02
1.74200000000000e+01	1.53163050748419e-02
1.74300000000000e+01	1.52128861029419e-02
1.74400000000000e+01	1.51104301485571e-02
1.74500000000000e+01	1.50083759839613e-02
1.74600000000000e+01	1.49070506401731e-02
1.74700000000000e+01	1.48065073645447e-02
1.74800000000000e+01	1.47062763581985e-02
1.74900000000000e+01	1.46066811213806e-02
1.75000000000000e+01	1.45079866007701e-02
1.75100000000000e+01	1.44095991534949e-02
1.75200000000000e+01	1.43118051661451e-02
1.75300000000000e+01	1.42144009763238e-02
1.75400000000000e+01	1.41173694183194e-02
1.75500000000000e+01	1.40208794596071e-02
1.75600000000000e+01	1.39248622984654e-02
1.75700000000000e+01	1.38292598940481e-02
1.75800000000000e+01	1.37339404632737e-02
1.75900000000000e+01	1.36390826625995e-02
1.76000000000000e+01	1.35447481397413e-02
1.76100000000000e+01	1.34510384079756e-02
1.76200000000000e+01	1.33576741518397e-02
1.76300000000000e+01	1.32649521611329e-02
1.76400000000000e+01	1.31729308778434e-02
1.76500000000000e+01	1.30815501046119e-02
1.76600000000000e+01	1.29909316809009e-02
1.76700000000000e+01	1.29009249617851e-02
1.76800000000000e+01	1.28118596656614e-02
1.76900000000000e+01	1.27234469305364e-02
1.77000000000000e+01	1.26358113563997e-02
1.77100000000000e+01	1.25491849771848e-02
1.77200000000000e+01	1.24630093500327e-02
1.77300000000000e+01	1.23776908345931e-02
1.77400000000000e+01	1.22931350121038e-02
1.77500000000000e+01	1.22090616999881e-02
1.77600000000000e+01	1.21257146124103e-02
1.77700000000000e+01	1.20430337620260e-02
1.77800000000000e+01	1.19609379276361e-02
1.77900000000000e+01	1.18794211617261e-02
1.78000000000000e+01	1.17982311553549e-02
1.78100000000000e+01	1.17177970572100e-02
1.78200000000000e+01	1.16376393315371e-02
1.78300000000000e+01	1.15579931183372e-02
1.78400000000000e+01	1.14789858819869e-02
1.78500000000000e+01	1.14002556798715e-02
1.78600000000000e+01	1.13221671194727e-02
1.78700000000000e+01	1.12444294992497e-02
1.78800000000000e+01	1.11670262517865e-02
1.78900000000000e+01	1.10900789832596e-02
1.79000000000000e+01	1.10137758007517e-02
1.79100000000000e+01	1.09378098013611e-02
1.79200000000000e+01	1.08621813955861e-02
1.79300000000000e+01	1.07870022153319e-02
1.79400000000000e+01	1.07120467132395e-02
1.79500000000000e+01	1.06376279487243e-02
1.79600000000000e+01	1.05634454910665e-02
1.79700000000000e+01	1.04896522809248e-02
1.79800000000000e+01	1.04160289024530e-02
1.79900000000000e+01	1.03430034743529e-02
1.80000000000000e+01	1.02703114926147e-02
1.80100000000000e+01	1.01982037322344e-02
1.80200000000000e+01	1.01264717514027e-02
1.80300000000000e+01	1.00556238707218e-02
1.80400000000000e+01	9.98532526763042e-03
1.80500000000000e+01	9.91601159655636e-03
1.80600000000000e+01	9.84748960451658e-03
1.80700000000000e+01	9.78022193759312e-03
1.80800000000000e+01	9.71372523765052e-03
1.80900000000000e+01	9.64839854778284e-03
1.81000000000000e+01	9.58401620898172e-03
1.81100000000000e+01	9.52065393991052e-03
1.81200000000000e+01	9.45824945336939e-03
1.81300000000000e+01	9.39682927855800e-03
1.81400000000000e+01	9.33608594586302e-03
1.81500000000000e+01	9.27610355050089e-03
1.81600000000000e+01	9.21665202559398e-03
1.81700000000000e+01	9.15796554330281e-03
1.81800000000000e+01	9.09944048694348e-03
1.81900000000000e+01	9.04156244068973e-03
1.82000000000000e+01	8.98399560382541e-03
1.82100000000000e+01	8.92678649259238e-03
1.82200000000000e+01	8.86973928963285e-03
1.82300000000000e+01	8.81306289669623e-03
1.82400000000000e+01	8.75653274818295e-03
1.82500000000000e+01	8.70014582072186e-03
1.82600000000000e+01	8.64392359435597e-03
1.82700000000000e+01	8.58802681681766e-03
1.82800000000000e+01	8.53222498618786e-03
1.82900000000000e+01	8.47654252505791e-03
1.83000000000000e+01	8.42117183081015e-03
1.83100000000000e+01	8.36584912233256e-03
1.83200000000000e+01	8.31099516157103e-03
1.83300000000000e+01	8.25621288348155e-03
1.83400000000000e+01	8.20187085866311e-03
1.83500000000000e+01	8.14801207824175e-03
1.83600000000000e+01	8.09438348766546e-03
1.83700000000000e+01	8.04132529131710e-03
1.83800000000000e+01	7.98874743696675e-03
1.83900000000000e+01	7.93668847440337e-03
1.84000000000000e+01	7.88518979323049e-03
1.84100000000000e+01	7.83430266325707e-03
1.84200000000000e+01	7.78418770387882e-03
1.84300000000000e+01	7.73474995331289e-03
1.84400000000000e+01	7.68597979855079e-03
1.84500000000000e+01	7.63790557625771e-03
1.84600000000000e+01	7.59049304515177e-03
1.84700000000000e+01	7.54387229140606e-03
1.84800000000000e+01	7.49787589675844e-03
1.84900000000000e+01	7.45245113407457e-03
1.85000000000000e+01	7.40756170413983e-03
1.85100000000000e+01	7.36314827103435e-03
1.85200000000000e+01	7.31927726762509e-03
1.85300000000000e+01	7.27578094409744e-03
1.85400000000000e+01	7.23259311570324e-03
1.85500000000000e+01	7.18966457115057e-03
1.85600000000000e+01	7.14694350297074e-03
1.85700000000000e+01	7.10453862734844e-03
1.85800000000000e+01	7.06228382927125e-03
1.85900000000000e+01	7.02014200091558e-03
1.86000000000000e+01	6.97810976740209e-03
1.86100000000000e+01	6.93617739921063e-03
1.86200000000000e+01	6.89446523589136e-03
1.86300000000000e+01	6.85272544584569e-03
1.86400000000000e+01	6.81121157404475e-03
1.86500000000000e+01	6.76981531200962e-03
1.86600000000000e+01	6.72867560253304e-03
1.86700000000000e+01	6.68755760778761e-03
1.86800000000000e+01	6.64671591559231e-03
1.86900000000000e+01	6.60603848422943e-03
1.87000000000000e+01	6.56555602802035e-03
1.87100000000000e+01	6.52526700439125e-03
1.87200000000000e+01	6.48517012115923e-03
1.87300000000000e+01	6.44539578861874e-03
1.87400000000000e+01	6.40581870436518e-03
1.87500000000000e+01	6.36644718225075e-03
1.87600000000000e+01	6.32726679851678e-03
1.87700000000000e+01	6.28828061178060e-03
1.87800000000000e+01	6.24959284194137e-03
1.87900000000000e+01	6.21107628426123e-03
1.88000000000000e+01	6.17273487755647e-03
1.88100000000000e+01	6.13455592210723e-03
1.88200000000000e+01	6.09652193154438e-03
1.88300000000000e+01	6.05874216465135e-03
1.88400000000000e+01	6.02097988548792e-03
1.88500000000000e+01	5.98345518728821e-03
1.88600000000000e+01	5.94604285282233e-03
1.88700000000000e+01	5.90872393422350e-03
1.88800000000000e+01	5.87161355329167e-03
1.88900000000000e+01	5.83448577508729e-03
1.89000000000000e+01	5.79754310338093e-03
1.89100000000000e+01	5.76067431513766e-03
1.89200000000000e+01	5.72389187694668e-03
1.89300000000000e+01	5.68729760440956e-03
1.89400000000000e+01	5.65069588298362e-03
1.89500000000000e+01	5.61430773348780e-03
1.89600000000000e+01	5.57804704154636e-03
1.89700000000000e+01	5.54192487198582e-03
1.89800000000000e+01	5.50597165797944e-03
1.89900000000000e+01	5.47021943353235e-03
1.90000000000000e+01	5.43477287207776e-03
1.90100000000000e+01	5.39945772491439e-03
1.90200000000000e+01	5.36448268010329e-03
1.90300000000000e+01	5.32974392383166e-03
1.90400000000000e+01	5.29534051802010e-03
1.90500000000000e+01	5.26105155685529e-03
1.90600000000000e+01	5.22705113790552e-03
1.90700000000000e+01	5.19320807086425e-03
1.90800000000000e+01	5.15950388721608e-03
1.90900000000000e+01	5.12589708512240e-03
1.91000000000000e+01	5.09237609883141e-03
1.91100000000000e+01	5.05894409190645e-03
1.91200000000000e+01	5.02570227744116e-03
1.91300000000000e+01	4.99260185331526e-03
1.91400000000000e+01	4.95969242663421e-03
1.91500000000000e+01	4.92704248128579e-03
1.91600000000000e+01	4.89474539011293e-03
1.91700000000000e+01	4.86296737417391e-03
1.91800000000000e+01	4.83168978306438e-03
1.91900000000000e+01	4.80099811185566e-03
1.92000000000000e+01	4.77093216945897e-03
1.92100000000000e+01	4.74150717327993e-03
1.92200000000000e+01	4.71274189668147e-03
1.92300000000000e+01	4.68468944995344e-03
1.92400000000000e+01	4.65713881574010e-03
1.92500000000000e+01	4.63019312976556e-03
1.92600000000000e+01	4.60370930684684e-03
1.92700000000000e+01	4.57769221922490e-03
1.92800000000000e+01	4.55190156784471e-03
1.92900000000000e+01	4.52643826514210e-03
1.93000000000000e+01	4.50107662260221e-03
1.93100000000000e+01	4.47593910847140e-03
1.93200000000000e+01	4.45090696307875e-03
1.93300000000000e+01	4.42595759573841e-03
1.93400000000000e+01	4.40115388652368e-03
1.93500000000000e+01	4.37632221811101e-03
1.93600000000000e+01	4.35161728509628e-03
1.93700000000000e+01	4.32695347568020e-03
1.93800000000000e+01	4.30234071072609e-03
1.93900000000000e+01	4.27777558196605e-03
1.94000000000000e+01	4.25333624808644e-03
1.94100000000000e+01	4.22887452936985e-03
1.94200000000000e+01	4.20454474363328e-03
1.94300000000000e+01	4.18027224938079e-03
1.94400000000000e+01	4.15605538629906e-03
1.94500000000000e+01	4.13190067622407e-03
1.94600000000000e+01	4.10780268711026e-03
1.94700000000000e+01	4.08385395097768e-03
1.94800000000000e+01	4.05988623973303e-03
1.94900000000000e+01	4.03605908429765e-03
1.95000000000000e+01	4.01230277926031e-03
1.95100000000000e+01	3.98861158450912e-03
1.95200000000000e+01	3.96507190384068e-03
1.95300000000000e+01	3.94151969677505e-03
1.95400000000000e+01	3.91811108159641e-03
1.95500000000000e+01	3.89469890976119e-03
1.95600000000000e+01	3.87144564021262e-03
1.95700000000000e+01	3.84833740357666e-03
1.95800000000000e+01	3.82525159811214e-03
1.95900000000000e+01	3.80224723578391e-03
1.96000000000000e+01	3.77941479984883e-03
1.96100000000000e+01	3.75661758525217e-03
1.96200000000000e+01	3.73400373934020e-03
1.96300000000000e+01	3.71151317246359e-03
1.96400000000000e+01	3.68921043493636e-03
1.96500000000000e+01	3.66696622299513e-03
1.96600000000000e+01	3.64484801119607e-03
1.96700000000000e+01	3.62293236397237e-03
1.96800000000000e+01	3.60114761650617e-03
1.96900000000000e+01	3.57948822578329e-03
1.97000000000000e+01	3.55789792850793e-03
1.97100000000000e+01	3.53642883625807e-03
1.97200000000000e+01	3.51495912982623e-03
1.97300000000000e+01	3.49349232044464e-03
1.97400000000000e+01	3.47191707099339e-03
1.97500000000000e+01	3.44993822762572e-03
1.97600000000000e+01	3.42722833321244e-03
1.97700000000000e+01	3.40332548019374e-03
1.97800000000000e+01	3.37731262075262e-03
1.97900000000000e+01	3.34797642971462e-03
1.98000000000000e+01	3.31351678748326e-03
1.98100000000000e+01	3.27144512355477e-03
1.98200000000000e+01	3.21842940379051e-03
1.98300000000000e+01	3.15023969331145e-03
1.98400000000000e+01	3.06174374144827e-03
1.98500000000000e+01	2.94711922726863e-03
1.98600000000000e+01	2.80028791323844e-03
1.98700000000000e+01	2.61557387814241e-03
1.98800000000000e+01	2.38878235644620e-03
1.98900000000000e+01	2.11845216640880e-03
1.99000000000000e+01	1.80733462310222e-03
1.99100000000000e+01	1.46386165279071e-03
1.99200000000000e+01	1.10331855214889e-03
1.99300000000000e+01	7.48382079650639e-04
1.99400000000000e+01	4.28441395603198e-04
1.99500000000000e+01	1.77280714403720e-04
1.99600000000000e+01	2.85472184287355e-05
1.99700000000000e+01	8.99204759166884e-06
1.99800000000000e+01	1.30146526655653e-04
1.99900000000000e+01	3.80427684711327e-04
2.00000000000000e+01	7.20965243923804e-04
