.0100 .14908E-04 .55756E-03
.0200 .15426E-04 .41651E-03
.0300 .17214E-04 .15265E-03
.0400 .13310E-04 -.38948E-03
.0500 .21275E-04 -.14238E-03
.0600 .28619E-04 -.10750E-03
.0700 .21798E-04 -.94500E-03
.0800 .20034E-04 -.14413E-02
.0900 .43062E-04 -.59559E-04
.1000 .45847E-04 -.14955E-03
.1100 .38602E-04 -.11343E-02
.1200 .55456E-04 -.40092E-03
.1300 .51653E-04 -.81893E-03
.1400 .66445E-04 -.19650E-03
.1500 .52905E-04 -.15417E-02
.1600 .62693E-04 -.11310E-02
.1700 .69121E-04 -.10427E-02
.1800 .55286E-04 -.25198E-02
.1900 .70385E-04 -.16457E-02
.2000 .74872E-04 -.17719E-02
.2100 .83163E-04 -.15324E-02
.2200 .97154E-04 -.89845E-03
.2300 .85164E-04 -.18913E-02
.2400 .94601E-04 -.18361E-02
.2500 .97245E-04 -.19024E-02
.2600 .10928E-03 -.13463E-02
.2700 .11207E-03 -.16597E-02
.2800 .10805E-03 -.22026E-02
.2900 .11929E-03 -.17817E-02
.3000 .12704E-03 -.16619E-02
.3100 .11721E-03 -.26010E-02
.3200 .13713E-03 -.16997E-02
.3300 .13127E-03 -.22710E-02
.3400 .12963E-03 -.29649E-02
.3500 .14110E-03 -.26059E-02
.3600 .15161E-03 -.20873E-02
.3700 .14012E-03 -.32290E-02
.3800 .14859E-03 -.30081E-02
.3900 .16274E-03 -.26979E-02
.4000 .15672E-03 -.32235E-02
.4100 .15564E-03 -.37914E-02
.4200 .17307E-03 -.29529E-02
.4300 .16485E-03 -.38159E-02
.4400 .17912E-03 -.33399E-02
.4500 .18080E-03 -.34338E-02
.4600 .18676E-03 -.35752E-02
.4700 .19677E-03 -.32684E-02
.4800 .20341E-03 -.29557E-02
.4900 .21552E-03 -.27209E-02
.5000 .21211E-03 -.32106E-02
.5100 .21378E-03 -.35563E-02
.5200 .21715E-03 -.36638E-02
.5300 .23171E-03 -.31437E-02
.5400 .22800E-03 -.36528E-02
.5500 .23450E-03 -.36762E-02
.5600 .23258E-03 -.43538E-02
.5700 .22981E-03 -.47272E-02
.5800 .23782E-03 -.46952E-02
.5900 .25937E-03 -.38804E-02
.6000 .24501E-03 -.50506E-02
.6100 .23565E-03 -.61614E-02
.6200 .27057E-03 -.42126E-02
.6300 .25285E-03 -.57994E-02
.6400 .27405E-03 -.48350E-02
.6500 .27603E-03 -.50584E-02
.6600 .29543E-03 -.42533E-02
.6700 .29726E-03 -.46065E-02
.6800 .26983E-03 -.68670E-02
.6900 .29738E-03 -.53455E-02
.7000 .30198E-03 -.55855E-02
.7100 .30828E-03 -.56482E-02
.7200 .33327E-03 -.45141E-02
.7300 .31457E-03 -.62066E-02
.7400 .33398E-03 -.53145E-02
.7500 .34057E-03 -.54851E-02
.7600 .33966E-03 -.59395E-02
.7700 .33663E-03 -.66262E-02
.7800 .34416E-03 -.67728E-02
.7900 .38181E-03 -.47055E-02
.8000 .35730E-03 -.67101E-02
.8100 .37704E-03 -.61874E-02
.8200 .36278E-03 -.75396E-02
.8300 .37447E-03 -.73080E-02
.8400 .39283E-03 -.64846E-02
.8500 .39172E-03 -.72771E-02
.8600 .41832E-03 -.60997E-02
.8700 .40918E-03 -.68888E-02
.8800 .43111E-03 -.65247E-02
.8900 .42150E-03 -.77998E-02
.9000 .42478E-03 -.82319E-02
.9100 .42855E-03 -.82865E-02
.9200 .45560E-03 -.73741E-02
.9300 .45579E-03 -.79852E-02
.9400 .47075E-03 -.75147E-02
.9500 .49247E-03 -.67351E-02
.9600 .50714E-03 -.63576E-02
.9700 .48806E-03 -.84238E-02
.9800 .51199E-03 -.78006E-02
.9900 .50544E-03 -.91939E-02
1.0000 .51725E-03 -.87194E-02
1.0100 .55301E-03 -.76574E-02
1.0200 .55127E-03 -.82132E-02
1.0300 .55844E-03 -.84614E-02
1.0400 .57776E-03 -.84454E-02
1.0500 .58817E-03 -.84671E-02
1.0600 .60006E-03 -.88482E-02
1.0700 .61780E-03 -.88032E-02
1.0800 .62567E-03 -.90872E-02
1.0900 .64610E-03 -.93897E-02
1.1000 .65361E-03 -.97310E-02
1.1100 .66725E-03 -.98780E-02
1.1200 .69466E-03 -.98729E-02
1.1300 .70899E-03 -.10066E-01
1.1400 .73136E-03 -.10282E-01
1.1500 .75931E-03 -.98623E-02
1.1600 .77703E-03 -.10309E-01
1.1700 .80296E-03 -.10440E-01
1.1800 .83408E-03 -.10249E-01
1.1900 .84711E-03 -.11154E-01
1.2000 .89278E-03 -.10206E-01
1.2100 .92926E-03 -.10215E-01
1.2200 .97449E-03 -.94078E-02
1.2300 .97923E-03 -.11558E-01
1.2400 .10414E-02 -.10531E-01
1.2500 .10601E-02 -.11808E-01
1.2600 .11243E-02 -.11119E-01
1.2700 .11708E-02 -.11846E-01
1.2800 .12228E-02 -.12120E-01
1.2900 .12905E-02 -.12020E-01
1.3000 .13424E-02 -.12925E-01
1.3100 .14073E-02 -.13581E-01
1.3200 .15184E-02 -.11972E-01
1.3300 .15883E-02 -.13072E-01
1.3400 .16974E-02 -.12987E-01
1.3500 .18064E-02 -.13173E-01
1.3600 .19293E-02 -.13444E-01
1.3700 .20551E-02 -.14174E-01
1.3800 .22128E-02 -.13745E-01
1.3900 .23732E-02 -.13915E-01
1.4000 .25335E-02 -.15067E-01
1.4100 .27463E-02 -.13665E-01
1.4200 .29373E-02 -.13852E-01
1.4300 .31268E-02 -.14576E-01
1.4400 .33695E-02 -.13347E-01
1.4500 .35653E-02 -.14938E-01
1.4600 .37877E-02 -.15266E-01
1.4700 .40170E-02 -.15062E-01
1.4800 .42418E-02 -.16189E-01
1.4900 .45084E-02 -.15165E-01
1.5000 .47592E-02 -.15424E-01
1.5100 .50552E-02 -.16323E-01
1.5200 .54122E-02 -.16311E-01
1.5300 .58303E-02 -.17881E-01
1.5400 .63777E-02 -.17025E-01
1.5500 .70297E-02 -.17517E-01
1.5600 .77957E-02 -.18160E-01
1.5700 .86925E-02 -.18592E-01
1.5800 .97401E-02 -.18161E-01
1.5900 .10916E-01 -.18210E-01
1.6000 .12218E-01 -.18759E-01
1.6100 .13692E-01 -.17894E-01
1.6200 .15272E-01 -.19514E-01
1.6300 .17059E-01 -.17002E-01
1.6400 .18916E-01 -.17453E-01
1.6500 .20859E-01 -.15875E-01
1.6600 .22809E-01 -.13476E-01
1.6700 .24642E-01 -.11317E-01
1.6800 .26284E-01 -.93072E-02
1.6900 .27662E-01 -.66319E-02
1.7000 .28695E-01 -.52844E-02
1.7100 .29431E-01 -.13747E-02
1.7200 .29825E-01 .32467E-02
1.7300 .29845E-01 .76061E-02
1.7400 .29441E-01 .11120E-01
1.7500 .28514E-01 .14430E-01
1.7600 .27029E-01 .19012E-01
1.7700 .24947E-01 .22762E-01
1.7800 .22335E-01 .26344E-01
1.7900 .19328E-01 .30720E-01
1.8000 .16001E-01 .34424E-01
1.8100 .12485E-01 .37064E-01
1.8200 .88099E-02 .38925E-01
1.8300 .49711E-02 .42236E-01
1.8400 .81976E-03 .46623E-01
1.8500 -.39510E-02 .48801E-01
1.8600 -.95832E-02 .50982E-01
1.8700 -.16255E-01 .53335E-01
1.8800 -.23906E-01 .55498E-01
1.8900 -.32219E-01 .56797E-01
1.9000 -.40678E-01 .56021E-01
1.9100 -.48640E-01 .52509E-01
1.9200 -.55570E-01 .48139E-01
1.9300 -.61132E-01 .44745E-01
1.9400 -.65465E-01 .39602E-01
1.9500 -.68984E-01 .38029E-01
1.9600 -.72468E-01 .33795E-01
1.9700 -.76520E-01 .32304E-01
1.9800 -.81603E-01 .31116E-01
1.9900 -.87792E-01 .29550E-01
2.0000 -.94893E-01 .27698E-01
2.0100 -.10255E+00 .23813E-01
2.0200 -.11035E+00 .18839E-01
2.0300 -.11799E+00 .12550E-01
2.0400 -.12539E+00 .69221E-02
2.0500 -.13277E+00 -.36819E-03
2.0600 -.14050E+00 -.70718E-02
2.0700 -.14889E+00 -.15575E-01
2.0800 -.15796E+00 -.26999E-01
2.0900 -.16715E+00 -.39674E-01
2.1000 -.17552E+00 -.55326E-01
2.1100 -.18173E+00 -.76014E-01
2.1200 -.18433E+00 -.97070E-01
2.1300 -.18216E+00 -.12136E+00
2.1400 -.17468E+00 -.14593E+00
2.1500 -.16213E+00 -.16731E+00
2.1600 -.14567E+00 -.18488E+00
2.1700 -.12701E+00 -.19812E+00
2.1800 -.10796E+00 -.20775E+00
2.1900 -.89964E-01 -.21315E+00
2.2000 -.73915E-01 -.21500E+00
2.2100 -.60110E-01 -.21532E+00
2.2200 -.48321E-01 -.21596E+00
2.2300 -.37821E-01 -.21611E+00
2.2400 -.27603E-01 -.21835E+00
2.2500 -.16599E-01 -.22324E+00
2.2600 -.40777E-02 -.22528E+00
2.2700 .98603E-02 -.22464E+00
2.2800 .24355E-01 -.22320E+00
2.2900 .38293E-01 -.21758E+00
2.3000 .50630E-01 -.21198E+00
2.3100 .60917E-01 -.20468E+00
2.3200 .69259E-01 -.19598E+00
2.3300 .75941E-01 -.18855E+00
2.3400 .81265E-01 -.18058E+00
2.3500 .85295E-01 -.17360E+00
2.3600 .88025E-01 -.16580E+00
2.3700 .89543E-01 -.15929E+00
2.3800 .90277E-01 -.15443E+00
2.3900 .90966E-01 -.15134E+00
2.4000 .92456E-01 -.14877E+00
2.4100 .95448E-01 -.14599E+00
2.4200 .10011E+00 -.14513E+00
2.4300 .10601E+00 -.14225E+00
2.4400 .11190E+00 -.13615E+00
2.4500 .11619E+00 -.12697E+00
2.4600 .11736E+00 -.11633E+00
2.4700 .11465E+00 -.10584E+00
2.4800 .10821E+00 -.97544E-01
2.4900 .99140E-01 -.91244E-01
2.5000 .88939E-01 -.89116E-01
2.5100 .79158E-01 -.89790E-01
2.5200 .70894E-01 -.95483E-01
2.5300 .64785E-01 -.10271E+00
2.5400 .61018E-01 -.11221E+00
2.5500 .59728E-01 -.12388E+00
2.5600 .61123E-01 -.13432E+00
2.5700 .65341E-01 -.14708E+00
2.5800 .72482E-01 -.15793E+00
2.5900 .82274E-01 -.16642E+00
2.6000 .94168E-01 -.17442E+00
2.6100 .10756E+00 -.18117E+00
2.6200 .12203E+00 -.18500E+00
2.6300 .13738E+00 -.18578E+00
2.6400 .15350E+00 -.18632E+00
2.6500 .17042E+00 -.18393E+00
2.6600 .18794E+00 -.18021E+00
2.6700 .20559E+00 -.17239E+00
2.6800 .22255E+00 -.16159E+00
2.6900 .23778E+00 -.14688E+00
2.7000 .25034E+00 -.12803E+00
2.7100 .25948E+00 -.10994E+00
2.7200 .26491E+00 -.89104E-01
2.7300 .26647E+00 -.68723E-01
2.7400 .26433E+00 -.49186E-01
2.7500 .25894E+00 -.28646E-01
2.7600 .25078E+00 -.12535E-01
2.7700 .24045E+00 .17036E-02
2.7800 .22833E+00 .14636E-01
2.7900 .21473E+00 .24190E-01
2.8000 .20015E+00 .28957E-01
2.8100 .18526E+00 .31325E-01
2.8200 .17095E+00 .30343E-01
2.8300 .15815E+00 .26640E-01
2.8400 .14768E+00 .18998E-01
2.8500 .14020E+00 .11015E-01
2.8600 .13604E+00 -.64139E-03
2.8700 .13553E+00 -.10269E-01
2.8800 .13876E+00 -.22925E-01
2.8900 .14587E+00 -.33004E-01
2.9000 .15661E+00 -.41001E-01
2.9100 .17029E+00 -.45058E-01
2.9200 .18564E+00 -.45592E-01
2.9300 .20112E+00 -.39664E-01
2.9400 .21515E+00 -.30650E-01
2.9500 .22653E+00 -.16063E-01
2.9600 .23436E+00 -.43939E-03
2.9700 .23820E+00 .17109E-01
2.9800 .23792E+00 .32903E-01
2.9900 .23382E+00 .52085E-01
3.0000 .22630E+00 .66639E-01
3.0100 .21614E+00 .81485E-01
3.0200 .20404E+00 .92899E-01
3.0300 .19073E+00 .10015E+00
3.0400 .17691E+00 .10333E+00
3.0500 .16319E+00 .10551E+00
3.0600 .15012E+00 .10580E+00
3.0700 .13820E+00 .10408E+00
3.0800 .12783E+00 .99408E-01
3.0900 .11924E+00 .93992E-01
3.1000 .11250E+00 .86932E-01
3.1100 .10751E+00 .80545E-01
3.1200 .10403E+00 .73355E-01
3.1300 .10178E+00 .65842E-01
3.1400 .10051E+00 .59655E-01
3.1500 .10002E+00 .53128E-01
3.1600 .10033E+00 .46381E-01
3.1700 .10165E+00 .40466E-01
3.1800 .10423E+00 .35002E-01
3.1900 .10823E+00 .28945E-01
3.2000 .11357E+00 .22229E-01
3.2100 .12001E+00 .18854E-01
3.2200 .12713E+00 .16385E-01
3.2300 .13458E+00 .14837E-01
3.2400 .14229E+00 .16283E-01
3.2500 .15025E+00 .16501E-01
3.2600 .15859E+00 .17104E-01
3.2700 .16733E+00 .20076E-01
3.2800 .17630E+00 .26109E-01
3.2900 .18510E+00 .32749E-01
3.3000 .19324E+00 .40463E-01
3.3100 .20024E+00 .50421E-01
3.3200 .20565E+00 .61180E-01
3.3300 .20921E+00 .74564E-01
3.3400 .21075E+00 .87343E-01
3.3500 .21021E+00 .10226E+00
3.3600 .20744E+00 .11718E+00
3.3700 .20223E+00 .13047E+00
3.3800 .19449E+00 .14451E+00
3.3900 .18414E+00 .15571E+00
3.4000 .17142E+00 .16569E+00
3.4100 .15685E+00 .17391E+00
3.4200 .14127E+00 .17643E+00
3.4300 .12575E+00 .17680E+00
3.4400 .11143E+00 .17178E+00
3.4500 .99466E-01 .16519E+00
3.4600 .90761E-01 .15630E+00
3.4700 .85823E-01 .14437E+00
3.4800 .84697E-01 .13389E+00
3.4900 .86810E-01 .12628E+00
3.5000 .91140E-01 .11982E+00
3.5100 .96470E-01 .11862E+00
3.5200 .10168E+00 .11908E+00
3.5300 .10591E+00 .12063E+00
3.5400 .10873E+00 .12094E+00
3.5500 .11007E+00 .12497E+00
3.5600 .11020E+00 .12789E+00
3.5700 .10965E+00 .13124E+00
3.5800 .10908E+00 .13356E+00
3.5900 .10905E+00 .13463E+00
3.6000 .10989E+00 .13665E+00
3.6100 .11167E+00 .13794E+00
3.6200 .11428E+00 .14048E+00
3.6300 .11733E+00 .14511E+00
3.6400 .12016E+00 .14952E+00
3.6500 .12191E+00 .15767E+00
3.6600 .12157E+00 .16751E+00
3.6700 .11852E+00 .17687E+00
3.6800 .11275E+00 .18767E+00
3.6900 .10483E+00 .19589E+00
3.7000 .95792E-01 .20162E+00
3.7100 .86599E-01 .20346E+00
3.7200 .78123E-01 .20583E+00
3.7300 .70795E-01 .20621E+00
3.7400 .65026E-01 .20472E+00
3.7500 .61051E-01 .20489E+00
3.7600 .58653E-01 .20371E+00
3.7700 .57158E-01 .20582E+00
3.7800 .55406E-01 .21056E+00
3.7900 .52332E-01 .21781E+00
3.8000 .47092E-01 .22368E+00
3.8100 .39404E-01 .23098E+00
3.8200 .29248E-01 .23692E+00
3.8300 .16756E-01 .24131E+00
3.8400 .22572E-02 .24717E+00
3.8500 -.13726E-01 .24726E+00
3.8600 -.30283E-01 .24375E+00
3.8700 -.46202E-01 .23518E+00
3.8800 -.60091E-01 .22439E+00
3.8900 -.70691E-01 .20998E+00
3.9000 -.77117E-01 .19423E+00
3.9100 -.78950E-01 .18014E+00
3.9200 -.76658E-01 .16661E+00
3.9300 -.71252E-01 .15627E+00
3.9400 -.64079E-01 .14894E+00
3.9500 -.56429E-01 .14738E+00
3.9600 -.49477E-01 .14790E+00
3.9700 -.44218E-01 .14833E+00
3.9800 -.41300E-01 .15494E+00
3.9900 -.41215E-01 .16093E+00
4.0000 -.44023E-01 .16963E+00
4.0100 -.49572E-01 .17750E+00
4.0200 -.57629E-01 .18231E+00
4.0300 -.67978E-01 .18892E+00
4.0400 -.80514E-01 .19096E+00
4.0500 -.94947E-01 .19087E+00
4.0600 -.11079E+00 .18841E+00
4.0700 -.12714E+00 .18153E+00
4.0800 -.14273E+00 .17169E+00
4.0900 -.15611E+00 .15792E+00
4.1000 -.16612E+00 .14160E+00
4.1100 -.17223E+00 .12278E+00
4.1200 -.17463E+00 .10572E+00
4.1300 -.17404E+00 .89106E-01
4.1400 -.17117E+00 .71444E-01
4.1500 -.16625E+00 .57715E-01
4.1600 -.15914E+00 .42994E-01
4.1700 -.14953E+00 .30355E-01
4.1800 -.13756E+00 .21502E-01
4.1900 -.12418E+00 .14651E-01
4.2000 -.11089E+00 .13688E-01
4.2100 -.99466E-01 .15960E-01
4.2200 -.91334E-01 .20966E-01
4.2300 -.87170E-01 .29079E-01
4.2400 -.86790E-01 .33967E-01
4.2500 -.89269E-01 .40193E-01
4.2600 -.93758E-01 .43123E-01
4.2700 -.99737E-01 .45421E-01
4.2800 -.10720E+00 .46518E-01
4.2900 -.11612E+00 .43032E-01
4.3000 -.12594E+00 .39191E-01
4.3100 -.13581E+00 .29865E-01
4.3200 -.14483E+00 .19032E-01
4.3300 -.15230E+00 .76683E-02
4.3400 -.15774E+00 -.10207E-01
4.3500 -.16042E+00 -.29325E-01
4.3600 -.15943E+00 -.51577E-01
4.3700 -.15369E+00 -.74346E-01
4.3800 -.14242E+00 -.95641E-01
4.3900 -.12576E+00 -.11441E+00
4.4000 -.10513E+00 -.12982E+00
4.4100 -.82910E-01 -.13948E+00
4.4200 -.61601E-01 -.14421E+00
4.4300 -.42763E-01 -.14548E+00
4.4400 -.26336E-01 -.14432E+00
4.4500 -.10912E-01 -.14534E+00
4.4600 .55782E-02 -.14829E+00
4.4700 .24604E-01 -.15008E+00
4.4800 .46226E-01 -.15013E+00
4.4900 .69189E-01 -.14410E+00
4.5000 .91409E-01 -.13202E+00
4.5100 .11105E+00 -.11611E+00
4.5200 .12715E+00 -.99471E-01
4.5300 .13963E+00 -.79455E-01
4.5400 .14884E+00 -.59402E-01
4.5500 .15490E+00 -.37867E-01
4.5600 .15763E+00 -.18940E-01
4.5700 .15676E+00 .37300E-02
4.5800 .15234E+00 .24021E-01
4.5900 .14506E+00 .41636E-01
4.6000 .13610E+00 .58502E-01
4.6100 .12638E+00 .69882E-01
4.6200 .11644E+00 .81037E-01
4.6300 .10622E+00 .89760E-01
4.6400 .95342E-01 .96171E-01
4.6500 .83464E-01 .10507E+00
4.6600 .70215E-01 .11186E+00
4.6700 .55312E-01 .11847E+00
4.6800 .38529E-01 .12051E+00
4.6900 .20002E-01 .12068E+00
4.7000 .40032E-03 .11518E+00
4.7100 -.18895E-01 .10672E+00
4.7200 -.35928E-01 .88643E-01
4.7300 -.48275E-01 .67931E-01
4.7400 -.53663E-01 .41849E-01
4.7500 -.50679E-01 .13453E-01
4.7600 -.39309E-01 -.10837E-01
4.7700 -.21180E-01 -.30830E-01
4.7800 .11049E-02 -.45545E-01
4.7900 .25049E-01 -.52321E-01
4.8000 .48921E-01 -.54937E-01
4.8100 .71990E-01 -.52005E-01
4.8200 .94021E-01 -.45120E-01
4.8300 .11463E+00 -.34722E-01
4.8400 .13313E+00 -.20004E-01
4.8500 .14858E+00 -.25878E-02
4.8600 .16039E+00 .17431E-01
4.8700 .16838E+00 .38174E-01
4.8800 .17284E+00 .62381E-01
4.8900 .17406E+00 .82683E-01
4.9000 .17240E+00 .10327E+00
4.9100 .16798E+00 .12478E+00
4.9200 .16076E+00 .14421E+00
4.9300 .15080E+00 .16539E+00
4.9400 .13813E+00 .18556E+00
4.9500 .12285E+00 .20259E+00
4.9600 .10491E+00 .21903E+00
4.9700 .84031E-01 .23156E+00
4.9800 .60077E-01 .24234E+00
4.9900 .33377E-01 .24745E+00
5.0000 .52450E-02 .24810E+00
5.0100 -.22243E-01 .24331E+00
5.0200 -.46874E-01 .23000E+00
5.0300 -.66949E-01 .21341E+00
5.0400 -.81969E-01 .19546E+00
5.0500 -.92503E-01 .17742E+00
5.0600 -.99624E-01 .15841E+00
5.0700 -.10412E+00 .14009E+00
5.0800 -.10590E+00 .12336E+00
5.0900 -.10414E+00 .10610E+00
5.1000 -.97958E-01 .89469E-01
5.1100 -.87718E-01 .75652E-01
5.1200 -.75605E-01 .68851E-01
5.1300 -.65075E-01 .69219E-01
5.1400 -.59395E-01 .72884E-01
5.1500 -.60167E-01 .77461E-01
5.1600 -.66833E-01 .81507E-01
5.1700 -.77299E-01 .77741E-01
5.1800 -.88444E-01 .67986E-01
5.1900 -.96661E-01 .48315E-01
5.2000 -.98205E-01 .25115E-01
5.2100 -.90324E-01 -.16834E-02
5.2200 -.72198E-01 -.28455E-01
5.2300 -.45034E-01 -.47578E-01
5.2400 -.11650E-01 -.57886E-01
5.2500 .24442E-01 -.57187E-01
5.2600 .59335E-01 -.43607E-01
5.2700 .89037E-01 -.22706E-01
5.2800 .11046E+00 .50879E-02
5.2900 .12245E+00 .35495E-01
5.3000 .12609E+00 .67151E-01
5.3100 .12357E+00 .94628E-01
5.3200 .11709E+00 .11860E+00
5.3300 .10800E+00 .14080E+00
5.3400 .96713E-01 .16130E+00
5.3500 .83106E-01 .17841E+00
5.3600 .66928E-01 .19518E+00
5.3700 .48164E-01 .20687E+00
5.3800 .27168E-01 .21709E+00
5.3900 .46998E-02 .22397E+00
5.4000 -.18092E-01 .22415E+00
5.4100 -.39615E-01 .22004E+00
5.4200 -.58156E-01 .21313E+00
5.4300 -.72496E-01 .20321E+00
5.4400 -.82436E-01 .19419E+00
5.4500 -.89136E-01 .18448E+00
5.4600 -.94620E-01 .17841E+00
5.4700 -.10104E+00 .17625E+00
5.4800 -.10998E+00 .17238E+00
5.4900 -.12173E+00 .16794E+00
5.5000 -.13544E+00 .16279E+00
5.5100 -.14957E+00 .15092E+00
5.5200 -.16233E+00 .13737E+00
5.5300 -.17216E+00 .11926E+00
5.5400 -.17770E+00 .96932E-01
5.5500 -.17800E+00 .73424E-01
5.5600 -.17264E+00 .54509E-01
5.5700 -.16208E+00 .32330E-01
5.5800 -.14736E+00 .17897E-01
5.5900 -.13014E+00 .63165E-02
5.6000 -.11211E+00 .33744E-04
5.6100 -.94733E-01 -.22179E-02
5.6200 -.79012E-01 .23733E-02
5.6300 -.65684E-01 .91331E-02
5.6400 -.55382E-01 .19418E-01
5.6500 -.48850E-01 .31205E-01
5.6600 -.46695E-01 .43583E-01
5.6700 -.49214E-01 .55480E-01
5.6800 -.56182E-01 .64934E-01
5.6900 -.66696E-01 .70710E-01
5.7000 -.79112E-01 .70998E-01
5.7100 -.91089E-01 .65458E-01
5.7200 -.99970E-01 .56999E-01
5.7300 -.10364E+00 .42984E-01
5.7400 -.10112E+00 .29186E-01
5.7500 -.93033E-01 .15987E-01
5.7600 -.81149E-01 .94974E-02
5.7700 -.68062E-01 .73946E-02
5.7800 -.56414E-01 .97914E-02
5.7900 -.48310E-01 .18800E-01
5.8000 -.44761E-01 .29062E-01
5.8100 -.45285E-01 .36582E-01
5.8200 -.48263E-01 .43779E-01
5.8300 -.51717E-01 .46154E-01
5.8400 -.54404E-01 .46256E-01
5.8500 -.56253E-01 .47269E-01
5.8600 -.57989E-01 .48496E-01
5.8700 -.60354E-01 .49525E-01
5.8800 -.63515E-01 .49402E-01
5.8900 -.66875E-01 .50155E-01
5.9000 -.69563E-01 .47841E-01
5.9100 -.70798E-01 .45459E-01
5.9200 -.70349E-01 .38522E-01
5.9300 -.68467E-01 .37136E-01
5.9400 -.65740E-01 .34092E-01
5.9500 -.62602E-01 .34447E-01
5.9600 -.59533E-01 .35996E-01
5.9700 -.56991E-01 .38562E-01
5.9800 -.55394E-01 .40148E-01
5.9900 -.54896E-01 .46176E-01
6.0000 -.55473E-01 .48538E-01
6.0100 -.57005E-01 .53086E-01
6.0200 -.59685E-01 .58096E-01
6.0300 -.63885E-01 .61852E-01
6.0400 -.69831E-01 .65053E-01
6.0500 -.77247E-01 .65616E-01
6.0600 -.85235E-01 .63350E-01
6.0700 -.92574E-01 .60529E-01
6.0800 -.98294E-01 .53542E-01
6.0900 -.10179E+00 .46066E-01
6.1000 -.10307E+00 .39014E-01
6.1100 -.10259E+00 .31252E-01
6.1200 -.10100E+00 .27076E-01
6.1300 -.99058E-01 .24968E-01
6.1400 -.97440E-01 .21478E-01
6.1500 -.96527E-01 .19279E-01
6.1600 -.96435E-01 .16459E-01
6.1700 -.96854E-01 .13150E-01
6.1800 -.97107E-01 .10738E-01
6.1900 -.96435E-01 .47411E-02
6.2000 -.94242E-01 .65876E-04
6.2100 -.90430E-01 -.44556E-02
6.2200 -.85403E-01 -.98752E-02
6.2300 -.79780E-01 -.10703E-01
6.2400 -.74338E-01 -.12536E-01
6.2500 -.69684E-01 -.10908E-01
6.2600 -.66273E-01 -.83413E-02
6.2700 -.64172E-01 -.57765E-02
6.2800 -.63052E-01 -.52284E-02
6.2900 -.62140E-01 -.59270E-02
6.3000 -.60671E-01 -.44806E-02
6.3100 -.58290E-01 -.68541E-02
6.3200 -.55149E-01 -.58868E-02
6.3300 -.51848E-01 -.49525E-02
6.3400 -.48965E-01 -.22329E-02
6.3500 -.46834E-01 -.10709E-02
6.3600 -.45459E-01 .24206E-02
6.3700 -.44649E-01 .77290E-02
6.3800 -.44225E-01 .99821E-02
6.3900 -.44004E-01 .11550E-01
6.4000 -.43926E-01 .13888E-01
6.4100 -.44107E-01 .17974E-01
6.4200 -.44872E-01 .19322E-01
6.4300 -.46537E-01 .23692E-01
6.4400 -.49281E-01 .28975E-01
6.4500 -.53053E-01 .30281E-01
6.4600 -.57437E-01 .30863E-01
6.4700 -.61935E-01 .31978E-01
6.4800 -.66143E-01 .31688E-01
6.4900 -.69939E-01 .29996E-01
6.5000 -.73467E-01 .28171E-01
6.5100 -.76964E-01 .27690E-01
6.5200 -.80576E-01 .23584E-01
6.5300 -.84148E-01 .23313E-01
6.5400 -.87436E-01 .20356E-01
6.5500 -.90155E-01 .15804E-01
6.5600 -.92084E-01 .11932E-01
6.5700 -.93182E-01 .58985E-02
6.5800 -.93458E-01 .96625E-03
6.5900 -.93002E-01 -.24781E-02
6.6000 -.91978E-01 -.75894E-02
6.6100 -.90547E-01 -.98316E-02
6.6200 -.88954E-01 -.15791E-01
6.6300 -.87272E-01 -.18267E-01
6.6400 -.85545E-01 -.19234E-01
6.6500 -.83622E-01 -.23987E-01
6.6600 -.81315E-01 -.27216E-01
6.6700 -.78561E-01 -.26961E-01
6.6800 -.75477E-01 -.30379E-01
6.6900 -.72269E-01 -.31807E-01
6.7000 -.69187E-01 -.31501E-01
6.7100 -.66463E-01 -.33677E-01
6.7200 -.64131E-01 -.33774E-01
6.7300 -.62119E-01 -.32856E-01
6.7400 -.60274E-01 -.33450E-01
6.7500 -.58463E-01 -.33005E-01
6.7600 -.56701E-01 -.33456E-01
6.7700 -.55125E-01 -.34337E-01
6.7800 -.53899E-01 -.32987E-01
6.7900 -.53171E-01 -.34179E-01
6.8000 -.52890E-01 -.35030E-01
6.8100 -.52831E-01 -.36100E-01
6.8200 -.52562E-01 -.40367E-01
6.8300 -.51556E-01 -.41247E-01
6.8400 -.49430E-01 -.45039E-01
6.8500 -.45944E-01 -.49416E-01
6.8600 -.41154E-01 -.51455E-01
6.8700 -.35358E-01 -.52078E-01
6.8800 -.29052E-01 -.53329E-01
6.8900 -.22739E-01 -.53725E-01
6.9000 -.16866E-01 -.49892E-01
6.9100 -.11733E-01 -.45477E-01
6.9200 -.74945E-02 -.44517E-01
6.9300 -.41100E-02 -.38441E-01
6.9400 -.15217E-02 -.34699E-01
6.9500 .40440E-03 -.31108E-01
6.9600 .18394E-02 -.25974E-01
6.9700 .29326E-02 -.23629E-01
6.9800 .39000E-02 -.19184E-01
6.9900 .47983E-02 -.15246E-01
7.0000 .56504E-02 -.11912E-01
7.0100 .63360E-02 -.81356E-02
7.0200 .66832E-02 -.36087E-02
7.0300 .64339E-02 .10719E-02
7.0400 .54488E-02 .48138E-02
7.0500 .36875E-02 .93811E-02
7.0600 .11988E-02 .13689E-01
7.0700 -.19263E-02 .18764E-01
7.0800 -.55463E-02 .21528E-01
7.0900 -.94928E-02 .24591E-01
7.1000 -.13585E-01 .27162E-01
7.1100 -.17662E-01 .26391E-01
7.1200 -.21531E-01 .26882E-01
7.1300 -.25176E-01 .27828E-01
7.1400 -.28580E-01 .26709E-01
7.1500 -.31766E-01 .27552E-01
7.1600 -.34771E-01 .25164E-01
7.1700 -.37566E-01 .25942E-01
7.1800 -.40196E-01 .22752E-01
7.1900 -.42607E-01 .23591E-01
7.2000 -.44846E-01 .18422E-01
7.2100 -.46786E-01 .15797E-01
7.2200 -.48257E-01 .12548E-01
7.2300 -.49059E-01 .79552E-02
7.2400 -.48983E-01 .66295E-02
7.2500 -.47974E-01 .42443E-02
7.2600 -.46132E-01 .10473E-02
7.2700 -.43674E-01 .33487E-03
7.2800 -.40991E-01 -.20565E-02
7.2900 -.38450E-01 -.42740E-03
7.3000 -.36445E-01 .25694E-02
7.3100 -.35290E-01 .20909E-02
7.3200 -.35089E-01 .52055E-02
7.3300 -.35869E-01 .70721E-02
7.3400 -.37490E-01 .99244E-02
7.3500 -.39642E-01 .11705E-01
7.3600 -.42005E-01 .11722E-01
7.3700 -.44257E-01 .11671E-01
7.3800 -.46289E-01 .10848E-01
7.3900 -.48144E-01 .11944E-01
7.4000 -.50056E-01 .87498E-02
7.4100 -.52149E-01 .97179E-02
7.4200 -.54469E-01 .93521E-02
7.4300 -.56875E-01 .74291E-02
7.4400 -.59026E-01 .30233E-02
7.4500 -.60581E-01 -.78303E-03
7.4600 -.61299E-01 -.23071E-02
7.4700 -.61161E-01 -.55130E-02
7.4800 -.60299E-01 -.11058E-01
7.4900 -.58959E-01 -.13049E-01
7.5000 -.57436E-01 -.16345E-01
7.5100 -.55946E-01 -.16483E-01
7.5200 -.54578E-01 -.15216E-01
7.5300 -.53337E-01 -.18843E-01
7.5400 -.52056E-01 -.20396E-01
7.5500 -.50588E-01 -.22160E-01
7.5600 -.48842E-01 -.25547E-01
7.5700 -.46744E-01 -.25804E-01
7.5800 -.44365E-01 -.25497E-01
7.5900 -.41885E-01 -.26294E-01
7.6000 -.39475E-01 -.28785E-01
7.6100 -.37254E-01 -.27559E-01
7.6200 -.35295E-01 -.25313E-01
7.6300 -.33573E-01 -.23845E-01
7.6400 -.31990E-01 -.22942E-01
7.6500 -.30411E-01 -.20468E-01
7.6600 -.28836E-01 -.22391E-01
7.6700 -.27281E-01 -.21062E-01
7.6800 -.25945E-01 -.20396E-01
7.6900 -.25059E-01 -.14124E-01
7.7000 -.24858E-01 -.13385E-01
7.7100 -.25398E-01 -.10485E-01
7.7200 -.26618E-01 -.62989E-02
7.7300 -.28402E-01 -.66834E-02
7.7400 -.30569E-01 -.30593E-02
7.7500 -.33020E-01 -.22020E-02
7.7600 -.35675E-01 -.17959E-02
7.7700 -.38434E-01 -.31682E-02
7.7800 -.41192E-01 -.48399E-02
7.7900 -.43763E-01 -.57264E-02
7.8000 -.46001E-01 -.73705E-02
7.8100 -.47735E-01 -.92974E-02
7.8200 -.48838E-01 -.12511E-01
7.8300 -.49328E-01 -.14849E-01
7.8400 -.49203E-01 -.16614E-01
7.8500 -.48611E-01 -.18679E-01
7.8600 -.47674E-01 -.19823E-01
7.8700 -.46502E-01 -.23102E-01
7.8800 -.45222E-01 -.25139E-01
7.8900 -.43888E-01 -.27272E-01
7.9000 -.42530E-01 -.28252E-01
7.9100 -.41167E-01 -.27212E-01
7.9200 -.39824E-01 -.26056E-01
7.9300 -.38560E-01 -.25867E-01
7.9400 -.37423E-01 -.29271E-01
7.9500 -.36436E-01 -.27393E-01
7.9600 -.35678E-01 -.28568E-01
7.9700 -.35139E-01 -.28248E-01
7.9800 -.34817E-01 -.25649E-01
7.9900 -.34681E-01 -.28119E-01
8.0000 -.34641E-01 -.28590E-01
8.0100 -.34623E-01 -.27864E-01
8.0200 -.34564E-01 -.26930E-01
8.0300 -.34365E-01 -.29355E-01
8.0400 -.33919E-01 -.28571E-01
8.0500 -.33180E-01 -.30806E-01
8.0600 -.32155E-01 -.31947E-01
8.0700 -.30902E-01 -.34764E-01
8.0800 -.29536E-01 -.32532E-01
8.0900 -.28168E-01 -.33417E-01
8.1000 -.26803E-01 -.32567E-01
8.1100 -.25436E-01 -.35238E-01
8.1200 -.23991E-01 -.32655E-01
8.1300 -.22549E-01 -.34725E-01
8.1400 -.21212E-01 -.33110E-01
8.1500 -.20120E-01 -.30806E-01
8.1600 -.19407E-01 -.31308E-01
8.1700 -.19060E-01 -.32042E-01
8.1800 -.19000E-01 -.29291E-01
8.1900 -.19145E-01 -.29675E-01
8.2000 -.19349E-01 -.27474E-01
8.2100 -.19550E-01 -.31067E-01
8.2200 -.19579E-01 -.28800E-01
8.2300 -.19364E-01 -.30509E-01
8.2400 -.18813E-01 -.28985E-01
8.2500 -.17947E-01 -.29744E-01
8.2600 -.16823E-01 -.30975E-01
8.2700 -.15534E-01 -.30878E-01
8.2800 -.14193E-01 -.30614E-01
8.2900 -.12876E-01 -.30766E-01
8.3000 -.11637E-01 -.28967E-01
8.3100 -.10553E-01 -.27321E-01
8.3200 -.96860E-02 -.23260E-01
8.3300 -.91221E-02 -.24909E-01
8.3400 -.88833E-02 -.20904E-01
8.3500 -.90105E-02 -.21767E-01
8.3600 -.94401E-02 -.20071E-01
8.3700 -.10116E-01 -.17724E-01
8.3800 -.11006E-01 -.17736E-01
8.3900 -.12010E-01 -.18116E-01
8.4000 -.13042E-01 -.17747E-01
8.4100 -.14052E-01 -.17536E-01
8.4200 -.14944E-01 -.15252E-01
8.4300 -.15738E-01 -.14995E-01
8.4400 -.16441E-01 -.16852E-01
8.4500 -.17059E-01 -.16004E-01
8.4600 -.17676E-01 -.18663E-01
8.4700 -.18253E-01 -.17564E-01
8.4800 -.18830E-01 -.18465E-01
8.4900 -.19328E-01 -.18527E-01
8.5000 -.19694E-01 -.18259E-01
8.5100 -.19926E-01 -.21678E-01
8.5200 -.19998E-01 -.19804E-01
8.5300 -.19994E-01 -.21620E-01
8.5400 -.19899E-01 -.21426E-01
8.5500 -.19750E-01 -.20810E-01
8.5600 -.19540E-01 -.22654E-01
8.5700 -.19245E-01 -.24771E-01
8.5800 -.18843E-01 -.24983E-01
8.5900 -.18343E-01 -.25861E-01
8.6000 -.17694E-01 -.25402E-01
8.6100 -.16912E-01 -.26648E-01
8.6200 -.15945E-01 -.27461E-01
8.6300 -.14804E-01 -.28645E-01
8.6400 -.13443E-01 -.28809E-01
8.6500 -.11910E-01 -.29733E-01
8.6600 -.10241E-01 -.28318E-01
8.6700 -.85950E-02 -.28372E-01
8.6800 -.71282E-02 -.27237E-01
8.6900 -.60271E-02 -.26361E-01
8.7000 -.54343E-02 -.25385E-01
8.7100 -.54058E-02 -.20099E-01
8.7200 -.59518E-02 -.19641E-01
8.7300 -.69467E-02 -.18608E-01
8.7400 -.81764E-02 -.18585E-01
8.7500 -.94275E-02 -.16686E-01
8.7600 -.10550E-01 -.17684E-01
8.7700 -.11368E-01 -.16521E-01
8.7800 -.11859E-01 -.17741E-01
8.7900 -.11962E-01 -.19755E-01
8.8000 -.11668E-01 -.19220E-01
8.8100 -.11039E-01 -.22427E-01
8.8200 -.10090E-01 -.22060E-01
8.8300 -.89383E-02 -.22937E-01
8.8400 -.76877E-02 -.24307E-01
8.8500 -.64334E-02 -.24561E-01
8.8600 -.52045E-02 -.25174E-01
8.8700 -.40561E-02 -.22130E-01
8.8800 -.30692E-02 -.23732E-01
8.8900 -.22339E-02 -.19747E-01
8.9000 -.16619E-02 -.20978E-01
8.9100 -.13179E-02 -.21354E-01
8.9200 -.12090E-02 -.17308E-01
8.9300 -.13313E-02 -.15022E-01
8.9400 -.16354E-02 -.14971E-01
8.9500 -.20802E-02 -.12998E-01
8.9600 -.26612E-02 -.14577E-01
8.9700 -.33495E-02 -.12145E-01
8.9800 -.41491E-02 -.11146E-01
8.9900 -.50542E-02 -.11032E-01
9.0000 -.60140E-02 -.92673E-02
9.0100 -.70268E-02 -.11367E-01
9.0200 -.80406E-02 -.11496E-01
9.0300 -.90319E-02 -.10915E-01
9.0400 -.99559E-02 -.11247E-01
9.0500 -.10791E-01 -.10814E-01
9.0600 -.11505E-01 -.14423E-01
9.0700 -.12076E-01 -.13678E-01
9.0800 -.12473E-01 -.12593E-01
9.0900 -.12751E-01 -.10620E-01
9.1000 -.12929E-01 -.12462E-01
9.1100 -.13004E-01 -.14200E-01
9.1200 -.13018E-01 -.14876E-01
9.1300 -.12996E-01 -.17359E-01
9.1400 -.12944E-01 -.18569E-01
9.1500 -.12859E-01 -.18526E-01
9.1600 -.12708E-01 -.17115E-01
9.1700 -.12474E-01 -.18295E-01
9.1800 -.12082E-01 -.19109E-01
9.1900 -.11570E-01 -.19370E-01
9.2000 -.10934E-01 -.19625E-01
9.2100 -.10209E-01 -.20624E-01
9.2200 -.94842E-02 -.21617E-01
9.2300 -.88191E-02 -.20531E-01
9.2400 -.83091E-02 -.21194E-01
9.2500 -.79627E-02 -.21371E-01
9.2600 -.77723E-02 -.19945E-01
9.2700 -.76716E-02 -.17906E-01
9.2800 -.75735E-02 -.20250E-01
9.2900 -.73735E-02 -.19621E-01
9.3000 -.70513E-02 -.20831E-01
9.3100 -.66256E-02 -.21292E-01
9.3200 -.61157E-02 -.20047E-01
9.3300 -.56339E-02 -.18831E-01
9.3400 -.52153E-02 -.17545E-01
9.3500 -.49055E-02 -.18671E-01
9.3600 -.46849E-02 -.18188E-01
9.3700 -.45612E-02 -.19206E-01
9.3800 -.44780E-02 -.20378E-01
9.3900 -.44188E-02 -.19616E-01
9.4000 -.43640E-02 -.19703E-01
9.4100 -.42870E-02 -.19742E-01
9.4200 -.41709E-02 -.19248E-01
9.4300 -.40003E-02 -.19466E-01
9.4400 -.37535E-02 -.16601E-01
9.4500 -.34822E-02 -.17370E-01
9.4600 -.31629E-02 -.16215E-01
9.4700 -.28679E-02 -.21223E-01
9.4800 -.25390E-02 -.21120E-01
9.4900 -.22321E-02 -.20465E-01
9.5000 -.19342E-02 -.19292E-01
9.5100 -.16546E-02 -.17005E-01
9.5200 -.13400E-02 -.17508E-01
9.5300 -.10149E-02 -.20039E-01
9.5400 -.59974E-03 -.18336E-01
9.5500 -.15926E-03 -.18097E-01
9.5600 .29191E-03 -.17158E-01
9.5700 .71075E-03 -.17312E-01
9.5800 .10961E-02 -.18124E-01
9.5900 .14465E-02 -.18682E-01
9.6000 .17779E-02 -.18023E-01
9.6100 .21133E-02 -.17426E-01
9.6200 .24340E-02 -.13561E-01
9.6300 .26665E-02 -.14092E-01
9.6400 .28062E-02 -.15322E-01
9.6500 .27969E-02 -.13635E-01
9.6600 .26242E-02 -.11353E-01
9.6700 .22803E-02 -.12281E-01
9.6800 .18481E-02 -.11503E-01
9.6900 .13732E-02 -.11193E-01
9.7000 .94181E-03 -.11693E-01
9.7100 .62186E-03 -.99402E-02
9.7200 .41735E-03 -.12521E-01
9.7300 .36527E-03 -.12349E-01
9.7400 .44786E-03 -.10730E-01
9.7500 .59915E-03 -.92315E-02
9.7600 .74052E-03 -.11858E-01
9.7700 .82813E-03 -.10809E-01
9.7800 .85941E-03 -.10060E-01
9.7900 .76502E-03 -.94375E-02
9.8000 .58993E-03 -.89112E-02
9.8100 .32096E-03 -.89488E-02
9.8200 -.13465E-05 -.10298E-01
9.8300 -.33549E-03 -.81436E-02
9.8400 -.70578E-03 -.64139E-02
9.8500 -.10958E-02 -.85805E-02
9.8600 -.14871E-02 -.96498E-02
9.8700 -.18683E-02 -.10795E-01
9.8800 -.22003E-02 -.84016E-02
9.8900 -.24883E-02 -.12306E-01
9.9000 -.26664E-02 -.81794E-02
9.9100 -.27660E-02 -.90502E-02
9.9200 -.27640E-02 -.98702E-02
9.9300 -.26767E-02 -.99738E-02
9.9400 -.25353E-02 -.10644E-01
9.9500 -.23629E-02 -.10837E-01
9.9600 -.21774E-02 -.10081E-01
9.9700 -.20376E-02 -.11581E-01
9.9800 -.19352E-02 -.10578E-01
9.9900 -.19184E-02 -.11796E-01
10.0000 -.19517E-02 -.11105E-01
10.0100 -.20252E-02 -.75139E-02
10.0200 -.21480E-02 -.10531E-01
10.0300 -.22284E-02 -.92462E-02
10.0400 -.22712E-02 -.10299E-01
10.0500 -.22323E-02 -.10789E-01
10.0600 -.21034E-02 -.11669E-01
10.0700 -.18679E-02 -.11020E-01
10.0800 -.15562E-02 -.11532E-01
10.0900 -.12181E-02 -.12914E-01
10.1000 -.84919E-03 -.12694E-01
10.1100 -.52477E-03 -.14386E-01
10.1200 -.21346E-03 -.12233E-01
10.1300 .65135E-04 -.11202E-01
10.1400 .31087E-03 -.12193E-01
10.1500 .56469E-03 -.11044E-01
10.1600 .82663E-03 -.10074E-01
10.1700 .11170E-02 -.88530E-02
10.1800 .14167E-02 -.91931E-02
10.1900 .17433E-02 -.96961E-02
10.2000 .20363E-02 -.12275E-01
10.2100 .23021E-02 -.11417E-01
10.2200 .25174E-02 -.10596E-01
10.2300 .26663E-02 -.11419E-01
10.2400 .27748E-02 -.93756E-02
10.2500 .28552E-02 -.89497E-02
10.2600 .29179E-02 -.92279E-02
10.2700 .29866E-02 -.74612E-02
10.2800 .30113E-02 -.86950E-02
10.2900 .30018E-02 -.62960E-02
10.3000 .28979E-02 -.67728E-02
10.3100 .27032E-02 -.70541E-02
10.3200 .24175E-02 -.68414E-02
10.3300 .20546E-02 -.63987E-02
10.3400 .16392E-02 -.50215E-02
10.3500 .11993E-02 -.50359E-02
10.3600 .73368E-03 -.34564E-02
10.3700 .25936E-03 -.38241E-02
10.3800 -.21905E-03 -.43721E-02
10.3900 -.68983E-03 -.50050E-02
10.4000 -.11193E-02 -.29148E-02
10.4100 -.15481E-02 -.37581E-02
10.4200 -.19424E-02 -.54949E-02
10.4300 -.22984E-02 -.48107E-02
10.4400 -.26590E-02 -.47730E-02
10.4500 -.29884E-02 -.31454E-02
10.4600 -.33385E-02 -.42958E-02
10.4700 -.36733E-02 -.43230E-02
10.4800 -.39993E-02 -.37179E-02
10.4900 -.43139E-02 -.63883E-02
10.5000 -.45959E-02 -.44617E-02
10.5100 -.48512E-02 -.71573E-02
10.5200 -.50478E-02 -.72815E-02
10.5300 -.51405E-02 -.59098E-02
10.5400 -.51405E-02 -.68734E-02
10.5500 -.49891E-02 -.55771E-02
10.5600 -.47254E-02 -.88330E-02
10.5700 -.43431E-02 -.96033E-02
10.5800 -.39198E-02 -.11387E-01
10.5900 -.34731E-02 -.97762E-02
10.6000 -.30652E-02 -.84780E-02
10.6100 -.27395E-02 -.11103E-01
10.6200 -.24609E-02 -.82947E-02
10.6300 -.22477E-02 -.77497E-02
10.6400 -.20812E-02 -.96127E-02
10.6500 -.19255E-02 -.94181E-02
10.6600 -.17809E-02 -.10434E-01
10.6700 -.16526E-02 -.84234E-02
10.6800 -.15460E-02 -.82326E-02
10.6900 -.14661E-02 -.10988E-01
10.7000 -.13826E-02 -.91500E-02
10.7100 -.13015E-02 -.84462E-02
10.7200 -.12243E-02 -.81591E-02
10.7300 -.11376E-02 -.81148E-02
10.7400 -.10370E-02 -.90119E-02
10.7500 -.91866E-03 -.73405E-02
10.7600 -.81855E-03 -.81362E-02
10.7700 -.70712E-03 -.73491E-02
10.7800 -.64096E-03 -.10262E-01
10.7900 -.55633E-03 -.87704E-02
10.8000 -.46030E-03 -.53486E-02
10.8100 -.39399E-03 -.94932E-02
10.8200 -.30233E-03 -.80090E-02
10.8300 -.20960E-03 -.75925E-02
10.8400 -.15427E-03 -.79216E-02
10.8500 -.12941E-03 -.84780E-02
10.8600 -.12107E-03 -.66095E-02
10.8700 -.16873E-03 -.60565E-02
10.8800 -.23308E-03 -.60576E-02
10.8900 -.31405E-03 -.69445E-02
10.9000 -.39975E-03 -.69406E-02
10.9100 -.49591E-03 -.68882E-02
10.9200 -.59040E-03 -.61915E-02
10.9300 -.69041E-03 -.60447E-02
10.9400 -.79856E-03 -.71608E-02
10.9500 -.90952E-03 -.54389E-02
10.9600 -.10275E-02 -.70557E-02
10.9700 -.11320E-02 -.37724E-02
10.9800 -.12824E-02 -.65156E-02
10.9900 -.14214E-02 -.60059E-02
11.0000 -.15844E-02 -.53461E-02
11.0100 -.17760E-02 -.80690E-02
11.0200 -.19436E-02 -.27746E-02
11.0300 -.21361E-02 -.55880E-02
11.0400 -.22896E-02 -.62155E-02
11.0500 -.23999E-02 -.71156E-02
11.0600 -.24579E-02 -.67506E-02
11.0700 -.24570E-02 -.55339E-02
11.0800 -.24298E-02 -.52999E-02
11.0900 -.23607E-02 -.43235E-02
11.1000 -.22854E-02 -.59478E-02
11.1100 -.21618E-02 -.77770E-02
11.1200 -.20028E-02 -.72113E-02
11.1300 -.18312E-02 -.65918E-02
11.1400 -.16631E-02 -.76091E-02
11.1500 -.15090E-02 -.82705E-02
11.1600 -.13862E-02 -.95492E-02
11.1700 -.12863E-02 -.73022E-02
11.1800 -.12397E-02 -.76913E-02
11.1900 -.12253E-02 -.49945E-02
11.2000 -.12722E-02 -.50249E-02
11.2100 -.13841E-02 -.51508E-02
11.2200 -.15678E-02 -.61095E-02
11.2300 -.17957E-02 -.70056E-02
11.2400 -.20664E-02 -.80116E-02
11.2500 -.23537E-02 -.52606E-02
11.2600 -.26307E-02 -.55918E-02
11.2700 -.28960E-02 -.53556E-02
11.2800 -.31193E-02 -.37907E-02
11.2900 -.33216E-02 -.49020E-02
11.3000 -.34910E-02 -.58363E-02
11.3100 -.36100E-02 -.77627E-02
11.3200 -.36826E-02 -.90534E-02
11.3300 -.36785E-02 -.86894E-02
11.3400 -.35880E-02 -.74674E-02
11.3500 -.34357E-02 -.92945E-02
11.3600 -.31862E-02 -.77071E-02
11.3700 -.28777E-02 -.93253E-02
11.3800 -.24928E-02 -.94775E-02
11.3900 -.20834E-02 -.94490E-02
11.4000 -.16495E-02 -.95716E-02
11.4100 -.12150E-02 -.97239E-02
11.4200 -.81159E-03 -.10356E-01
11.4300 -.42662E-03 -.82900E-02
11.4400 -.10857E-03 -.12559E-01
11.4500 .17720E-03 -.10210E-01
11.4600 .41876E-03 -.96534E-02
11.4700 .61556E-03 -.60462E-02
11.4800 .76134E-03 -.63461E-02
11.4900 .85415E-03 -.69233E-02
11.5000 .91242E-03 -.63432E-02
11.5100 .92203E-03 -.75178E-02
11.5200 .90639E-03 -.91418E-02
11.5300 .88196E-03 -.69101E-02
11.5400 .85224E-03 -.71819E-02
11.5500 .82625E-03 -.85705E-02
11.5600 .81995E-03 -.84821E-02
11.5700 .83295E-03 -.71587E-02
11.5800 .85922E-03 -.78300E-02
11.5900 .90681E-03 -.75599E-02
11.6000 .97383E-03 -.56340E-02
11.6100 .10499E-02 -.72618E-02
11.6200 .11305E-02 -.48035E-02
11.6300 .12075E-02 -.35235E-02
11.6400 .12738E-02 -.52314E-02
11.6500 .13269E-02 -.59802E-02
11.6600 .13770E-02 -.64012E-02
11.6700 .13988E-02 -.98542E-02
11.6800 .14361E-02 -.40876E-02
11.6900 .14221E-02 -.60036E-02
11.7000 .13791E-02 -.67130E-02
11.7100 .13320E-02 -.74514E-02
11.7200 .12610E-02 -.56653E-02
11.7300 .11901E-02 -.49518E-02
11.7400 .11271E-02 -.33738E-02
11.7500 .10563E-02 -.61124E-02
11.7600 .10061E-02 -.45017E-02
11.7700 .96957E-03 -.55753E-02
11.7800 .94837E-03 -.62825E-02
11.7900 .94383E-03 -.55005E-02
11.8000 .95107E-03 -.47575E-02
11.8100 .96688E-03 -.52217E-02
11.8200 .99711E-03 -.67491E-02
11.8300 .10368E-02 -.60970E-02
11.8400 .11019E-02 -.31959E-02
11.8500 .11377E-02 -.54940E-02
11.8600 .11893E-02 -.62837E-02
11.8700 .12270E-02 -.50186E-02
11.8800 .12622E-02 -.47657E-02
11.8900 .12607E-02 -.89540E-02
11.9000 .12641E-02 -.44590E-02
11.9100 .12515E-02 -.31080E-02
11.9200 .12051E-02 -.41503E-02
11.9300 .11387E-02 -.24491E-02
11.9400 .10558E-02 -.18607E-02
11.9500 .95499E-03 -.44779E-02
11.9600 .86648E-03 -.31821E-02
11.9700 .75669E-03 -.43130E-02
11.9800 .67676E-03 -.46133E-02
11.9900 .60353E-03 -.49993E-02
12.0000 .53647E-03 -.53051E-02
