   0.020  0.49678E-07  0.76834E-06  0.97546E-07
   0.040  0.46403E-08  0.10789E-06  0.25584E-07
   0.060  0.50675E-09  0.21396E-07  0.76912E-08
   0.080  0.54234E-09  0.11589E-07  0.32682E-08
   0.100  0.10258E-09  0.70062E-08  0.99227E-08
   0.120  0.45871E-10  0.27788E-09  0.26793E-08
   0.140  0.24545E-09  0.70017E-09  0.27306E-08
   0.160  0.25075E-09  0.21048E-09  0.78282E-09
   0.180  0.89794E-11  0.51100E-09  0.11322E-08
   0.200  0.13932E-10  0.45602E-10  0.15400E-08
   0.220  0.75948E-10  0.81273E-10  0.49869E-09
   0.240  0.20861E-10  0.82156E-10  0.86095E-09
   0.260  0.33265E-10  0.32341E-09  0.34815E-09
   0.280  0.67329E-11  0.25439E-09  0.27772E-09
   0.300  0.40709E-10  0.17848E-09  0.62664E-09
   0.320  0.24631E-10  0.26120E-09  0.36930E-09
   0.340  0.18944E-10  0.62591E-10  0.23850E-09
   0.360  0.38492E-10  0.10673E-09  0.12630E-09
   0.380  0.21389E-10  0.75405E-10  0.18724E-09
   0.400  0.19745E-10  0.11840E-09  0.23513E-09
   0.420  0.14759E-10  0.95765E-10  0.16062E-09
   0.440  0.75590E-11  0.68941E-11  0.16232E-09
   0.460  0.13859E-10  0.46419E-10  0.23341E-09
   0.480  0.11845E-10  0.34572E-10  0.14037E-09
   0.500  0.10858E-10  0.21353E-10  0.15101E-09
   0.520  0.68448E-11  0.22406E-10  0.17186E-09
   0.540  0.75273E-11  0.17111E-10  0.13462E-09
   0.560  0.89474E-11  0.54458E-10  0.14726E-09
   0.580  0.65212E-11  0.50085E-10  0.11022E-09
   0.600  0.54982E-11  0.12056E-10  0.11277E-09
   0.620  0.77841E-11  0.35105E-10  0.76826E-10
   0.640  0.46349E-11  0.11004E-10  0.98122E-10
   0.660  0.56378E-11  0.12600E-10  0.63884E-10
   0.680  0.67251E-11  0.26317E-10  0.81231E-10
   0.700  0.54213E-11  0.20714E-10  0.10040E-09
   0.720  0.39952E-11  0.34243E-10  0.77008E-10
   0.740  0.56831E-11  0.18229E-10  0.65569E-10
   0.760  0.48886E-11  0.70320E-11  0.46233E-10
   0.780  0.40582E-11  0.13598E-10  0.67208E-10
   0.800  0.44913E-11  0.12714E-11  0.67670E-10
   0.820  0.49037E-11  0.12236E-10  0.51543E-10
   0.840  0.35560E-11  0.17268E-10  0.56820E-10
   0.860  0.42787E-11  0.80436E-11  0.52260E-10
   0.880  0.34971E-11  0.77483E-11  0.58448E-10
   0.900  0.33609E-11  0.52398E-11  0.51090E-10
   0.920  0.32759E-11  0.43873E-11  0.41483E-10
   0.940  0.28089E-11  0.88337E-11  0.47505E-10
   0.960  0.23860E-11  0.63530E-11  0.44973E-10
   0.980  0.20663E-11  0.14267E-10  0.55179E-10
   1.000  0.22926E-11  0.10169E-10  0.33321E-10
   1.020  0.23921E-11  0.29473E-11  0.44048E-10
   1.040  0.23249E-11  0.88083E-11  0.35889E-10
   1.060  0.18858E-11  0.48893E-11  0.36543E-10
   1.080  0.20702E-11  0.50687E-11  0.37434E-10
   1.100  0.19720E-11  0.84477E-11  0.35164E-10
   1.120  0.22112E-11  0.57913E-11  0.33508E-10
   1.140  0.22762E-11  0.85523E-11  0.32526E-10
   1.160  0.21461E-11  0.22726E-11  0.30182E-10
   1.180  0.16866E-11  0.57967E-11  0.28210E-10
   1.200  0.20850E-11  0.46020E-11  0.27757E-10
   1.220  0.24195E-11  0.40446E-11  0.30490E-10
   1.240  0.15775E-11  0.75031E-11  0.30272E-10
   1.260  0.20677E-11  0.51616E-11  0.29754E-10
   1.280  0.16454E-11  0.65784E-11  0.24770E-10
   1.300  0.16430E-11  0.32156E-11  0.24765E-10
   1.320  0.13208E-11  0.58455E-11  0.25803E-10
   1.340  0.13670E-11  0.20107E-11  0.21864E-10
   1.360  0.19467E-11  0.77275E-11  0.24809E-10
   1.380  0.14515E-11  0.54176E-11  0.22598E-10
   1.400  0.14525E-11  0.37359E-11  0.24001E-10
   1.420  0.14077E-11  0.63358E-11  0.20284E-10
   1.440  0.10801E-11  0.23021E-11  0.21202E-10
   1.460  0.14228E-11  0.21489E-11  0.24979E-10
   1.480  0.11704E-11  0.39544E-11  0.19969E-10
   1.500  0.11602E-11  0.24007E-11  0.19868E-10
   1.520  0.12071E-11  0.26907E-11  0.19342E-10
   1.540  0.12944E-11  0.38744E-11  0.18922E-10
   1.560  0.12728E-11  0.39504E-11  0.17133E-10
   1.580  0.85283E-12  0.31621E-11  0.19623E-10
   1.600  0.11689E-11  0.19854E-11  0.19272E-10
   1.620  0.10389E-11  0.31487E-11  0.18433E-10
   1.640  0.12193E-11  0.36044E-11  0.17828E-10
   1.660  0.11398E-11  0.33873E-11  0.15759E-10
   1.680  0.97624E-12  0.23921E-11  0.15478E-10
   1.700  0.10569E-11  0.29522E-11  0.16189E-10
   1.720  0.85614E-12  0.31570E-11  0.15756E-10
   1.740  0.93339E-12  0.27704E-11  0.17071E-10
   1.760  0.85462E-12  0.27482E-11  0.16413E-10
   1.780  0.98687E-12  0.28619E-11  0.16836E-10
   1.800  0.10071E-11  0.43103E-11  0.16195E-10
   1.820  0.98071E-12  0.39256E-11  0.12177E-10
   1.840  0.84506E-12  0.25873E-11  0.14365E-10
   1.860  0.88564E-12  0.27244E-11  0.15711E-10
   1.880  0.80741E-12  0.22987E-11  0.14805E-10
   1.900  0.70153E-12  0.34187E-11  0.15068E-10
   1.920  0.64205E-12  0.24378E-11  0.14619E-10
   1.940  0.82344E-12  0.34553E-11  0.12869E-10
   1.960  0.73977E-12  0.27666E-11  0.13083E-10
   1.980  0.84521E-12  0.26990E-11  0.12968E-10
   2.000  0.77797E-12  0.20935E-11  0.12777E-10
   2.020  0.66368E-12  0.15163E-11  0.14052E-10
   2.040  0.69088E-12  0.22161E-11  0.13075E-10
   2.060  0.69118E-12  0.24652E-11  0.11983E-10
   2.080  0.67027E-12  0.27412E-11  0.12695E-10
   2.100  0.65302E-12  0.32647E-11  0.11696E-10
   2.120  0.66320E-12  0.27681E-11  0.11458E-10
   2.140  0.64161E-12  0.25462E-11  0.11862E-10
   2.160  0.64402E-12  0.20592E-11  0.11693E-10
   2.180  0.64731E-12  0.33279E-11  0.11034E-10
   2.200  0.65264E-12  0.16041E-11  0.11790E-10
   2.220  0.64477E-12  0.17376E-11  0.11387E-10
   2.240  0.62745E-12  0.23649E-11  0.10782E-10
   2.260  0.62289E-12  0.19364E-11  0.10102E-10
   2.280  0.61969E-12  0.18525E-11  0.11294E-10
   2.300  0.57927E-12  0.15922E-11  0.11656E-10
   2.320  0.58991E-12  0.25476E-11  0.10541E-10
   2.340  0.58229E-12  0.24119E-11  0.10401E-10
   2.360  0.55742E-12  0.18507E-11  0.10643E-10
   2.380  0.59122E-12  0.16995E-11  0.11062E-10
   2.400  0.52806E-12  0.20496E-11  0.10550E-10
   2.420  0.51569E-12  0.20577E-11  0.10369E-10
   2.440  0.46392E-12  0.16345E-11  0.10963E-10
   2.460  0.55518E-12  0.20476E-11  0.99327E-11
   2.480  0.49435E-12  0.16573E-11  0.10655E-10
   2.500  0.54063E-12  0.25105E-11  0.10594E-10
   2.520  0.49760E-12  0.22856E-11  0.10175E-10
   2.540  0.51759E-12  0.21228E-11  0.99882E-11
   2.560  0.51735E-12  0.23019E-11  0.10075E-10
   2.580  0.50158E-12  0.20099E-11  0.10249E-10
   2.600  0.52680E-12  0.17844E-11  0.95137E-11
   2.620  0.54094E-12  0.24020E-11  0.98943E-11
   2.640  0.46733E-12  0.17869E-11  0.10572E-10
   2.660  0.49852E-12  0.23007E-11  0.99060E-11
   2.680  0.48483E-12  0.20547E-11  0.98570E-11
   2.700  0.48133E-12  0.20418E-11  0.91909E-11
   2.720  0.48090E-12  0.22185E-11  0.97073E-11
   2.740  0.49609E-12  0.16465E-11  0.98590E-11
   2.760  0.47182E-12  0.23337E-11  0.96447E-11
   2.780  0.46814E-12  0.20378E-11  0.91069E-11
   2.800  0.49592E-12  0.16112E-11  0.93431E-11
   2.820  0.44286E-12  0.20466E-11  0.90912E-11
   2.840  0.44047E-12  0.16649E-11  0.95176E-11
   2.860  0.45406E-12  0.16842E-11  0.89779E-11
   2.880  0.41061E-12  0.20602E-11  0.79906E-11
   2.900  0.44868E-12  0.18836E-11  0.85388E-11
   2.920  0.45015E-12  0.19191E-11  0.84152E-11
   2.940  0.43708E-12  0.16957E-11  0.80567E-11
   2.960  0.45980E-12  0.19381E-11  0.72902E-11
   2.980  0.42598E-12  0.21728E-11  0.72399E-11
   3.000  0.42598E-12  0.20507E-11  0.71480E-11
   3.020  0.44205E-12  0.23632E-11  0.70411E-11
   3.040  0.43586E-12  0.24961E-11  0.68969E-11
   3.060  0.46770E-12  0.25268E-11  0.65541E-11
   3.080  0.44336E-12  0.28043E-11  0.66842E-11
   3.100  0.45144E-12  0.30331E-11  0.58669E-11
   3.120  0.46364E-12  0.32311E-11  0.56932E-11
   3.140  0.47236E-12  0.35646E-11  0.59461E-11
   3.160  0.46535E-12  0.36470E-11  0.58570E-11
   3.180  0.47043E-12  0.35940E-11  0.61383E-11
   3.200  0.48680E-12  0.42603E-11  0.57545E-11
   3.220  0.48087E-12  0.40486E-11  0.60491E-11
   3.240  0.51912E-12  0.42710E-11  0.63359E-11
   3.260  0.49533E-12  0.43057E-11  0.68076E-11
   3.280  0.51970E-12  0.43528E-11  0.70530E-11
   3.300  0.51973E-12  0.43942E-11  0.70075E-11
   3.320  0.51584E-12  0.42127E-11  0.75739E-11
   3.340  0.51856E-12  0.41334E-11  0.79978E-11
   3.360  0.52376E-12  0.39309E-11  0.78827E-11
   3.380  0.52490E-12  0.37167E-11  0.76729E-11
   3.400  0.52895E-12  0.35488E-11  0.77906E-11
   3.420  0.52481E-12  0.34203E-11  0.81408E-11
   3.440  0.52513E-12  0.35027E-11  0.84538E-11
   3.460  0.52980E-12  0.36618E-11  0.90193E-11
   3.480  0.53208E-12  0.40572E-11  0.93681E-11
   3.500  0.53109E-12  0.45202E-11  0.10235E-10
   3.520  0.53987E-12  0.50310E-11  0.10177E-10
   3.540  0.54242E-12  0.55254E-11  0.98332E-11
   3.560  0.54544E-12  0.59430E-11  0.86667E-11
   3.580  0.56363E-12  0.62913E-11  0.79830E-11
   3.600  0.57974E-12  0.65820E-11  0.77452E-11
   3.620  0.58745E-12  0.68146E-11  0.84765E-11
   3.640  0.58963E-12  0.67317E-11  0.10355E-10
   3.660  0.61806E-12  0.67134E-11  0.13118E-10
   3.680  0.66670E-12  0.63843E-11  0.16135E-10
   3.700  0.68873E-12  0.63814E-11  0.19168E-10
   3.720  0.71801E-12  0.60121E-11  0.21681E-10
   3.740  0.75943E-12  0.55589E-11  0.23695E-10
   3.760  0.80999E-12  0.54293E-11  0.25181E-10
   3.780  0.86146E-12  0.49030E-11  0.25484E-10
   3.800  0.89900E-12  0.46695E-11  0.25491E-10
   3.820  0.91491E-12  0.41957E-11  0.24453E-10
   3.840  0.92517E-12  0.41632E-11  0.23045E-10
   3.860  0.93858E-12  0.42483E-11  0.21230E-10
   3.880  0.93333E-12  0.43812E-11  0.19354E-10
   3.900  0.94620E-12  0.45504E-11  0.17811E-10
   3.920  0.94585E-12  0.46497E-11  0.16655E-10
   3.940  0.96762E-12  0.47785E-11  0.16644E-10
   3.960  0.10021E-11  0.50591E-11  0.17118E-10
   3.980  0.10469E-11  0.51511E-11  0.18234E-10
   4.000  0.11006E-11  0.55410E-11  0.19524E-10
   4.020  0.11547E-11  0.57451E-11  0.20745E-10
   4.040  0.12097E-11  0.62587E-11  0.22050E-10
   4.060  0.12633E-11  0.65895E-11  0.23128E-10
   4.080  0.13175E-11  0.70316E-11  0.24004E-10
   4.100  0.13726E-11  0.74735E-11  0.24663E-10
   4.120  0.14333E-11  0.79133E-11  0.25601E-10
   4.140  0.15033E-11  0.84320E-11  0.26255E-10
   4.160  0.15861E-11  0.89302E-11  0.26820E-10
   4.180  0.16760E-11  0.94360E-11  0.28141E-10
   4.200  0.17699E-11  0.99344E-11  0.29293E-10
   4.220  0.18677E-11  0.10442E-10  0.30328E-10
   4.240  0.19474E-11  0.10839E-10  0.31488E-10
   4.260  0.20174E-11  0.11194E-10  0.32690E-10
   4.280  0.20686E-11  0.11389E-10  0.33303E-10
   4.300  0.20879E-11  0.11397E-10  0.33538E-10
   4.320  0.20802E-11  0.11327E-10  0.33555E-10
   4.340  0.20513E-11  0.11205E-10  0.33181E-10
   4.360  0.20128E-11  0.10909E-10  0.32631E-10
   4.380  0.19618E-11  0.10541E-10  0.32234E-10
   4.400  0.19017E-11  0.10008E-10  0.31755E-10
   4.420  0.18447E-11  0.94213E-11  0.31702E-10
   4.440  0.18015E-11  0.91596E-11  0.31899E-10
   4.460  0.17621E-11  0.89349E-11  0.32538E-10
   4.480  0.17441E-11  0.87376E-11  0.33173E-10
   4.500  0.17504E-11  0.90448E-11  0.33887E-10
   4.520  0.17385E-11  0.91443E-11  0.34675E-10
   4.540  0.17121E-11  0.93145E-11  0.34998E-10
   4.560  0.16872E-11  0.94281E-11  0.35183E-10
   4.580  0.16385E-11  0.93329E-11  0.34566E-10
   4.600  0.15954E-11  0.93259E-11  0.33764E-10
   4.620  0.15431E-11  0.89505E-11  0.32817E-10
   4.640  0.14826E-11  0.86465E-11  0.31725E-10
   4.660  0.14313E-11  0.82545E-11  0.30689E-10
   4.680  0.13765E-11  0.77099E-11  0.29498E-10
   4.700  0.13274E-11  0.70169E-11  0.28601E-10
   4.720  0.12720E-11  0.61503E-11  0.27631E-10
   4.740  0.12226E-11  0.54724E-11  0.26547E-10
   4.760  0.11818E-11  0.51168E-11  0.25752E-10
   4.780  0.11520E-11  0.50067E-11  0.25068E-10
   4.800  0.11285E-11  0.53782E-11  0.24791E-10
   4.820  0.11099E-11  0.60209E-11  0.24837E-10
   4.840  0.11080E-11  0.67850E-11  0.24735E-10
   4.860  0.11012E-11  0.74451E-11  0.24660E-10
   4.880  0.10805E-11  0.80722E-11  0.24364E-10
   4.900  0.10424E-11  0.85480E-11  0.23652E-10
   4.920  0.98864E-12  0.87447E-11  0.22553E-10
   4.940  0.92224E-12  0.86930E-11  0.21140E-10
   4.960  0.85070E-12  0.83921E-11  0.19451E-10
   4.980  0.77733E-12  0.78933E-11  0.17795E-10
   5.000  0.71768E-12  0.72063E-11  0.16237E-10
   5.020  0.67420E-12  0.64747E-11  0.15403E-10
   5.040  0.66188E-12  0.56529E-11  0.15377E-10
   5.060  0.66788E-12  0.48764E-11  0.15955E-10
   5.080  0.69422E-12  0.41312E-11  0.17182E-10
   5.100  0.73872E-12  0.37415E-11  0.18911E-10
   5.120  0.78343E-12  0.33119E-11  0.20692E-10
   5.140  0.84446E-12  0.32791E-11  0.22757E-10
   5.160  0.90121E-12  0.36858E-11  0.24576E-10
   5.180  0.95170E-12  0.42110E-11  0.26502E-10
   5.200  0.10045E-11  0.49100E-11  0.28215E-10
   5.220  0.10555E-11  0.57831E-11  0.29597E-10
   5.240  0.10975E-11  0.65738E-11  0.30882E-10
   5.260  0.11313E-11  0.73905E-11  0.31910E-10
   5.280  0.11686E-11  0.81969E-11  0.32664E-10
   5.300  0.12001E-11  0.90733E-11  0.33208E-10
   5.320  0.12322E-11  0.99996E-11  0.33501E-10
   5.340  0.12555E-11  0.10731E-10  0.33672E-10
   5.360  0.12726E-11  0.11203E-10  0.33617E-10
   5.380  0.12788E-11  0.11761E-10  0.33373E-10
   5.400  0.12723E-11  0.12008E-10  0.32893E-10
   5.420  0.12611E-11  0.12106E-10  0.32169E-10
   5.440  0.12370E-11  0.11997E-10  0.31204E-10
   5.460  0.12046E-11  0.11715E-10  0.30037E-10
   5.480  0.11641E-11  0.11232E-10  0.28701E-10
   5.500  0.11157E-11  0.10472E-10  0.27194E-10
   5.520  0.10637E-11  0.96142E-11  0.25626E-10
   5.540  0.10077E-11  0.85590E-11  0.24043E-10
   5.560  0.94849E-12  0.73271E-11  0.22549E-10
   5.580  0.88620E-12  0.59948E-11  0.21021E-10
   5.600  0.82053E-12  0.46658E-11  0.19676E-10
   5.620  0.75422E-12  0.33265E-11  0.18403E-10
   5.640  0.68956E-12  0.19579E-11  0.17177E-10
   5.660  0.63023E-12  0.95351E-12  0.16040E-10
   5.680  0.57895E-12  0.13066E-11  0.15047E-10
   5.700  0.54108E-12  0.24604E-11  0.14171E-10
   5.720  0.51795E-12  0.35589E-11  0.13481E-10
   5.740  0.51209E-12  0.46787E-11  0.13007E-10
   5.760  0.52438E-12  0.58559E-11  0.12639E-10
   5.780  0.55186E-12  0.69671E-11  0.12518E-10
   5.800  0.59120E-12  0.79266E-11  0.12415E-10
   5.820  0.63668E-12  0.88222E-11  0.12477E-10
   5.840  0.68384E-12  0.97998E-11  0.12628E-10
   5.860  0.72586E-12  0.10511E-10  0.12674E-10
   5.880  0.76169E-12  0.11040E-10  0.12757E-10
   5.900  0.78788E-12  0.11539E-10  0.12822E-10
   5.920  0.80486E-12  0.11874E-10  0.12755E-10
   5.940  0.81190E-12  0.12087E-10  0.12721E-10
   5.960  0.80837E-12  0.12220E-10  0.12571E-10
   5.980  0.79818E-12  0.12209E-10  0.12268E-10
   6.000  0.77820E-12  0.12200E-10  0.11990E-10
   6.020  0.75441E-12  0.12134E-10  0.11655E-10
   6.040  0.72496E-12  0.11983E-10  0.11244E-10
   6.060  0.68973E-12  0.11857E-10  0.10745E-10
   6.080  0.64951E-12  0.11721E-10  0.10239E-10
   6.100  0.61003E-12  0.11597E-10  0.96196E-11
   6.120  0.57089E-12  0.11443E-10  0.89696E-11
   6.140  0.53256E-12  0.11257E-10  0.81642E-11
   6.160  0.49363E-12  0.10999E-10  0.73614E-11
   6.180  0.45835E-12  0.10707E-10  0.64189E-11
   6.200  0.42506E-12  0.10328E-10  0.54664E-11
   6.220  0.39776E-12  0.98598E-11  0.46161E-11
   6.240  0.37329E-12  0.93623E-11  0.37995E-11
   6.260  0.35209E-12  0.88149E-11  0.29094E-11
   6.280  0.33625E-12  0.82228E-11  0.21108E-11
   6.300  0.32273E-12  0.77661E-11  0.14064E-11
   6.320  0.31199E-12  0.71915E-11  0.93287E-12
   6.340  0.30591E-12  0.67307E-11  0.87315E-12
   6.360  0.30453E-12  0.62728E-11  0.13198E-11
   6.380  0.30739E-12  0.58530E-11  0.17647E-11
   6.400  0.31455E-12  0.54945E-11  0.22244E-11
   6.420  0.32712E-12  0.53137E-11  0.26443E-11
   6.440  0.34196E-12  0.52965E-11  0.29929E-11
   6.460  0.35786E-12  0.53146E-11  0.32720E-11
   6.480  0.37504E-12  0.55090E-11  0.35423E-11
   6.500  0.39218E-12  0.56846E-11  0.37550E-11
   6.520  0.41006E-12  0.58510E-11  0.39454E-11
   6.540  0.42929E-12  0.59379E-11  0.41064E-11
   6.560  0.44984E-12  0.59557E-11  0.42452E-11
   6.580  0.47014E-12  0.58589E-11  0.43613E-11
   6.600  0.48931E-12  0.57101E-11  0.44626E-11
   6.620  0.50714E-12  0.55579E-11  0.45380E-11
   6.640  0.52221E-12  0.54481E-11  0.45703E-11
   6.660  0.53571E-12  0.55668E-11  0.45591E-11
   6.680  0.54533E-12  0.58176E-11  0.45735E-11
   6.700  0.55380E-12  0.62651E-11  0.44967E-11
   6.720  0.55941E-12  0.67611E-11  0.44043E-11
   6.740  0.56006E-12  0.72922E-11  0.42338E-11
   6.760  0.55888E-12  0.77684E-11  0.40746E-11
   6.780  0.55132E-12  0.81089E-11  0.39407E-11
   6.800  0.54025E-12  0.82920E-11  0.37582E-11
   6.820  0.52605E-12  0.84977E-11  0.36496E-11
   6.840  0.50325E-12  0.84405E-11  0.35657E-11
   6.860  0.47886E-12  0.83212E-11  0.35908E-11
   6.880  0.44800E-12  0.80412E-11  0.36661E-11
   6.900  0.41823E-12  0.76647E-11  0.37618E-11
   6.920  0.38863E-12  0.72969E-11  0.38109E-11
   6.940  0.35803E-12  0.69441E-11  0.38469E-11
   6.960  0.33482E-12  0.67829E-11  0.38356E-11
   6.980  0.32108E-12  0.67008E-11  0.38408E-11
   7.000  0.31273E-12  0.68105E-11  0.38631E-11
   7.020  0.31491E-12  0.69943E-11  0.38538E-11
   7.040  0.31977E-12  0.72144E-11  0.38819E-11
   7.060  0.32504E-12  0.73773E-11  0.39736E-11
   7.080  0.32652E-12  0.75959E-11  0.40538E-11
   7.100  0.33153E-12  0.77127E-11  0.41589E-11
   7.120  0.33326E-12  0.79010E-11  0.42903E-11
   7.140  0.33477E-12  0.81997E-11  0.43917E-11
   7.160  0.33474E-12  0.84971E-11  0.45341E-11
   7.180  0.33351E-12  0.88448E-11  0.46373E-11
   7.200  0.33475E-12  0.93590E-11  0.46816E-11
   7.220  0.33599E-12  0.97182E-11  0.47860E-11
   7.240  0.34001E-12  0.10209E-10  0.47749E-11
   7.260  0.34748E-12  0.10620E-10  0.47082E-11
   7.280  0.35424E-12  0.11261E-10  0.45756E-11
   7.300  0.36505E-12  0.11910E-10  0.43845E-11
   7.320  0.37600E-12  0.12509E-10  0.41015E-11
   7.340  0.38363E-12  0.12986E-10  0.38461E-11
   7.360  0.39128E-12  0.13425E-10  0.35554E-11
   7.380  0.39385E-12  0.13652E-10  0.32279E-11
   7.400  0.39250E-12  0.13857E-10  0.29433E-11
   7.420  0.38568E-12  0.14050E-10  0.26917E-11
   7.440  0.38091E-12  0.14277E-10  0.25028E-11
   7.460  0.37419E-12  0.14436E-10  0.23063E-11
   7.480  0.36571E-12  0.14526E-10  0.22234E-11
   7.500  0.36109E-12  0.14573E-10  0.22254E-11
   7.520  0.35519E-12  0.14728E-10  0.23110E-11
   7.540  0.35507E-12  0.14829E-10  0.24864E-11
   7.560  0.35905E-12  0.14760E-10  0.26726E-11
   7.580  0.36649E-12  0.14826E-10  0.29329E-11
   7.600  0.37103E-12  0.14842E-10  0.31333E-11
   7.620  0.37735E-12  0.14863E-10  0.33452E-11
   7.640  0.38143E-12  0.14878E-10  0.35030E-11
   7.660  0.38348E-12  0.14714E-10  0.36613E-11
   7.680  0.38881E-12  0.14596E-10  0.37132E-11
   7.700  0.38650E-12  0.14285E-10  0.37627E-11
   7.720  0.38038E-12  0.13889E-10  0.37537E-11
   7.740  0.36830E-12  0.13217E-10  0.37484E-11
   7.760  0.35421E-12  0.12422E-10  0.37479E-11
   7.780  0.33524E-12  0.11419E-10  0.37260E-11
   7.800  0.31378E-12  0.10266E-10  0.36834E-11
   7.820  0.29305E-12  0.90536E-11  0.36570E-11
   7.840  0.27118E-12  0.79216E-11  0.35788E-11
   7.860  0.25201E-12  0.69974E-11  0.35239E-11
   7.880  0.23611E-12  0.63318E-11  0.34253E-11
   7.900  0.22807E-12  0.59446E-11  0.33354E-11
   7.920  0.22368E-12  0.57341E-11  0.32049E-11
   7.940  0.22032E-12  0.56104E-11  0.30987E-11
   7.960  0.22653E-12  0.54543E-11  0.29414E-11
   7.980  0.23293E-12  0.52460E-11  0.28161E-11
   8.000  0.24389E-12  0.49598E-11  0.26610E-11
   8.020  0.25456E-12  0.45606E-11  0.25469E-11
   8.040  0.26214E-12  0.40867E-11  0.24127E-11
   8.060  0.27322E-12  0.36202E-11  0.23059E-11
   8.080  0.27993E-12  0.32038E-11  0.22199E-11
   8.100  0.28582E-12  0.29792E-11  0.21522E-11
   8.120  0.29089E-12  0.30377E-11  0.20774E-11
   8.140  0.29279E-12  0.33872E-11  0.20823E-11
   8.160  0.29279E-12  0.39186E-11  0.21178E-11
   8.180  0.28907E-12  0.45096E-11  0.22616E-11
   8.200  0.28208E-12  0.50659E-11  0.24570E-11
   8.220  0.27135E-12  0.55210E-11  0.26608E-11
   8.240  0.25998E-12  0.58631E-11  0.28673E-11
   8.260  0.24721E-12  0.61006E-11  0.30802E-11
   8.280  0.23282E-12  0.62096E-11  0.32317E-11
   8.300  0.21930E-12  0.62229E-11  0.33924E-11
   8.320  0.20394E-12  0.61749E-11  0.35100E-11
   8.340  0.18741E-12  0.60595E-11  0.36670E-11
   8.360  0.16979E-12  0.59158E-11  0.37898E-11
   8.380  0.15140E-12  0.57502E-11  0.39513E-11
   8.400  0.13432E-12  0.55666E-11  0.41086E-11
   8.420  0.12024E-12  0.53725E-11  0.42670E-11
   8.440  0.11106E-12  0.51481E-11  0.44112E-11
   8.460  0.10814E-12  0.48926E-11  0.45068E-11
   8.480  0.10890E-12  0.46474E-11  0.45510E-11
   8.500  0.11359E-12  0.43521E-11  0.45179E-11
   8.520  0.11889E-12  0.40908E-11  0.44378E-11
   8.540  0.12538E-12  0.37846E-11  0.43188E-11
   8.560  0.13275E-12  0.34506E-11  0.41813E-11
   8.580  0.13970E-12  0.30932E-11  0.40367E-11
   8.600  0.14776E-12  0.26701E-11  0.39050E-11
   8.620  0.15469E-12  0.21855E-11  0.37911E-11
   8.640  0.16138E-12  0.16550E-11  0.37069E-11
   8.660  0.16730E-12  0.11576E-11  0.36466E-11
   8.680  0.17222E-12  0.72868E-12  0.35901E-11
   8.700  0.17646E-12  0.66394E-12  0.35578E-11
   8.720  0.18007E-12  0.10156E-11  0.35154E-11
   8.740  0.18221E-12  0.14773E-11  0.34561E-11
   8.760  0.18184E-12  0.19195E-11  0.33860E-11
   8.780  0.17898E-12  0.23084E-11  0.32677E-11
   8.800  0.17466E-12  0.26281E-11  0.31381E-11
   8.820  0.16851E-12  0.28844E-11  0.29600E-11
   8.840  0.16175E-12  0.30884E-11  0.27873E-11
   8.860  0.15535E-12  0.32366E-11  0.26181E-11
   8.880  0.14928E-12  0.33773E-11  0.24386E-11
   8.900  0.14731E-12  0.35286E-11  0.22497E-11
   8.920  0.14898E-12  0.36473E-11  0.20771E-11
   8.940  0.15166E-12  0.37106E-11  0.18968E-11
   8.960  0.15560E-12  0.37178E-11  0.17137E-11
   8.980  0.15728E-12  0.36808E-11  0.15371E-11
   9.000  0.15695E-12  0.35638E-11  0.13597E-11
   9.020  0.15599E-12  0.33841E-11  0.11749E-11
   9.040  0.15570E-12  0.31752E-11  0.10076E-11
   9.060  0.15393E-12  0.29532E-11  0.84372E-12
   9.080  0.15253E-12  0.27094E-11  0.71194E-12
   9.100  0.15078E-12  0.24730E-11  0.59525E-12
   9.120  0.14913E-12  0.22546E-11  0.54581E-12
   9.140  0.14633E-12  0.20683E-11  0.53123E-12
   9.160  0.14298E-12  0.19229E-11  0.57104E-12
   9.180  0.13900E-12  0.18478E-11  0.65619E-12
   9.200  0.13555E-12  0.18389E-11  0.77423E-12
   9.220  0.13129E-12  0.18612E-11  0.89093E-12
   9.240  0.12813E-12  0.19170E-11  0.10106E-11
   9.260  0.12479E-12  0.20341E-11  0.11528E-11
   9.280  0.12074E-12  0.21099E-11  0.12653E-11
   9.300  0.11887E-12  0.21952E-11  0.13939E-11
   9.320  0.11624E-12  0.22545E-11  0.15113E-11
   9.340  0.11434E-12  0.22950E-11  0.16267E-11
   9.360  0.10993E-12  0.23065E-11  0.17427E-11
   9.380  0.10561E-12  0.23039E-11  0.18423E-11
   9.400  0.98810E-13  0.22970E-11  0.19375E-11
   9.420  0.92385E-13  0.22989E-11  0.20033E-11
   9.440  0.81014E-13  0.23090E-11  0.20499E-11
   9.460  0.70141E-13  0.23397E-11  0.20917E-11
   9.480  0.56914E-13  0.23731E-11  0.21189E-11
   9.500  0.43576E-13  0.24230E-11  0.21323E-11
   9.520  0.33674E-13  0.24716E-11  0.21378E-11
   9.540  0.30696E-13  0.25288E-11  0.21304E-11
   9.560  0.37153E-13  0.25806E-11  0.21115E-11
   9.580  0.47011E-13  0.26028E-11  0.20842E-11
   9.600  0.59244E-13  0.26038E-11  0.20484E-11
   9.620  0.71078E-13  0.25776E-11  0.20019E-11
   9.640  0.82947E-13  0.25294E-11  0.19362E-11
   9.660  0.94674E-13  0.24566E-11  0.18470E-11
   9.680  0.10576E-12  0.23787E-11  0.17340E-11
   9.700  0.11602E-12  0.22534E-11  0.16037E-11
   9.720  0.12518E-12  0.21247E-11  0.14792E-11
   9.740  0.13314E-12  0.19771E-11  0.13608E-11
   9.760  0.14083E-12  0.18147E-11  0.12599E-11
   9.780  0.14678E-12  0.16444E-11  0.11758E-11
   9.800  0.15214E-12  0.14742E-11  0.11118E-11
   9.820  0.15745E-12  0.13048E-11  0.10779E-11
   9.840  0.16151E-12  0.11293E-11  0.10707E-11
   9.860  0.16637E-12  0.94208E-12  0.10937E-11
   9.880  0.17091E-12  0.75622E-12  0.11460E-11
   9.900  0.17399E-12  0.56553E-12  0.12162E-11
   9.920  0.17726E-12  0.37421E-12  0.12854E-11
   9.940  0.17872E-12  0.18105E-12  0.13520E-11
   9.960  0.18005E-12  0.11657E-12  0.13949E-11
   9.980  0.17898E-12  0.26018E-12  0.14200E-11
  10.000  0.17682E-12  0.43697E-12  0.14313E-11
  10.020  0.17305E-12  0.59681E-12  0.14203E-11
  10.040  0.16526E-12  0.73316E-12  0.14009E-11
  10.060  0.15653E-12  0.84555E-12  0.13731E-11
  10.080  0.14745E-12  0.93712E-12  0.13290E-11
  10.100  0.13838E-12  0.98266E-12  0.12935E-11
  10.120  0.12865E-12  0.10049E-11  0.12742E-11
  10.140  0.11929E-12  0.95546E-12  0.12777E-11
  10.160  0.11046E-12  0.88931E-12  0.12998E-11
  10.180  0.10041E-12  0.79129E-12  0.13533E-11
  10.200  0.89077E-13  0.68790E-12  0.14130E-11
  10.220  0.77320E-13  0.63720E-12  0.14657E-11
  10.240  0.67858E-13  0.63931E-12  0.14730E-11
  10.260  0.62677E-13  0.70082E-12  0.14599E-11
  10.280  0.61666E-13  0.79374E-12  0.14051E-11
  10.300  0.63957E-13  0.89594E-12  0.13446E-11
  10.320  0.68332E-13  0.96871E-12  0.12526E-11
  10.340  0.70660E-13  0.10257E-11  0.11806E-11
  10.360  0.71485E-13  0.10259E-11  0.11261E-11
  10.380  0.68848E-13  0.10018E-11  0.10758E-11
  10.400  0.64209E-13  0.94169E-12  0.10425E-11
  10.420  0.56896E-13  0.88558E-12  0.10150E-11
  10.440  0.48594E-13  0.82890E-12  0.98983E-12
  10.460  0.40787E-13  0.80149E-12  0.96067E-12
  10.480  0.36552E-13  0.80210E-12  0.92977E-12
  10.500  0.38279E-13  0.79491E-12  0.89606E-12
  10.520  0.45066E-13  0.80447E-12  0.85955E-12
  10.540  0.55916E-13  0.77676E-12  0.82385E-12
  10.560  0.66908E-13  0.73044E-12  0.78233E-12
  10.580  0.76705E-13  0.67871E-12  0.75140E-12
  10.600  0.85465E-13  0.60955E-12  0.71506E-12
  10.620  0.92588E-13  0.54006E-12  0.68631E-12
  10.640  0.98586E-13  0.47553E-12  0.65850E-12
  10.660  0.10438E-12  0.41604E-12  0.63423E-12
  10.680  0.11001E-12  0.36086E-12  0.61146E-12
  10.700  0.11448E-12  0.31618E-12  0.59986E-12
  10.720  0.11934E-12  0.26476E-12  0.57730E-12
  10.740  0.12217E-12  0.22363E-12  0.54993E-12
  10.760  0.12514E-12  0.19201E-12  0.50395E-12
  10.780  0.12742E-12  0.21182E-12  0.44664E-12
  10.800  0.12720E-12  0.27408E-12  0.38380E-12
  10.820  0.12576E-12  0.38035E-12  0.32954E-12
  10.840  0.12358E-12  0.46948E-12  0.30743E-12
  10.860  0.12003E-12  0.55137E-12  0.32041E-12
  10.880  0.11671E-12  0.60654E-12  0.36888E-12
  10.900  0.11273E-12  0.63298E-12  0.42578E-12
  10.920  0.11050E-12  0.62275E-12  0.47915E-12
  10.940  0.11056E-12  0.58426E-12  0.51092E-12
  10.960  0.11067E-12  0.52887E-12  0.53521E-12
  10.980  0.11165E-12  0.46272E-12  0.54346E-12
  11.000  0.11337E-12  0.38744E-12  0.53183E-12
  11.020  0.11313E-12  0.31009E-12  0.51058E-12
  11.040  0.11261E-12  0.23631E-12  0.48007E-12
  11.060  0.11030E-12  0.17839E-12  0.44055E-12
  11.080  0.10603E-12  0.16189E-12  0.40736E-12
  11.100  0.10032E-12  0.20613E-12  0.37895E-12
  11.120  0.93814E-13  0.27979E-12  0.35561E-12
  11.140  0.85182E-13  0.35406E-12  0.34482E-12
  11.160  0.76098E-13  0.42388E-12  0.34307E-12
  11.180  0.66436E-13  0.48707E-12  0.35306E-12
  11.200  0.56858E-13  0.52282E-12  0.36761E-12
  11.220  0.47802E-13  0.54866E-12  0.38405E-12
  11.240  0.39664E-13  0.55266E-12  0.40377E-12
  11.260  0.33098E-13  0.53999E-12  0.41673E-12
  11.280  0.29135E-13  0.51788E-12  0.42687E-12
  11.300  0.28625E-13  0.48997E-12  0.43331E-12
  11.320  0.31375E-13  0.46261E-12  0.43083E-12
  11.340  0.36237E-13  0.43865E-12  0.42268E-12
  11.360  0.41734E-13  0.41699E-12  0.40751E-12
  11.380  0.46995E-13  0.39619E-12  0.38333E-12
  11.400  0.51123E-13  0.37323E-12  0.35692E-12
  11.420  0.53664E-13  0.34825E-12  0.33561E-12
  11.440  0.54767E-13  0.32006E-12  0.32900E-12
  11.460  0.53118E-13  0.28790E-12  0.34682E-12
  11.480  0.49567E-13  0.26242E-12  0.37657E-12
  11.500  0.44225E-13  0.23432E-12  0.40610E-12
  11.520  0.38079E-13  0.21459E-12  0.42791E-12
  11.540  0.31742E-13  0.19597E-12  0.44387E-12
  11.560  0.26410E-13  0.18633E-12  0.44496E-12
  11.580  0.23787E-13  0.18203E-12  0.43522E-12
  11.600  0.24362E-13  0.17724E-12  0.41429E-12
  11.620  0.26437E-13  0.17400E-12  0.38297E-12
  11.640  0.29440E-13  0.16822E-12  0.34319E-12
  11.660  0.31156E-13  0.16296E-12  0.29941E-12
  11.680  0.31933E-13  0.15591E-12  0.25320E-12
  11.700  0.32688E-13  0.15012E-12  0.21371E-12
  11.720  0.33459E-13  0.14404E-12  0.18130E-12
  11.740  0.34379E-13  0.13692E-12  0.15811E-12
  11.760  0.35253E-13  0.13059E-12  0.14807E-12
  11.780  0.36437E-13  0.12795E-12  0.14478E-12
  11.800  0.36613E-13  0.13141E-12  0.14469E-12
  11.820  0.36302E-13  0.14237E-12  0.14445E-12
  11.840  0.34431E-13  0.15688E-12  0.14226E-12
  11.860  0.33268E-13  0.16912E-12  0.13785E-12
  11.880  0.31471E-13  0.17806E-12  0.12890E-12
  11.900  0.30213E-13  0.18076E-12  0.11750E-12
  11.920  0.29268E-13  0.17866E-12  0.10080E-12
  11.940  0.28804E-13  0.17257E-12  0.80764E-13
  11.960  0.28494E-13  0.16635E-12  0.57242E-13
  11.980  0.29728E-13  0.15947E-12  0.33746E-13
  12.000  0.30394E-13  0.15442E-12  0.10707E-13
