1.00000000000000e-02	9.60984712539943e+24
2.00000000000000e-02	3.84390099498187e+25
3.00000000000000e-02	8.64850796775466e+25
4.00000000000000e-02	1.53741173813858e+26
5.00000000000000e-02	2.40206550058068e+26
6.00000000000000e-02	3.45874739760720e+26
7.00000000000000e-02	4.70758790893626e+26
8.00000000000000e-02	6.14752944737757e+26
9.00000000000000e-02	7.78019390126766e+26
1.00000000000000e-01	9.60439870392218e+26
1.10000000000000e-01	1.16201381955424e+27
1.20000000000000e-01	1.38262807341468e+27
1.30000000000000e-01	1.62243093610601e+27
1.40000000000000e-01	1.88127903757456e+27
1.50000000000000e-01	2.15933550695233e+27
1.60000000000000e-01	2.45641713528500e+27
1.70000000000000e-01	2.77254565996816e+27
1.80000000000000e-01	3.10761690331185e+27
1.90000000000000e-01	3.46191301077235e+27
2.00000000000000e-01	3.83480989343306e+27
2.10000000000000e-01	4.22690030109348e+27
2.20000000000000e-01	4.63779601552087e+27
2.30000000000000e-01	5.06756976984773e+27
2.40000000000000e-01	5.51625854363976e+27
2.50000000000000e-01	5.98347028936759e+27
2.60000000000000e-01	6.47011757680268e+27
2.70000000000000e-01	6.97453467848389e+27
2.80000000000000e-01	7.49835414159304e+27
2.90000000000000e-01	8.04150932987699e+27
3.00000000000000e-01	8.60168104792184e+27
3.10000000000000e-01	9.18181418603463e+27
3.20000000000000e-01	9.77936986858929e+27
3.30000000000000e-01	1.03962149851095e+28
3.40000000000000e-01	1.10316964024907e+28
3.50000000000000e-01	1.16850037414713e+28
3.60000000000000e-01	1.23558402236708e+28
3.70000000000000e-01	1.30461010559763e+28
3.80000000000000e-01	1.37546458509110e+28
3.90000000000000e-01	1.44806588931743e+28
4.00000000000000e-01	1.52249828852973e+28
4.10000000000000e-01	1.59884367156386e+28
4.20000000000000e-01	1.67680074638197e+28
4.30000000000000e-01	1.75656968894748e+28
4.40000000000000e-01	1.83824667580572e+28
4.50000000000000e-01	1.92158346138628e+28
4.60000000000000e-01	2.00685201005722e+28
4.70000000000000e-01	2.09362357437515e+28
4.80000000000000e-01	2.18235125952266e+28
4.90000000000000e-01	2.27277684935195e+28
5.00000000000000e-01	2.36485901226080e+28
5.10000000000000e-01	2.45877677348338e+28
5.20000000000000e-01	2.55449760753906e+28
5.30000000000000e-01	2.65153921554702e+28
5.40000000000000e-01	2.75074425320659e+28
5.50000000000000e-01	2.85123141742731e+28
5.60000000000000e-01	2.95375030538998e+28
5.70000000000000e-01	3.05757609745015e+28
5.80000000000000e-01	3.16331972531252e+28
5.90000000000000e-01	3.27065622773183e+28
6.00000000000000e-01	3.37948550210968e+28
6.10000000000000e-01	3.49027662697097e+28
6.20000000000000e-01	3.60231299259654e+28
6.30000000000000e-01	3.71587825004228e+28
6.40000000000000e-01	3.83136039731248e+28
6.50000000000000e-01	3.94830641935351e+28
6.60000000000000e-01	4.06691733007620e+28
6.70000000000000e-01	4.18664594675974e+28
6.80000000000000e-01	4.30794640626859e+28
6.90000000000000e-01	4.43137087862325e+28
7.00000000000000e-01	4.55562695781264e+28
7.10000000000000e-01	4.68172102156449e+28
7.20000000000000e-01	4.80941200469756e+28
7.30000000000000e-01	4.93826849154942e+28
7.40000000000000e-01	5.06851525038965e+28
7.50000000000000e-01	5.20013011382589e+28
7.60000000000000e-01	5.33329410080537e+28
7.70000000000000e-01	5.46766570488682e+28
7.80000000000000e-01	5.60342569679249e+28
7.90000000000000e-01	5.74063668399667e+28
8.00000000000000e-01	5.87885248678329e+28
8.10000000000000e-01	6.01877205596880e+28
8.20000000000000e-01	6.15981565262959e+28
8.30000000000000e-01	6.30171419100974e+28
8.40000000000000e-01	6.44545490983947e+28
8.50000000000000e-01	6.58977170635987e+28
8.60000000000000e-01	6.73567951686855e+28
8.70000000000000e-01	6.88251333170170e+28
8.80000000000000e-01	7.03014432718727e+28
8.90000000000000e-01	7.17926198204987e+28
9.00000000000000e-01	7.32965899422137e+28
9.10000000000000e-01	7.48046041800161e+28
9.20000000000000e-01	7.63251429336907e+28
9.30000000000000e-01	7.78534448250382e+28
9.40000000000000e-01	7.93987581154304e+28
9.50000000000000e-01	8.09437278999392e+28
9.60000000000000e-01	8.24949163497663e+28
9.70000000000000e-01	8.40665393222741e+28
9.80000000000000e-01	8.56341338736520e+28
9.90000000000000e-01	8.72149156687042e+28
1.00000000000000e+00	8.88009929998382e+28
1.01000000000000e+00	9.03940504454810e+28
1.02000000000000e+00	9.19936910867661e+28
1.03000000000000e+00	9.35913430467319e+28
1.04000000000000e+00	9.52005707033196e+28
1.05000000000000e+00	9.68159790352008e+28
1.06000000000000e+00	9.84358966761876e+28
1.07000000000000e+00	1.00051659114400e+29
1.08000000000000e+00	1.01674868483630e+29
1.09000000000000e+00	1.03305325025479e+29
1.10000000000000e+00	1.04929651933436e+29
1.11000000000000e+00	1.06559642828628e+29
1.12000000000000e+00	1.08184507510945e+29
1.13000000000000e+00	1.09814819078547e+29
1.14000000000000e+00	1.11444708632989e+29
1.15000000000000e+00	1.13066453713065e+29
1.16000000000000e+00	1.14691956458141e+29
1.17000000000000e+00	1.16312138611858e+29
1.18000000000000e+00	1.17928235347240e+29
1.19000000000000e+00	1.19539088595927e+29
1.20000000000000e+00	1.21148021200728e+29
1.21000000000000e+00	1.22746984742780e+29
1.22000000000000e+00	1.24337039488717e+29
1.23000000000000e+00	1.25917367562636e+29
1.24000000000000e+00	1.27489264292741e+29
1.25000000000000e+00	1.29056672973039e+29
1.26000000000000e+00	1.30599652293206e+29
1.27000000000000e+00	1.32141746955906e+29
1.28000000000000e+00	1.33663473468620e+29
1.29000000000000e+00	1.35172235262267e+29
1.30000000000000e+00	1.36650301873125e+29
1.31000000000000e+00	1.38126297716373e+29
1.32000000000000e+00	1.39571880928464e+29
1.33000000000000e+00	1.41008212118527e+29
1.34000000000000e+00	1.42413611008208e+29
1.35000000000000e+00	1.43781906665744e+29
1.36000000000000e+00	1.45135011267389e+29
1.37000000000000e+00	1.46458658535649e+29
1.38000000000000e+00	1.47750248200421e+29
1.39000000000000e+00	1.49004992885763e+29
1.40000000000000e+00	1.50225497946261e+29
1.41000000000000e+00	1.51400414684744e+29
1.42000000000000e+00	1.52538520220927e+29
1.43000000000000e+00	1.53628081887458e+29
1.44000000000000e+00	1.54674738353797e+29
1.45000000000000e+00	1.55663310435936e+29
1.46000000000000e+00	1.56601022630008e+29
1.47000000000000e+00	1.57476469497709e+29
1.48000000000000e+00	1.58281964712345e+29
1.49000000000000e+00	1.59020318066986e+29
1.50000000000000e+00	1.59681578266522e+29
1.51000000000000e+00	1.60258733950364e+29
1.52000000000000e+00	1.60745543200406e+29
1.53000000000000e+00	1.61137873898343e+29
1.54000000000000e+00	1.61412897741523e+29
1.55000000000000e+00	1.61574446020740e+29
1.56000000000000e+00	1.61605494450062e+29
1.57000000000000e+00	1.61498151847047e+29
1.58000000000000e+00	1.61227731604177e+29
1.59000000000000e+00	1.60777072701555e+29
1.60000000000000e+00	1.60118199567273e+29
1.61000000000000e+00	1.59233627852433e+29
1.62000000000000e+00	1.58072760104606e+29
1.63000000000000e+00	1.56601997596322e+29
1.64000000000000e+00	1.54765618329435e+29
1.65000000000000e+00	1.52539290174434e+29
1.66000000000000e+00	1.49910020387328e+29
1.67000000000000e+00	1.46910036437618e+29
1.68000000000000e+00	1.43593059558687e+29
1.69000000000000e+00	1.40057319175010e+29
1.70000000000000e+00	1.36425968738051e+29
1.71000000000000e+00	1.32851743013936e+29
1.72000000000000e+00	1.29531719731569e+29
1.73000000000000e+00	1.26706066626190e+29
1.74000000000000e+00	1.24695945464875e+29
1.75000000000000e+00	1.23865733066095e+29
1.76000000000000e+00	1.24559653040113e+29
1.77000000000000e+00	1.27106040440127e+29
1.78000000000000e+00	1.31770206506538e+29
1.79000000000000e+00	1.38713426091085e+29
1.80000000000000e+00	1.47929935767292e+29
1.81000000000000e+00	1.59290209435254e+29
1.82000000000000e+00	1.72486205068860e+29
1.83000000000000e+00	1.87156733334683e+29
1.84000000000000e+00	2.02889436036896e+29
1.85000000000000e+00	2.19376708796881e+29
1.86000000000000e+00	2.36333578594258e+29
1.87000000000000e+00	2.53474403540818e+29
1.88000000000000e+00	2.70451615025920e+29
1.89000000000000e+00	2.86850727270637e+29
1.90000000000000e+00	3.02176709443356e+29
1.91000000000000e+00	3.15862647347087e+29
1.92000000000000e+00	3.27315232344441e+29
1.93000000000000e+00	3.35960911445084e+29
1.94000000000000e+00	3.41217859209582e+29
1.95000000000000e+00	3.42617318844220e+29
1.96000000000000e+00	3.39816234600793e+29
1.97000000000000e+00	3.32629337100922e+29
1.98000000000000e+00	3.21065007686845e+29
1.99000000000000e+00	3.05352709777840e+29
2.00000000000000e+00	2.85914446274685e+29
2.01000000000000e+00	2.63320053655016e+29
2.02000000000000e+00	2.38304956475683e+29
2.03000000000000e+00	2.11694223596761e+29
2.04000000000000e+00	1.84351813723486e+29
2.05000000000000e+00	1.57180651035626e+29
2.06000000000000e+00	1.31008267541795e+29
2.07000000000000e+00	1.06568227321336e+29
2.08000000000000e+00	8.44423035348758e+28
2.09000000000000e+00	6.50232762315477e+28
2.10000000000000e+00	4.85020122203019e+28
2.11000000000000e+00	3.48918311675547e+28
2.12000000000000e+00	2.40882364564342e+28
2.13000000000000e+00	1.59588824584998e+28
2.14000000000000e+00	1.04651407863693e+28
2.15000000000000e+00	7.75924869758751e+27
2.16000000000000e+00	8.24213248431062e+27
2.17000000000000e+00	1.25774658712569e+28
2.18000000000000e+00	2.16763629301024e+28
2.19000000000000e+00	3.66991144053407e+28
2.20000000000000e+00	5.90462146087908e+28
2.21000000000000e+00	9.04153136095584e+28
2.22000000000000e+00	1.32863906817720e+29
2.23000000000000e+00	1.88939133237956e+29
2.24000000000000e+00	2.61880546011563e+29
2.25000000000000e+00	3.56041033061622e+29
2.26000000000000e+00	4.77398796975748e+29
2.27000000000000e+00	6.34397694826670e+29
2.28000000000000e+00	8.38999834823949e+29
2.29000000000000e+00	1.10791250006085e+30
2.30000000000000e+00	1.46378329880523e+30
2.31000000000000e+00	1.93587047945328e+30
2.32000000000000e+00	2.55968146205683e+30
2.33000000000000e+00	3.37497317587401e+30
2.34000000000000e+00	4.42152357398124e+30
2.35000000000000e+00	5.73443169061911e+30
2.36000000000000e+00	7.33837499054970e+30
2.37000000000000e+00	9.24451308594099e+30
2.38000000000000e+00	1.14488754793530e+31
2.39000000000000e+00	1.39317320651281e+31
2.40000000000000e+00	1.66595594092592e+31
2.41000000000000e+00	1.95890768297061e+31
2.42000000000000e+00	2.26753276203492e+31
2.43000000000000e+00	2.58796608866915e+31
2.44000000000000e+00	2.91750782135433e+31
2.45000000000000e+00	3.25494139324861e+31
2.46000000000000e+00	3.59967797207831e+31
2.47000000000000e+00	3.95157775414908e+31
2.48000000000000e+00	4.30966345726716e+31
2.49000000000000e+00	4.67192238155345e+31
2.50000000000000e+00	5.03441026140801e+31
2.51000000000000e+00	5.39141850962071e+31
2.52000000000000e+00	5.73549875415730e+31
2.53000000000000e+00	6.05806369122203e+31
2.54000000000000e+00	6.35046023316116e+31
2.55000000000000e+00	6.60515836638406e+31
2.56000000000000e+00	6.81637879111267e+31
2.57000000000000e+00	6.98025680273368e+31
2.58000000000000e+00	7.09437166164443e+31
2.59000000000000e+00	7.15656126459987e+31
2.60000000000000e+00	7.16358878806693e+31
2.61000000000000e+00	7.11128398670633e+31
2.62000000000000e+00	6.99507200658066e+31
2.63000000000000e+00	6.81364761294586e+31
2.64000000000000e+00	6.57377583093345e+31
2.65000000000000e+00	6.29318140134550e+31
2.66000000000000e+00	5.99917127770808e+31
2.67000000000000e+00	5.72193704223232e+31
2.68000000000000e+00	5.48645993883191e+31
2.69000000000000e+00	5.30761329627127e+31
2.70000000000000e+00	5.18890864578397e+31
2.71000000000000e+00	5.12437936814206e+31
2.72000000000000e+00	5.10134777009575e+31
2.73000000000000e+00	5.10352002632197e+31
2.74000000000000e+00	5.11379249645321e+31
2.75000000000000e+00	5.11690282604497e+31
2.76000000000000e+00	5.10116159086926e+31
2.77000000000000e+00	5.05949059468461e+31
2.78000000000000e+00	4.98871041613183e+31
2.79000000000000e+00	4.88886091728778e+31
2.80000000000000e+00	4.76177755823974e+31
2.81000000000000e+00	4.61031745395010e+31
2.82000000000000e+00	4.43775675844662e+31
2.83000000000000e+00	4.24744142752095e+31
2.84000000000000e+00	4.04271687274070e+31
2.85000000000000e+00	3.82680075294877e+31
2.86000000000000e+00	3.60253939593156e+31
2.87000000000000e+00	3.37278737605470e+31
2.88000000000000e+00	3.14005410583221e+31
2.89000000000000e+00	2.90653657110611e+31
2.90000000000000e+00	2.67416828096453e+31
2.91000000000000e+00	2.44480048069905e+31
2.92000000000000e+00	2.22030262819198e+31
2.93000000000000e+00	2.00290523398217e+31
2.94000000000000e+00	1.79527977381958e+31
2.95000000000000e+00	1.60032336116484e+31
2.96000000000000e+00	1.42107369837181e+31
2.97000000000000e+00	1.25992382598640e+31
2.98000000000000e+00	1.11857580384321e+31
2.99000000000000e+00	9.97522236293775e+30
3.00000000000000e+00	8.96313020067348e+30
3.01000000000000e+00	8.13613156090434e+30
3.02000000000000e+00	7.47522655932966e+30
3.03000000000000e+00	6.95923458837996e+30
3.04000000000000e+00	6.56672396758766e+30
3.05000000000000e+00	6.27846699264592e+30
3.06000000000000e+00	6.07876881834529e+30
3.07000000000000e+00	5.95703775124777e+30
3.08000000000000e+00	5.90901379760108e+30
3.09000000000000e+00	5.93642141875494e+30
3.10000000000000e+00	6.04777819466816e+30
3.11000000000000e+00	6.25709381505397e+30
3.12000000000000e+00	6.58234093853824e+30
3.13000000000000e+00	7.04337010360670e+30
3.14000000000000e+00	7.65907485598910e+30
3.15000000000000e+00	8.44360010337695e+30
3.16000000000000e+00	9.40441189433357e+30
3.17000000000000e+00	1.05383294257978e+31
3.18000000000000e+00	1.18304165998594e+31
3.19000000000000e+00	1.32576783872591e+31
3.20000000000000e+00	1.47875860779200e+31
3.21000000000000e+00	1.63850930216471e+31
3.22000000000000e+00	1.80128228413106e+31
3.23000000000000e+00	1.96346159110065e+31
3.24000000000000e+00	2.12158810995238e+31
3.25000000000000e+00	2.27235424508637e+31
3.26000000000000e+00	2.41291179985294e+31
3.27000000000000e+00	2.54075388465274e+31
3.28000000000000e+00	2.65373895557209e+31
3.29000000000000e+00	2.75026322419753e+31
3.30000000000000e+00	2.82907988040778e+31
3.31000000000000e+00	2.88912224722680e+31
3.32000000000000e+00	2.92958753364587e+31
3.33000000000000e+00	2.94955488002831e+31
3.34000000000000e+00	2.94807384729973e+31
3.35000000000000e+00	2.92404676758159e+31
3.36000000000000e+00	2.87651757782887e+31
3.37000000000000e+00	2.80488337473566e+31
3.38000000000000e+00	2.70934191729507e+31
3.39000000000000e+00	2.59113315878240e+31
3.40000000000000e+00	2.45287716686307e+31
3.41000000000000e+00	2.29824625416880e+31
3.42000000000000e+00	2.13203271645004e+31
3.43000000000000e+00	1.95993489142654e+31
3.44000000000000e+00	1.78795344235058e+31
3.45000000000000e+00	1.62226356476953e+31
3.46000000000000e+00	1.46875673885311e+31
3.47000000000000e+00	1.33264386251962e+31
3.48000000000000e+00	1.21824659864106e+31
3.49000000000000e+00	1.12866091201594e+31
3.50000000000000e+00	1.06581670139083e+31
3.51000000000000e+00	1.03042332326397e+31
3.52000000000000e+00	1.02217399718083e+31
3.53000000000000e+00	1.03987038307188e+31
3.54000000000000e+00	1.08184499582451e+31
3.55000000000000e+00	1.14590285833605e+31
3.56000000000000e+00	1.22959512756424e+31
3.57000000000000e+00	1.33017206482134e+31
3.58000000000000e+00	1.44450015711984e+31
3.59000000000000e+00	1.56914294122866e+31
3.60000000000000e+00	1.70039614671039e+31
3.61000000000000e+00	1.83429029577021e+31
3.62000000000000e+00	1.96666424646518e+31
3.63000000000000e+00	2.09316962571298e+31
3.64000000000000e+00	2.20930856493547e+31
3.65000000000000e+00	2.31043797468034e+31
3.66000000000000e+00	2.39213164163753e+31
3.67000000000000e+00	2.45016485515516e+31
3.68000000000000e+00	2.48088398834523e+31
3.69000000000000e+00	2.48152842353949e+31
3.70000000000000e+00	2.45040388680391e+31
3.71000000000000e+00	2.38717905156642e+31
3.72000000000000e+00	2.29311197436298e+31
3.73000000000000e+00	2.17101553572614e+31
3.74000000000000e+00	2.02535626412308e+31
3.75000000000000e+00	1.86184294408038e+31
3.76000000000000e+00	1.68695111139054e+31
3.77000000000000e+00	1.50722636031026e+31
3.78000000000000e+00	1.32869577095894e+31
3.79000000000000e+00	1.15636192986222e+31
3.80000000000000e+00	9.94003387577233e+30
3.81000000000000e+00	8.44164165609658e+30
3.82000000000000e+00	7.08269597890879e+30
3.83000000000000e+00	5.86839867553623e+30
3.84000000000000e+00	4.79704499972367e+30
3.85000000000000e+00	3.86256485983078e+30
3.86000000000000e+00	3.05617541099694e+30
3.87000000000000e+00	2.36777186818615e+30
3.88000000000000e+00	1.78748188719367e+30
3.89000000000000e+00	1.30620814927405e+30
3.90000000000000e+00	9.15535323207656e+29
3.91000000000000e+00	6.08145824511628e+29
3.92000000000000e+00	3.77600636716837e+29
3.93000000000000e+00	2.17698619592248e+29
3.94000000000000e+00	1.22385532484057e+29
3.95000000000000e+00	8.53373040245056e+28
3.96000000000000e+00	9.98978198429090e+28
3.97000000000000e+00	1.59020103282576e+29
3.98000000000000e+00	2.55425858268704e+29
3.99000000000000e+00	3.81907364649628e+29
4.00000000000000e+00	5.31617391067414e+29
4.01000000000000e+00	6.98224358988819e+29
4.02000000000000e+00	8.76281552531450e+29
4.03000000000000e+00	1.06068529559902e+30
4.04000000000000e+00	1.24704975716514e+30
4.05000000000000e+00	1.43134550120510e+30
4.06000000000000e+00	1.60958213167760e+30
4.07000000000000e+00	1.77866795790645e+30
4.08000000000000e+00	1.93587829284112e+30
4.09000000000000e+00	2.07887115275647e+30
4.10000000000000e+00	2.20679348385502e+30
4.11000000000000e+00	2.31927394431920e+30
4.12000000000000e+00	2.41693565672219e+30
4.13000000000000e+00	2.50128311416670e+30
4.14000000000000e+00	2.57407909312817e+30
4.15000000000000e+00	2.63762701929359e+30
4.16000000000000e+00	2.69407754965955e+30
4.17000000000000e+00	2.74543233955738e+30
4.18000000000000e+00	2.79291918175647e+30
4.19000000000000e+00	2.83691563283774e+30
4.20000000000000e+00	2.87671819635468e+30
4.21000000000000e+00	2.91049176454313e+30
4.22000000000000e+00	2.93534297315808e+30
4.23000000000000e+00	2.94779076659945e+30
4.24000000000000e+00	2.94416041593263e+30
4.25000000000000e+00	2.92138799422642e+30
4.26000000000000e+00	2.87735894414938e+30
4.27000000000000e+00	2.81173951866341e+30
4.28000000000000e+00	2.72563695081005e+30
4.29000000000000e+00	2.62200556713717e+30
4.30000000000000e+00	2.50425278892402e+30
4.31000000000000e+00	2.37630371222346e+30
4.32000000000000e+00	2.24104190555554e+30
4.33000000000000e+00	2.10103419643984e+30
4.34000000000000e+00	1.95681811613106e+30
4.35000000000000e+00	1.80901094058385e+30
4.36000000000000e+00	1.65660432743671e+30
4.37000000000000e+00	1.49855088378480e+30
4.38000000000000e+00	1.33464507704058e+30
4.39000000000000e+00	1.16510170975151e+30
4.40000000000000e+00	9.92165643753292e+29
4.41000000000000e+00	8.19745493558490e+29
4.42000000000000e+00	6.54117303148501e+29
4.43000000000000e+00	5.03526973193935e+29
4.44000000000000e+00	3.77902492492989e+29
4.45000000000000e+00	2.87864638884128e+29
4.46000000000000e+00	2.43596303944765e+29
4.47000000000000e+00	2.53662044395029e+29
4.48000000000000e+00	3.24053680191684e+29
4.49000000000000e+00	4.57756273538360e+29
4.50000000000000e+00	6.54780357086072e+29
4.51000000000000e+00	9.13192303631588e+29
4.52000000000000e+00	1.23031002021129e+30
4.53000000000000e+00	1.60404518997346e+30
4.54000000000000e+00	2.03421189464640e+30
4.55000000000000e+00	2.52255866177422e+30
4.56000000000000e+00	3.07247561581885e+30
4.57000000000000e+00	3.68675982276712e+30
4.58000000000000e+00	4.36619962216239e+30
4.59000000000000e+00	5.10634643868953e+30
4.60000000000000e+00	5.89632888809097e+30
4.61000000000000e+00	6.71750999338004e+30
4.62000000000000e+00	7.54399837492729e+30
4.63000000000000e+00	8.34425979275341e+30
4.64000000000000e+00	9.08425055879084e+30
4.65000000000000e+00	9.73110976171473e+30
4.66000000000000e+00	1.02556069286573e+31
4.67000000000000e+00	1.06349279076584e+31
4.68000000000000e+00	1.08549993059381e+31
4.69000000000000e+00	1.09099181751809e+31
4.70000000000000e+00	1.08013078185421e+31
4.71000000000000e+00	1.05418295549147e+31
4.72000000000000e+00	1.01504226332931e+31
4.73000000000000e+00	9.65924046961370e+30
4.74000000000000e+00	9.11898266956223e+30
4.75000000000000e+00	8.57257144970756e+30
4.76000000000000e+00	8.08435326579390e+30
4.77000000000000e+00	7.70108223927554e+30
4.78000000000000e+00	7.46935842016196e+30
4.79000000000000e+00	7.41692356094169e+30
4.80000000000000e+00	7.57141988003842e+30
4.81000000000000e+00	7.94865171462292e+30
4.82000000000000e+00	8.56912692742495e+30
4.83000000000000e+00	9.45467689235542e+30
4.84000000000000e+00	1.06234356174459e+31
4.85000000000000e+00	1.20901701033769e+31
4.86000000000000e+00	1.38536315978329e+31
4.87000000000000e+00	1.58930656363589e+31
4.88000000000000e+00	1.81846028677883e+31
4.89000000000000e+00	2.06817219783076e+31
4.90000000000000e+00	2.34061902713174e+31
4.91000000000000e+00	2.63787867760788e+31
4.92000000000000e+00	2.96998876823430e+31
4.93000000000000e+00	3.35679904655842e+31
4.94000000000000e+00	3.83166818700133e+31
4.95000000000000e+00	4.44397916748663e+31
4.96000000000000e+00	5.27098185583244e+31
4.97000000000000e+00	6.42269291133239e+31
4.98000000000000e+00	8.06405838966039e+31
4.99000000000000e+00	1.04243227473442e+32
5.00000000000000e+00	1.38223775163684e+32
5.01000000000000e+00	1.87060491738861e+32
5.02000000000000e+00	2.56820239403330e+32
5.03000000000000e+00	3.55574154989401e+32
5.04000000000000e+00	4.94372056628449e+32
5.05000000000000e+00	6.87756277008336e+32
5.06000000000000e+00	9.55202312780631e+32
5.07000000000000e+00	1.32208391968231e+33
5.08000000000000e+00	1.82120637510816e+33
5.09000000000000e+00	2.49270533046816e+33
5.10000000000000e+00	3.38302714592414e+33
5.11000000000000e+00	4.53956699654624e+33
5.12000000000000e+00	6.00303079847792e+33
5.13000000000000e+00	7.79433013471099e+33
5.14000000000000e+00	9.90147212392028e+33
5.15000000000000e+00	1.22682202841540e+34
5.16000000000000e+00	1.47956756761504e+34
5.17000000000000e+00	1.73540806026327e+34
5.18000000000000e+00	1.98158898701250e+34
5.19000000000000e+00	2.20908851915770e+34
5.20000000000000e+00	2.41585304724502e+34
5.21000000000000e+00	2.60672724460852e+34
5.22000000000000e+00	2.79031835804158e+34
5.23000000000000e+00	2.97246113393074e+34
5.24000000000000e+00	3.14889504215808e+34
5.25000000000000e+00	3.30171933967905e+34
5.26000000000000e+00	3.40173878126915e+34
5.27000000000000e+00	3.41687326436536e+34
5.28000000000000e+00	3.32440294923857e+34
5.29000000000000e+00	3.12006931505846e+34
5.30000000000000e+00	2.82177925977282e+34
5.31000000000000e+00	2.46456312647336e+34
5.32000000000000e+00	2.09001086301795e+34
5.33000000000000e+00	1.73496973164781e+34
5.34000000000000e+00	1.42318190879822e+34
5.35000000000000e+00	1.16357607552538e+34
5.36000000000000e+00	9.52879246172833e+33
5.37000000000000e+00	7.81420048642724e+33
5.38000000000000e+00	6.38557785556618e+33
5.39000000000000e+00	5.16135411716493e+33
5.40000000000000e+00	4.09643841613644e+33
5.41000000000000e+00	3.17437815942084e+33
5.42000000000000e+00	2.39423168381753e+33
5.43000000000000e+00	1.75601705322758e+33
5.44000000000000e+00	1.25347346172997e+33
5.45000000000000e+00	8.72767639183305e+32
5.46000000000000e+00	5.94350536297985e+32
5.47000000000000e+00	3.96737737305548e+32
5.48000000000000e+00	2.59774654404407e+32
5.49000000000000e+00	1.66466219774580e+32
5.50000000000000e+00	1.03684399941046e+32
5.51000000000000e+00	6.19670129024946e+31
5.52000000000000e+00	3.46924554283564e+31
5.53000000000000e+00	1.74078526993954e+31
5.54000000000000e+00	7.17819917631851e+30
5.55000000000000e+00	2.09508683143211e+30
5.56000000000000e+00	9.10481363545518e+29
5.57000000000000e+00	2.76838787942564e+30
5.58000000000000e+00	7.04989332818377e+30
5.59000000000000e+00	1.32158561885160e+31
5.60000000000000e+00	2.07328962184160e+31
5.61000000000000e+00	2.90277122492018e+31
5.62000000000000e+00	3.74837360146124e+31
5.63000000000000e+00	4.55044175123694e+31
5.64000000000000e+00	5.25614557982029e+31
5.65000000000000e+00	5.82466612571283e+31
5.66000000000000e+00	6.22985793323485e+31
5.67000000000000e+00	6.46057893406738e+31
5.68000000000000e+00	6.52088526165791e+31
5.69000000000000e+00	6.42199726800486e+31
5.70000000000000e+00	6.18356134640040e+31
5.71000000000000e+00	5.82581344765544e+31
5.72000000000000e+00	5.37437887636958e+31
5.73000000000000e+00	4.84793874018626e+31
5.74000000000000e+00	4.26953111181245e+31
5.75000000000000e+00	3.65974969190065e+31
5.76000000000000e+00	3.03532606280298e+31
5.77000000000000e+00	2.42122610454328e+31
5.78000000000000e+00	1.84522355369717e+31
5.79000000000000e+00	1.33653707619099e+31
5.80000000000000e+00	9.34334400246606e+30
5.81000000000000e+00	6.80230845382258e+30
5.82000000000000e+00	6.23564582976069e+30
5.83000000000000e+00	8.12302712772836e+30
5.84000000000000e+00	1.28877110316846e+31
5.85000000000000e+00	2.08212679432738e+31
5.86000000000000e+00	3.20045151107914e+31
5.87000000000000e+00	4.62614437526227e+31
5.88000000000000e+00	6.31440554487959e+31
5.89000000000000e+00	8.19675248645165e+31
5.90000000000000e+00	1.01884677733189e+32
5.91000000000000e+00	1.21993486868158e+32
5.92000000000000e+00	1.41422044837014e+32
5.93000000000000e+00	1.59412843001354e+32
5.94000000000000e+00	1.75356232616207e+32
5.95000000000000e+00	1.88823052868299e+32
5.96000000000000e+00	1.99535759781408e+32
5.97000000000000e+00	2.07328162182651e+32
5.98000000000000e+00	2.12145247813962e+32
5.99000000000000e+00	2.14024262034281e+32
6.00000000000000e+00	2.13044041466324e+32
6.01000000000000e+00	2.09355666365628e+32
6.02000000000000e+00	2.03123413132372e+32
6.03000000000000e+00	1.94596133432506e+32
6.04000000000000e+00	1.84061669008348e+32
6.05000000000000e+00	1.71839396631524e+32
6.06000000000000e+00	1.58323095897004e+32
6.07000000000000e+00	1.43876960417911e+32
6.08000000000000e+00	1.28929902919059e+32
6.09000000000000e+00	1.13901930332794e+32
6.10000000000000e+00	9.92253015660067e+31
6.11000000000000e+00	8.53527572637890e+31
6.12000000000000e+00	7.27304491118939e+31
6.13000000000000e+00	6.18239428227745e+31
6.14000000000000e+00	5.30993740545271e+31
6.15000000000000e+00	4.70019761876127e+31
6.16000000000000e+00	4.39565658892567e+31
6.17000000000000e+00	4.42995688320884e+31
6.18000000000000e+00	4.82615333858753e+31
6.19000000000000e+00	5.59175809639089e+31
6.20000000000000e+00	6.71358794484881e+31
6.21000000000000e+00	8.16071956990964e+31
6.22000000000000e+00	9.88008886201521e+31
6.23000000000000e+00	1.18024720962443e+32
6.24000000000000e+00	1.38434026027606e+32
6.25000000000000e+00	1.59129176438279e+32
6.26000000000000e+00	1.79091810408937e+32
6.27000000000000e+00	1.97327831098398e+32
6.28000000000000e+00	2.12824767964583e+32
6.29000000000000e+00	2.24650740641796e+32
6.30000000000000e+00	2.32017657786960e+32
6.31000000000000e+00	2.34349740444548e+32
6.32000000000000e+00	2.31424950254164e+32
6.33000000000000e+00	2.23424653565414e+32
6.34000000000000e+00	2.10954333243995e+32
6.35000000000000e+00	1.94969565017951e+32
6.36000000000000e+00	1.76692422681851e+32
6.37000000000000e+00	1.57392160242159e+32
6.38000000000000e+00	1.38245423846060e+32
6.39000000000000e+00	1.20205609471597e+32
6.40000000000000e+00	1.03906291755298e+32
6.41000000000000e+00	8.96743983815597e+31
6.42000000000000e+00	7.75456321436102e+31
6.43000000000000e+00	6.73505847884593e+31
6.44000000000000e+00	5.87850021655074e+31
6.45000000000000e+00	5.14996333287270e+31
6.46000000000000e+00	4.51667647643275e+31
6.47000000000000e+00	3.95222399061434e+31
6.48000000000000e+00	3.43977335655092e+31
6.49000000000000e+00	2.97204185671464e+31
6.50000000000000e+00	2.55017372367432e+31
6.51000000000000e+00	2.18114470215974e+31
6.52000000000000e+00	1.87530029409450e+31
6.53000000000000e+00	1.64390875717681e+31
6.54000000000000e+00	1.49719660425014e+31
6.55000000000000e+00	1.44373191941575e+31
6.56000000000000e+00	1.48922229234655e+31
6.57000000000000e+00	1.63632678834188e+31
6.58000000000000e+00	1.88564720258958e+31
6.59000000000000e+00	2.23328640920826e+31
6.60000000000000e+00	2.67243365330207e+31
6.61000000000000e+00	3.19080140441719e+31
6.62000000000000e+00	3.77164579106670e+31
6.63000000000000e+00	4.39094559878086e+31
6.64000000000000e+00	5.01724348699772e+31
6.65000000000000e+00	5.61331649267212e+31
6.66000000000000e+00	6.13684187999834e+31
6.67000000000000e+00	6.54350059943759e+31
6.68000000000000e+00	6.79253554350445e+31
6.69000000000000e+00	6.85410003789773e+31
6.70000000000000e+00	6.71258529714610e+31
6.71000000000000e+00	6.37382201700809e+31
6.72000000000000e+00	5.86576014976930e+31
6.73000000000000e+00	5.23714245966581e+31
6.74000000000000e+00	4.55020421757514e+31
6.75000000000000e+00	3.87307551607046e+31
6.76000000000000e+00	3.27074371278565e+31
6.77000000000000e+00	2.79667729970567e+31
6.78000000000000e+00	2.48893246736450e+31
6.79000000000000e+00	2.36749738326830e+31
6.80000000000000e+00	2.43477249157703e+31
6.81000000000000e+00	2.67731543434591e+31
6.82000000000000e+00	3.06742529537530e+31
6.83000000000000e+00	3.56857720069274e+31
6.84000000000000e+00	4.13578245750911e+31
6.85000000000000e+00	4.72144472089065e+31
6.86000000000000e+00	5.27883014357411e+31
6.87000000000000e+00	5.76542326478679e+31
6.88000000000000e+00	6.14812910053497e+31
6.89000000000000e+00	6.40359762234654e+31
6.90000000000000e+00	6.52207927994755e+31
6.91000000000000e+00	6.50606752883872e+31
6.92000000000000e+00	6.37222797760121e+31
6.93000000000000e+00	6.14813940135160e+31
6.94000000000000e+00	5.87282699233312e+31
6.95000000000000e+00	5.59421555733362e+31
6.96000000000000e+00	5.36757592456303e+31
6.97000000000000e+00	5.25281827298131e+31
6.98000000000000e+00	5.31309793644163e+31
6.99000000000000e+00	5.61187959676921e+31
7.00000000000000e+00	6.21212945764320e+31
7.01000000000000e+00	7.17249269852211e+31
7.02000000000000e+00	8.54741243981149e+31
7.03000000000000e+00	1.03824844098958e+32
7.04000000000000e+00	1.27106272664146e+32
7.05000000000000e+00	1.55496782575068e+32
7.06000000000000e+00	1.88914443908780e+32
7.07000000000000e+00	2.26930129857773e+32
7.08000000000000e+00	2.68704902901571e+32
7.09000000000000e+00	3.12915460086213e+32
7.10000000000000e+00	3.57757367395595e+32
7.11000000000000e+00	4.01023399016038e+32
7.12000000000000e+00	4.40273845940229e+32
7.13000000000000e+00	4.73104885042530e+32
7.14000000000000e+00	4.97344693334923e+32
7.15000000000000e+00	5.11458824419417e+32
7.16000000000000e+00	5.14596404630408e+32
7.17000000000000e+00	5.06767867654560e+32
7.18000000000000e+00	4.88769903709936e+32
7.19000000000000e+00	4.61978274525374e+32
7.20000000000000e+00	4.28175539412608e+32
7.21000000000000e+00	3.89189882269798e+32
7.22000000000000e+00	3.46863556556703e+32
7.23000000000000e+00	3.02906047372778e+32
7.24000000000000e+00	2.58926936443711e+32
7.25000000000000e+00	2.16351744246178e+32
7.26000000000000e+00	1.76630142330178e+32
7.27000000000000e+00	1.40922468796539e+32
7.28000000000000e+00	1.10344303091558e+32
7.29000000000000e+00	8.55759896679967e+31
7.30000000000000e+00	6.69304822023000e+31
7.31000000000000e+00	5.43229650462980e+31
7.32000000000000e+00	4.72727182911915e+31
7.33000000000000e+00	4.51074006710440e+31
7.34000000000000e+00	4.70471133654981e+31
7.35000000000000e+00	5.24638789081578e+31
7.36000000000000e+00	6.10183543577901e+31
7.37000000000000e+00	7.27671641463790e+31
7.38000000000000e+00	8.81201335468186e+31
7.39000000000000e+00	1.07838523152705e+32
7.40000000000000e+00	1.32761939338729e+32
7.41000000000000e+00	1.63596404963041e+32
7.42000000000000e+00	2.00637926272794e+32
7.43000000000000e+00	2.43530911908105e+32
7.44000000000000e+00	2.91167552185114e+32
7.45000000000000e+00	3.41849369397316e+32
7.46000000000000e+00	3.93475529752305e+32
7.47000000000000e+00	4.43760508912757e+32
7.48000000000000e+00	4.90656201834095e+32
7.49000000000000e+00	5.32527372673083e+32
7.50000000000000e+00	5.67952054934320e+32
7.51000000000000e+00	5.95998182812109e+32
7.52000000000000e+00	6.16122705840257e+32
7.53000000000000e+00	6.28095379909325e+32
7.54000000000000e+00	6.32162722151770e+32
7.55000000000000e+00	6.28996739335455e+32
7.56000000000000e+00	6.19786712070620e+32
7.57000000000000e+00	6.05974183457384e+32
7.58000000000000e+00	5.89130787236411e+32
7.59000000000000e+00	5.70819619058789e+32
7.60000000000000e+00	5.52187690233412e+32
7.61000000000000e+00	5.34186101066452e+32
7.62000000000000e+00	5.17220550439368e+32
7.63000000000000e+00	5.01409096661038e+32
7.64000000000000e+00	4.86583086617178e+32
7.65000000000000e+00	4.72450084779635e+32
7.66000000000000e+00	4.58639743920467e+32
7.67000000000000e+00	4.44882826752097e+32
7.68000000000000e+00	4.31126971356182e+32
7.69000000000000e+00	4.17321554322871e+32
7.70000000000000e+00	4.03658239080158e+32
7.71000000000000e+00	3.90361706605239e+32
7.72000000000000e+00	3.77676952043990e+32
7.73000000000000e+00	3.65814324603022e+32
7.74000000000000e+00	3.54902381905339e+32
7.75000000000000e+00	3.44915667553385e+32
7.76000000000000e+00	3.35714711524205e+32
7.77000000000000e+00	3.27036463519361e+32
7.78000000000000e+00	3.18640425491301e+32
7.79000000000000e+00	3.10285637376800e+32
7.80000000000000e+00	3.01908307908940e+32
7.81000000000000e+00	2.93685918262280e+32
7.82000000000000e+00	2.86076539119688e+32
7.83000000000000e+00	2.79838541321686e+32
7.84000000000000e+00	2.75992207064792e+32
7.85000000000000e+00	2.75715649058199e+32
7.86000000000000e+00	2.80247321282429e+32
7.87000000000000e+00	2.90746094498116e+32
7.88000000000000e+00	3.08126557790150e+32
7.89000000000000e+00	3.33018560137055e+32
7.90000000000000e+00	3.65572652348534e+32
7.91000000000000e+00	4.05494622265090e+32
7.92000000000000e+00	4.51951096699077e+32
7.93000000000000e+00	5.03624682635398e+32
7.94000000000000e+00	5.58733834724044e+32
7.95000000000000e+00	6.15211963453956e+32
7.96000000000000e+00	6.70792857329393e+32
7.97000000000000e+00	7.23290285726070e+32
7.98000000000000e+00	7.70832419784397e+32
7.99000000000000e+00	8.12081092136630e+32
8.00000000000000e+00	8.46415453178740e+32
8.01000000000000e+00	8.74030295642655e+32
8.02000000000000e+00	8.95899317204883e+32
8.03000000000000e+00	9.13645988483419e+32
8.04000000000000e+00	9.29364274383643e+32
8.05000000000000e+00	9.45253294523941e+32
8.06000000000000e+00	9.63400999896983e+32
8.07000000000000e+00	9.85428711844772e+32
8.08000000000000e+00	1.01226906280742e+33
8.09000000000000e+00	1.04403341610546e+33
8.10000000000000e+00	1.07972513834638e+33
8.11000000000000e+00	1.11761732030679e+33
8.12000000000000e+00	1.15509773230537e+33
8.13000000000000e+00	1.18907172047468e+33
8.14000000000000e+00	1.21626702002705e+33
8.15000000000000e+00	1.23362175915189e+33
8.16000000000000e+00	1.23867820117273e+33
8.17000000000000e+00	1.22955451700592e+33
8.18000000000000e+00	1.20557839340979e+33
8.19000000000000e+00	1.16669053792702e+33
8.20000000000000e+00	1.11373179770483e+33
8.21000000000000e+00	1.04834333888912e+33
8.22000000000000e+00	9.72366116857401e+32
8.23000000000000e+00	8.88485915539475e+32
8.24000000000000e+00	7.99004895315265e+32
8.25000000000000e+00	7.06848091252621e+32
8.26000000000000e+00	6.14640439845455e+32
8.27000000000000e+00	5.25280642930178e+32
8.28000000000000e+00	4.41483175648596e+32
8.29000000000000e+00	3.66051627258477e+32
8.30000000000000e+00	3.01563200869183e+32
8.31000000000000e+00	2.50418118620531e+32
8.32000000000000e+00	2.14875284864089e+32
8.33000000000000e+00	1.96718243507489e+32
8.34000000000000e+00	1.97384230919169e+32
8.35000000000000e+00	2.17750090253331e+32
8.36000000000000e+00	2.58124611305085e+32
8.37000000000000e+00	3.18295628266048e+32
8.38000000000000e+00	3.97558975425139e+32
8.39000000000000e+00	4.94569419266721e+32
8.40000000000000e+00	6.07617121151971e+32
8.41000000000000e+00	7.34432279414388e+32
8.42000000000000e+00	8.72404257557947e+32
8.43000000000000e+00	1.01840723015343e+33
8.44000000000000e+00	1.16895179784787e+33
8.45000000000000e+00	1.32008050284778e+33
8.46000000000000e+00	1.46760481906753e+33
8.47000000000000e+00	1.60702740496196e+33
8.48000000000000e+00	1.73409840953503e+33
8.49000000000000e+00	1.84464761530308e+33
8.50000000000000e+00	1.93505017500477e+33
8.51000000000000e+00	2.00222577244426e+33
8.52000000000000e+00	2.04437642024871e+33
8.53000000000000e+00	2.06011886433992e+33
8.54000000000000e+00	2.04910897365128e+33
8.55000000000000e+00	2.01220346674528e+33
8.56000000000000e+00	1.95059169162490e+33
8.57000000000000e+00	1.86652611973189e+33
8.58000000000000e+00	1.76261909099228e+33
8.59000000000000e+00	1.64264400221084e+33
8.60000000000000e+00	1.51031016746524e+33
8.61000000000000e+00	1.37008381872699e+33
8.62000000000000e+00	1.22650919265001e+33
8.63000000000000e+00	1.08404239172814e+33
8.64000000000000e+00	9.46658685458526e+32
8.65000000000000e+00	8.17884122269793e+32
8.66000000000000e+00	7.00483224990870e+32
8.67000000000000e+00	5.96165534187872e+32
8.68000000000000e+00	5.05790641040875e+32
8.69000000000000e+00	4.29343184621503e+32
8.70000000000000e+00	3.66005199531860e+32
8.71000000000000e+00	3.14439984714877e+32
8.72000000000000e+00	2.72958227944560e+32
8.73000000000000e+00	2.39703559287884e+32
8.74000000000000e+00	2.12785173897149e+32
8.75000000000000e+00	1.90639447313334e+32
8.76000000000000e+00	1.71859650206478e+32
8.77000000000000e+00	1.55383222889863e+32
8.78000000000000e+00	1.40620013260540e+32
8.79000000000000e+00	1.27317734784492e+32
8.80000000000000e+00	1.15696645875758e+32
8.81000000000000e+00	1.06110704655614e+32
8.82000000000000e+00	9.91951793539415e+31
8.83000000000000e+00	9.55569218370706e+31
8.84000000000000e+00	9.58763630088398e+31
8.85000000000000e+00	1.00596277085651e+32
8.86000000000000e+00	1.10013596836668e+32
8.87000000000000e+00	1.24169641861806e+32
8.88000000000000e+00	1.43023428398460e+32
8.89000000000000e+00	1.66435466311662e+32
8.90000000000000e+00	1.94229190210970e+32
8.91000000000000e+00	2.26444853457789e+32
8.92000000000000e+00	2.63195453648987e+32
8.93000000000000e+00	3.04809075191316e+32
8.94000000000000e+00	3.51840713216050e+32
8.95000000000000e+00	4.04881137670342e+32
8.96000000000000e+00	4.64555383791161e+32
8.97000000000000e+00	5.31382306647056e+32
8.98000000000000e+00	6.05722177304013e+32
8.99000000000000e+00	6.87801244374756e+32
9.00000000000000e+00	7.77610644906074e+32
9.01000000000000e+00	8.74953582556453e+32
9.02000000000000e+00	9.79821793389915e+32
9.03000000000000e+00	1.09201370166147e+33
9.04000000000000e+00	1.21147907115760e+33
9.05000000000000e+00	1.33814115280443e+33
9.06000000000000e+00	1.47179209300931e+33
9.07000000000000e+00	1.61170951145959e+33
9.08000000000000e+00	1.75673619443250e+33
9.09000000000000e+00	1.90515543534020e+33
9.10000000000000e+00	2.05390529375282e+33
9.11000000000000e+00	2.19928528829200e+33
9.12000000000000e+00	2.33633917253299e+33
9.13000000000000e+00	2.45897812490516e+33
9.14000000000000e+00	2.56016670196109e+33
9.15000000000000e+00	2.63179821459766e+33
9.16000000000000e+00	2.66547965905273e+33
9.17000000000000e+00	2.65214769166629e+33
9.18000000000000e+00	2.58441760910303e+33
9.19000000000000e+00	2.45715768905524e+33
9.20000000000000e+00	2.27007471396134e+33
9.21000000000000e+00	2.02861595505995e+33
9.22000000000000e+00	1.74471865704174e+33
9.23000000000000e+00	1.43600904197545e+33
9.24000000000000e+00	1.12332922278553e+33
9.25000000000000e+00	8.27759368100498e+32
9.26000000000000e+00	5.67275400912134e+32
9.27000000000000e+00	3.54452395183798e+32
9.28000000000000e+00	1.95312670992238e+32
9.29000000000000e+00	8.97913538472629e+31
9.30000000000000e+00	3.30447199903175e+31
9.31000000000000e+00	1.73156171874638e+31
9.32000000000000e+00	3.38517878981609e+31
9.33000000000000e+00	7.41401961163116e+31
9.34000000000000e+00	1.30762944555378e+32
9.35000000000000e+00	1.97612556093485e+32
9.36000000000000e+00	2.70129950707151e+32
9.37000000000000e+00	3.44832669368941e+32
9.38000000000000e+00	4.19296159065097e+32
9.39000000000000e+00	4.91865913494298e+32
9.40000000000000e+00	5.61473925958491e+32
9.41000000000000e+00	6.27296311724332e+32
9.42000000000000e+00	6.88558947876882e+32
9.43000000000000e+00	7.44821308071032e+32
9.44000000000000e+00	7.95237634028808e+32
9.45000000000000e+00	8.39077358259036e+32
9.46000000000000e+00	8.75604083564101e+32
9.47000000000000e+00	9.04101927328378e+32
9.48000000000000e+00	9.24100817466123e+32
9.49000000000000e+00	9.35464235463571e+32
9.50000000000000e+00	9.38542284706572e+32
9.51000000000000e+00	9.34165200986680e+32
9.52000000000000e+00	9.23719750689263e+32
9.53000000000000e+00	9.09005232183594e+32
9.54000000000000e+00	8.92010426761789e+32
9.55000000000000e+00	8.74849648547368e+32
9.56000000000000e+00	8.59440117494655e+32
9.57000000000000e+00	8.47329976948048e+32
9.58000000000000e+00	8.39620387053461e+32
9.59000000000000e+00	8.36840489244382e+32
9.60000000000000e+00	8.39023881428266e+32
9.61000000000000e+00	8.45797414597045e+32
9.62000000000000e+00	8.56524702023099e+32
9.63000000000000e+00	8.70492074963544e+32
9.64000000000000e+00	8.87089427287936e+32
9.65000000000000e+00	9.05912826954774e+32
9.66000000000000e+00	9.26872196940258e+32
9.67000000000000e+00	9.50149506835903e+32
9.68000000000000e+00	9.76167380371049e+32
9.69000000000000e+00	1.00540453519468e+33
9.70000000000000e+00	1.03829507885757e+33
9.71000000000000e+00	1.07508767406532e+33
9.72000000000000e+00	1.11566403332971e+33
9.73000000000000e+00	1.15951965001771e+33
9.74000000000000e+00	1.20571076461381e+33
9.75000000000000e+00	1.25286422808198e+33
9.76000000000000e+00	1.29924267026987e+33
9.77000000000000e+00	1.34282513369518e+33
9.78000000000000e+00	1.38148844655134e+33
9.79000000000000e+00	1.41308108725269e+33
9.80000000000000e+00	1.43560314549887e+33
9.81000000000000e+00	1.44734329602107e+33
9.82000000000000e+00	1.44694456490447e+33
9.83000000000000e+00	1.43352813738807e+33
9.84000000000000e+00	1.40670082529320e+33
9.85000000000000e+00	1.36657835625458e+33
9.86000000000000e+00	1.31376035087887e+33
9.87000000000000e+00	1.24935209930595e+33
9.88000000000000e+00	1.17483770899977e+33
9.89000000000000e+00	1.09217013505670e+33
9.90000000000000e+00	1.00365247544834e+33
9.91000000000000e+00	9.12013040054374e+32
9.92000000000000e+00	8.20340399417594e+32
9.93000000000000e+00	7.31920084051297e+32
9.94000000000000e+00	6.49866616310007e+32
9.95000000000000e+00	5.76764526647550e+32
9.96000000000000e+00	5.14446889042847e+32
9.97000000000000e+00	4.64112567847677e+32
9.98000000000000e+00	4.26934681541234e+32
9.99000000000000e+00	4.04760982039196e+32
1.00000000000000e+01	4.00173697077196e+32
1.00100000000000e+01	4.14327164697657e+32
1.00200000000000e+01	4.40587919152877e+32
1.00300000000000e+01	4.59158006533149e+32
1.00400000000000e+01	4.44272923405583e+32
1.00500000000000e+01	3.85448891557234e+32
1.00600000000000e+01	2.97711137784992e+32
1.00700000000000e+01	2.06753886983895e+32
1.00800000000000e+01	1.30681232698540e+32
1.00900000000000e+01	7.55807395978088e+31
1.01000000000000e+01	3.97395559642827e+31
1.01100000000000e+01	1.85513185028444e+31
1.01200000000000e+01	7.29428637083461e+30
1.01300000000000e+01	2.19287467958350e+30
1.01400000000000e+01	5.82680832687918e+29
1.01500000000000e+01	7.35601441292516e+29
1.01600000000000e+01	1.60877065134507e+30
1.01700000000000e+01	2.62123706235633e+30
1.01800000000000e+01	3.48475955135992e+30
1.01900000000000e+01	4.08534241513299e+30
1.02000000000000e+01	4.40639134751217e+30
1.02100000000000e+01	4.47891077795681e+30
1.02200000000000e+01	4.35376526306324e+30
1.02300000000000e+01	4.08463698413505e+30
1.02400000000000e+01	3.72095312838747e+30
1.02500000000000e+01	3.30376189686705e+30
1.02600000000000e+01	2.86535373965709e+30
1.02700000000000e+01	2.43011039747502e+30
1.02800000000000e+01	2.01535390723352e+30
1.02900000000000e+01	1.63293336653404e+30
1.03000000000000e+01	1.29045361163309e+30
1.03100000000000e+01	9.92407565066406e+29
1.03200000000000e+01	7.40968803464984e+29
1.03300000000000e+01	5.36434733011218e+29
1.03400000000000e+01	3.77583112769314e+29
1.03500000000000e+01	2.61748029767431e+29
1.03600000000000e+01	1.84983305281871e+29
1.03700000000000e+01	1.42257058211527e+29
1.03800000000000e+01	1.27690253541130e+29
1.03900000000000e+01	1.34975754530042e+29
1.04000000000000e+01	1.57804822537986e+29
1.04100000000000e+01	1.90281483724350e+29
1.04200000000000e+01	2.27227055313798e+29
1.04300000000000e+01	2.64454222987006e+29
1.04400000000000e+01	2.98815405895983e+29
1.04500000000000e+01	3.28218735965834e+29
1.04600000000000e+01	3.51519762484451e+29
1.04700000000000e+01	3.68399645481201e+29
1.04800000000000e+01	3.79167846645859e+29
1.04900000000000e+01	3.84621458642300e+29
1.05000000000000e+01	3.85803283325141e+29
1.05100000000000e+01	3.83890721885014e+29
1.05200000000000e+01	3.79992465350627e+29
1.05300000000000e+01	3.75040951507050e+29
1.05400000000000e+01	3.69703948083574e+29
1.05500000000000e+01	3.64357719978104e+29
1.05600000000000e+01	3.59120638336374e+29
1.05700000000000e+01	3.53930991868939e+29
1.05800000000000e+01	3.48640576239579e+29
1.05900000000000e+01	3.43114652109866e+29
1.06000000000000e+01	3.37314586854620e+29
1.06100000000000e+01	3.31318919933907e+29
1.06200000000000e+01	3.25320665323082e+29
1.06300000000000e+01	3.19579515009756e+29
1.06400000000000e+01	3.14383697769349e+29
1.06500000000000e+01	3.09996142910727e+29
1.06600000000000e+01	3.06656687533128e+29
1.06700000000000e+01	3.04592788203837e+29
1.06800000000000e+01	3.04058638701507e+29
1.06900000000000e+01	3.05383674744068e+29
1.07000000000000e+01	3.08996968982628e+29
1.07100000000000e+01	3.15498310329744e+29
1.07200000000000e+01	3.25626892833284e+29
1.07300000000000e+01	3.40294990763704e+29
1.07400000000000e+01	3.60571975305818e+29
1.07500000000000e+01	3.87674005152400e+29
1.07600000000000e+01	4.22973983620235e+29
1.07700000000000e+01	4.67958102127590e+29
1.07800000000000e+01	5.24271927218635e+29
1.07900000000000e+01	5.93638011933153e+29
1.08000000000000e+01	6.77975953913351e+29
1.08100000000000e+01	7.79252335597893e+29
1.08200000000000e+01	8.99514745040673e+29
1.08300000000000e+01	1.04078605740779e+30
1.08400000000000e+01	1.20512569420210e+30
1.08500000000000e+01	1.39439243001095e+30
1.08600000000000e+01	1.61024338496094e+30
1.08700000000000e+01	1.85402519610260e+30
1.08800000000000e+01	2.12665473254613e+30
1.08900000000000e+01	2.42835225640816e+30
1.09000000000000e+01	2.75850206738317e+30
1.09100000000000e+01	3.11522366147632e+30
1.09200000000000e+01	3.49508434956837e+30
1.09300000000000e+01	3.89249655583939e+30
1.09400000000000e+01	4.29944327464861e+30
1.09500000000000e+01	4.70530601641776e+30
1.09600000000000e+01	5.09662529034147e+30
1.09700000000000e+01	5.45808325236949e+30
1.09800000000000e+01	5.77290202784195e+30
1.09900000000000e+01	6.02485550681662e+30
1.10000000000000e+01	6.19967209424039e+30
1.10100000000000e+01	6.28667544587446e+30
1.10200000000000e+01	6.28021474722685e+30
1.10300000000000e+01	6.18054635406964e+30
1.10400000000000e+01	5.99367535490363e+30
1.10500000000000e+01	5.73053557906058e+30
1.10600000000000e+01	5.40584156200783e+30
1.10700000000000e+01	5.03596555650672e+30
1.10800000000000e+01	4.63780543356577e+30
1.10900000000000e+01	4.22692847651311e+30
1.11000000000000e+01	3.81672669792264e+30
1.11100000000000e+01	3.41798201073379e+30
1.11200000000000e+01	3.03872581278019e+30
1.11300000000000e+01	2.68458026912277e+30
1.11400000000000e+01	2.35903454146294e+30
1.11500000000000e+01	2.06388096043440e+30
1.11600000000000e+01	1.79961332035585e+30
1.11700000000000e+01	1.56572129238130e+30
1.11800000000000e+01	1.36088450480839e+30
1.11900000000000e+01	1.18323838604463e+30
1.12000000000000e+01	1.03050721113553e+30
1.12100000000000e+01	9.00188779034426e+29
1.12200000000000e+01	7.89674208342564e+29
1.12300000000000e+01	6.96376816338306e+29
1.12400000000000e+01	6.17833886999232e+29
1.12500000000000e+01	5.51779226386407e+29
1.12600000000000e+01	4.96170284657135e+29
1.12700000000000e+01	4.49222528979649e+29
1.12800000000000e+01	4.09406094506329e+29
1.12900000000000e+01	3.75430263008759e+29
1.13000000000000e+01	3.46227044378439e+29
1.13100000000000e+01	3.20920957341409e+29
1.13200000000000e+01	2.98807636468483e+29
1.13300000000000e+01	2.79329818656703e+29
1.13400000000000e+01	2.62035148243205e+29
1.13500000000000e+01	2.46572602567849e+29
1.13600000000000e+01	2.32658189226043e+29
1.13700000000000e+01	2.20061130605364e+29
1.13800000000000e+01	2.08593390706118e+29
1.13900000000000e+01	1.98089991571280e+29
1.14000000000000e+01	1.88413299608905e+29
1.14100000000000e+01	1.79436826128848e+29
1.14200000000000e+01	1.71046916135143e+29
1.14300000000000e+01	1.63147411084598e+29
1.14400000000000e+01	1.55647181841259e+29
1.14500000000000e+01	1.48471990341977e+29
1.14600000000000e+01	1.41556172193482e+29
1.14700000000000e+01	1.34846317816255e+29
1.14800000000000e+01	1.28302814535946e+29
1.14900000000000e+01	1.21898280119572e+29
1.15000000000000e+01	1.15616017384545e+29
1.15100000000000e+01	1.09451097053396e+29
1.15200000000000e+01	1.03409162513265e+29
1.15300000000000e+01	9.75046766445158e+28
1.15400000000000e+01	9.17591503436684e+28
1.15500000000000e+01	8.62007398480344e+28
1.15600000000000e+01	8.08593006649696e+28
1.15700000000000e+01	7.57653071120670e+28
1.15800000000000e+01	7.09487999646107e+28
1.15900000000000e+01	6.64342158931414e+28
1.16000000000000e+01	6.22399996847493e+28
1.16100000000000e+01	5.83812503758395e+28
1.16200000000000e+01	5.48648251071376e+28
1.16300000000000e+01	5.16913016624089e+28
1.16400000000000e+01	4.88558157145308e+28
1.16500000000000e+01	4.63517483877726e+28
1.16600000000000e+01	4.41675263117905e+28
1.16700000000000e+01	4.22898271744794e+28
1.16800000000000e+01	4.07031076880529e+28
1.16900000000000e+01	3.93905082429483e+28
1.17000000000000e+01	3.83321880508543e+28
1.17100000000000e+01	3.75058389120803e+28
1.17200000000000e+01	3.68845430445175e+28
1.17300000000000e+01	3.64384686650965e+28
1.17400000000000e+01	3.61333228212679e+28
1.17500000000000e+01	3.59332660628602e+28
1.17600000000000e+01	3.58000241136007e+28
1.17700000000000e+01	3.56965287638474e+28
1.17800000000000e+01	3.55878461457170e+28
1.17900000000000e+01	3.54443587740666e+28
1.18000000000000e+01	3.52409915162389e+28
1.18100000000000e+01	3.49614724914321e+28
1.18200000000000e+01	3.45965255613453e+28
1.18300000000000e+01	3.41455764242952e+28
1.18400000000000e+01	3.36154067632580e+28
1.18500000000000e+01	3.30185171131753e+28
1.18600000000000e+01	3.23733524574996e+28
1.18700000000000e+01	3.17014812502772e+28
1.18800000000000e+01	3.10257266776066e+28
1.18900000000000e+01	3.03702239076462e+28
1.19000000000000e+01	2.97561386505245e+28
1.19100000000000e+01	2.92018267129812e+28
1.19200000000000e+01	2.87212508276433e+28
1.19300000000000e+01	2.83220496600021e+28
1.19400000000000e+01	2.80056317302778e+28
1.19500000000000e+01	2.77660900578176e+28
1.19600000000000e+01	2.75900359971532e+28
1.19700000000000e+01	2.74574173584245e+28
1.19800000000000e+01	2.73440322290518e+28
1.19900000000000e+01	2.72211165633887e+28
1.20000000000000e+01	2.70596119820592e+28
1.20100000000000e+01	2.68320864678302e+28
1.20200000000000e+01	2.65147827516884e+28
1.20300000000000e+01	2.60911392815191e+28
1.20400000000000e+01	2.55516669255389e+28
1.20500000000000e+01	2.48962928286169e+28
1.20600000000000e+01	2.41337408703917e+28
1.20700000000000e+01	2.32797804448314e+28
1.20800000000000e+01	2.23565204074090e+28
1.20900000000000e+01	2.13884376904954e+28
1.21000000000000e+01	2.04017200672905e+28
1.21100000000000e+01	1.94193931229708e+28
1.21200000000000e+01	1.84607881098166e+28
1.21300000000000e+01	1.75396576983988e+28
1.21400000000000e+01	1.66646614735699e+28
1.21500000000000e+01	1.58383552361279e+28
1.21600000000000e+01	1.50592959273278e+28
1.21700000000000e+01	1.43233018704134e+28
1.21800000000000e+01	1.36253140813370e+28
1.21900000000000e+01	1.29610614605986e+28
1.22000000000000e+01	1.23274561765823e+28
1.22100000000000e+01	1.17236160273613e+28
1.22200000000000e+01	1.11513460750847e+28
1.22300000000000e+01	1.06138999610173e+28
1.22400000000000e+01	1.01159778881462e+28
1.22500000000000e+01	9.66208616057256e+27
1.22600000000000e+01	9.25634995028114e+27
1.22700000000000e+01	8.90137383829744e+27
1.22800000000000e+01	8.59778174298479e+27
1.22900000000000e+01	8.34384389463234e+27
1.23000000000000e+01	8.13557380528328e+27
1.23100000000000e+01	7.96752179686311e+27
1.23200000000000e+01	7.83216701478882e+27
1.23300000000000e+01	7.72166488915980e+27
1.23400000000000e+01	7.62729106312232e+27
1.23500000000000e+01	7.54091232388249e+27
1.23600000000000e+01	7.45523375448658e+27
1.23700000000000e+01	7.36392106746196e+27
1.23800000000000e+01	7.26219923736647e+27
1.23900000000000e+01	7.14730479053071e+27
1.24000000000000e+01	7.01820750649656e+27
1.24100000000000e+01	6.87620893454264e+27
1.24200000000000e+01	6.72450564048078e+27
1.24300000000000e+01	6.56806823301712e+27
1.24400000000000e+01	6.41315704652633e+27
1.24500000000000e+01	6.26761950572849e+27
1.24600000000000e+01	6.13930152572147e+27
1.24700000000000e+01	6.03630940717810e+27
1.24800000000000e+01	5.96524288201066e+27
1.24900000000000e+01	5.93174297578099e+27
1.25000000000000e+01	5.93887118586271e+27
1.25100000000000e+01	5.98677530294730e+27
1.25200000000000e+01	6.07242019838514e+27
1.25300000000000e+01	6.18972952896345e+27
1.25400000000000e+01	6.32965382255688e+27
1.25500000000000e+01	6.48081391292356e+27
1.25600000000000e+01	6.63004969334260e+27
1.25700000000000e+01	6.76424859468589e+27
1.25800000000000e+01	6.87054498188886e+27
1.25900000000000e+01	6.93836925448300e+27
1.26000000000000e+01	6.95954460378942e+27
1.26100000000000e+01	6.92965942408371e+27
1.26200000000000e+01	6.84813312638393e+27
1.26300000000000e+01	6.71811367259661e+27
1.26400000000000e+01	6.54665061225702e+27
1.26500000000000e+01	6.34330368271135e+27
1.26600000000000e+01	6.11999469480617e+27
1.26700000000000e+01	5.88896307308641e+27
1.26800000000000e+01	5.66240371617480e+27
1.26900000000000e+01	5.45081346717825e+27
1.27000000000000e+01	5.26236034533641e+27
1.27100000000000e+01	5.10261593877215e+27
1.27200000000000e+01	4.97366828782495e+27
1.27300000000000e+01	4.87472510381354e+27
1.27400000000000e+01	4.80258485799561e+27
1.27500000000000e+01	4.75233120172078e+27
1.27600000000000e+01	4.71784032049280e+27
1.27700000000000e+01	4.69278703522811e+27
1.27800000000000e+01	4.67110249417362e+27
1.27900000000000e+01	4.64746064565116e+27
1.28000000000000e+01	4.61792992623897e+27
1.28100000000000e+01	4.57960791741065e+27
1.28200000000000e+01	4.53097562680559e+27
1.28300000000000e+01	4.47164792224058e+27
1.28400000000000e+01	4.40222882523964e+27
1.28500000000000e+01	4.32409909748565e+27
1.28600000000000e+01	4.23897538770834e+27
1.28700000000000e+01	4.14893049748286e+27
1.28800000000000e+01	4.05608473181158e+27
1.28900000000000e+01	3.96223285769671e+27
1.29000000000000e+01	3.86919610083484e+27
1.29100000000000e+01	3.77805561024684e+27
1.29200000000000e+01	3.68981668551633e+27
1.29300000000000e+01	3.60500435878691e+27
1.29400000000000e+01	3.52382170108167e+27
1.29500000000000e+01	3.44634964232531e+27
1.29600000000000e+01	3.37221792731822e+27
1.29700000000000e+01	3.30145865870867e+27
1.29800000000000e+01	3.23376236562215e+27
1.29900000000000e+01	3.16915790150846e+27
1.30000000000000e+01	3.10794183461180e+27
1.30100000000000e+01	3.05054919795561e+27
1.30200000000000e+01	2.99776022481785e+27
1.30300000000000e+01	2.95069818310621e+27
1.30400000000000e+01	2.91067229615211e+27
1.30500000000000e+01	2.87932601668569e+27
1.30600000000000e+01	2.85823357468535e+27
1.30700000000000e+01	2.84915821520257e+27
1.30800000000000e+01	2.85374063758911e+27
1.30900000000000e+01	2.87352003882093e+27
1.31000000000000e+01	2.90961763246251e+27
1.31100000000000e+01	2.96292196971530e+27
1.31200000000000e+01	3.03369909042929e+27
1.31300000000000e+01	3.12181922446021e+27
1.31400000000000e+01	3.22673781677341e+27
1.31500000000000e+01	3.34697293891803e+27
1.31600000000000e+01	3.48087925231968e+27
1.31700000000000e+01	3.62612663755027e+27
1.31800000000000e+01	3.77991743007607e+27
1.31900000000000e+01	3.93888594550101e+27
1.32000000000000e+01	4.09943304520940e+27
1.32100000000000e+01	4.25753906217559e+27
1.32200000000000e+01	4.40895002779086e+27
1.32300000000000e+01	4.54940114178862e+27
1.32400000000000e+01	4.67452206725170e+27
1.32500000000000e+01	4.78021133267414e+27
1.32600000000000e+01	4.86260246147232e+27
1.32700000000000e+01	4.91853671982866e+27
1.32800000000000e+01	4.94537683971192e+27
1.32900000000000e+01	4.94148823918180e+27
1.33000000000000e+01	4.90605894920408e+27
1.33100000000000e+01	4.83946202887343e+27
1.33200000000000e+01	4.74316927156772e+27
1.33300000000000e+01	4.61972539506595e+27
1.33400000000000e+01	4.47278648664132e+27
1.33500000000000e+01	4.30675958846938e+27
1.33600000000000e+01	4.12693453635221e+27
1.33700000000000e+01	3.93882779212694e+27
1.33800000000000e+01	3.74825729000082e+27
1.33900000000000e+01	3.56072613364561e+27
1.34000000000000e+01	3.38120426173124e+27
1.34100000000000e+01	3.21395517608508e+27
1.34200000000000e+01	3.06197458370990e+27
1.34300000000000e+01	2.92714949989864e+27
1.34400000000000e+01	2.81005592922274e+27
1.34500000000000e+01	2.71025176448104e+27
1.34600000000000e+01	2.62599975968303e+27
1.34700000000000e+01	2.55498810728863e+27
1.34800000000000e+01	2.49448712266751e+27
1.34900000000000e+01	2.44152339184286e+27
1.35000000000000e+01	2.39344041227989e+27
1.35100000000000e+01	2.34801665140560e+27
1.35200000000000e+01	2.30366209249374e+27
1.35300000000000e+01	2.25947125053864e+27
1.35400000000000e+01	2.21542578084176e+27
1.35500000000000e+01	2.17194257396911e+27
1.35600000000000e+01	2.12994271266242e+27
1.35700000000000e+01	2.09070223748030e+27
1.35800000000000e+01	2.05537869084967e+27
1.35900000000000e+01	2.02493206776776e+27
1.36000000000000e+01	2.00018932276864e+27
1.36100000000000e+01	1.98129894855145e+27
1.36200000000000e+01	1.96810749961713e+27
1.36300000000000e+01	1.95986192834863e+27
1.36400000000000e+01	1.95566695597468e+27
1.36500000000000e+01	1.95431250217739e+27
1.36600000000000e+01	1.95450149247730e+27
1.36700000000000e+01	1.95508399973505e+27
1.36800000000000e+01	1.95507180393474e+27
1.36900000000000e+01	1.95358742399403e+27
1.37000000000000e+01	1.95020489652126e+27
1.37100000000000e+01	1.94468116068604e+27
1.37200000000000e+01	1.93714615408087e+27
1.37300000000000e+01	1.92774237165977e+27
1.37400000000000e+01	1.91705670023071e+27
1.37500000000000e+01	1.90547845862127e+27
1.37600000000000e+01	1.89356658564933e+27
1.37700000000000e+01	1.88185290548172e+27
1.37800000000000e+01	1.87076379108933e+27
1.37900000000000e+01	1.86056524795276e+27
1.38000000000000e+01	1.85161826905659e+27
1.38100000000000e+01	1.84392073784907e+27
1.38200000000000e+01	1.83744053976396e+27
1.38300000000000e+01	1.83205510123076e+27
1.38400000000000e+01	1.82762139268093e+27
1.38500000000000e+01	1.82379815987017e+27
1.38600000000000e+01	1.82022479684139e+27
1.38700000000000e+01	1.81653577386867e+27
1.38800000000000e+01	1.81228198281192e+27
1.38900000000000e+01	1.80710992107756e+27
1.39000000000000e+01	1.80059581122015e+27
1.39100000000000e+01	1.79243671660986e+27
1.39200000000000e+01	1.78239369361394e+27
1.39300000000000e+01	1.77024955624943e+27
1.39400000000000e+01	1.75594929691810e+27
1.39500000000000e+01	1.73950211753941e+27
1.39600000000000e+01	1.72098841192289e+27
1.39700000000000e+01	1.70067767546610e+27
1.39800000000000e+01	1.67882841204340e+27
1.39900000000000e+01	1.65584121041773e+27
1.40000000000000e+01	1.63213564915446e+27
1.40100000000000e+01	1.60813589834682e+27
1.40200000000000e+01	1.58431023084378e+27
1.40300000000000e+01	1.56109678756618e+27
1.40400000000000e+01	1.53893332771494e+27
1.40500000000000e+01	1.51817201651806e+27
1.40600000000000e+01	1.49908814369571e+27
1.40700000000000e+01	1.48192595389875e+27
1.40800000000000e+01	1.46688321543789e+27
1.40900000000000e+01	1.45397702032984e+27
1.41000000000000e+01	1.44323201074565e+27
1.41100000000000e+01	1.43460164936681e+27
1.41200000000000e+01	1.42792010607208e+27
1.41300000000000e+01	1.42308294872152e+27
1.41400000000000e+01	1.41992301352912e+27
1.41500000000000e+01	1.41820434988342e+27
1.41600000000000e+01	1.41783214043026e+27
1.41700000000000e+01	1.41863140481936e+27
1.41800000000000e+01	1.42050505873060e+27
1.41900000000000e+01	1.42340876889785e+27
1.42000000000000e+01	1.42735702059539e+27
1.42100000000000e+01	1.43237559878128e+27
1.42200000000000e+01	1.43861773542925e+27
1.42300000000000e+01	1.44615353157487e+27
1.42400000000000e+01	1.45514427706848e+27
1.42500000000000e+01	1.46586186708762e+27
1.42600000000000e+01	1.47848295257866e+27
1.42700000000000e+01	1.49316606877854e+27
1.42800000000000e+01	1.51020462315565e+27
1.42900000000000e+01	1.52961066459704e+27
1.43000000000000e+01	1.55155096424333e+27
1.43100000000000e+01	1.57586010891199e+27
1.43200000000000e+01	1.60241791143470e+27
1.43300000000000e+01	1.63082526661186e+27
1.43400000000000e+01	1.66052576442521e+27
1.43500000000000e+01	1.69076326672695e+27
1.43600000000000e+01	1.72048866309993e+27
1.43700000000000e+01	1.74857604944960e+27
1.43800000000000e+01	1.77366976429176e+27
1.43900000000000e+01	1.79433935526512e+27
1.44000000000000e+01	1.80907447916744e+27
1.44100000000000e+01	1.81634382657121e+27
1.44200000000000e+01	1.81482529260467e+27
1.44300000000000e+01	1.80331041658257e+27
1.44400000000000e+01	1.78086501022186e+27
1.44500000000000e+01	1.74689479143596e+27
1.44600000000000e+01	1.70117299467799e+27
1.44700000000000e+01	1.64396062079738e+27
1.44800000000000e+01	1.57584299451091e+27
1.44900000000000e+01	1.49795952337025e+27
1.45000000000000e+01	1.41180717658128e+27
1.45100000000000e+01	1.31925075735721e+27
1.45200000000000e+01	1.22241827558189e+27
1.45300000000000e+01	1.12362780831165e+27
1.45400000000000e+01	1.02530254909877e+27
1.45500000000000e+01	9.29787774083144e+26
1.45600000000000e+01	8.39318807191406e+26
1.45700000000000e+01	7.55820007933550e+26
1.45800000000000e+01	6.80896440626730e+26
1.45900000000000e+01	6.15701187367001e+26
1.46000000000000e+01	5.60913865612203e+26
1.46100000000000e+01	5.16794391525351e+26
1.46200000000000e+01	4.83162567827413e+26
1.46300000000000e+01	4.59365823550307e+26
1.46400000000000e+01	4.44580136022044e+26
1.46500000000000e+01	4.37618045532732e+26
1.46600000000000e+01	4.37236995470026e+26
1.46700000000000e+01	4.42115921108530e+26
1.46800000000000e+01	4.50980483836298e+26
1.46900000000000e+01	4.62645142031236e+26
1.47000000000000e+01	4.76042068481071e+26
1.47100000000000e+01	4.90274994242248e+26
1.47200000000000e+01	5.04620739724259e+26
1.47300000000000e+01	5.18565858107092e+26
1.47400000000000e+01	5.31659778369294e+26
1.47500000000000e+01	5.43712237071651e+26
1.47600000000000e+01	5.54546143336216e+26
1.47700000000000e+01	5.64128650073419e+26
1.47800000000000e+01	5.72456802568262e+26
1.47900000000000e+01	5.79612601190927e+26
1.48000000000000e+01	5.85647833039284e+26
1.48100000000000e+01	5.90703660125241e+26
1.48200000000000e+01	5.94889535514654e+26
1.48300000000000e+01	5.98268101319729e+26
1.48400000000000e+01	6.00985156857815e+26
1.48500000000000e+01	6.03121058314365e+26
1.48600000000000e+01	6.04720247053953e+26
1.48700000000000e+01	6.05898026076589e+26
1.48800000000000e+01	6.06671981717419e+26
1.48900000000000e+01	6.07121904757388e+26
1.49000000000000e+01	6.07291420891068e+26
1.49100000000000e+01	6.07206466617227e+26
1.49200000000000e+01	6.06874498608177e+26
1.49300000000000e+01	6.06346607555240e+26
1.49400000000000e+01	6.05624144211914e+26
1.49500000000000e+01	6.04710009047971e+26
1.49600000000000e+01	6.03625717802429e+26
1.49700000000000e+01	6.02405373462141e+26
1.49800000000000e+01	6.01034513875723e+26
1.49900000000000e+01	5.99533547187725e+26
1.50000000000000e+01	5.97914856257577e+26
1.50100000000000e+01	5.96203020149108e+26
1.50200000000000e+01	5.94373202487152e+26
1.50300000000000e+01	5.92465910143004e+26
1.50400000000000e+01	5.90479425991842e+26
1.50500000000000e+01	5.88456647439656e+26
1.50600000000000e+01	5.86353316060703e+26
1.50700000000000e+01	5.84211665326832e+26
1.50800000000000e+01	5.82014880900906e+26
1.50900000000000e+01	5.79798414366147e+26
1.51000000000000e+01	5.77521749206838e+26
1.51100000000000e+01	5.75251544072103e+26
1.51200000000000e+01	5.72940629460020e+26
1.51300000000000e+01	5.70628382232315e+26
1.51400000000000e+01	5.68292650879141e+26
1.51500000000000e+01	5.65926079106707e+26
1.51600000000000e+01	5.63545438372343e+26
1.51700000000000e+01	5.61155186271883e+26
1.51800000000000e+01	5.58757145636884e+26
1.51900000000000e+01	5.56332095985302e+26
1.52000000000000e+01	5.53900443827141e+26
1.52100000000000e+01	5.51431583080526e+26
1.52200000000000e+01	5.48943645492041e+26
1.52300000000000e+01	5.46432475105465e+26
1.52400000000000e+01	5.43881597953687e+26
1.52500000000000e+01	5.41321377727626e+26
1.52600000000000e+01	5.38732048732903e+26
1.52700000000000e+01	5.36110759116610e+26
1.52800000000000e+01	5.33470319146969e+26
1.52900000000000e+01	5.30771807623745e+26
1.53000000000000e+01	5.28043404772454e+26
1.53100000000000e+01	5.25276784555031e+26
1.53200000000000e+01	5.22472966493102e+26
1.53300000000000e+01	5.19629353653312e+26
1.53400000000000e+01	5.16737770624482e+26
1.53500000000000e+01	5.13801942676419e+26
1.53600000000000e+01	5.10826947309439e+26
1.53700000000000e+01	5.07821483004080e+26
1.53800000000000e+01	5.04778153063610e+26
1.53900000000000e+01	5.01717857605945e+26
1.54000000000000e+01	4.98631044560888e+26
1.54100000000000e+01	4.95529528619368e+26
1.54200000000000e+01	4.92431632651817e+26
1.54300000000000e+01	4.89325109485803e+26
1.54400000000000e+01	4.86231434263326e+26
1.54500000000000e+01	4.83151172497316e+26
1.54600000000000e+01	4.80107086049543e+26
1.54700000000000e+01	4.77117701213591e+26
1.54800000000000e+01	4.74159418125026e+26
1.54900000000000e+01	4.71273358707800e+26
1.55000000000000e+01	4.68452188361270e+26
1.55100000000000e+01	4.65744527823435e+26
1.55200000000000e+01	4.63113078588203e+26
1.55300000000000e+01	4.60572486052319e+26
1.55400000000000e+01	4.58152506590721e+26
1.55500000000000e+01	4.55816895878754e+26
1.55600000000000e+01	4.53577063967712e+26
1.55700000000000e+01	4.51437269454587e+26
1.55800000000000e+01	4.49377802108724e+26
1.55900000000000e+01	4.47369255182238e+26
1.56000000000000e+01	4.45446923948017e+26
1.56100000000000e+01	4.43569135551467e+26
1.56200000000000e+01	4.41730063429440e+26
1.56300000000000e+01	4.39925146055320e+26
1.56400000000000e+01	4.38143008889824e+26
1.56500000000000e+01	4.36375206713990e+26
1.56600000000000e+01	4.34615452934484e+26
1.56700000000000e+01	4.32861917959130e+26
1.56800000000000e+01	4.31097787541442e+26
1.56900000000000e+01	4.29322565066476e+26
1.57000000000000e+01	4.27533025944397e+26
1.57100000000000e+01	4.25717848175355e+26
1.57200000000000e+01	4.23881503768024e+26
1.57300000000000e+01	4.22012974313011e+26
1.57400000000000e+01	4.20126494243769e+26
1.57500000000000e+01	4.18206044493092e+26
1.57600000000000e+01	4.16265517105233e+26
1.57700000000000e+01	4.14309477603186e+26
1.57800000000000e+01	4.12321740238698e+26
1.57900000000000e+01	4.10348456373880e+26
1.58000000000000e+01	4.08365929983410e+26
1.58100000000000e+01	4.06406179208480e+26
1.58200000000000e+01	4.04438897413376e+26
1.58300000000000e+01	4.02505990114660e+26
1.58400000000000e+01	4.00587323132831e+26
1.58500000000000e+01	3.98684312928733e+26
1.58600000000000e+01	3.96789525890040e+26
1.58700000000000e+01	3.94934525226875e+26
1.58800000000000e+01	3.93061515604489e+26
1.58900000000000e+01	3.91206728950029e+26
1.59000000000000e+01	3.89340362884481e+26
1.59100000000000e+01	3.87472184112348e+26
1.59200000000000e+01	3.85583927680961e+26
1.59300000000000e+01	3.83684017374111e+26
1.59400000000000e+01	3.81768953517516e+26
1.59500000000000e+01	3.79842175810747e+26
1.59600000000000e+01	3.77899076435416e+26
1.59700000000000e+01	3.75953277824097e+26
1.59800000000000e+01	3.73998144214731e+26
1.59900000000000e+01	3.72062296938196e+26
1.60000000000000e+01	3.70129579712760e+26
1.60100000000000e+01	3.68214788833169e+26
1.60200000000000e+01	3.66321640207978e+26
1.60300000000000e+01	3.64459122455729e+26
1.60400000000000e+01	3.62618254583838e+26
1.60500000000000e+01	3.60810037456626e+26
1.60600000000000e+01	3.59035765100873e+26
1.60700000000000e+01	3.57293784278470e+26
1.60800000000000e+01	3.55583896125099e+26
1.60900000000000e+01	3.53899688200019e+26
1.61000000000000e+01	3.52262352737692e+26
1.61100000000000e+01	3.50637345842813e+26
1.61200000000000e+01	3.49049945909535e+26
1.61300000000000e+01	3.47486145663971e+26
1.61400000000000e+01	3.45962935652811e+26
1.61500000000000e+01	3.44456696584813e+26
1.61600000000000e+01	3.42986238988442e+26
1.61700000000000e+01	3.41557209680632e+26
1.61800000000000e+01	3.40135917791151e+26
1.61900000000000e+01	3.38759475361047e+26
1.62000000000000e+01	3.37391301960859e+26
1.62100000000000e+01	3.36049638202053e+26
1.62200000000000e+01	3.34729277727342e+26
1.62300000000000e+01	3.33402960994936e+26
1.62400000000000e+01	3.32111707446767e+26
1.62500000000000e+01	3.30805066346850e+26
1.62600000000000e+01	3.29488951906707e+26
1.62700000000000e+01	3.28174618629546e+26
1.62800000000000e+01	3.26849878845623e+26
1.62900000000000e+01	3.25502923430254e+26
1.63000000000000e+01	3.24131354004427e+26
1.63100000000000e+01	3.22748855061368e+26
1.63200000000000e+01	3.21338516689312e+26
1.63300000000000e+01	3.19911940775959e+26
1.63400000000000e+01	3.18457578203314e+26
1.63500000000000e+01	3.16995205412452e+26
1.63600000000000e+01	3.15509409945777e+26
1.63700000000000e+01	3.14007764352309e+26
1.63800000000000e+01	3.12491206061642e+26
1.63900000000000e+01	3.10953814201742e+26
1.64000000000000e+01	3.09409612813178e+26
1.64100000000000e+01	3.07846226307154e+26
1.64200000000000e+01	3.06276887166620e+26
1.64300000000000e+01	3.04682565387012e+26
1.64400000000000e+01	3.03067919297247e+26
1.64500000000000e+01	3.01452772773081e+26
1.64600000000000e+01	2.99814985451003e+26
1.64700000000000e+01	2.98179539266010e+26
1.64800000000000e+01	2.96546803477723e+26
1.64900000000000e+01	2.94916950951954e+26
1.65000000000000e+01	2.93294493211378e+26
1.65100000000000e+01	2.91677657834701e+26
1.65200000000000e+01	2.90092917234326e+26
1.65300000000000e+01	2.88514278630981e+26
1.65400000000000e+01	2.86980566434125e+26
1.65500000000000e+01	2.85455703686516e+26
1.65600000000000e+01	2.83968090358178e+26
1.65700000000000e+01	2.82506470894205e+26
1.65800000000000e+01	2.81071694943478e+26
1.65900000000000e+01	2.79663467985852e+26
1.66000000000000e+01	2.78282552830514e+26
1.66100000000000e+01	2.76913379686805e+26
1.66200000000000e+01	2.75585887491372e+26
1.66300000000000e+01	2.74268523731159e+26
1.66400000000000e+01	2.72971398996659e+26
1.66500000000000e+01	2.71708747860455e+26
1.66600000000000e+01	2.70454304726662e+26
1.66700000000000e+01	2.69249076745913e+26
1.66800000000000e+01	2.68049503654232e+26
1.66900000000000e+01	2.66885400872523e+26
1.67000000000000e+01	2.65748946138341e+26
1.67100000000000e+01	2.64636747045267e+26
1.67200000000000e+01	2.63558884828257e+26
1.67300000000000e+01	2.62509479724754e+26
1.67400000000000e+01	2.61479543650681e+26
1.67500000000000e+01	2.60485386027232e+26
1.67600000000000e+01	2.59507265833817e+26
1.67700000000000e+01	2.58542649371241e+26
1.67800000000000e+01	2.57600291851739e+26
1.67900000000000e+01	2.56671895384950e+26
1.68000000000000e+01	2.55745010447440e+26
1.68100000000000e+01	2.54837916358208e+26
1.68200000000000e+01	2.53918952520798e+26
1.68300000000000e+01	2.53010973144511e+26
1.68400000000000e+01	2.52097854134805e+26
1.68500000000000e+01	2.51182650015554e+26
1.68600000000000e+01	2.50264378447885e+26
1.68700000000000e+01	2.49335612179488e+26
1.68800000000000e+01	2.48399080791080e+26
1.68900000000000e+01	2.47461594719236e+26
1.69000000000000e+01	2.46502706404977e+26
1.69100000000000e+01	2.45544070878909e+26
1.69200000000000e+01	2.44562781384889e+26
1.69300000000000e+01	2.43576108815339e+26
1.69400000000000e+01	2.42578281967266e+26
1.69500000000000e+01	2.41558114479352e+26
1.69600000000000e+01	2.40544685168364e+26
1.69700000000000e+01	2.39503931954542e+26
1.69800000000000e+01	2.38479762063335e+26
1.69900000000000e+01	2.37448397521655e+26
1.70000000000000e+01	2.36426765198742e+26
1.70100000000000e+01	2.35418735421583e+26
1.70200000000000e+01	2.34432386928079e+26
1.70300000000000e+01	2.33475729749613e+26
1.70400000000000e+01	2.32541405032535e+26
1.70500000000000e+01	2.31638983882877e+26
1.70600000000000e+01	2.30766704272875e+26
1.70700000000000e+01	2.29925117495337e+26
1.70800000000000e+01	2.29103150269103e+26
1.70900000000000e+01	2.28308716568004e+26
1.71000000000000e+01	2.27548735836352e+26
1.71100000000000e+01	2.26797905243983e+26
1.71200000000000e+01	2.26051330312902e+26
1.71300000000000e+01	2.25310546355680e+26
1.71400000000000e+01	2.24566784492517e+26
1.71500000000000e+01	2.23825934748213e+26
1.71600000000000e+01	2.23062594084449e+26
1.71700000000000e+01	2.22294241582468e+26
1.71800000000000e+01	2.21509578582929e+26
1.71900000000000e+01	2.20704819227843e+26
1.72000000000000e+01	2.19876520845459e+26
1.72100000000000e+01	2.19026873080380e+26
1.72200000000000e+01	2.18171400776437e+26
1.72300000000000e+01	2.17291314766872e+26
1.72400000000000e+01	2.16407535910344e+26
1.72500000000000e+01	2.15522243676188e+26
1.72600000000000e+01	2.14631491730083e+26
1.72700000000000e+01	2.13756175635591e+26
1.72800000000000e+01	2.12888618997682e+26
1.72900000000000e+01	2.12036373696713e+26
1.73000000000000e+01	2.11206893580080e+26
1.73100000000000e+01	2.10400091899908e+26
1.73200000000000e+01	2.09623481419086e+26
1.73300000000000e+01	2.08860090908276e+26
1.73400000000000e+01	2.08117535292560e+26
1.73500000000000e+01	2.07397591526006e+26
1.73600000000000e+01	2.06690966677505e+26
1.73700000000000e+01	2.05997919248171e+26
1.73800000000000e+01	2.05310896141709e+26
1.73900000000000e+01	2.04637548837096e+26
1.74000000000000e+01	2.03957578726692e+26
1.74100000000000e+01	2.03282376196074e+26
1.74200000000000e+01	2.02599066607797e+26
1.74300000000000e+01	2.01915046780638e+26
1.74400000000000e+01	2.01232152498822e+26
1.74500000000000e+01	2.00532345304853e+26
1.74600000000000e+01	1.99833738287396e+26
1.74700000000000e+01	1.99127104734390e+26
1.74800000000000e+01	1.98398086488315e+26
1.74900000000000e+01	1.97673755301906e+26
1.75000000000000e+01	1.96935885427963e+26
1.75100000000000e+01	1.96189790376707e+26
1.75200000000000e+01	1.95426824033682e+26
1.75300000000000e+01	1.94661448097366e+26
1.75400000000000e+01	1.93879517434235e+26
1.75500000000000e+01	1.93104498146016e+26
1.75600000000000e+01	1.92312158194854e+26
1.75700000000000e+01	1.91526032557776e+26
1.75800000000000e+01	1.90730889815466e+26
1.75900000000000e+01	1.89936208089761e+26
1.76000000000000e+01	1.89140867009294e+26
1.76100000000000e+01	1.88362720459671e+26
1.76200000000000e+01	1.87578081612408e+26
1.76300000000000e+01	1.86811304562122e+26
1.76400000000000e+01	1.86047183785973e+26
1.76500000000000e+01	1.85301097035214e+26
1.76600000000000e+01	1.84567561845232e+26
1.76700000000000e+01	1.83837860140757e+26
1.76800000000000e+01	1.83126956016150e+26
1.76900000000000e+01	1.82422277051644e+26
1.77000000000000e+01	1.81733851936096e+26
1.77100000000000e+01	1.81043801174657e+26
1.77200000000000e+01	1.80357044997957e+26
1.77300000000000e+01	1.79679916403909e+26
1.77400000000000e+01	1.79020271062191e+26
1.77500000000000e+01	1.78354377659949e+26
1.77600000000000e+01	1.77698525363100e+26
1.77700000000000e+01	1.77042696164101e+26
1.77800000000000e+01	1.76388353226440e+26
1.77900000000000e+01	1.75748801351823e+26
1.78000000000000e+01	1.75100901342347e+26
1.78100000000000e+01	1.74461173550888e+26
1.78200000000000e+01	1.73821533352513e+26
1.78300000000000e+01	1.73174128456632e+26
1.78400000000000e+01	1.72533868400780e+26
1.78500000000000e+01	1.71874594798781e+26
1.78600000000000e+01	1.71216409914846e+26
1.78700000000000e+01	1.70544726984595e+26
1.78800000000000e+01	1.69866327993353e+26
1.78900000000000e+01	1.69169783865644e+26
1.79000000000000e+01	1.68461705389162e+26
1.79100000000000e+01	1.67740611768477e+26
1.79200000000000e+01	1.67006713709270e+26
1.79300000000000e+01	1.66261661571910e+26
1.79400000000000e+01	1.65509125004902e+26
1.79500000000000e+01	1.64757465975632e+26
1.79600000000000e+01	1.63999282870524e+26
1.79700000000000e+01	1.63243222878818e+26
1.79800000000000e+01	1.62499842923219e+26
1.79900000000000e+01	1.61760379378960e+26
1.80000000000000e+01	1.61036890598337e+26
1.80100000000000e+01	1.60320640481550e+26
1.80200000000000e+01	1.59622047204400e+26
1.80300000000000e+01	1.58945943262705e+26
1.80400000000000e+01	1.58292373275023e+26
1.80500000000000e+01	1.57656513559949e+26
1.80600000000000e+01	1.57031571463134e+26
1.80700000000000e+01	1.56427204021454e+26
1.80800000000000e+01	1.55846987076631e+26
1.80900000000000e+01	1.55272413446875e+26
1.81000000000000e+01	1.54708301148857e+26
1.81100000000000e+01	1.54160593531727e+26
1.81200000000000e+01	1.53621681067087e+26
1.81300000000000e+01	1.53094998726997e+26
1.81400000000000e+01	1.52572004186877e+26
1.81500000000000e+01	1.52059140845689e+26
1.81600000000000e+01	1.51547107600778e+26
1.81700000000000e+01	1.51042760908411e+26
1.81800000000000e+01	1.50535868035023e+26
1.81900000000000e+01	1.50041059224072e+26
1.82000000000000e+01	1.49543673087345e+26
1.82100000000000e+01	1.49042673874842e+26
1.82200000000000e+01	1.48551706316247e+26
1.82300000000000e+01	1.48063698247401e+26
1.82400000000000e+01	1.47565902889542e+26
1.82500000000000e+01	1.47070770428725e+26
1.82600000000000e+01	1.46572858625008e+26
1.82700000000000e+01	1.46072808630780e+26
1.82800000000000e+01	1.45564027456546e+26
1.82900000000000e+01	1.45053117758600e+26
1.83000000000000e+01	1.44531620054367e+26
1.83100000000000e+01	1.44008069813956e+26
1.83200000000000e+01	1.43480778641844e+26
1.83300000000000e+01	1.42948808230507e+26
1.83400000000000e+01	1.42408000284081e+26
1.83500000000000e+01	1.41865022497765e+26
1.83600000000000e+01	1.41320749594667e+26
1.83700000000000e+01	1.40776195257482e+26
1.83800000000000e+01	1.40238129077842e+26
1.83900000000000e+01	1.39701338627369e+26
1.84000000000000e+01	1.39172380076583e+26
1.84100000000000e+01	1.38646009059061e+26
1.84200000000000e+01	1.38139538519005e+26
1.84300000000000e+01	1.37641758111069e+26
1.84400000000000e+01	1.37146602644061e+26
1.84500000000000e+01	1.36670878408533e+26
1.84600000000000e+01	1.36202293803937e+26
1.84700000000000e+01	1.35751480375745e+26
1.84800000000000e+01	1.35311654079366e+26
1.84900000000000e+01	1.34875967847626e+26
1.85000000000000e+01	1.34448783961583e+26
1.85100000000000e+01	1.34029072631092e+26
1.85200000000000e+01	1.33615452056689e+26
1.85300000000000e+01	1.33207032888854e+26
1.85400000000000e+01	1.32797170085665e+26
1.85500000000000e+01	1.32390626707248e+26
1.85600000000000e+01	1.31986787004267e+26
1.85700000000000e+01	1.31579787011958e+26
1.85800000000000e+01	1.31169322373213e+26
1.85900000000000e+01	1.30760653388994e+26
1.86000000000000e+01	1.30348332740583e+26
1.86100000000000e+01	1.29938130240492e+26
1.86200000000000e+01	1.29519291973945e+26
1.86300000000000e+01	1.29097678336062e+26
1.86400000000000e+01	1.28679146251955e+26
1.86500000000000e+01	1.28258591662748e+26
1.86600000000000e+01	1.27836682526472e+26
1.86700000000000e+01	1.27419021119272e+26
1.86800000000000e+01	1.27000622248341e+26
1.86900000000000e+01	1.26576340916898e+26
1.87000000000000e+01	1.26157386444424e+26
1.87100000000000e+01	1.25738290228242e+26
1.87200000000000e+01	1.25324570900640e+26
1.87300000000000e+01	1.24905460939279e+26
1.87400000000000e+01	1.24486398970935e+26
1.87500000000000e+01	1.24072600031448e+26
1.87600000000000e+01	1.23653306142221e+26
1.87700000000000e+01	1.23238983018010e+26
1.87800000000000e+01	1.22818871701404e+26
1.87900000000000e+01	1.22398161465027e+26
1.88000000000000e+01	1.21976724187134e+26
1.88100000000000e+01	1.21549148155906e+26
1.88200000000000e+01	1.21125747856276e+26
1.88300000000000e+01	1.20695930073986e+26
1.88400000000000e+01	1.20259523860864e+26
1.88500000000000e+01	1.19832242012324e+26
1.88600000000000e+01	1.19392987604385e+26
1.88700000000000e+01	1.18962410332129e+26
1.88800000000000e+01	1.18525089295416e+26
1.88900000000000e+01	1.18086085207053e+26
1.89000000000000e+01	1.17645581905129e+26
1.89100000000000e+01	1.17208782912578e+26
1.89200000000000e+01	1.16775937215016e+26
1.89300000000000e+01	1.16342216521582e+26
1.89400000000000e+01	1.15903031467993e+26
1.89500000000000e+01	1.15474040343422e+26
1.89600000000000e+01	1.15045648348045e+26
1.89700000000000e+01	1.14613328276834e+26
1.89800000000000e+01	1.14187696867333e+26
1.89900000000000e+01	1.13764397126621e+26
1.90000000000000e+01	1.13348475408470e+26
1.90100000000000e+01	1.12935419978578e+26
1.90200000000000e+01	1.12520115706482e+26
1.90300000000000e+01	1.12107330426426e+26
1.90400000000000e+01	1.11701827748330e+26
1.90500000000000e+01	1.11292851495423e+26
1.90600000000000e+01	1.10889903645470e+26
1.90700000000000e+01	1.10482291268811e+26
1.90800000000000e+01	1.10074705528202e+26
1.90900000000000e+01	1.09666752179750e+26
1.91000000000000e+01	1.09258544072821e+26
1.91100000000000e+01	1.08855629352197e+26
1.91200000000000e+01	1.08449219603650e+26
1.91300000000000e+01	1.08045716230359e+26
1.91400000000000e+01	1.07646836588861e+26
1.91500000000000e+01	1.07259464434024e+26
1.91600000000000e+01	1.06875944936955e+26
1.91700000000000e+01	1.06502857909103e+26
1.91800000000000e+01	1.06151013651338e+26
1.91900000000000e+01	1.05797566102616e+26
1.92000000000000e+01	1.05466597105316e+26
1.92100000000000e+01	1.05152686671737e+26
1.92200000000000e+01	1.04845494680770e+26
1.92300000000000e+01	1.04548109143275e+26
1.92400000000000e+01	1.04258808209230e+26
1.92500000000000e+01	1.03980090382354e+26
1.92600000000000e+01	1.03709978974566e+26
1.92700000000000e+01	1.03432259419068e+26
1.92800000000000e+01	1.03164248719721e+26
1.92900000000000e+01	1.02890252486270e+26
1.93000000000000e+01	1.02614007306738e+26
1.93100000000000e+01	1.02330098938729e+26
1.93200000000000e+01	1.02047596411123e+26
1.93300000000000e+01	1.01747501871320e+26
1.93400000000000e+01	1.01453281239128e+26
1.93500000000000e+01	1.01141775146275e+26
1.93600000000000e+01	1.00827075001102e+26
1.93700000000000e+01	1.00504791037278e+26
1.93800000000000e+01	1.00179958598802e+26
1.93900000000000e+01	9.98433811349183e+25
1.94000000000000e+01	9.95092408002301e+25
1.94100000000000e+01	9.91685986417058e+25
1.94200000000000e+01	9.88260662801605e+25
1.94300000000000e+01	9.84773476702673e+25
1.94400000000000e+01	9.81316515216274e+25
1.94500000000000e+01	9.77891985587151e+25
1.94600000000000e+01	9.74408156994354e+25
1.94700000000000e+01	9.71005429966065e+25
1.94800000000000e+01	9.67591006717325e+25
1.94900000000000e+01	9.64166906793912e+25
1.95000000000000e+01	9.60869415274338e+25
1.95100000000000e+01	9.57518914897556e+25
1.95200000000000e+01	9.54251369745768e+25
1.95300000000000e+01	9.50976952554233e+25
1.95400000000000e+01	9.47786304555761e+25
1.95500000000000e+01	9.44591117696925e+25
1.95600000000000e+01	9.41438364939171e+25
1.95700000000000e+01	9.38327969025463e+25
1.95800000000000e+01	9.35220291965371e+25
1.95900000000000e+01	9.32158091228985e+25
1.96000000000000e+01	9.29101235228862e+25
1.96100000000000e+01	9.26095753460735e+25
1.96200000000000e+01	9.23054568055683e+25
1.96300000000000e+01	9.20068271232222e+25
1.96400000000000e+01	9.17135722446876e+25
1.96500000000000e+01	9.14171449557506e+25
1.96600000000000e+01	9.11218187816868e+25
1.96700000000000e+01	9.08363205390835e+25
1.96800000000000e+01	9.05431713186175e+25
1.96900000000000e+01	9.02552651370713e+25
1.97000000000000e+01	8.99684327713309e+25
1.97100000000000e+01	8.96780626068816e+25
1.97200000000000e+01	8.93929003260096e+25
1.97300000000000e+01	8.91088074082437e+25
1.97400000000000e+01	8.88218005977847e+25
1.97500000000000e+01	8.85372738410362e+25
1.97600000000000e+01	8.82396581381797e+25
1.97700000000000e+01	8.79360389781772e+25
1.97800000000000e+01	8.76138206576384e+25
1.97900000000000e+01	8.72589215333620e+25
1.98000000000000e+01	8.68689986679033e+25
1.98100000000000e+01	8.64126380049185e+25
1.98200000000000e+01	8.58600919132715e+25
1.98300000000000e+01	8.51762206948741e+25
1.98400000000000e+01	8.43002320665359e+25
1.98500000000000e+01	8.31840633598692e+25
1.98600000000000e+01	8.17409833792712e+25
1.98700000000000e+01	7.98858548079591e+25
1.98800000000000e+01	7.75353471541823e+25
1.98900000000000e+01	7.45991681192230e+25
1.99000000000000e+01	7.09909791143201e+25
1.99100000000000e+01	6.66558813728192e+25
1.99200000000000e+01	6.15710555108049e+25
1.99300000000000e+01	5.57665801161826e+25
1.99400000000000e+01	4.93234178775001e+25
1.99500000000000e+01	4.24063047740404e+25
1.99600000000000e+01	3.52499921981328e+25
1.99700000000000e+01	2.81505396275606e+25
1.99800000000000e+01	2.14376795968192e+25
1.99900000000000e+01	1.54306379500568e+25
2.00000000000000e+01	1.03842041524509e+25
